(121.39624071101065,31.268167751437414,36)
(121.3981302501256,31.26421542895659,8)
(121.36153347430323,31.249472098113444,36)
(121.43598993779275,31.237062637813644,5)
(121.38949272496053,31.23504787721783,1)
(121.42299090053424,31.267532406359848,6)
(121.40150834953471,31.24486663980487,4)
(121.4136185657649,31.28932213650487,32)
(121.42306476905115,31.264567603598405,1)
(121.40772821439961,31.236873599027014,2)
(121.45799950701594,31.24762431844949,1)
(121.41179563850503,31.24920363798005,36)
(121.41248235481983,31.25966005739687,8)
(121.41351792875372,31.235784183595225,31)
(121.40999301239704,31.27186572395215,7)
(121.40212844278996,31.24538191593715,4)
(121.43870741911468,31.240712913920145,16)
(121.3865261123882,31.26010405763286,38)
(121.42666232216773,31.27854008922993,6)
(121.44882853952709,31.26077437579848,7)
(121.40318990128812,31.24810432881899,4)
(121.4411929113522,31.243200516936028,36)
(121.38026640245049,31.274811974432392,1)
(121.36388680405713,31.24766018200896,34)
(121.40180762052229,31.25176098648753,36)
(121.38057883139699,31.298037081703015,4)
(121.43333017941085,31.245468003278773,29)
(121.40204119047122,31.231250498212155,22)
(121.38056628338398,31.234420009789755,7)
(121.45161119383361,31.24587906670658,1)
(121.40735681331128,31.266480636871428,8)
(121.40741864464806,31.276028653586216,5)
(121.37402689314587,31.240084012372627,10)
(121.36444489595638,31.24866347899342,34)
(121.40296085842073,31.248104289366477,36)
(121.43471139442207,31.270892367327978,5)
(121.43820522267539,31.25175053378872,20)
(121.39958913108093,31.2619975187488,3)
(121.45296971383512,31.25618350617259,12)
(121.41602850549378,31.25308852428501,8)
(121.39540357019027,31.248140359888787,9)
(121.397173026864,31.267015035451987,36)
(121.36096612710764,31.244465182323335,7)
(121.39749180235756,31.252116027871363,32)
(121.38258372478369,31.24640746225505,19)
(121.43010736057403,31.25576210997627,10)
(121.3614756535648,31.29617658986191,36)
(121.39890857683034,31.247137792655842,1)
(121.3577545091696,31.279101857194462,36)
(121.37865501556585,31.22471246812333,7)
(121.40699742534477,31.25047269937576,19)
(121.42637241847392,31.241761459902786,16)
(121.44473228419795,31.251611517672316,15)
(121.39520995872884,31.249283169786562,6)
(121.4320583319786,31.25002348745228,1)
(121.42682922400061,31.23360736066502,32)
(121.40933700337051,31.224742915177522,37)
(121.4245671465821,31.252376673336993,12)
(121.36679085894852,31.246794148473224,32)
(121.39205036091506,31.26929324966743,14)
(121.42419250844185,31.24102291222746,1)
(121.41902460600787,31.25255541776529,34)
(121.43624899718938,31.235976490133602,9)
(121.44531817391842,31.252329854184293,8)
(121.44195318135256,31.258499529324954,4)
(121.39916610138135,31.22904868675648,3)
(121.37259210381656,31.2559041902691,6)
(121.37802448991351,31.262778792789586,23)
(121.45611204040871,31.27118372671874,52)
(121.44425370465262,31.278614741610408,2)
(121.4542553037467,31.25241027750876,10)
(121.40996152478453,31.236537919231676,17)
(121.40105336304264,31.235586097492178,49)
(121.39143715111464,31.231640241918246,6)
(121.4462898030611,31.244849135375695,30)
(121.43381657551032,31.23502171266711,6)
(121.43470592452356,31.244940317672953,2)
(121.40634740084866,31.238737444208414,3)
(121.38892455552666,31.274134923315568,5)
(121.45996964304237,31.25115355707261,4)
(121.41780114569917,31.26031268170709,36)
(121.36566727107234,31.25103436652917,13)
(121.43142587354912,31.26217808846638,4)
(121.39734476691818,31.26538877236361,2)
(121.44048635608581,31.246682578796083,3)
(121.44416976992045,31.267406278691645,12)
(121.40875585846997,31.291026713900635,5)
(121.45693602323006,31.268257555934902,37)
(121.3858207148005,31.28835698066609,19)
(121.41319789592426,31.24558769160017,36)
(121.417583791776,31.26040463599565,9)
(121.400193499007,31.28672302887123,20)
(121.3836259718243,31.245623691685566,6)
(121.40913039885517,31.244084501102737,36)
(121.44260798621629,31.258378910005362,23)
(121.44477931335538,31.25302105933552,2)
(121.37506386902325,31.24220746853043,9)
(121.4435687212005,31.264899187110213,3)
(121.42202583036538,31.23451352230598,1)
(121.41107731940954,31.24350023827004,11)
(121.37129428793477,31.31362754645204,9)
(121.42860589934418,31.269781403521606,1)
(121.42256932431239,31.24948389848137,8)
(121.44798296837367,31.244687836779452,11)
(121.36695354463414,31.274549351658557,26)
(121.34113830604707,31.28645207632881,36)
(121.44277745693346,31.242083711023344,7)
(121.39993568053374,31.23247350931853,36)
(121.38099293767787,31.224436853254367,34)
(121.38155927385291,31.231985922234937,10)
(121.38537272195022,31.287363804702803,14)
(121.39092179110884,31.234910194545417,14)
(121.41617703270492,31.295880856427114,7)
(121.37784263630411,31.278759315587322,36)
(121.38303555256898,31.24756098798929,20)
(121.42950633285925,31.23350598625499,24)
(121.37334595101919,31.23380840496217,36)
(121.4285928956527,31.265501609153464,36)
(121.41127598615566,31.2402137243517,36)
(121.45564956221814,31.271776744714426,5)
(121.42907107813765,31.249527419097976,28)
(121.42676151433048,31.247575717674614,17)
(121.41497276533407,31.26990790106873,1)
(121.44345410817559,31.266804183908448,7)
(121.42878144119132,31.266158946273425,10)
(121.43588187426413,31.23938712697105,36)
(121.4528094251503,31.248497443628004,20)
(121.3857626038688,31.262998652262112,2)
(121.44187410417155,31.266969743301054,25)
(121.45315197167018,31.252620585081832,3)
(121.40988106803638,31.249370033747017,26)
(121.42442510126398,31.244986923249435,46)
(121.44083554371842,31.273243971153224,11)
(121.43358730158037,31.237763796472755,42)
(121.45994888104094,31.264785522466276,36)
(121.4232332183132,31.25067893468204,37)
(121.43739106387073,31.264617057610362,33)
(121.40478398597996,31.246507831152265,4)
(121.3894124153004,31.256219638167586,36)
(121.39798321471507,31.276103675723956,23)
(121.43857802523794,31.245167094313867,3)
(121.4054043886119,31.22447496978529,37)
(121.38609353188774,31.29279626846875,36)
(121.43942333171364,31.242263591865946,5)
(121.42511734908189,31.24468573567268,37)
(121.36317047450802,31.302288660423876,36)
(121.3928458402488,31.256114426064762,12)
(121.37831375902519,31.24995253440124,35)
(121.38141375018292,31.227955918400195,30)
(121.3998990886904,31.244864848761775,52)
(121.43173915178777,31.265989773715877,2)
(121.39920260335002,31.24379278151066,16)
(121.38566088587687,31.262579307045073,3)
(121.38989680937475,31.25815590457453,21)
(121.42565516786514,31.25337022724904,28)
(121.38616966569424,31.293460597873175,2)
(121.4597681794386,31.251294405817404,11)
(121.4078261191262,31.224370845070105,36)
(121.4395560883112,31.276532226856123,18)
(121.44601906946195,31.25600927536479,7)
(121.4142529050706,31.27307827188779,3)
(121.4445721479902,31.24639647327831,2)
(121.37681834918116,31.26845982247356,12)
(121.41910816825026,31.234261904837883,19)
(121.36850859156252,31.313849176807423,35)
(121.3724637869581,31.27756022964631,36)
(121.45577923416289,31.27171544915939,5)
(121.36482409950435,31.31282812550303,6)
(121.42348487114727,31.25107271685344,8)
(121.4244982107371,31.252362721313585,10)
(121.41316682659655,31.233205104786645,1)
(121.40999286711153,31.281652787468932,6)
(121.45829575370088,31.247785748516534,5)
(121.43797780584289,31.25411488648043,16)
(121.46354043993313,31.25760521805508,6)
(121.42562717326953,31.241748046333583,22)
(121.41013704662414,31.255525388085424,9)
(121.44128223433799,31.258707704778192,31)
(121.42237049947096,31.233973041191835,24)
(121.38809149984799,31.259055872017402,12)
(121.43251472775934,31.250207052372478,1)
(121.37707667282861,31.2565930291731,19)
(121.40672381247849,31.266345579460285,7)
(121.45948262224282,31.2580332448064,12)
(121.37435966451278,31.289372474277407,16)
(121.41851396875312,31.252969867693192,36)
(121.43372159257075,31.27952616974553,37)
(121.41302346093472,31.29673340770537,121)
(121.39329255798886,31.287158477021443,108)
(121.42941631112492,31.232494969849586,42)
(121.355526859412,31.28339583550995,37)
(121.41430849022018,31.291477788602354,20)
(121.39108334680704,31.268320271492748,23)
(121.36414530560627,31.30948925443657,36)
(121.42188343356133,31.25157126728436,31)
(121.4037759322669,31.235870921861228,20)
(121.39600564285064,31.229069420010426,13)
(121.37418830567704,31.253611230045895,30)
(121.45832664136769,31.24741551695794,8)
(121.42325819427496,31.254839131452055,15)
(121.44974235459162,31.258797838946837,23)
(121.4031240778459,31.28464786910909,1)
(121.39802662913812,31.2287133785214,20)
(121.37762026594444,31.27793572062734,24)
(121.38312856453669,31.284120727324552,37)
(121.38191883784283,31.245090215349613,3)
(121.40281495112541,31.238025744119525,9)
(121.44221938158542,31.25455385176286,27)
(121.45728551961855,31.25074470818075,18)
(121.40950666504435,31.244078723388075,21)
(121.3642146405871,31.238938776519518,6)
(121.41314346748537,31.22899517641326,15)
(121.37228801987449,31.27184461542931,27)
(121.39441215972087,31.245581112404626,22)
(121.43663619436427,31.281010980252294,37)
(121.39660319398358,31.275600506645862,37)
(121.39107519041109,31.238128759874193,13)
(121.38571653556934,31.262750505806142,13)
(121.38654674489489,31.232658859659406,8)
(121.4229950661866,31.235087111534533,12)
(121.45421596846437,31.247452165615588,19)
(121.42864556918244,31.2608717912389,13)
(121.4257971147295,31.24187718110985,37)
(121.37385148281368,31.272915079452094,24)
(121.38619062371178,31.269779905984507,23)
(121.38688569552035,31.274274376047913,21)
(121.42250770955361,31.25439847630734,97)
(121.45792409766226,31.252186498066294,6)
(121.4300007077086,31.246757251927608,2)
(121.42624518522385,31.271950706088155,25)
(121.40357150452989,31.2313298156575,2)
(121.39312406710268,31.265564109792784,37)
(121.40028765940154,31.244854795279558,21)
(121.44139081678264,31.264963628832838,37)
(121.44852307045643,31.281707352370557,12)
(121.4436284304257,31.251401232734096,5)
(121.38304805516492,31.24708439106168,4)
(121.45909063189866,31.25388816452922,13)
(121.42597725838942,31.239591022450767,12)
(121.45175122324692,31.254412073779445,6)
(121.45207649144078,31.25594165498181,71)
(121.38565065744974,31.299361478721885,7)
(121.39374099026877,31.25998706953653,36)
(121.42682960621336,31.23799635859717,4)
(121.38881635248417,31.26924025412013,299)
(121.44158312254274,31.259055291491197,3)
(121.38294696808728,31.290412446258244,43)
(121.40955405473635,31.2600877583508,21)
(121.40525559291885,31.230055422036788,35)
(121.43776528434206,31.267060765526534,20)
(121.41623898516562,31.26134756141344,19)
(121.44369346376051,31.283124900241884,36)
(121.45001761292457,31.268824621610527,7)
(121.46066467673458,31.27299539564444,6)
(121.4148523573565,31.2352675238077,4)
(121.43793286890288,31.253986892309992,28)
(121.41577649433896,31.25311816829294,1)
(121.40946723890985,31.227656253350656,2)
(121.43583036262508,31.267023318256175,37)
(121.39031138250748,31.2309274040657,2)
(121.45545592425123,31.27869561258361,2)
(121.44632751089576,31.24483794201141,20)
(121.42334811657025,31.26213384105094,37)
(121.45480594303422,31.275213924261365,19)
(121.42551557208819,31.24493260827842,28)
(121.38170444341644,31.231954054778814,18)
(121.41476048798208,31.236315032473453,2)
(121.39616714374313,31.2338286804883,31)
(121.44597723720271,31.241764986034777,24)
(121.40191956943394,31.23735626817037,4)
(121.39711646569283,31.266408485541152,37)
(121.4094526728806,31.244078729214987,37)
(121.364905511136,31.31229373625512,26)
(121.45586223077149,31.26254837907548,4)
(121.38699618332996,31.283046329685245,92)
(121.38088342808274,31.243919938799575,10)
(121.41169553147623,31.252031319682974,36)
(121.3964959450574,31.241052107047413,1)
(121.42864990941491,31.26560742056099,36)
(121.41087141247155,31.24403851518042,36)
(121.36040671511373,31.309255648820628,16)
(121.43260255818909,31.250458237472813,22)
(121.3535548379369,31.28338143143113,25)
(121.4167616929903,31.27255610615914,7)
(121.37476679688739,31.235201807861888,36)
(121.36892232133327,31.314324939540622,19)
(121.36902849077197,31.31425206137188,9)
(121.37661595771822,31.232627782774223,2)
(121.42520176917806,31.239493462778775,80)
(121.36027056807947,31.241695823438437,12)
(121.34554137358752,31.278616080719235,36)
(121.38848272835564,31.280593265488505,15)
(121.44256313603064,31.259129305746836,36)
(121.45252716621106,31.24937338754701,6)
(121.4481819572147,31.26096662932759,4)
(121.36146154824462,31.308573460275966,37)
(121.44078885530749,31.264383289594264,27)
(121.37647939575552,31.265178401445322,191)
(121.39198856875528,31.29196632334812,37)
(121.446422229463,31.244402454781998,19)
(121.45479597142989,31.246367739647972,48)
(121.44114551279954,31.256355286334774,37)
(121.36423921800149,31.311752460080925,17)
(121.39012862357391,31.240266078065662,22)
(121.44675810982207,31.283305044816323,1)
(121.42276335009925,31.281891560480158,37)
(121.42288939067784,31.2492275403754,1)
(121.38567739452921,31.231795672114387,31)
(121.45540633929518,31.27377508727682,3)
(121.36497302998244,31.277920221013016,2)
(121.34614596824055,31.2824769033557,17)
(121.42815317482147,31.272757318602707,2)
(121.38472326062849,31.259927409395537,37)
(121.4107725235285,31.24506699148839,13)
(121.45151215251478,31.247043416399617,36)
(121.40268975469368,31.22384644944392,10)
(121.42363600775097,31.24090828192007,22)
(121.40496998324656,31.224324581170816,20)
(121.41070770866213,31.269417010310267,5)
(121.41875108158756,31.26551907047854,6)
(121.40725353764229,31.280342540718006,32)
(121.40027817665248,31.29416303660737,24)
(121.46342577034501,31.257712533181245,1)
(121.4413926561028,31.24712654681149,20)
(121.3769024781341,31.268610985098736,14)
(121.4449984418601,31.27100342969853,11)
(121.43813755468007,31.25426973356408,31)
(121.40616996019486,31.30247327499855,36)
(121.45981899540287,31.262120668720534,36)
(121.42733317240373,31.250749609369077,36)
(121.44143846774143,31.254427441775977,22)
(121.37016592522433,31.231641870164516,36)
(121.40655240322837,31.22726119590576,18)
(121.38616658780035,31.283261552123072,36)
(121.40768206303422,31.235109797803187,12)
(121.4090996018371,31.29998923088764,30)
(121.41643015448399,31.230015512305197,21)
(121.37485640078306,31.287111511806874,36)
(121.38694855314115,31.27637210461296,33)
(121.4591415446703,31.259327961629445,6)
(121.4331312667451,31.243256247215466,35)
(121.39432620760222,31.223770117610123,2)
(121.34773357770315,31.281322493292336,82)
(121.44905651258628,31.2547003204339,10)
(121.4445112432403,31.24610644469859,2)
(121.43189872105583,31.263493529539012,36)
(121.3835204228414,31.299729684735592,12)
(121.40001599604695,31.232838964391146,6)
(121.36823111038407,31.29063077001685,11)
(121.39222945792449,31.254271691444234,16)
(121.42602717251219,31.25753309894605,26)
(121.44042900520049,31.24725035130675,10)
(121.45683782092462,31.27457042083191,36)
(121.36852318658839,31.308907328123226,15)
(121.39359468063527,31.23456469267012,34)
(121.3812517121342,31.29874305757657,37)
(121.43132676780465,31.23550434989063,54)
(121.38527860316727,31.283266297100475,11)
(121.40296211585813,31.243025324317134,2)
(121.40539057574375,31.287058122015907,10)
(121.44278224048198,31.242107448603566,9)
(121.36689253666113,31.251938339145575,137)
(121.42379078599285,31.262894839773843,9)
(121.38372053665526,31.229541913565512,6)
(121.395696493434,31.263730699388486,28)
(121.39120799540892,31.269162443508584,4)
(121.42420748482131,31.240911850667192,22)
(121.3928465541574,31.238895224951996,37)
(121.38142333542349,31.234113446899375,36)
(121.35293690636838,31.290853321577398,7)
(121.39894504128029,31.261959194376164,37)
(121.41885740974531,31.260521976139497,31)
(121.40991969302276,31.258923236206545,36)
(121.43667484442695,31.25329428619149,7)
(121.38261701225525,31.28375643341701,8)
(121.38645048653072,31.276738039011292,1)
(121.41104736290762,31.243920431777262,28)
(121.46140898386061,31.253648413258567,12)
(121.36788292691692,31.237615608442155,3)
(121.43770387157363,31.26117032790489,6)
(121.35619623046392,31.302120564109348,21)
(121.34836377935129,31.2819065978448,7)
(121.40469795809565,31.223342260230346,2)
(121.34361529066354,31.280396243470808,1)
(121.42611260407459,31.22932201748169,13)
(121.4023709401275,31.227501838804034,7)
(121.44282306630178,31.239850923416135,6)
(121.4088047342894,31.243841682941877,33)
(121.41002741968192,31.2425132904649,1)
(121.44845564374926,31.252657518619696,40)
(121.42221163709131,31.260307103336267,36)
(121.40041875558323,31.24296140713818,23)
(121.40571464430361,31.241783790414832,36)
(121.38613587490443,31.2503134525877,28)
(121.36948293317899,31.251617669776984,11)
(121.40595047147573,31.22820661262735,5)
(121.37723982424548,31.2902833124405,20)
(121.4232182257514,31.26207290948039,36)
(121.41545586495573,31.244174327705206,36)
(121.40802192672744,31.24267477416362,36)
(121.45136256880157,31.245882098649663,17)
(121.36837123036412,31.28324232648648,260)
(121.44383461036665,31.25834770476481,61)
(121.44364357304013,31.27402264034756,14)
(121.42463518698584,31.24211805980563,37)
(121.45911883549964,31.25023547525377,35)
(121.42344703976923,31.244703889855096,27)
(121.37996064982048,31.244039689166794,36)
(121.42783121253416,31.272768439628507,36)
(121.37663414946498,31.245932696130463,34)
(121.40989512366195,31.238569198073925,28)
(121.41999401124329,31.269925952836427,8)
(121.41036170204471,31.251748642202312,31)
(121.40819108934694,31.248395529098232,7)
(121.42730878201534,31.26316123197509,1)
(121.41983614891359,31.24176884303642,4)
(121.44836055212157,31.252017512668726,22)
(121.38735994795843,31.22727017725672,23)
(121.4288430347652,31.257400095741225,1)
(121.39197206779994,31.286361058312437,36)
(121.36969790690563,31.28335688946313,37)
(121.39135308310416,31.28036921374348,12)
(121.36497172022693,31.313295041744805,18)
(121.4155840277274,31.23525925331962,37)
(121.3939644904546,31.271142007429976,17)
(121.37502307465117,31.271456929351327,34)
(121.3978620760129,31.246470107578666,43)
(121.40083188897722,31.238277216882345,16)
(121.4049960869466,31.287122662659648,26)
(121.35956902175171,31.277937534686515,29)
(121.44475980383532,31.243174899229817,12)
(121.45619604972704,31.252390774654476,6)
(121.44595603277816,31.241767182295042,36)
(121.45206379757518,31.255672062066115,6)
(121.45799778174154,31.262259720274454,17)
(121.40446514493281,31.2796784511097,12)
(121.36497142019046,31.313271441763302,36)
(121.38363867341711,31.250993182928127,2)
(121.36367212653049,31.24432636729264,2)
(121.44138285558908,31.2547082309401,37)
(121.3752197393485,31.252818160775753,36)
(121.4482455272621,31.246011504073916,10)
(121.42517196190872,31.23961875639363,36)
(121.39368700891937,31.226154875102825,10)
(121.43826762669968,31.257579996888754,15)
(121.43032208695436,31.25570286095812,6)
(121.38063222906466,31.290364092658475,1)
(121.38536096689035,31.237402002140225,2)
(121.41255060014015,31.274163207156274,2)
(121.45574144370292,31.24711598328851,21)
(121.4172733362408,31.26342739602735,15)
(121.4471533413502,31.251723429711834,47)
(121.37414223365862,31.253565151991133,36)
(121.3863991077895,31.29592576953451,36)
(121.34755488866098,31.30336567511686,8)
(121.42575462136138,31.236790740390905,36)
(121.38241201784938,31.298014940372642,8)
(121.45775650190106,31.251866718572373,7)
(121.41031499042573,31.28788356031448,36)
(121.33872249307721,31.293518348179788,33)
(121.37824001544911,31.277035052704512,37)
(121.40204301143271,31.229190550380928,4)
(121.4517387449139,31.280883380135045,9)
(121.36019034429816,31.287100093482902,36)
(121.37128288606834,31.313597944956307,10)
(121.45462828854981,31.251172973898072,4)
(121.42228275500055,31.26483810936183,26)
(121.409468708526,31.244513922138367,2)
(121.44196148358255,31.26170235452953,33)
(121.4572798189516,31.251814605376296,14)
(121.38373228746435,31.278222942128142,26)
(121.38867910119168,31.259911694202074,23)
(121.45538797974285,31.247205229201235,37)
(121.42688457012929,31.238258428459844,10)
(121.43047256856404,31.265480121521033,2)
(121.3478905405458,31.302522959925668,19)
(121.42466542651074,31.245195414324023,36)
(121.44048593920273,31.25798698437489,4)
(121.43496846987144,31.253220447207738,36)
(121.44627895106443,31.26078690150088,18)
(121.39223056944104,31.267020190772897,7)
(121.38009699486992,31.283806875326814,16)
(121.41331142514562,31.229171211428955,5)
(121.36435717620381,31.238367065132056,20)
(121.4446428397277,31.278917322723476,7)
(121.43318120538511,31.231913726650962,9)
(121.38093413515273,31.258124817932483,35)
(121.45373003483735,31.246228601548893,24)
(121.38143883867299,31.233035751593125,8)
(121.44730451498374,31.253974395515453,36)
(121.38281533267934,31.232078713210342,24)
(121.42536910713002,31.272310595063942,32)
(121.42359004811561,31.240897311149524,24)
(121.37608154945464,31.23651592145671,5)
(121.37611933418599,31.24945897986322,36)
(121.43221675944204,31.257380533990503,4)
(121.42560386793804,31.24509763527576,2)
(121.4449304870214,31.258478188911294,3)
(121.42512264424454,31.24129830086669,36)
(121.38528868856515,31.25805210327972,1)
(121.38669669567993,31.287854795991333,33)
(121.40987168118501,31.259635624819644,16)
(121.39250321859116,31.2377965204243,21)
(121.38931234759747,31.25642165289009,16)
(121.46384590004199,31.25990709778693,21)
(121.38926564761358,31.282224308485983,16)
(121.43314037492127,31.23775377639037,8)
(121.4550134797412,31.26423786105298,4)
(121.37399629941318,31.23376210364244,20)
(121.45103775600273,31.273980864755377,16)
(121.39037198369151,31.230642865163105,6)
(121.40359210414735,31.22669668092849,31)
(121.40574494697054,31.233767157749327,13)
(121.36414310518103,31.309930153181497,36)
(121.41108320340027,31.23071743391996,2)
(121.39357968062248,31.246161913012582,24)
(121.42277515087953,31.2453559005161,16)
(121.36497333192516,31.27093693627793,36)
(121.35407531462728,31.288099248437923,22)
(121.38400342641832,31.282195119761575,32)
(121.44306363802892,31.241326651059502,40)
(121.40251682844104,31.237329371798285,16)
(121.37916298315645,31.26280507480196,24)
(121.38891659669402,31.259925722375964,1)
(121.41054182967363,31.225091922852663,3)
(121.39090974587091,31.268950154863283,1)
(121.42769343021824,31.269736477981876,1)
(121.4144645654933,31.2472530503976,16)
(121.39659796092482,31.27504990072818,22)
(121.41332873547661,31.232810797532053,6)
(121.41012454314945,31.24383453823407,9)
(121.44508864668994,31.240968182064556,19)
(121.43063400065253,31.236295883769152,4)
(121.4498490872801,31.258456492370538,4)
(121.3561838423441,31.27948534888856,3)
(121.42889186334862,31.23197143286638,16)
(121.42578791557935,31.240552414994205,3)
(121.44905507390489,31.26777136941188,38)
(121.4307066200174,31.234141227670417,5)
(121.37588486225799,31.2548308492683,37)
(121.43748988172281,31.240130722308034,17)
(121.44316405772909,31.259835659773454,12)
(121.43758883588929,31.247126335193936,8)
(121.40307431139192,31.241582395882777,5)
(121.45048865097684,31.258439285789706,3)
(121.42870662115578,31.25068856053971,17)
(121.44866089240342,31.259419818249757,6)
(121.43542691356421,31.26625050459464,21)
(121.44907302280589,31.260982018489333,2)
(121.36317237406573,31.304812254925025,36)
(121.41249827322648,31.25878067291671,37)
(121.45675355388575,31.269038273584712,72)
(121.39050576073902,31.272787495895408,25)
(121.45065600791138,31.245815910011476,24)
(121.34151311392931,31.28611464437009,36)
(121.37556745404392,31.289841150229073,36)
(121.4460039675431,31.254482634285583,36)
(121.40476813133678,31.294144301458566,65)
(121.42617441030568,31.23930352261372,20)
(121.42614364018215,31.241574573178635,22)
(121.43507203362778,31.28250077257812,28)
(121.40976498243177,31.23670536887179,8)
(121.43303185940036,31.23698453278645,15)
(121.41881371884165,31.271424702921546,15)
(121.45626069246754,31.278099197483293,1)
(121.37448495679939,31.233041386658876,36)
(121.43459505314601,31.253534047911252,1)
(121.43612177204098,31.258702723318674,36)
(121.4157535174741,31.253257238249265,7)
(121.41041680896237,31.270425058242054,1)
(121.43707348825006,31.27944589024394,36)
(121.44869863538892,31.247125632620413,4)
(121.41609718430367,31.25135826726342,37)
(121.40465559582991,31.253651973696865,28)
(121.38014304989288,31.283777912587592,36)
(121.43016294355941,31.274698136512793,15)
(121.3693515828808,31.25157592230024,10)
(121.38228079356135,31.274213162853847,19)
(121.42296982287817,31.249430881842223,36)
(121.37874276318779,31.266537205362795,36)
(121.38162068484947,31.25403363643987,27)
(121.45175273725803,31.269672679778996,28)
(121.3500310925018,31.290612130131986,26)
(121.45942048801204,31.255181009028494,8)
(121.40179051746577,31.23597491380366,34)
(121.41072171223003,31.23115208760986,4)
(121.44081088360697,31.253683622337896,3)
(121.39462785938949,31.2967417111808,55)
(121.38176983583071,31.281577699881627,18)
(121.37815082754508,31.27623361925101,16)
(121.38688616462659,31.255263368272242,13)
(121.42644559286967,31.229388368886106,4)
(121.44838055696533,31.255073510407463,2)
(121.38281565924021,31.277092886664303,3)
(121.4293454649146,31.246261696532084,5)
(121.42874213086627,31.259617050834773,36)
(121.41442870911438,31.274537746980197,9)
(121.45290888822295,31.25653277878636,35)
(121.38586922407545,31.293365678397052,14)
(121.42528987682613,31.263044927070723,5)
(121.4258538258605,31.24029224210336,31)
(121.39841804578796,31.23186871954369,2)
(121.41483582057582,31.234226710102146,3)
(121.4244077728221,31.25782617911064,37)
(121.38829024479628,31.234584729339637,24)
(121.40903382427223,31.245177260978558,13)
(121.4536870961669,31.280264285340614,10)
(121.36410036702823,31.24970841604317,8)
(121.4193738574871,31.26785082721914,29)
(121.40291812847116,31.285676251149425,28)
(121.45952945613365,31.258579781599856,2)
(121.4075857799281,31.266202514098804,36)
(121.44032921372641,31.23612749563054,2)
(121.37003870274313,31.240139635879217,1)
(121.41321396643906,31.24645907550582,37)
(121.45756748590404,31.269122574290936,19)
(121.352364951533,31.296830364791305,36)
(121.45175339963112,31.277304874016412,7)
(121.4176504320692,31.229384676491687,20)
(121.42788248541648,31.24987771731132,24)
(121.34768380435244,31.287580669497647,4)
(121.43177045045093,31.269890393856876,36)
(121.40815195861141,31.242528401345258,36)
(121.44926401739508,31.27385539313615,14)
(121.4046047944363,31.23230899151785,37)
(121.36818009124302,31.314426926511167,6)
(121.37280519265407,31.253174273624303,14)
(121.33908012586122,31.292676490711656,3)
(121.42058115498247,31.259782678466113,24)
(121.43564776206578,31.254937738101333,18)
(121.35598110562651,31.30836083096237,37)
(121.42299045283423,31.26239921386546,18)
(121.42539031608246,31.247697186356994,22)
(121.38260094394214,31.2716944232372,36)
(121.40204442414606,31.24539690459691,16)
(121.37956966386784,31.299193909760778,28)
(121.40789009337134,31.29451824315429,2)
(121.45519376004255,31.272572022278403,8)
(121.36641511161079,31.234117884653266,21)
(121.40895015389269,31.29642515891776,36)
(121.42409246972484,31.228045065424507,1)
(121.37913779573435,31.23086988428525,20)
(121.40469321554927,31.238721497326132,19)
(121.37251496613678,31.255680992367562,36)
(121.43635712808099,31.2737354661136,8)
(121.41006918927945,31.228194429538515,3)
(121.38306675213154,31.284025517108297,17)
(121.41307229330081,31.232235576142156,9)
(121.41680829901362,31.253201287462378,37)
(121.44394838799325,31.269532541134932,4)
(121.40909428997634,31.24415179348102,12)
(121.38469548745566,31.257821649592696,36)
(121.37210780397025,31.307096539635975,21)
(121.44411966906712,31.24874277410986,1)
(121.41978373671138,31.25374090934733,36)
(121.40346450298318,31.254455170874426,11)
(121.43019041746322,31.24613477857498,2)
(121.45788479970325,31.247584548411314,4)
(121.43763386202778,31.248270782120372,32)
(121.43073145361913,31.242917771945155,30)
(121.42255253089296,31.249656868674002,1)
(121.361640029441,31.251814513692413,68)
(121.38614028572368,31.262522990998896,22)
(121.40312087373422,31.24793324126525,36)
(121.41262736067604,31.26023827175,26)
(121.42207452436675,31.255600414954674,37)
(121.45822793533367,31.247850924612592,5)
(121.37349332728009,31.254253631636836,2)
(121.45166988264492,31.28063541128832,6)
(121.41671147630395,31.28341660760771,36)
(121.39297190684128,31.287854273425292,37)
(121.42519336712732,31.239515661003395,36)
(121.38276694634477,31.246544702429343,14)
(121.38035415265826,31.258945694725195,36)
(121.42521047165424,31.242897858240177,36)
(121.38037221511397,31.293890226084567,28)
(121.36514260002512,31.27705771309844,3)
(121.45929166689935,31.257023687350816,36)
(121.3786746952131,31.26677723172245,36)
(121.42576040692198,31.252515753557073,10)
(121.42279207938094,31.252179339679813,492)
(121.41034999914383,31.255488032477377,25)
(121.4025866470784,31.24654952926024,15)
(121.45098930621062,31.244536211840053,9)
(121.39224268911362,31.233847562961856,37)
(121.4545455253391,31.246223601095682,25)
(121.37137300719633,31.287563415258486,32)
(121.44683621549625,31.24177463652096,17)
(121.40524323424349,31.260356943748913,36)
(121.4437958745735,31.26022981355083,19)
(121.43750680688109,31.268205604044184,12)
(121.39911462969188,31.24681772136325,34)
(121.38211480643632,31.29955324848942,13)
(121.4413748597474,31.265122721082022,20)
(121.43485260056192,31.260112004113672,1)
(121.44610285716357,31.255544929165744,7)
(121.41093571730053,31.27061205356833,5)
(121.39958913675413,31.262062546712535,7)
(121.4436321474148,31.269477715435592,34)
(121.35253790000039,31.285297434138847,28)
(121.39642672658603,31.238955129642356,32)
(121.44511035550423,31.24235623144591,5)
(121.4086932056804,31.2834786667443,9)
(121.41928293223688,31.235322564283234,7)
(121.38929733624315,31.25643864926711,16)
(121.44551748981976,31.260586114767086,29)
(121.37362131414517,31.22883836773457,3)
(121.40897851518551,31.230087422718086,36)
(121.42958383147422,31.24629984693065,35)
(121.36674398666887,31.237655976872773,8)
(121.38512660387256,31.236016165026463,16)
(121.42549404085324,31.242425117625512,21)
(121.39330718234848,31.265471176686155,23)
(121.36626881718733,31.27458208303996,4)
(121.36725745447474,31.309097928092033,37)
(121.41572163060992,31.287888691055393,19)
(121.42878363968585,31.250503276562,2)
(121.45948451921315,31.257936601902372,4)
(121.4102143657575,31.242437329497438,17)
(121.42952825244303,31.246359556465503,25)
(121.40039398122545,31.290994322979333,6)
(121.40453931636834,31.239124493473003,36)
(121.40570793469956,31.2565833394775,3)
(121.37687935895431,31.267605531886183,5)
(121.43103217966619,31.260590212401986,68)
(121.4064028744848,31.27853868866696,3)
(121.40910999383806,31.24411089681796,22)
(121.46095561767125,31.2698364100666,9)
(121.37782728588037,31.274965723968446,17)
(121.43884115422532,31.28616320365203,3)
(121.3880349848286,31.269597712534523,36)
(121.42527178660785,31.24265017135719,17)
(121.38441292241168,31.294292374906625,10)
(121.43371211113653,31.25082356551912,12)
(121.39413738530169,31.250135985588077,20)
(121.3717474416398,31.29787648620404,36)
(121.3915672015926,31.279871148135115,19)
(121.41753879572808,31.232817306726538,1)
(121.43700350531047,31.266887722456648,18)
(121.43316281780258,31.250086250278855,14)
(121.38827471779436,31.25965327280501,36)
(121.40652395560308,31.24507129586596,36)
(121.40852905756053,31.23575705272548,7)
(121.34859264383849,31.297809394196264,33)
(121.3681946152418,31.23704040211702,29)
(121.35230064562677,31.296938559759884,5)
(121.38576310260788,31.289569568001284,36)
(121.38388341654452,31.287105348906493,15)
(121.40047097165416,31.233773261801154,3)
(121.41001101355131,31.260458863188756,10)
(121.41386646866887,31.23166941214654,37)
(121.396971309099,31.265427005402234,1)
(121.4363182923445,31.274920011794975,3)
(121.36317297412066,31.30490285478671,21)
(121.43500643605073,31.25348551605542,29)
(121.38698310054508,31.243387082003995,3)
(121.44362804381436,31.246951263237555,11)
(121.41298566731056,31.253611296671117,36)
(121.43914955962452,31.25462481231474,29)
(121.44762588450766,31.2579563202954,36)
(121.38258756144958,31.290452111928815,19)
(121.39556185710677,31.247176962302927,22)
(121.42770666640098,31.249690798438955,2)
(121.36423701832894,31.309432065107227,36)
(121.39560684423022,31.29125505962481,14)
(121.45812919271168,31.247868146230033,3)
(121.42432512899283,31.272473497577227,25)
(121.43704876982352,31.259284399281036,26)
(121.36420052528527,31.249452455884327,2)
(121.42315028109805,31.262024938046373,32)
(121.42627329617832,31.239172378178676,7)
(121.40615001343508,31.24581661694081,10)
(121.38470738989463,31.257835451613804,4)
(121.4209855331411,31.24257198156416,77)
(121.39884884146096,31.24346964307805,36)
(121.4542028126554,31.256803305869482,37)
(121.34695034132127,31.291647457080945,2)
(121.41321232801921,31.23519359985744,46)
(121.4106447874609,31.259246246899007,33)
(121.387760925813,31.273302055700277,12)
(121.38868232271342,31.275393717037,32)
(121.4301047563311,31.24676655148962,36)
(121.37486720923256,31.258335774963825,36)
(121.40339600245888,31.235784238784323,31)
(121.44244999487937,31.28198157582527,9)
(121.42254784437543,31.262554592820045,36)
(121.45952893827327,31.25259517012138,3)
(121.39825477583467,31.303750171254784,53)
(121.39237886966656,31.303644156583175,36)
(121.39919741655604,31.232529297644977,3)
(121.46211001881508,31.264626564660144,7)
(121.43428673379567,31.244666499524154,6)
(121.44616497627975,31.24155131945493,24)
(121.41041329252309,31.230110264587076,8)
(121.37520380578587,31.24232748389791,15)
(121.44043006638839,31.250855024137216,36)
(121.43545368484949,31.275560392491013,1)
(121.4101246655537,31.245238165673037,28)
(121.40604912417926,31.224179748677606,2)
(121.36894931874225,31.287853390915732,36)
(121.42401127671889,31.259370153858942,26)
(121.45305278117984,31.247716615462167,12)
(121.38905616138179,31.291247019653706,3)
(121.39644716179511,31.23706755364438,14)
(121.36091709589262,31.2500289322393,3)
(121.40999701218972,31.24252848411228,4)
(121.46335324688707,31.258221769783063,14)
(121.40746016624888,31.304910230472064,32)
(121.45946128431359,31.254521164373763,2)
(121.41054227102546,31.230156266128002,2)
(121.44399464729025,31.26988671176189,1)
(121.43024329191378,31.277392924130794,3)
(121.42703540163801,31.238190262721123,7)
(121.41707666561045,31.253306543488495,36)
(121.41586828276347,31.251200288966977,27)
(121.42381851145502,31.237111427999256,2)
(121.37667172980598,31.26916582221959,2)
(121.42624230826713,31.238941300401084,11)
(121.41574218804273,31.295224769802946,1)
(121.35470896027927,31.280603290421766,5)
(121.40923708150743,31.259883703173035,28)
(121.38094374830638,31.268970602805297,36)
(121.44428247259239,31.243559683268494,1)
(121.38926454738886,31.28212990848504,36)
(121.41127530098315,31.232354150175752,2)
(121.395979756748,31.276438195598708,12)
(121.42580019083354,31.232382690181712,3)
(121.42521807349372,31.242722060137332,4)
(121.38938137957304,31.256112568831995,34)
(121.3834489429213,31.27216343879784,31)
(121.38945619405324,31.241763270973443,18)
(121.43501995475835,31.236720012295482,52)
(121.41096677270296,31.23093213907192,38)
(121.36589888819582,31.276545630644403,36)
(121.37355523744618,31.263668786375845,36)
(121.41207628321413,31.234548989358597,1)
(121.37313169273398,31.23016535276459,36)
(121.3732347418591,31.263513309819754,10)
(121.43936863650082,31.283117830627475,13)
(121.37881873571519,31.229822735906605,13)
(121.4595493965573,31.270023634883717,21)
(121.45803920712343,31.26839224893288,2)
(121.4476704132294,31.25787538329416,57)
(121.46313741277693,31.2673683557677,2)
(121.44243204492493,31.243769745301,20)
(121.45211207039131,31.255291098684904,9)
(121.42144070341693,31.239168022277987,1)
(121.40019915938413,31.248401901597617,12)
(121.39516163126397,31.25732267107777,26)
(121.44872982162822,31.261543887283597,23)
(121.42136504345225,31.242389522666002,36)
(121.45449941446844,31.260515312661447,13)
(121.46116592527567,31.25689138205675,42)
(121.40670525552181,31.225559409335226,36)
(121.46040605054789,31.269295418609552,14)
(121.39149954155482,31.29582054137572,22)
(121.40732633952408,31.261040307110264,23)
(121.35822085241745,31.31317062404268,30)
(121.37509218193503,31.271543050475042,1)
(121.45668032310151,31.252731394988487,26)
(121.4105275348589,31.233148642045077,18)
(121.36574282502465,31.232802288141603,4)
(121.41269387602532,31.231994673993015,4)
(121.43850511194246,31.24113731478386,11)
(121.44838635073117,31.247565393935695,2)
(121.43204523484354,31.283094574698005,19)
(121.4012444056853,31.276112054946424,4)
(121.42326946651113,31.2779456721415,1)
(121.42079345281857,31.253542831985012,31)
(121.43689914762308,31.243614202092648,29)
(121.45390576039286,31.270952967153303,8)
(121.449015598574,31.243158282596827,11)
(121.41123030350315,31.243727312085237,36)
(121.3882597114019,31.259735296647673,7)
(121.43837408203872,31.239458692862396,7)
(121.41019940109426,31.23089265550204,18)
(121.44641322869634,31.244833957044936,14)
(121.45444364051839,31.25016782113139,1)
(121.43699877737961,31.28078645080519,21)
(121.3856045345978,31.241060869225397,5)
(121.4636241284139,31.268254593890838,14)
(121.38387661785441,31.271981679878014,14)
(121.3905169464901,31.246754041621507,44)
(121.39348073780468,31.24756648135435,9)
(121.42015472812345,31.24770069841067,37)
(121.39201822247809,31.287747648203613,14)
(121.36444044662318,31.309445888553583,36)
(121.43492256207138,31.253489622551548,30)
(121.40335688998313,31.293964414119,28)
(121.35602501109868,31.30570024090414,6)
(121.4377150317333,31.2339699767245,12)
(121.41530622597287,31.244232289924508,3)
(121.38650761411981,31.23159533922063,10)
(121.38020771260548,31.244470170417348,36)
(121.42295752116895,31.239932336589096,18)
(121.4529792356339,31.25559803735884,26)
(121.37594242478043,31.306381097299017,18)
(121.4296345437099,31.246833756210155,22)
(121.39505884201031,31.2472338652903,18)
(121.46017391975427,31.273219881117996,3)
(121.41233711218108,31.25638066871612,36)
(121.44634861449609,31.2416687514784,10)
(121.3834354545848,31.24597078973633,1)
(121.39331862465004,31.224530910435067,17)
(121.44478643672957,31.266086699909955,3)
(121.36433843236654,31.309615176378546,1)
(121.42921884853779,31.281430505406668,32)
(121.37870470501048,31.26643912131449,32)
(121.44384101161657,31.25132585526255,5)
(121.40639476310474,31.2543483935904,34)
(121.40324913183208,31.22768108286458,36)
(121.34524610427589,31.306173518892567,16)
(121.39708404860399,31.250333502124366,36)
(121.34147004383699,31.28641668578278,36)
(121.35956922166824,31.278304233896097,22)
(121.42419250809318,31.241018910425282,5)
(121.37247962644916,31.286944091630595,6)
(121.40518543393162,31.26170575300243,28)
(121.45473178589803,31.258534539394265,1)
(121.38796248634006,31.271736180140973,36)
(121.37719279464798,31.247374674568515,48)
(121.43707176115245,31.259608508745085,3)
(121.43103898113283,31.25953911577306,32)
(121.38469228611638,31.26172764097773,16)
(121.4595646178401,31.27303686885234,12)
(121.43526604363397,31.253472184216218,26)
(121.43646717553985,31.253326574029952,17)
(121.42437021283047,31.262463211427985,7)
(121.36100480254758,31.23986817994073,8)
(121.41745005871257,31.26288510314126,21)
(121.39195913934846,31.279178212049494,26)
(121.44209242208584,31.28673261104812,1)
(121.38025990119851,31.274799473408372,72)
(121.44049712196772,31.238497322620628,36)
(121.43610226659223,31.253411129480785,36)
(121.44139345627849,31.247127146958817,26)
(121.41004452381343,31.2555362688153,11)
(121.42144436741614,31.23604032069434,27)
(121.38859447404869,31.25356886980745,14)
(121.3493518682522,31.30475046633848,25)
(121.42232696412923,31.243569159219884,8)
(121.37246191363697,31.25601506872879,27)
(121.42888285941055,31.24880211790477,2)
(121.4326070719673,31.24285359241074,1)
(121.44305943949414,31.239771598463527,34)
(121.45640266925272,31.269608141470584,1)
(121.39116745273745,31.251810930280044,3)
(121.42872552615835,31.254159957833977,11)
(121.3919790122391,31.22826683372448,34)
(121.44344360995997,31.282626555919524,14)
(121.39795863196957,31.256005442614665,2)
(121.45126378424006,31.245752230257175,20)
(121.43784798841341,31.25375290645215,36)
(121.39791290006896,31.256387701974337,25)
(121.43700027384332,31.264173568712003,2)
(121.38425133841291,31.278099663736533,36)
(121.38821192429849,31.251189530278246,36)
(121.37682446271765,31.245863494126603,2)
(121.41062877862383,31.25910718925397,21)
(121.44220439637415,31.254402808993728,37)
(121.45497472634362,31.26597968469686,13)
(121.42445339003406,31.27900633225179,8)
(121.417467162202,31.24710923716173,18)
(121.42198707857439,31.2484638250919,27)
(121.42531237851486,31.228923504280232,9)
(121.44317946693019,31.246630607757044,9)
(121.43451629794404,31.245024534926692,23)
(121.36398615894474,31.249685231075677,3)
(121.37875773396773,31.25447101671678,36)
(121.44216372674859,31.25604977269637,11)
(121.38814643634308,31.228047647427953,12)
(121.43041655081548,31.234196169088253,1)
(121.43577911316967,31.28618334380813,11)
(121.44680231895184,31.283245352644464,12)
(121.45465734584852,31.24597191890424,62)
(121.45159406659769,31.280736599272696,6)
(121.38117538708156,31.233272007902173,4)
(121.38799667666764,31.269478605909345,13)
(121.35100843162496,31.282191464978936,21)
(121.44580758626064,31.268465992517026,10)
(121.37101064849058,31.267561107792044,36)
(121.38312716873044,31.255909175974306,15)
(121.3738864418143,31.242625764596546,39)
(121.38222271456351,31.228074788159052,2)
(121.43258706953789,31.257636560659524,97)
(121.40017371469816,31.231937335087803,4)
(121.44410044792332,31.270589797910365,12)
(121.36703172073146,31.309053400120273,28)
(121.37224224535392,31.313197778671277,12)
(121.39070698509863,31.268801031649758,2)
(121.39765856330455,31.242267411006104,26)
(121.4006034052757,31.261211483862752,35)
(121.40593599010272,31.245633526002102,22)
(121.39132910602416,31.231463591095558,23)
(121.34469424269972,31.298641575892592,36)
(121.42739314016168,31.239668607571602,28)
(121.38069409349143,31.23296263000304,12)
(121.389366371143,31.25616257964167,5)
(121.44897408293228,31.27067433248511,3)
(121.46171981035306,31.26142208335445,1)
(121.34102304988026,31.28646886623242,4)
(121.42225672969685,31.24699699143303,7)
(121.34457386826692,31.28995320885988,32)
(121.39138427681681,31.282319034351296,8)
(121.45038095799403,31.260929836405474,27)
(121.41817355828668,31.237331634723407,1)
(121.42564617790374,31.241733950276807,36)
(121.38244145689389,31.279697596973815,36)
(121.40813267745405,31.231010904266746,31)
(121.42868511790306,31.265600927742685,38)
(121.38381590351871,31.28327614560023,13)
(121.36471947632789,31.249693351120257,2)
(121.39059134318765,31.29015667994359,21)
(121.3647011887764,31.288614565637637,4)
(121.40830058373629,31.24155769168968,5)
(121.37131360663976,31.24998218756832,36)
(121.40925492946025,31.24578002368344,78)
(121.4140069882048,31.250015421050215,29)
(121.43694205626451,31.237310721901945,1)
(121.37845745819743,31.232793977288175,17)
(121.39644095663132,31.274110378147753,1)
(121.41165463563898,31.29455471422489,1)
(121.39882336818974,31.233656684686874,8)
(121.45881363454113,31.250446797994847,11)
(121.38304250822152,31.24941124120035,3)
(121.42235844141598,31.27902966472539,4)
(121.40948373479407,31.244840066269685,13)
(121.45756589891073,31.250796656626996,1)
(121.4524637354185,31.247502869703904,26)
(121.42778271535178,31.26269039374517,2)
(121.46006003265445,31.269276512145257,23)
(121.44471988188751,31.279645591712477,36)
(121.35776811065023,31.279308858004537,8)
(121.38649576517463,31.23191461523312,75)
(121.40633401252441,31.292493726188102,15)
(121.45570310408539,31.27264019604729,1)
(121.43297413709546,31.273649608361097,37)
(121.36385868349812,31.281488590092874,7)
(121.38635793552852,31.23661998169596,30)
(121.41019158151684,31.231031977495284,14)
(121.43794331034876,31.259424604946965,8)
(121.415270574365,31.239871462640714,21)
(121.40340479406504,31.269369576376604,4)
(121.3883640533337,31.28218934529147,36)
(121.39425778226978,31.235651765662613,25)
(121.42821220193426,31.251034859136062,37)
(121.4229754240917,31.24755588655276,30)
(121.3838576977388,31.229664098531323,36)
(121.45949911422137,31.253713727070433,34)
(121.40804244298741,31.25118299036776,5)
(121.3776629166784,31.245638423403566,12)
(121.40909699063977,31.244129594084043,16)
(121.41436726555274,31.266279362933677,8)
(121.43968870265768,31.25637694249153,3)
(121.44562997027863,31.245747412100684,8)
(121.38464067873943,31.277224657510526,16)
(121.43545476621823,31.242102897211172,11)
(121.44257933997639,31.259386474364145,4)
(121.42546173287683,31.241564612565824,6)
(121.42167059013775,31.251412337892052,16)
(121.45871642404727,31.268135668047154,36)
(121.372561066218,31.2560191999438,36)
(121.4188125735008,31.262067665702684,18)
(121.4027629890156,31.261517116102834,1)
(121.4173385911183,31.22916572118793,7)
(121.37580865253801,31.253657244005133,7)
(121.38900675304862,31.252616762796748,2)
(121.38926726799392,31.255950414438836,31)
(121.44308214642457,31.28201313209987,11)
(121.43177455636851,31.262537257683196,1)
(121.37128528646217,31.313601545277102,25)
(121.437667293162,31.276786986767338,33)
(121.38926354713674,31.282372907790016,4)
(121.45755315002727,31.276344634491753,65)
(121.39923076057812,31.270744124299046,22)
(121.42592924690886,31.241613308812006,29)
(121.38297391928067,31.25502964438766,11)
(121.45921815706018,31.26498596205921,20)
(121.43609451884278,31.239092718973428,3)
(121.39076648417868,31.290181809407805,36)
(121.36416780871622,31.309508256977193,35)
(121.36070631734029,31.240784114682274,34)
(121.38916721209733,31.256295490995083,36)
(121.38558640628052,31.262786407870312,34)
(121.42585432902663,31.245113986852154,36)
(121.38570150821094,31.262611433046754,13)
(121.43251142796682,31.24495173802707,2)
(121.39283583582225,31.28811429747696,12)
(121.42314866469393,31.243482796140416,25)
(121.44429772303575,31.246782097219484,13)
(121.42393535282788,31.25944324316346,15)
(121.40143044685054,31.293297000344932,30)
(121.42181846347358,31.284130305488823,1)
(121.46130698542049,31.261999272498127,1)
(121.41292258747092,31.229527480776547,24)
(121.37732248253184,31.273560556954337,1)
(121.42346388229832,31.272082984800186,5)
(121.44858614079007,31.273113064001233,1)
(121.45922705856498,31.26498706332326,7)
(121.39916974821917,31.270870156829105,14)
(121.4203517450428,31.253164933981598,15)
(121.37161139468135,31.230655588017953,36)
(121.4579768392035,31.24784551496561,16)
(121.41068839616966,31.24340326103116,37)
(121.45747227586267,31.253207963419907,1)
(121.44239898380067,31.282057766314388,2)
(121.41334284764281,31.245608660806656,9)
(121.38625800906523,31.270199595710043,37)
(121.37977640946752,31.269012507834574,2)
(121.39889639793557,31.28718454007688,72)
(121.44864203006863,31.24907608497175,1)
(121.43122033284475,31.260233872346184,2)
(121.46034490470191,31.26572603953713,9)
(121.3761652712758,31.231955939891098,10)
(121.4022032154257,31.24718177525001,15)
(121.42297446701872,31.262403227019604,14)
(121.45570893790077,31.247331677950765,2)
(121.43929568491794,31.266749487885445,19)
(121.43668720546421,31.277812496362255,24)
(121.40968033403927,31.25938488553209,9)
(121.42130541244258,31.24674494042486,37)
(121.3789160369904,31.232565382992842,17)
(121.4268757227676,31.23990017880474,36)
(121.39028367263842,31.25785304529387,36)
(121.38429991132485,31.230877735991136,1)
(121.39190356808997,31.281206912828168,18)
(121.40577570465693,31.24244108918457,36)
(121.40219938467105,31.26745754457017,22)
(121.37897096451809,31.253937019143734,7)
(121.45171509600209,31.24979315594125,22)
