(121.41336256240668,31.28823677276358,2)
(121.38699225957917,31.293899975073522,37)
(121.43503910232886,31.238743906236966,50)
(121.40323361925358,31.23330666845974,13)
(121.44689760302276,31.283029175423525,20)
(121.42621037179613,31.23928948535446,13)
(121.43739418305681,31.24647852379519,12)
(121.4247000479991,31.25449083091803,35)
(121.41841304890127,31.2342702295417,1)
(121.4408707594004,31.242009349396717,6)
(121.39193730111552,31.231937497266575,16)
(121.42139605555165,31.254267770069426,29)
(121.4054991101932,31.260535819604247,36)
(121.46050418842611,31.262395256038616,29)
(121.40207028367608,31.24617425040237,34)
(121.45252984058118,31.280205559081267,4)
(121.41095454836992,31.23403149956539,4)
(121.44208882742826,31.245398008284116,27)
(121.40813105311757,31.261020660941078,16)
(121.43528767648912,31.241835692102555,2)
(121.40447616332762,31.231985065879996,8)
(121.40633247357249,31.23957482231335,23)
(121.33113655648305,31.29665813473643,36)
(121.43339188373824,31.254548943306755,36)
(121.42456624859939,31.24207209347426,36)
(121.44530319893273,31.254014244312238,36)
(121.38760880791668,31.24472118579245,17)
(121.38656027278032,31.267958653586177,1)
(121.4391105811182,31.238958550011247,7)
(121.40385105205378,31.225641228544365,37)
(121.40355273145903,31.302725123653406,7)
(121.44355397176996,31.27892610576874,1)
(121.37193151671275,31.30694224787921,24)
(121.41418832914339,31.231804161118244,36)
(121.40690319343038,31.305065293661595,36)
(121.42219433282264,31.260279499786854,27)
(121.42386164108936,31.239667585252025,1)
(121.3680674978799,31.25330807024155,1)
(121.4116573699481,31.24570711339048,17)
(121.36420721364591,31.3114489570902,31)
(121.38293095454664,31.29046545199752,34)
(121.42314944842396,31.252474786153304,30)
(121.45998704018143,31.267790717616123,6)
(121.35547479707432,31.29544958967366,36)
(121.42158298003882,31.23480822061677,5)
(121.38661253288834,31.286927351025458,23)
(121.33122075198592,31.296704313628833,7)
(121.4395086427709,31.27047976158688,2)
(121.39287747161978,31.23179451131929,33)
(121.43060659614967,31.234034207710575,28)
(121.38709856512075,31.258948031896274,1)
(121.38453822989764,31.238837915017097,21)
(121.41072262765417,31.246139478025032,3)
(121.4605505248713,31.267707421398224,2)
(121.45510252936784,31.252511375689807,12)
(121.45293222812523,31.260401420928446,13)
(121.39999858726108,31.233854637049998,1)
(121.38155927916074,31.232046950226206,3)
(121.45618240969223,31.273827492389447,1)
(121.36702551980814,31.309045799368576,36)
(121.42862520345648,31.265592715558043,36)
(121.38185071453097,31.244593925241517,37)
(121.3829912309324,31.281370821667338,19)
(121.46073587057123,31.269556690982643,6)
(121.3891232981827,31.26920099776514,3)
(121.39080739108462,31.231735293909825,1)
(121.39314604231872,31.26510892843225,37)
(121.43027330128747,31.279726622369264,2)
(121.37668563231682,31.269248324160348,10)
(121.39466120667629,31.301716709305445,36)
(121.42407938175097,31.249832930315847,36)
(121.42850065008031,31.25986649719882,4)
(121.43240089308178,31.250317230636234,2)
(121.36048812529008,31.30900605773998,8)
(121.39471777809763,31.262018473632505,10)
(121.42913624748175,31.260349860800076,1)
(121.40234975096189,31.239974018860202,5)
(121.36870696164391,31.314301627286774,20)
(121.39215731107822,31.229824379841062,2)
(121.4252679639868,31.24660355732648,36)
(121.3820172423926,31.286378036528944,2)
(121.39065054486159,31.26898599438839,15)
(121.44448866070685,31.25039038241494,26)
(121.46061670415689,31.260299099948192,4)
(121.42245779635795,31.243634586317906,15)
(121.40557811564966,31.247275236831094,35)
(121.41819412892752,31.252542841961297,33)
(121.39594314340273,31.292558741255053,19)
(121.44806687216312,31.24565011617846,1)
(121.4107569599005,31.27294606462064,41)
(121.44166221615467,31.24080760758305,10)
(121.37973817143485,31.245021914339564,30)
(121.40080828273089,31.24761559211912,12)
(121.45212588731818,31.269870038456403,36)
(121.45318512941333,31.27834849744002,15)
(121.36888340847106,31.287853082362442,16)
(121.42346116226555,31.240884400654153,36)
(121.4451393624538,31.24583493026265,9)
(121.39026416706866,31.267142022653758,36)
(121.42972097682784,31.28027690305535,30)
(121.39485253938288,31.223907458717303,4)
(121.4219479698547,31.232503900900095,1)
(121.37699582460782,31.29412256008164,37)
(121.4177042891451,31.230090602064692,1)
(121.443223294629,31.240885197547808,36)
(121.3971854839709,31.277700256344602,36)
(121.39013523674399,31.282442267027484,36)
(121.44639372464778,31.244833053629034,33)
(121.42261323427131,31.239378726604105,21)
(121.3709325471707,31.24476807408867,19)
(121.37940799447108,31.270822751204772,36)
(121.426258312907,31.239185396994692,21)
(121.39754599622053,31.29307264959371,14)
(121.42476406640783,31.24214997201024,36)
(121.41025343970317,31.231449903925352,5)
(121.44628030028088,31.241589239639172,30)
(121.38846419243362,31.240174814233374,36)
(121.3761331752918,31.300426021409315,36)
(121.37237245221213,31.286836908104632,19)
(121.43757830069846,31.234136250177908,4)
(121.35956902173545,31.277990634569193,33)
(121.39229989214917,31.27015155957954,12)
(121.44650725865604,31.258254411489904,36)
(121.39698384577179,31.237090530136623,34)
(121.36377796284842,31.239951870642855,20)
(121.391539949696,31.25336328688751,8)
(121.41151913414932,31.231129541002787,5)
(121.40580050529489,31.245620041714197,2)
(121.421590882877,31.24640350058563,2)
(121.39768763485222,31.242314180343755,20)
(121.41838191141035,31.228439881419167,24)
(121.43383175049117,31.23728072231968,32)
(121.45654679084201,31.256365187889593,16)
(121.41922822642923,31.226809681544577,2)
(121.39535240672872,31.269430076984342,21)
(121.4117793849435,31.24624732882539,37)
(121.42518896605472,31.239537660054133,6)
(121.39015534443796,31.258949519476257,11)
(121.43779534998929,31.234096091900717,14)
(121.42531599795554,31.247923870596566,5)
(121.43648596757855,31.27421949956374,11)
(121.45152618680036,31.279546989468002,2)
(121.40117516938741,31.25584455123421,4)
(121.42410858849215,31.241047987951486,18)
(121.42833605399345,31.255262707644622,1)
(121.41602760293601,31.244300162120958,14)
(121.39807532246766,31.236735812545465,11)
(121.44251920993636,31.282030988424836,1)
(121.4100665507357,31.228221956767303,13)
(121.42747312577798,31.272693766519527,20)
(121.37901515843537,31.29924882134757,9)
(121.43774796832803,31.24015699582718,3)
(121.37551922480623,31.25792597236839,11)
(121.38395883297008,31.280896575029235,5)
(121.4065537664547,31.28313229072166,1)
(121.37878882912766,31.266605285480352,35)
(121.4197661324783,31.255667101966157,1)
(121.38932832684065,31.25602649245844,34)
(121.39206767914384,31.235187065064842,8)
(121.42760819061631,31.25444197951775,9)
(121.36894723299704,31.230993711179313,1)
(121.4261620046661,31.251220538696636,16)
(121.45954120663193,31.250028635570597,10)
(121.4133266215994,31.23148527227826,4)
(121.37238847097964,31.28676890155929,36)
(121.4002741893913,31.248477824920673,17)
(121.3538703963272,31.288882299005692,1)
(121.42435400104715,31.259862103027995,29)
(121.43423443069751,31.263253705128438,19)
(121.36422321641436,31.309433163516715,7)
(121.4110623266825,31.243544260668983,4)
(121.4175088731843,31.260347120412128,36)
(121.42969665863014,31.247028568429446,31)
(121.39150716541415,31.24032223784928,29)
(121.42409361081332,31.241145043124856,1)
(121.36085497940243,31.28016016050058,36)
(121.38646455229593,31.270398431628653,37)
(121.42425679474798,31.279365418317578,9)
(121.46019154229153,31.25681854386899,36)
(121.42305840452474,31.262521217575173,27)
(121.44077232641533,31.246491502322463,18)
(121.45080807601424,31.260148420931795,33)
(121.41506647039401,31.237633523927194,3)
(121.4318669734895,31.24296555860173,1)
(121.38719609482352,31.24098517742361,3)
(121.35705756832593,31.30240499389155,20)
(121.42838363410955,31.23519765197185,5)
(121.43969628321011,31.26049970462303,3)
(121.45376885740741,31.25677116761314,5)
(121.43243835420319,31.244722702543232,24)
(121.43149297745667,31.237316422351274,7)
(121.45217908110921,31.247795723300083,8)
(121.42783050143262,31.237922413592266,28)
(121.40181993555665,31.256338843033472,32)
(121.41177665145462,31.237729864015993,1)
(121.43127993891306,31.26254045847459,8)
(121.38501348360641,31.258983262123085,9)
(121.36579454554186,31.284770603445804,70)
(121.46209304783156,31.25364361222037,11)
(121.44398637784505,31.258784878642004,6)
(121.43478846301484,31.255314869213247,18)
(121.42613016297985,31.25887222384633,18)
(121.41376653914557,31.243824740875457,3)
(121.45940208592138,31.258293000662775,5)
(121.45753572410702,31.247890435053954,9)
(121.43879343112474,31.265475660139646,37)
(121.43465755585864,31.263974958423827,14)
(121.40820334494133,31.26165654445749,10)
(121.40585996728495,31.245408421804036,34)
(121.34881815329022,31.29704872243743,12)
(121.4252531195716,31.24821928741867,6)
(121.44569087227285,31.246043440703563,17)
(121.4122416159018,31.296178229074652,36)
(121.4356805705941,31.260267834443695,37)
(121.42936045191892,31.246319707370233,1)
(121.42512379083377,31.254456140553717,18)
(121.43059807294094,31.237889167485765,13)
(121.43021218215806,31.247727671401393,9)
(121.37780434206768,31.298957400666687,2)
(121.45877250133451,31.256006147350053,97)
(121.42793595431726,31.230523672142215,10)
(121.37484892456865,31.307140055820938,36)
(121.39028967345759,31.250821898211093,2)
(121.42630654529256,31.276806681469132,6)
(121.37888797429906,31.266792474949334,33)
(121.41544055931438,31.24472681712323,37)
(121.4391663974207,31.260905169383445,8)
(121.44840124046664,31.261401370288414,26)
(121.40930324136681,31.24399103715608,1)
(121.42772691695413,31.27574096505389,22)
(121.4479285425333,31.253818003464485,5)
(121.43861219060786,31.282141887095396,27)
(121.41012424354332,31.24248051066611,28)
(121.44828045596888,31.257644013738933,13)
(121.42530039795415,31.240480787582367,30)
(121.3769475212564,31.26839494633381,16)
(121.41783535637443,31.252686080893866,36)
(121.4277080145434,31.2651605209669,15)
(121.40256966669361,31.223866189655347,5)
(121.40233424603633,31.25985377664223,7)
(121.44078813402204,31.256089708337548,36)
(121.45632207890989,31.274050752925646,20)
(121.42850179160156,31.272962071462764,10)
(121.42410858483115,31.24100596902886,35)
(121.44607466057137,31.254167080420032,16)
(121.44496028489074,31.245350361942492,36)
(121.36985397949974,31.24668345478441,36)
(121.35552316379417,31.28718053954117,11)
(121.43787676866737,31.240295881880886,1)
(121.44716705783752,31.248796112619644,2)
(121.42357692096206,31.26222871329502,24)
(121.38014304875978,31.283764907282603,9)
(121.37923024654752,31.24182493038867,16)
(121.4075537602724,31.243036385133706,4)
(121.41467707311787,31.231152701050075,32)
(121.3990062430757,31.231387708824396,19)
(121.38599072661053,31.25027631196543,7)
(121.41087153941247,31.24549416555727,37)
(121.38206704644567,31.279981342301724,10)
(121.4493148750011,31.242398391992143,36)
(121.40251565765635,31.223895192644076,36)
(121.42536210756661,31.232037209597106,36)
(121.36675579480706,31.251995990937232,36)
(121.46044236986046,31.251591697242016,7)
(121.44800395794672,31.25407031594772,3)
(121.40892554827973,31.259381828806102,19)
(121.43915875860343,31.239280542366394,31)
(121.45779438065641,31.25159351672618,11)
(121.43695737823592,31.264582801073548,37)
(121.42469612405297,31.242063987306548,36)
(121.38066308527286,31.24404120268775,3)
(121.43902371261115,31.28466133431864,19)
(121.41387652843609,31.244174864389493,32)
(121.44858453372842,31.254604138668565,37)
(121.34608639369053,31.29982160794923,36)
(121.41916298300083,31.254101578826887,6)
(121.44646016390867,31.257770173140987,5)
(121.42333158327884,31.244393070701175,35)
(121.43797849029892,31.261981300241565,3)
(121.446222985615,31.282826261925784,14)
(121.41111634052255,31.243845385828426,29)
(121.43259793614334,31.24243649614392,36)
(121.43012566139409,31.247212554882115,22)
(121.41157259681118,31.248057175891688,19)
(121.36496921987309,31.31329554145,18)
(121.42173441956733,31.26260959947334,12)
(121.39038249428732,31.257661563864854,36)
(121.41272518503466,31.24711749721595,22)
(121.39450074370326,31.297531987902694,11)
(121.44816695163212,31.260531468543995,15)
(121.38153507870514,31.233970496712615,28)
(121.3640536115637,31.241897991569314,7)
(121.45225622477643,31.277248873016518,9)
(121.40466939722944,31.239889853015963,5)
(121.44238267093085,31.240403441768873,27)
(121.41238331086934,31.258814715226734,36)
(121.44359858229109,31.263966740043795,16)
(121.38151038198691,31.291391411302023,36)
(121.37559231627839,31.23027948044247,36)
(121.45378348340698,31.252871432879534,8)
(121.39744219618774,31.238584399500642,11)
(121.41780537751643,31.25272611292066,21)
(121.34596145674551,31.280968997207626,22)
(121.37677644928456,31.267272142185195,36)
(121.39131499613968,31.28192568615104,59)
(121.41130626480337,31.2434921925362,13)
(121.39764900898963,31.24681117474709,23)
(121.3707167088841,31.251690802826708,3)
(121.42273097350011,31.26581085828902,27)
(121.43220856123045,31.232035216655603,36)
(121.3942543588633,31.24771061021088,12)
(121.45068102060547,31.274249860825847,5)
(121.40606674833496,31.261012335174595,12)
(121.41787925433468,31.228883335486746,36)
(121.39203286018756,31.27200017120383,31)
(121.46220306667895,31.257740619318092,32)
(121.40831089737672,31.25409251181234,34)
(121.40499935141294,31.261929600991408,19)
(121.4391885876933,31.241315875948906,6)
(121.42185343721793,31.251336183680333,37)
(121.45509032722325,31.252786473306422,17)
(121.41313008648753,31.246412530236036,36)
(121.39234278685257,31.245632945334375,15)
(121.37569347537706,31.25349803519937,12)
(121.35004556643928,31.28416555223656,12)
(121.46027499909928,31.25312974462999,36)
(121.42468122174851,31.254484507716594,35)
(121.44285029015677,31.242428780918566,1)
(121.36847757048972,31.314203265735394,7)
(121.4293300737542,31.253030705329554,9)
(121.44511988652862,31.278901521409793,3)
(121.40685710210826,31.30401588836512,17)
(121.41583445773425,31.26401676236164,17)
(121.4035787823008,31.2459754440793,10)
(121.41921343902624,31.229135765280404,2)
(121.40919001351621,31.24404301355379,6)
(121.39872623436851,31.244048350538254,3)
(121.39673978674962,31.2378077495866,1)
(121.43479261011927,31.240340935009627,5)
(121.37127368472645,31.312897045276276,36)
(121.42979175605164,31.278742197940893,9)
(121.44403880070205,31.24184231119801,33)
(121.44574764076724,31.27917057263677,1)
(121.3831231701911,31.24735860315442,36)
(121.42165748681013,31.284471366684766,23)
(121.41264613871202,31.257762194813086,3)
(121.42575570281782,31.249204307408316,7)
(121.37773040046605,31.300769024115475,11)
(121.44135987321033,31.264963675943065,36)
(121.4434395240323,31.25153264595069,20)
(121.38395473987119,31.237687063537336,16)
(121.44211923769994,31.249537408282123,3)
(121.37525025662848,31.246752518069275,7)
(121.4459343759769,31.24604702743558,36)
(121.3964972662485,31.25620682164096,4)
(121.3829619835357,31.290394453578497,72)
(121.43921707618846,31.261631611925274,4)
(121.38655786818022,31.293259199608688,11)
(121.43804811431835,31.281926584713137,32)
(121.4429932036425,31.242369649890872,1)
(121.45922257579224,31.249904222938447,10)
(121.38258606136145,31.273240056952872,28)
(121.4110152625852,31.231218676402893,2)
(121.44820069884459,31.257640743036017,18)
(121.33501109749008,31.30158140442479,26)
(121.36378065547376,31.309216313417675,16)
(121.42614523120378,31.259832626559923,31)
(121.45427127031115,31.252471271939427,28)
(121.4021196177887,31.229362323843716,7)
(121.41296226656556,31.270084479754374,2)
(121.42386559354428,31.25001017105871,6)
(121.39734710823446,31.261039282490803,36)
(121.38310331695935,31.246422973982472,3)
(121.3888110421584,31.280859624339765,36)
(121.42099613739722,31.264842741151483,3)
(121.43652852690559,31.235514527597903,26)
(121.40444575818337,31.301597804135085,36)
(121.34035822514282,31.282560023046052,15)
(121.42445295982596,31.260457283026863,23)
(121.4385498055802,31.26505382301363,8)
(121.42439024294883,31.240099342777217,4)
(121.45175128059554,31.25288044642114,3)
(121.42716784851365,31.245655155698046,36)
(121.4466041937816,31.257785198317688,5)
(121.45644981933346,31.27477132473358,2)
(121.42397872168912,31.241202156455365,31)
(121.43729285295673,31.26475042264871,24)
(121.38638179494406,31.269572980670937,13)
(121.45146420558642,31.278893089549022,3)
(121.3910182362271,31.240623415459538,36)
(121.43033700660531,31.26645948216992,8)
(121.41016875444255,31.25545819481437,12)
(121.4311522985202,31.25882533663713,1)
(121.37907803197625,31.253120779415593,29)
(121.41265636936359,31.261369002155327,80)
(121.43672783876815,31.279291418834845,1)
(121.36706680551623,31.25224496054755,6)
(121.41404497110125,31.24998739686143,17)
(121.45221130965106,31.24726316152288,26)
(121.39707132175593,31.27647570009403,19)
(121.45545217238698,31.27316073514482,5)
(121.36622131370333,31.28649118657178,36)
(121.37236860572685,31.23106177440872,39)
(121.45620352657433,31.277270523532273,2)
(121.37519086648709,31.257884123687198,11)
(121.38293243422841,31.235053395810528,26)
(121.36780154643817,31.269425427476726,4)
(121.42667690117527,31.239511179236956,22)
(121.43464958280734,31.260535026573027,20)
(121.38488542565293,31.26247367272983,21)
(121.38925594548836,31.2823911063682,25)
(121.40201318443688,31.23125849580775,9)
(121.38765481571839,31.244319042759955,37)
(121.36497202027942,31.313257841864782,36)
(121.41084042148715,31.24406453206142,36)
(121.38393706306888,31.267364872563586,15)
(121.40933544944639,31.23142026773365,27)
(121.41357261515297,31.255341891005603,27)
(121.4293762901568,31.256150023584144,13)
(121.46330703583068,31.268480431900517,36)
(121.41806391365331,31.249172420122186,3)
(121.4324999740741,31.252800211351797,36)
(121.41817855947482,31.236304637696325,60)
(121.39599029052441,31.225117582605424,29)
(121.38648322863814,31.296363013012332,13)
(121.35883930795062,31.30517702554476,20)
(121.34792928699038,31.29861950838646,36)
(121.38315560794632,31.23759005580167,32)
(121.33407371661167,31.302237924497256,4)
(121.4367456194652,31.28105980133853,36)
(121.40784290232004,31.2333679972518,7)
(121.39139774432506,31.2646186365961,37)
(121.3731777683942,31.23023444382017,36)
(121.41930291767544,31.25425370780966,6)
(121.41696943795013,31.22887276709407,15)
(121.38928230212352,31.25619453188642,1)
(121.40353135694322,31.22971106486749,2)
(121.37726099591472,31.26892453553601,36)
(121.38219411676099,31.244594268881308,12)
(121.38795257576142,31.22690635111157,26)
(121.34557243836188,31.278579122756064,26)
(121.42918470015617,31.246747072936785,36)
(121.39975567155732,31.256041992990998,14)
(121.45667051260371,31.255639307751903,34)
(121.41832367374363,31.23094524682803,10)
(121.37974770694642,31.254349133865134,37)
(121.38355325030626,31.283331400845235,37)
(121.43732872029936,31.240943920610047,1)
(121.43687094367091,31.257053571633833,14)
(121.37804103235658,31.28026716283101,36)
(121.44160310710097,31.261275722235375,24)
(121.40058418244944,31.30455219068347,36)
(121.36550250167647,31.280118517070342,36)
(121.45948383828599,31.25006715581036,2)
(121.40661998328406,31.260553949891335,35)
(121.45653903958332,31.256872504407067,3)
(121.41098634259207,31.243529267367204,29)
(121.42321677744832,31.245459630751157,36)
(121.42782144660099,31.24864522883426,18)
(121.43409359384157,31.26277166912969,36)
(121.4085750602754,31.235839086993316,28)
(121.41895163130471,31.26547621254212,30)
(121.41560858472712,31.25324028665461,3)
(121.38567118343151,31.289941751155816,17)
(121.41156099818423,31.245796203642012,146)
(121.45663630613033,31.254345905024163,15)
(121.4273958267189,31.256865512442197,10)
(121.45227590317191,31.260227415960802,3)
(121.33719328575168,31.2963605702107,36)
(121.46405700176278,31.257772075960958,18)
(121.4269749023283,31.251102405906156,26)
(121.44079894618979,31.241475178429322,29)
(121.3768644485026,31.268872051023582,8)
(121.41257623783096,31.270104496514822,3)
(121.40708136969772,31.24985142498825,5)
(121.43654424772727,31.244074372536755,26)
(121.43897353906321,31.23951783846449,18)
(121.46388186740297,31.25514134242808,4)
(121.45394265341208,31.247729841480204,2)
(121.4219119420806,31.280569601500847,2)
(121.42737965403678,31.256856242889246,33)
(121.44113053670674,31.256318292856356,34)
(121.44473537717688,31.246201057526815,22)
(121.41084040142148,31.24383442907427,32)
(121.44457316813451,31.258139635484806,14)
(121.37820789861911,31.27618066172073,36)
(121.4605033854981,31.253114225858138,8)
(121.40624783203589,31.232236479879045,24)
(121.41496445603933,31.25987941442237,1)
(121.41044764449441,31.2575059797897,4)
(121.40464390263047,31.260543844555144,24)
(121.38864892228524,31.23070110158928,3)
(121.41509987857272,31.27685355843356,18)
(121.36456366324153,31.311652697820964,27)
(121.37890398777736,31.2667084569403,36)
(121.4400755682035,31.262618872007305,14)
(121.3840649933877,31.241970892092176,1)
(121.43332271755247,31.236599614673406,33)
(121.39580709757371,31.224046997654234,2)
(121.4103674337765,31.231628969634308,15)
(121.45379048960578,31.260820856148186,37)
(121.38931537111073,31.291093149673383,9)
(121.42300591529997,31.267850530644218,6)
(121.42472483354241,31.227577356167092,34)
(121.41493730091635,31.24650655704616,34)
(121.41371943239086,31.23967036635503,35)
(121.3948279077341,31.272121801315603,1)
(121.42598964102002,31.239764888983384,36)
(121.42674526365742,31.23303317234392,36)
(121.41766790328334,31.25783040778068,36)
(121.449202551522,31.270327767515397,2)
(121.34676661632236,31.296830683167727,6)
(121.43208319085122,31.283176565658017,34)
(121.42515346488806,31.251053622043894,36)
(121.41081759628074,31.23454523365031,25)
(121.38846743487956,31.277381928113048,8)
(121.41859630995718,31.23454657596858,3)
(121.36441604320477,31.309505085595546,36)
(121.42341686027854,31.25989582582328,36)
(121.41278726442906,31.259714004976406,33)
(121.45150117232379,31.245040050293763,27)
(121.42465334495816,31.278502752178202,22)
(121.34952626132721,31.29342034440893,36)
(121.3973221002529,31.226651883899763,6)
(121.42700577398448,31.2535591407713,36)
(121.45470935909964,31.25835280419841,33)
(121.390591338735,31.290105659470527,12)
(121.38813561100642,31.23929499224144,33)
(121.44508985613197,31.25489436197653,15)
(121.34136948949916,31.305796144693744,10)
(121.43903531808242,31.24594479486912,20)
(121.40193597451953,31.22906446881609,2)
(121.44336188522685,31.2516651999097,37)
(121.4156259456592,31.268925039953565,2)
(121.43740866586072,31.253998881048474,19)
(121.45861591226497,31.247692010068068,7)
(121.41538814608856,31.237680419472525,43)
(121.4020825694838,31.246959608885852,4)
(121.40620460393593,31.238795137918274,5)
(121.45357334756486,31.280017411716923,2)
(121.43939274047175,31.234867287118455,17)
(121.4102383804546,31.242206792427407,2)
(121.39597588383555,31.232021764080763,25)
(121.4269744752978,31.238280358133466,25)
(121.3815103656795,31.29120433646719,27)
(121.36921172644077,31.31348302929061,20)
(121.43714003838836,31.264048327911993,36)
(121.38308606374174,31.232228544529754,10)
(121.36435633441307,31.31125097472463,4)
(121.43186756829341,31.249797600643923,8)
(121.3963685449346,31.22469646217959,3)
(121.41576810274985,31.237120028861955,36)
(121.46024387811657,31.25077477785063,1)
(121.44940096683473,31.268633685976376,1)
(121.42705037914972,31.2381182166297,4)
(121.44236929528608,31.263672427721243,1)
(121.39592220251221,31.238467511374097,20)
(121.40841652345466,31.245713049977844,36)
(121.37269035509883,31.245541749157677,30)
(121.42520066891066,31.239511662517913,17)
(121.40903997661033,31.245027680526757,32)
(121.37564226630019,31.274952148264727,3)
(121.43382235617202,31.23506884789651,28)
(121.40128262093491,31.261383736926113,4)
(121.42163962939499,31.251580432204523,36)
(121.38063758259813,31.232668621407623,6)
(121.42877843960311,31.259523758402324,7)
(121.41056055115511,31.23510561548107,4)
(121.39717576931423,31.223655429749144,12)
(121.37428910897893,31.272666526228406,28)
(121.37665382688883,31.26761742277949,14)
(121.3856638910206,31.23593796157651,36)
(121.37133912314563,31.26704432977132,20)
(121.44411967298211,31.26553474260878,94)
(121.4380442119974,31.26298418605887,36)
(121.39414153716426,31.297722869847036,6)
(121.39223732718474,31.242823369260133,6)
(121.36895785066035,31.252444599478828,8)
(121.39918980133722,31.23184460212945,9)
(121.4158143206031,31.251335369665743,36)
(121.41415963101547,31.246601859483867,32)
(121.41064170598892,31.223906355211245,1)
(121.39656578271563,31.302518342833643,36)
(121.43720003338221,31.25362773202959,36)
(121.4110163116664,31.24325213792123,12)
(121.42134333334535,31.279887692481193,2)
(121.3836054919232,31.229610851342194,216)
(121.42745584126732,31.256873524714752,7)
(121.45319927806858,31.258660466697552,19)
(121.40976707593755,31.260708001413356,7)
(121.45401723124768,31.25875389560857,1)
(121.38737711189292,31.296630855276078,20)
(121.37133339446402,31.31320845275936,10)
(121.45267931483872,31.243694559596538,6)
(121.43333617625267,31.245529023448196,19)
(121.40160057130667,31.248321051585275,2)
(121.39222938807438,31.253470340431655,6)
(121.38374522778935,31.248683588256938,8)
(121.43369230651594,31.25092556141073,36)
(121.42868157888033,31.23853287984712,34)
(121.42211483581588,31.281242741980783,2)
(121.3865072430403,31.227331373521224,4)
(121.40924482699984,31.24379562540582,24)
(121.43842079261864,31.239624101470575,1)
(121.39994909725873,31.286714773761744,10)
(121.39213797660817,31.299403002702405,21)
(121.40263621861962,31.287362882136136,14)
(121.40372500263145,31.24201862463446,24)
(121.42715627920998,31.23829019918337,29)
(121.38059715453967,31.244010375976668,37)
(121.38235326739685,31.232695043165233,16)
(121.46230720005768,31.26144274435628,36)
(121.38769801653514,31.24702029842253,14)
(121.40934445148652,31.24560584260421,36)
(121.44230915547303,31.24278322393702,11)
(121.40576094759075,31.245235339254933,3)
(121.39053982725684,31.268475370660926,20)
(121.45424027269952,31.258918530194972,2)
(121.39798238471454,31.306704150787095,24)
(121.36771512978432,31.284779539737077,36)
(121.45363156946988,31.25063163458628,3)
(121.43141221120703,31.27317817088834,41)
(121.42910791905815,31.26056872340093,4)
(121.45022924063187,31.258501801163742,3)
(121.40932511383491,31.267264157029707,2)
(121.41250003025864,31.226036536921296,12)
(121.44627349966953,31.244837932535066,24)
(121.4085719616062,31.246066581492624,33)
(121.37497551719177,31.254316517554713,27)
(121.40858980397049,31.232915751399833,27)
(121.45560194480551,31.259140671999166,12)
(121.42420749196889,31.240993887617094,35)
(121.41352918565762,31.261305484840463,28)
(121.4155403517558,31.250203976140053,36)
(121.41542565425624,31.253061277239972,36)
(121.40821109462404,31.231401565860082,1)
(121.41017194132104,31.23703146425173,5)
(121.429154670615,31.245996768594985,15)
(121.44904669203703,31.25818461785891,45)
(121.38399332357432,31.292622323257856,1)
(121.44160410619521,31.27276260480071,10)
(121.44889802386889,31.268084376301726,2)
(121.36476879189215,31.312169520537473,2)
(121.38938140616442,31.256417701774787,44)
(121.3671186602197,31.23799867862022,15)
(121.43830471142937,31.247785642450488,9)
(121.42479503200961,31.242096923520336,7)
(121.42629055589555,31.23617532455599,3)
(121.46245638781923,31.26604757351501,1)
(121.41284218589146,31.270471584410824,8)
(121.37646135527334,31.29721915523351,36)
(121.44725484984146,31.282995535023737,11)
(121.39024689013576,31.227692029621522,44)
(121.43554299607969,31.255612925630484,2)
(121.3632502999988,31.24944268501635,36)
(121.392997756745,31.250744391920108,4)
(121.42324828963949,31.25164835098941,34)
(121.4583124219439,31.254217084303008,53)
(121.4020965889927,31.261851324665116,6)
(121.44364478325002,31.255817142449835,15)
(121.36830335384462,31.234379737098156,19)
(121.42977508198713,31.280153720746437,2)
(121.39193583198774,31.296222171646548,36)
(121.43679953037129,31.273354526734643,3)
(121.38272948232016,31.25320060640865,12)
(121.42123618993294,31.254385924056336,10)
(121.4294285925934,31.2340676380315,36)
(121.42506773643322,31.23956173498052,29)
(121.37997905124874,31.25165611367109,30)
(121.4431494667147,31.274153550346362,15)
(121.43734477363961,31.25333240740224,27)
(121.41098636448952,31.243780379827687,36)
(121.4443654986692,31.24621399122177,24)
(121.3928797503218,31.2363268718358,14)
(121.43915936181511,31.25458141425327,7)
(121.43755725029254,31.23981210034014,2)
(121.45468745368564,31.253705209409926,32)
(121.36733163902966,31.314259644194813,35)
(121.40484459658114,31.241973809063694,5)
(121.41430657185175,31.26950775217471,5)
(121.43939477361238,31.258250693659832,37)
(121.42310330820533,31.25040590816405,28)
(121.38234369383552,31.295202764003136,28)
(121.37474823210401,31.27785726023364,20)
(121.38237681393674,31.285418298433317,31)
(121.42902771886313,31.244816367404972,37)
(121.44299806148351,31.27920010866304,8)
(121.45974278529435,31.257365781608183,4)
(121.3727438878045,31.25073912325975,37)
(121.4159904960249,31.252134218159483,36)
(121.39021463782234,31.262594969255417,18)
(121.42443135272367,31.241802077772842,12)
(121.3802621016229,31.27480217375817,6)
(121.43599593385154,31.24209820169282,13)
(121.3919442393588,31.253491062067386,36)
(121.40994145037023,31.24240492149066,3)
(121.44237237358792,31.257745004310486,35)
(121.38712540328292,31.268281051681196,25)
(121.37147168743024,31.29417065568011,31)
(121.39600846113862,31.233192976048706,36)
(121.38064818237669,31.24408240018273,13)
(121.40987437585241,31.252885583933743,6)
(121.44083241400298,31.237250256872617,4)
(121.4135755972206,31.26404608916527,24)
(121.36726287093394,31.249443959039095,36)
(121.40833189615907,31.24517030883038,6)
(121.45289566733437,31.255932443242962,2)
(121.3837154854859,31.270264756068052,28)
(121.41124529147324,31.243630265835037,37)
(121.41021626611104,31.2671421816458,4)
(121.41734751635148,31.25129669968499,30)
(121.38990123874446,31.260966047386656,31)
(121.44689536387584,31.25725730332386,4)
(121.40152625026083,31.29959233206075,40)
(121.37428740083607,31.253025097313984,38)
(121.45897399458761,31.25943937795604,1)
(121.36317677432571,31.306012052695863,36)
(121.4559066275255,31.245361756740856,19)
(121.38291593663644,31.29045543342972,25)
(121.39319678983334,31.24574740823255,1)
(121.4050292215299,31.260410949281482,7)
(121.43558404438063,31.238166056718015,7)
(121.40961091709462,31.24291110312691,456)
(121.38387962223597,31.250943823989147,36)
(121.33884499732505,31.30313607205699,9)
(121.45125004093808,31.259846447258322,36)
(121.40764656265905,31.252285489675604,13)
(121.3916562899946,31.245686536870043,24)
(121.45816217116545,31.247627642338323,16)
(121.41944280954128,31.235146395805387,27)
(121.44508505535809,31.263945486913588,1)
(121.38112746575248,31.286148908302266,7)
(121.46118992796033,31.269200610778068,1)
(121.42743371654828,31.275368453218068,10)
(121.40360815030422,31.300118152320987,15)
(121.40139554630623,31.237231080418493,7)
(121.38150629296892,31.29042502024518,11)
(121.34903770336321,31.299036680131728,36)
(121.37443275259199,31.254616976153645,14)
(121.45663650558059,31.252450308544454,26)
(121.40516482986213,31.238994193231317,58)
(121.40045479861533,31.254793656965237,28)
(121.36056504202666,31.28691762380656,34)
(121.39376534509019,31.27379436403543,1)
(121.3629419502196,31.28077488071182,20)
(121.42554292562748,31.26076153598027,4)
(121.43688850589524,31.253312010457112,36)
(121.41707371970388,31.263340059437823,4)
(121.40842872644969,31.245709252512388,12)
(121.4275071254333,31.273036438327914,2)
(121.39107850143961,31.230182133296285,36)
(121.4075414089535,31.245577569253964,36)
(121.37960310524691,31.23471711816612,3)
(121.41156602489113,31.241481239045257,5)
(121.40206605633752,31.2296427638477,1)
(121.38721487579676,31.284208744040935,37)
(121.38166315409346,31.286685673254386,37)
(121.44482569649043,31.247014872176425,19)
(121.43022238139646,31.233288135515238,1)
(121.41578822843306,31.29593903443293,6)
(121.40175450692203,31.247167628619074,24)
(121.40570716421215,31.247750455773986,34)
(121.36981456392272,31.252506380453745,37)
(121.38501634163099,31.291772918062307,3)
(121.36065144995351,31.29394720868948,22)
(121.39547363688864,31.247168045297258,10)
(121.42863095731713,31.276581457121626,8)
(121.44290849444472,31.282423258891438,1)
(121.35296551951082,31.282202921784787,36)
(121.44851086263225,31.26138368902323,10)
(121.43581599799641,31.238648701063273,36)
(121.37986622057623,31.299436656772947,20)
(121.44564605672711,31.25860704078739,2)
(121.42864342600188,31.23626788897925,8)
(121.44288468927449,31.282346554693493,29)
(121.42728045212085,31.2532937765674,15)
(121.34322724730156,31.301451945151864,15)
(121.3844532453121,31.228554137427054,21)
(121.43034327459124,31.269620816455216,30)
(121.4375340898289,31.237536101579597,29)
(121.3974276768105,31.255653980536174,21)
(121.44313213578097,31.25187135774386,37)
(121.40017361609414,31.2308058154035,23)
(121.38346258414789,31.256372698500225,6)
(121.38934926648923,31.27696903476566,20)
(121.39909880397563,31.248887634620214,36)
(121.36682199872729,31.274145451670467,5)
(121.43858445990344,31.282209683510075,86)
(121.43534578993562,31.241804203524204,39)
(121.37634150158979,31.231769064127167,16)
(121.3748715982794,31.310092963308215,18)
(121.40356378903402,31.24608048862349,11)
(121.39815685817726,31.243716075084333,37)
(121.38682464156621,31.274331349363354,26)
(121.44385661604149,31.247129972493923,4)
(121.42851557584211,31.256472210693335,36)
(121.45213729601709,31.24920014600954,20)
(121.41697765205436,31.296308684758586,21)
(121.40562734236073,31.2383742467903,12)
(121.37662292180316,31.26518712321969,23)
(121.3916340729683,31.23514144065309,24)
(121.3799802561153,31.231564717404694,10)
(121.44480141270354,31.254667744209087,28)
(121.44120143157326,31.24510423759863,6)
(121.41451949280048,31.269593718628016,8)
(121.40715870171931,31.26513706606075,6)
(121.39011549594083,31.26189459874149,12)
(121.36009112797575,31.286790807946204,12)
(121.43766518822642,31.25260265188098,13)
(121.45226940621659,31.275241186532924,1)
(121.42398077179126,31.255326780419413,26)
(121.41526901673998,31.244160182267496,29)
(121.39744851383632,31.24848535754308,1)
(121.39443165646192,31.297018749123552,2)
(121.4384807016693,31.262529838525275,12)
(121.43562035279082,31.238303863551263,36)
(121.41003918774108,31.22811639747315,3)
(121.37434465087217,31.289469494493932,35)
(121.43972802190382,31.244770274486225,17)
(121.42954631347972,31.281692661839227,14)
(121.43783304012798,31.254064063295946,47)
(121.38811642695116,31.247039604308252,45)
(121.39188402882084,31.231903393600952,2)
(121.38504457815642,31.259696598489978,36)
(121.42844935913256,31.250690908139894,4)
(121.41723443434549,31.272542890438416,1)
(121.43547001950435,31.233798113103603,6)
(121.41551407735608,31.23866514399774,19)
(121.4373785601799,31.2602022635836,13)
(121.39501739889624,31.267095798422258,26)
(121.43833647450339,31.268624640183464,15)
(121.41099845924404,31.27374713140071,6)
(121.39817721447734,31.269404182105966,6)
(121.39545805299223,31.26126194486962,2)
(121.45669197474938,31.260575786630078,3)
(121.34112225993101,31.28633299791996,6)
(121.42194049130734,31.255556387121526,24)
(121.44608668322584,31.241670807028722,5)
(121.45152415441842,31.245544421089992,145)
(121.4444109906825,31.240929290012772,36)
(121.39555995128754,31.29830965666067,16)
(121.42567248466717,31.2449886496227,21)
(121.39089322971459,31.251692695131236,48)
(121.4093384439531,31.241269480367325,4)
(121.43296923923651,31.266332288810005,14)
(121.44609008293237,31.24150913822936,2)
(121.37942227447658,31.262332155174256,12)
(121.46067019732095,31.260308174244372,122)
(121.41433268432253,31.23642020082724,34)
(121.35417095093806,31.278542977691647,9)
(121.45162369613736,31.254267301141677,17)
(121.45717843643918,31.25709024297515,21)
(121.43228817602494,31.249942984199237,1)
(121.41117650325117,31.273396169235767,7)
(121.40389177387364,31.245328200435615,12)
(121.42346303912906,31.26241587792715,36)
(121.45342630397687,31.252460968338852,22)
(121.40224743815874,31.290855209665033,36)
(121.42315479167775,31.26994461178467,2)
(121.42300541140918,31.26207306294708,4)
(121.44021902038266,31.277584696229606,23)
(121.41604405795958,31.261067519888392,9)
(121.38467297806865,31.291749599557647,37)
(121.42290945093364,31.252408529145676,2)
(121.42964214889867,31.24676162026817,3)
(121.43041915735495,31.246443677518883,4)
(121.37141107095698,31.299681745568403,13)
(121.43952369297297,31.25988121402687,2)
(121.4284392993153,31.255031454676857,1)
(121.41114161248966,31.28139850390932,2)
(121.3874157597562,31.227396286942632,8)
(121.36494673404192,31.24943607913297,5)
(121.43376232308587,31.25200277324212,82)
(121.45507735660605,31.253117909068596,9)
(121.38475600506912,31.279569731404315,33)
(121.41796958704417,31.251774933476714,36)
(121.38310339176289,31.24728235621313,2)
(121.3602971071064,31.289941981326084,21)
(121.36584995355298,31.284764910112273,12)
(121.36851272054574,31.269180338507276,36)
(121.39731218651158,31.23917861460966,36)
(121.39810655358397,31.239231955591602,2)
(121.37406656955169,31.257358260092584,35)
(121.40918951339597,31.243843413833627,35)
(121.44777084286406,31.26102439001223,16)
(121.43793234894548,31.2594852868934,36)
(121.39178660081005,31.280648976715515,2)
(121.43105103171153,31.242791373484117,37)
(121.44201689445116,31.25481814795799,13)
(121.3813208050665,31.2871021199555,28)
(121.38066183292582,31.28539511855638,36)
(121.45939768700843,31.263928289532394,19)
(121.38692384207093,31.28701364433049,23)
(121.39244234832339,31.269255323268567,37)
(121.42070006503309,31.276286356845034,31)
(121.44130766325483,31.272938130518355,36)
(121.38923627966389,31.256389582971444,15)
(121.42900295299388,31.258629472395246,30)
(121.37818209475097,31.23279366735641,18)
(121.45523415452386,31.256356588815674,27)
(121.38610309461475,31.230219364229338,12)
(121.3548837182299,31.279476727164777,3)
(121.43239430618043,31.282469542922584,17)
(121.39124401885304,31.269114446997374,8)
(121.416044057785,31.261065519026033,32)
(121.4270241267599,31.28074267584957,18)
(121.41724861345394,31.251773955166,36)
(121.39285644258662,31.256422027442035,33)
(121.37264473030653,31.25067096431806,13)
(121.40207708380318,31.270327103634713,36)
(121.4498720523513,31.258643530691913,31)
(121.4480516546373,31.254270953704417,26)
(121.41609786373705,31.236223490617537,34)
(121.4029441330045,31.22834533776461,7)
(121.39789308851404,31.24645411261463,12)
(121.44832547051173,31.254329386946605,6)
(121.42815705850987,31.260016890420797,20)
(121.39017894953149,31.25939462290296,1)
(121.41360274399324,31.24548253020053,28)
(121.41150703710461,31.264371297911563,19)
(121.45569133427753,31.24586597793825,17)
(121.37936812754015,31.28883470015768,36)
(121.38207813607637,31.2463729466024,6)
(121.45258265711868,31.268026363841166,21)
(121.39898795288796,31.243780039014645,31)
(121.44428228027974,31.243313681571795,36)
(121.37802387454904,31.255706732408793,17)
(121.39480286969562,31.262483717800887,15)
(121.37942230182044,31.262646290107963,9)
(121.36497282039178,31.313260041953765,24)
(121.38027430858403,31.251722824003085,4)
(121.3905683288551,31.29020268262213,29)
(121.40994029821428,31.242784571828796,22)
(121.38190806127187,31.29378076582174,26)
(121.36131993014469,31.308574545302896,32)
(121.44513126074904,31.245847428797944,6)
(121.42540962010031,31.24103650280017,22)
(121.42393998278602,31.249894813487476,6)
(121.38771647371725,31.251223156063585,21)
(121.45733919706683,31.270576677449238,13)
(121.4577106090592,31.25174076186415,6)
(121.40740847609167,31.258711216131083,31)
(121.40145030757115,31.257263995541074,32)
(121.44859940939459,31.24204654183906,36)
(121.41939890966925,31.247419944771814,3)
(121.41117731313442,31.243694307084503,15)
(121.453067726155,31.247491485794843,2)
(121.37034745415636,31.23233039303197,82)
(121.42123460100423,31.236156788635224,36)
(121.37864547315358,31.287659855806314,24)
(121.43388097554725,31.275082135783027,3)
(121.43347528272704,31.249012407704758,36)
(121.40050423070538,31.261355936660454,27)
(121.40603439466985,31.238762443948467,11)
(121.42409360802397,31.24111302871069,37)
(121.43859574045645,31.28179855513904,20)
(121.38124602068406,31.23338624350472,5)
(121.37870471319644,31.266533161333633,37)
(121.3808300473159,31.285492333701857,25)
(121.40134943089981,31.273550081305125,2)
(121.38074634326935,31.29006809333431,15)
(121.44521880193642,31.24575611007719,36)
(121.41716568176285,31.263486080644213,7)
(121.43729694043857,31.25420855915177,15)
(121.45716192226185,31.258431563147262,4)
(121.37680434476259,31.29163434491433,34)
(121.45067764224041,31.251755007325837,36)
(121.45883111502155,31.268032373369326,3)
(121.40086209728751,31.24530257689394,21)
(121.36438733871096,31.31132307814221,36)
(121.45321300686045,31.254696373791045,23)
(121.39667001299179,31.22932784174248,5)
(121.45413490880566,31.256017100771068,5)
(121.38613413059485,31.23027741744302,36)
(121.41108180110561,31.22701717037057,2)
(121.45493590471155,31.271834513876232,3)
(121.43999685903704,31.282717136194986,2)
(121.45242543460458,31.27022682122242,6)
(121.45801237465732,31.268484013970603,18)
(121.45099496810889,31.25590440504017,1)
(121.40317837118945,31.29934174538075,23)
(121.42504198927374,31.278725533739284,36)
(121.41578443788761,31.252514900297403,33)
(121.41914491902152,31.234121091293225,6)
(121.36356982669047,31.30916208966415,6)
(121.38344999842498,31.284274448431052,21)
(121.42424933762807,31.254988336701814,1)
(121.40766136870978,31.250070513234334,36)
(121.43083822716156,31.246139699553154,6)
(121.41106234875443,31.243797374021742,42)
(121.42554395329284,31.24486922335144,37)
(121.43137278069803,31.24899133410869,2)
(121.4279684254786,31.27322368833223,2)
(121.4392273574207,31.261645401179955,1)
(121.41625560798883,31.23419650241216,20)
(121.39495094478939,31.296730907128126,31)
(121.40513034046057,31.293915806708103,3)
(121.39984842595422,31.2643175954844,5)
(121.42137652948102,31.239858068197286,2)
(121.42567248466847,31.24499894960348,36)
(121.42252463390237,31.238663540758807,2)
(121.38042486160181,31.238628306115263,22)
(121.41832097161166,31.228699031948516,6)
(121.4489206636354,31.24640661833807,7)
(121.40208444400582,31.23404178620424,37)
(121.41593313296427,31.295648862741892,12)
(121.41329703090622,31.23606137229889,1)
(121.42333166366407,31.245315482759313,32)
(121.4155115337101,31.26861905070036,3)
(121.39819519811938,31.30349999798704,36)
(121.45616605133718,31.257718656856664,24)
(121.45668621561374,31.256362008762526,1)
(121.42250166927424,31.26010356898491,25)
(121.37246492415827,31.290630556362153,14)
(121.39658053578938,31.247333954633227,2)
(121.4422202344923,31.264364095421236,32)
(121.36969795051965,31.232444506448136,28)
(121.42526801716375,31.247213828751946,9)
(121.4424333252211,31.258501237178997,6)
(121.34094687489147,31.28641470090539,6)
(121.44350106819124,31.27886116415818,11)
(121.37306489593728,31.26395940244671,36)
(121.46303869369554,31.267436614686314,36)
(121.4234049865309,31.238296272786197,12)
(121.42567273063553,31.260023109009563,37)
(121.40439246948146,31.230295169174155,2)
(121.43863886853825,31.244544730721262,14)
(121.39046140652749,31.292074358008257,36)
(121.40203959840619,31.233114300533675,33)
(121.4406189099835,31.258643112883124,16)
(121.37868783680611,31.245193840301123,31)
(121.37978131040407,31.269019308606154,14)
(121.42429192127115,31.24681943040614,7)
(121.39169932505114,31.303083512441855,4)
(121.41107734453487,31.24378836731125,32)
(121.44449601088766,31.254580211872565,31)
(121.44074144658627,31.247235879717376,23)
(121.44121515626856,31.26519099274008,36)
(121.42308823118455,31.2493724622731,11)
(121.41682963276871,31.26082808724472,36)
(121.46347031505474,31.253897764342526,3)
(121.43412467460185,31.275679090585484,12)
(121.45382972157492,31.256893098283207,37)
(121.40005948659874,31.22976030017523,36)
(121.37121318163152,31.284784799456162,27)
(121.37466410315918,31.277784125672156,6)
(121.40233271316568,31.305228874017097,2)
(121.3916386855115,31.227403217493276,22)
(121.4155540148246,31.234950123805362,17)
(121.42571541950872,31.27126013926667,5)
(121.44800855869295,31.253336518096116,34)
(121.42585382708057,31.24030624842049,30)
(121.4273181479637,31.250280415954407,36)
(121.39257033866446,31.22714267969878,4)
(121.41159128432128,31.267448592589183,36)
(121.38748569613124,31.241309557579402,2)
(121.4545797328873,31.25042259873917,11)
(121.38535978839842,31.24011009589908,11)
(121.38538796906359,31.2600990769137,36)
(121.38306109649182,31.290404553358716,36)
(121.38791736020357,31.282241502770177,36)
(121.38284219693487,31.236937456919804,36)
(121.38879084368253,31.291556002470834,6)
(121.45333220217105,31.255474693707544,37)
(121.46055267951762,31.26955619975234,20)
(121.39729659934171,31.232522578914203,18)
(121.37418949323158,31.24729779885887,15)
(121.4041555992571,31.300193221911456,36)
(121.40732362672439,31.229933433217006,5)
(121.45935336461675,31.26598945664649,2)
(121.42711945897823,31.239892957213097,36)
(121.4378629939574,31.254100037934336,28)
(121.46035955050144,31.27331990676037,1)
(121.42741583258858,31.265430500043138,11)
(121.38719768324344,31.259221231009285,21)
(121.38455545725148,31.266431407665493,31)
(121.43697297003983,31.273194460561275,36)
(121.40657610161368,31.235271876292657,13)
(121.41572119639446,31.275748467297877,4)
(121.42834131215756,31.276800826942143,27)
(121.40427511361706,31.254907880456717,37)
(121.38278532269322,31.253246665328437,32)
(121.38841819344714,31.24065899721916,12)
(121.44023882583545,31.25939604027987,8)
(121.42532842874047,31.2411520670747,36)
(121.4042476089313,31.300167223149717,25)
(121.42408501954107,31.262303819719524,30)
(121.41090392941899,31.261506179638307,22)
(121.38745819781478,31.273790640477497,19)
(121.40736088589786,31.25041735354554,7)
(121.42377262071416,31.25543193706799,37)
(121.41257574937288,31.25955318886659,36)
(121.34499221266803,31.290704983117934,15)
(121.37836446867244,31.24480196543866,18)
(121.43496100736154,31.279768756156624,3)
(121.43121042286275,31.265818438222954,28)
(121.4492999350593,31.242710559687218,12)
(121.43458753469147,31.235125998624675,39)
(121.41588742662525,31.285235502415315,1)
(121.43525067837939,31.260486255599275,19)
(121.431467684065,31.26607348938862,1)
(121.41106940159234,31.244421652086658,36)
(121.39340476421216,31.26954580433317,36)
(121.39406441723033,31.235645697748346,5)
(121.4241250293609,31.262337827943913,2)
(121.39867934901385,31.24558301931576,12)
(121.34859291418306,31.289353034347293,17)
(121.37863045280402,31.287651835822803,36)
(121.39752038097572,31.2632332967745,29)
(121.44288121418299,31.243960123067716,17)
(121.43557297570044,31.28098148374145,7)
