(121.38045193460732,31.243539012272997,7)
(121.38196803139492,31.28114172032104,36)
(121.43815088450972,31.235350261032934,27)
(121.41630633356301,31.288626908391844,3)
(121.42466515366799,31.242064011834792,2)
(121.41811194672418,31.272795579541853,33)
(121.37081874353363,31.24912085520867,4)
(121.39236170032434,31.278915255523085,37)
(121.36317187423863,31.303944456834735,20)
(121.38923628646424,31.25646761695743,30)
(121.43796582668413,31.254126908252246,36)
(121.4440478304769,31.244072337988726,36)
(121.42869652065365,31.265613130040727,17)
(121.42957620899561,31.280912311223386,2)
(121.41129128578014,31.243691284542397,36)
(121.44691225205757,31.2793516391711,11)
(121.40538678434304,31.22433906643351,15)
(121.42281361867649,31.251095419155035,21)
(121.3888434901759,31.26271802689307,37)
(121.41712547744596,31.247177065456565,12)
(121.41044852345036,31.25537845320319,31)
(121.36525664969686,31.27530015400286,24)
(121.44874820543184,31.242042465081806,36)
(121.45438683866665,31.2737491675195,5)
(121.38592319085872,31.267879873032822,9)
(121.41013834701947,31.24245441364984,63)
(121.43850844068743,31.271867689140908,2)
(121.43698735438699,31.25338791192488,43)
(121.39517664529393,31.25738370515716,4)
(121.44150878324842,31.254771454164477,24)
(121.39201303387297,31.228229838059292,36)
(121.40516863108495,31.231887007568577,36)
(121.41166413269477,31.231539700129353,36)
(121.41065707472632,31.228173333260923,20)
(121.36857305776033,31.29783432013151,3)
(121.42234209825467,31.263491136819603,13)
(121.39852350615101,31.305429865009945,36)
(121.45347002821109,31.255985214587742,1)
(121.41518015489935,31.23459510063627,37)
(121.3904072010398,31.290217577571863,22)
(121.41444870343999,31.237295582991845,12)
(121.40384222527749,31.29641569730937,36)
(121.38697087359003,31.286856619531527,36)
(121.40992699952797,31.260133733690864,4)
(121.34698882091075,31.294564321064723,36)
(121.42851711076291,31.276821666883674,20)
(121.4376297276004,31.269597025774893,7)
(121.45663929611014,31.274253708756454,15)
(121.44387760683784,31.258980140268857,3)
(121.41875808265176,31.253880094521577,17)
(121.38300164584442,31.247152983113608,18)
(121.42712027591753,31.24927114896972,11)
(121.39672558386597,31.247039888129077,10)
(121.40056064906491,31.229744438203927,7)
(121.42774628740383,31.23540349306426,2)
(121.4172026412381,31.251798987098013,37)
(121.40543889566882,31.25758391311526,36)
(121.39914015884665,31.287165873734484,37)
(121.4120624221765,31.24591620807208,24)
(121.4521062989145,31.28045008198735,6)
(121.43390261368756,31.25982763096026,19)
(121.38444565762147,31.25747693829853,1)
(121.37276038561295,31.256185531696786,36)
(121.45965816974349,31.247681712892746,9)
(121.41249762995498,31.253534784280273,5)
(121.40216874339117,31.260188425303767,36)
(121.42615843321808,31.23937656934631,5)
(121.4434553759708,31.281382276049712,3)
(121.4367424858128,31.238933797405743,7)
(121.39058965917941,31.227207930133847,5)
(121.424451742087,31.269406107080755,1)
(121.41117730222936,31.24356925107554,1)
(121.45381159745118,31.274082034432148,7)
(121.4395846258518,31.2603223165523,3)
(121.41716321643128,31.23521457507293,8)
(121.42306014460652,31.243879911073243,36)
(121.42493070342422,31.244431497598228,37)
(121.42744164519422,31.246073436888743,3)
(121.45110664142524,31.274472938887136,13)
(121.42159328346278,31.246323501237082,11)
(121.38530592316519,31.283514840947937,19)
(121.43536589485957,31.264972036522078,6)
(121.42111816889499,31.282434131906925,36)
(121.41045164564733,31.227270038661153,7)
(121.40007721940191,31.261045260237427,31)
(121.45245397595131,31.279713505227885,6)
(121.43945551326271,31.256465830193243,6)
(121.3752041819712,31.246655418509476,2)
(121.36496161883518,31.313156140874824,36)
(121.42614089884528,31.24504894596375,37)
(121.38063223185475,31.290396105495383,16)
(121.43927869144183,31.26868921016491,3)
(121.44640702663082,31.24169266167338,13)
(121.41111636468852,31.24412250985178,36)
(121.38993585941583,31.279238780223483,9)
(121.42907089165648,31.24738647005687,68)
(121.37152313724121,31.275392087214406,2)
(121.39496394245164,31.239323893670868,23)
(121.3808915995892,31.290974607958372,35)
(121.41650028408566,31.24338355718792,5)
(121.36497962906715,31.284725406815664,37)
(121.38524209033356,31.251730299779,3)
(121.36755989103143,31.30116796974375,4)
(121.41383248241662,31.27306065592315,1)
(121.40782870839654,31.254068266197418,34)
(121.4056161156545,31.247250228108747,11)
(121.44783757639395,31.271088560126202,7)
(121.43859553580256,31.258696699421748,5)
(121.3953840360203,31.261402930307423,21)
(121.43777959132609,31.259380451265965,20)
(121.43940796307487,31.23772556539236,4)
(121.39996362699841,31.277625233768088,7)
(121.42031994183714,31.243694754339636,10)
(121.40027136538451,31.29634990025394,3)
(121.4061501149937,31.246981135427554,36)
(121.38912431794586,31.275983495910022,19)
(121.42734730833733,31.229548030470465,5)
(121.41214497306491,31.254145737045143,12)
(121.38926726703491,31.255939409640735,1)
(121.40289027950874,31.259312490211187,12)
(121.3773397544445,31.25790184818006,36)
(121.4084458303828,31.26083652648533,24)
(121.42506343549219,31.240647632075333,37)
(121.36702455758216,31.29634430322364,32)
(121.45897478162787,31.26853026959419,1)
(121.43647228781417,31.254707172053333,11)
(121.39115055006972,31.23010214434405,36)
(121.41431878169931,31.269559733863762,5)
(121.44381988690715,31.266228255584938,34)
(121.38448050415313,31.27717849250623,36)
(121.4276676510687,31.2375473948805,37)
(121.36074206128805,31.293932318086622,25)
(121.42801337054959,31.273177626783166,28)
(121.4605882433365,31.265631453091714,23)
(121.45172010389233,31.25001724531581,37)
(121.4118952632462,31.256671895057305,37)
(121.37261783707933,31.286927265086845,17)
(121.4046984156222,31.265547645693854,10)
(121.43285957589383,31.265389249852408,17)
(121.45614981822055,31.250679438654355,16)
(121.40745590916812,31.249826374319962,2)
(121.35171171472976,31.279950792293175,23)
(121.4538981705957,31.25244901643665,3)
(121.40358834551868,31.300201748115903,5)
(121.3802685276701,31.241470890192392,1)
(121.44683637400833,31.278930597814497,9)
(121.38301504045153,31.290358490449975,36)
(121.34522075282928,31.279559878081194,25)
(121.44631800892029,31.244835240349705,32)
(121.37762225845232,31.277818674469568,13)
(121.43654505241446,31.253323470257396,10)
(121.459856353199,31.25586387509731,4)
(121.37880386461761,31.26678838002316,15)
(121.42534200357588,31.240901589102414,36)
(121.45444767715114,31.273593978841305,6)
(121.34492468604599,31.29935350377088,37)
(121.38211846958205,31.24861283251657,37)
(121.45253137438827,31.259970189521017,34)
(121.44337159237989,31.282015670465558,31)
(121.41931278981056,31.233917906880738,1)
(121.44554846203944,31.272472122118003,3)
(121.4552465084876,31.271175326378376,1)
(121.44745044431006,31.24861853419252,7)
(121.39148860487543,31.227771290707807,16)
(121.40908418749186,31.244146091395898,30)
(121.3781408236606,31.276341652828677,36)
(121.41087369077854,31.270151870124522,6)
(121.43640028518215,31.253376683766067,20)
(121.42274382543397,31.241318112798677,26)
(121.41033149991603,31.2552395527305,36)
(121.41345676815219,31.28342452557812,24)
(121.42930000869895,31.25187022531999,16)
(121.44752645814907,31.250629288985316,67)
(121.4440419794299,31.278418104264777,9)
(121.412466184387,31.246190148429783,37)
(121.45795532073043,31.267203925784695,9)
(121.43121881347707,31.24278719037651,27)
(121.40366211763728,31.23819896245906,6)
(121.37931464625962,31.251875100863973,1)
(121.4253234680288,31.241546248568774,36)
(121.4536996259308,31.252192302866195,2)
(121.44019881947929,31.271568009538296,1)
(121.38429311047987,31.228978186280184,24)
(121.43439013153915,31.262438165061443,30)
(121.42110637558575,31.255370436613305,6)
(121.40250370892697,31.242493376080084,49)
(121.41005122540408,31.26701164755985,22)
(121.40985507729526,31.234128070569675,16)
(121.38844411376947,31.27393547574551,1)
(121.42330218999314,31.26251003629325,20)
(121.43477776221548,31.253306722352786,26)
(121.43552359803402,31.24137748344637,2)
(121.40885063051948,31.24271017215843,36)
(121.44666709077754,31.260138950215026,19)
(121.36584577764324,31.276343467789726,12)
(121.39653997817025,31.229689950861218,24)
(121.42661773415654,31.248343185106084,22)
(121.38464067342024,31.277163632202686,12)
(121.38278578578696,31.290423294100812,36)
(121.4521239708508,31.248856112456565,26)
(121.38141234347874,31.269314230499205,6)
(121.41234809300136,31.259472241448464,36)
(121.44072080899903,31.251523413665787,3)
(121.4099429818962,31.259962657738956,19)
(121.41750951445628,31.27523889086582,33)
(121.3903631887351,31.26714824085864,5)
(121.39028427362474,31.251783957710273,37)
(121.42287552998678,31.26214718743919,6)
(121.38561935677852,31.284800640032387,21)
(121.39547277615617,31.245462602892765,8)
(121.37565537954146,31.253017778531184,7)
(121.43717764353289,31.24873960758439,35)
(121.36621782037949,31.234937560737276,1)
(121.41490856494,31.27230272655159,1)
(121.3595690217427,31.277967834619584,36)
(121.40626290371954,31.233054855302893,4)
(121.3755684145661,31.300869514201594,25)
(121.4349075798594,31.253436617975172,25)
(121.42674566839379,31.252504387448216,1)
(121.39902806329728,31.2321456695168,64)
(121.42260021895618,31.255894673448324,5)
(121.3644369461348,31.309448088143487,28)
(121.43472794896786,31.255447457080184,16)
(121.39282033702275,31.23625116078424,5)
(121.43009086438589,31.238367392080907,25)
(121.43175165715547,31.237571252995053,13)
(121.38427938555502,31.2438159176961,1)
(121.38059622854003,31.23336455904571,9)
(121.40045135281386,31.261161419571824,14)
(121.39803342927357,31.24457384911546,36)
(121.37988305340322,31.28756417122318,16)
(121.42377452069366,31.25023014736164,7)
(121.40633751337951,31.29249532690529,2)
(121.36225903670112,31.250132749422736,36)
(121.42749290593919,31.27263288218039,3)
(121.45457589873706,31.256725513605645,23)
(121.43702810099644,31.25434443854968,2)
(121.41934342665418,31.23687774917649,22)
(121.39246951016574,31.26951085865047,24)
(121.44530265784627,31.24604009569356,22)
(121.420127451892,31.236493618435272,3)
(121.38846420489226,31.240317878760692,35)
(121.42300940323379,31.26201903685241,12)
(121.44644207067125,31.254542907048002,2)
(121.4325853729059,31.270181599085227,19)
(121.43565730695572,31.258743985783884,2)
(121.40785885418872,31.22709040690851,5)
(121.39623521729308,31.251791747237203,1)
(121.41267878814018,31.230932189854173,1)
(121.4224555940278,31.247338006465373,34)
(121.43679463546277,31.253081033899086,37)
(121.38370868680462,31.25530278599178,36)
(121.43342935178063,31.24905648152255,32)
(121.42453581587773,31.248244873496862,25)
(121.40737586844769,31.245383235450703,6)
(121.45656560795409,31.252673611967626,10)
(121.42762676886956,31.27161893305715,2)
(121.36496412581958,31.288615096382355,36)
(121.40281704155429,31.261994331414524,5)
(121.38276916968857,31.272076748227935,37)
(121.3862850168692,31.296175771763373,35)
(121.36725319893661,31.287698184860215,36)
(121.36497252034597,31.313273841887117,36)
(121.38188390207684,31.28079249243551,37)
(121.43082461868958,31.257646176820554,19)
(121.3890852380093,31.268887837072796,7)
(121.45366951934481,31.250133455661658,6)
(121.44430272639087,31.284798377891576,32)
(121.4204047320726,31.253457030455994,35)
(121.43070662379752,31.2608961775381,7)
(121.3992688148485,31.271200329121715,15)
(121.44491515786714,31.25434541375665,9)
(121.45550343328223,31.25460568106426,8)
(121.45824241424242,31.267967048407602,13)
(121.3850964304023,31.28035235920048,18)
(121.33445636682288,31.29968866197623,27)
(121.42370806124664,31.276642708209316,6)
(121.38700191200019,31.286955685123207,20)
(121.43960051199271,31.25933186534761,36)
(121.38441564739422,31.280599884592867,2)
(121.34908473217129,31.30977990945709,36)
(121.43545782266932,31.280288852410365,37)
(121.38665928941029,31.293827816290865,36)
(121.42575370411932,31.241640872606805,36)
(121.42372026195963,31.244694918192604,36)
(121.40908588790967,31.244152091737078,37)
(121.43537305123796,31.26688984496749,1)
(121.42408046584335,31.2622683510869,23)
(121.38375470425555,31.24254285918805,8)
(121.43595893589998,31.25293906588083,37)
(121.42305574385206,31.247618303122216,21)
(121.37881988520319,31.266785396521918,14)
(121.4061350964065,31.246773042284918,36)
(121.4523701791747,31.279790701279236,4)
(121.43914055761122,31.254660010542988,19)
(121.43180288014504,31.232909201745468,8)
(121.41081993951767,31.261412153362446,37)
(121.3974288473326,31.25760382980015,16)
(121.43479204321208,31.233823976163848,3)
(121.40003137875433,31.263051108920685,2)
(121.42414655261399,31.241039955225787,52)
(121.40748659560124,31.243023262862717,37)
(121.34799939376734,31.291366486024668,15)
(121.39838253144818,31.260563483779777,37)
(121.41199539606292,31.25850967166209,29)
(121.43740437028828,31.23833363911082,2)
(121.4075232041794,31.25874943974932,37)
(121.46073917547403,31.269531769790035,11)
(121.38909606238354,31.232299709979763,19)
(121.45545109524677,31.26073345209368,36)
(121.44853086630627,31.259982395057833,36)
(121.36111939328158,31.24420030882476,12)
(121.41849897882791,31.252977878896502,30)
(121.34559723788068,31.298811311766457,36)
(121.4216060866234,31.24634440386602,3)
(121.37963466387315,31.240687858872402,7)
(121.41386112281424,31.239457748197935,21)
(121.43623219385223,31.238884481581216,11)
(121.36496841986775,31.312891642276178,7)
(121.40891722283078,31.226650840077415,23)
(121.40607057050441,31.26048406788714,68)
(121.4090250729464,31.24502957743132,18)
(121.37686442543058,31.26860693880469,16)
(121.4266913238869,31.233065234666647,14)
(121.38183441020318,31.2413134379027,42)
(121.36497252033912,31.313298241831458,9)
(121.41390017784354,31.269660346006024,36)
(121.35521443086277,31.290134106626997,13)
(121.4208421200521,31.284508901057787,1)
(121.37789430593106,31.262660594050327,23)
(121.3973872918538,31.228497764945022,24)
(121.4232548151922,31.257698656391728,18)
(121.45689578117143,31.247187227105638,2)
(121.39739032678115,31.263311276946318,36)
(121.3722419453041,31.313197778629398,35)
(121.3517117126513,31.279926782405486,2)
(121.40721084975124,31.23113035972945,12)
(121.40473127153452,31.249843305283612,37)
(121.4211052119604,31.242022523072034,34)
(121.39019261823859,31.27405380844016,18)
(121.3825102709996,31.236458653417362,1)
(121.40909268958241,31.244136593178183,25)
(121.44431062079758,31.280348460934412,2)
(121.40665481022862,31.266320567757493,36)
(121.39185841457112,31.29129497266059,18)
(121.42276171498848,31.263149698543092,2)
(121.42409314486397,31.23579662174257,2)
(121.45428769950809,31.269377529906887,2)
(121.37846836000303,31.277009183275233,34)
(121.34876144893032,31.297111118793985,36)
(121.42366210415003,31.2766587491848,32)
(121.36505043611825,31.277053572709445,14)
(121.39178389817981,31.29643264278926,37)
(121.42420748952824,31.240965875000768,11)
(121.39278153359567,31.262138440222092,5)
(121.43040420006906,31.235245647513434,8)
(121.3713339099127,31.250222489847204,17)
(121.38644525382075,31.236555697180368,3)
(121.38674781880037,31.227522868273194,7)
(121.37727426400541,31.256815771398664,25)
(121.37220022583656,31.229675915990775,6)
(121.38733271017162,31.23507661149052,1)
(121.36521170776021,31.276887746446445,36)
(121.37439212436972,31.26523019082141,37)
(121.43335725044307,31.255308718190292,17)
(121.45272546981451,31.24673082445798,23)
(121.42780950196638,31.22939091694327,29)
(121.37147793358345,31.250257809526943,23)
(121.40025892824293,31.24553951402587,3)
(121.43080292130847,31.234584714792902,36)
(121.42008171193847,31.275522329152338,36)
(121.34871331920569,31.30263149463039,20)
(121.42916863066667,31.237882078293964,8)
(121.38721286025215,31.26108904986829,37)
(121.44770579715237,31.253981264835073,6)
(121.38817851552479,31.269483238550787,3)
(121.38560687112549,31.283628753430758,36)
(121.43647039542154,31.267377637041815,4)
(121.3793692268199,31.293429990349924,36)
(121.4102683971449,31.23099369219049,1)
(121.39032033811813,31.246685087344332,21)
(121.40631800861478,31.292590522693583,33)
(121.4136234084751,31.23316865849609,10)
(121.37225027038257,31.286913778998585,37)
(121.44090267054487,31.26461021597214,9)
(121.44359749720127,31.25148131795501,36)
(121.37500452691543,31.287100933670914,6)
(121.43934299594228,31.28271908515144,1)
(121.44546406962799,31.266003528775606,1)
(121.42884339577407,31.2615428877957,37)
(121.44413967740572,31.266188744967685,18)
(121.34803143836311,31.3094008578583,27)
(121.42403266210945,31.241088064019706,33)
(121.41783771343533,31.279699583928693,23)
(121.4129013997546,31.250227830177398,11)
(121.42536533104605,31.24293112140691,2)
(121.42732519046348,31.277334827129856,18)
(121.41423258113538,31.24917078667694,29)
(121.45280142198679,31.246832257144938,16)
(121.40028785945152,31.24481489539762,25)
(121.38415668791063,31.26031105670169,2)
(121.36234708248186,31.240194304905557,17)
(121.43068049018376,31.265523721904007,36)
(121.3728464648837,31.238740823994412,83)
(121.42498615181802,31.25705338497237,4)
(121.38833364815513,31.27332465845174,1)
(121.39645186384004,31.227704472625643,1)
(121.41550839224391,31.23903399571649,9)
(121.41585229451495,31.251246315537987,31)
(121.44567768877789,31.26660542327938,8)
(121.4277363957398,31.235499400058107,2)
(121.42743423540757,31.27273118378118,1)
(121.43911388471886,31.276935029133515,18)
(121.37210308472991,31.26436720343268,37)
(121.44326206397851,31.2527130798253,30)
(121.41780087333342,31.235452385908573,36)
(121.44831842019914,31.24798988101047,1)
(121.43591157186319,31.236442753829383,4)
(121.42469304370223,31.228462777953883,1)
(121.37839636001436,31.278622885919273,32)
(121.37212502743986,31.251791777736425,23)
(121.43341726359188,31.249474741075527,1)
(121.42845220479572,31.231180747604608,27)
(121.44401222283858,31.24391713185313,16)
(121.42230399514426,31.261947500060923,37)
(121.3827707629884,31.29035825339253,18)
(121.38773148413635,31.25118315036138,21)
(121.39561918955887,31.260738375997008,2)
(121.4008020814221,31.244861898108557,36)
(121.44150287715819,31.245044752561306,23)
(121.43803870981831,31.258196594059505,21)
(121.41134586092096,31.22750190175241,37)
(121.42821602591822,31.262563669165157,47)
(121.44135988634915,31.265114740455086,25)
(121.43812921183718,31.238695810607023,27)
(121.38166008797884,31.251482788321976,36)
(121.37660122212843,31.245774760330203,12)
(121.37729244952085,31.27365055982036,23)
(121.42705037949823,31.238122218442758,36)
(121.45552980559026,31.247617250128545,1)
(121.40730858595855,31.22946021533616,37)
(121.34695272017764,31.289154731437975,58)
(121.4014752388692,31.28706714800455,18)
(121.42654806625842,31.23983944068778,23)
(121.42815505403236,31.237006692891953,15)
(121.40475339944481,31.239815828120943,6)
(121.4365179859825,31.2642243211371,72)
(121.43269946692611,31.273060679009344,36)
(121.40657817438804,31.25903843952409,10)
(121.38157531696773,31.243771278918974,11)
(121.44856059750076,31.270866511313177,12)
(121.44629227232492,31.241809516041418,2)
(121.42611347864927,31.23936460246847,21)
(121.4033391054902,31.246701930262454,10)
(121.38472493536985,31.2791465287799,30)
(121.44461564894716,31.253142384058442,5)
(121.41261120063285,31.24688642295302,32)
(121.38267165318696,31.290398172657156,28)
(121.40991177579171,31.257540612289162,20)
(121.39372519518754,31.250979129599042,17)
(121.37227352925308,31.289479844056242,30)
(121.42495518825548,31.24566339208187,36)
(121.39756831530691,31.305278332953787,359)
(121.38727892284541,31.22660667456116,6)
(121.38942744968021,31.256467757210267,13)
(121.38455465412636,31.283418071700726,5)
(121.38936640122179,31.256507729995935,72)
(121.35045228665814,31.305673795512327,24)
(121.40721612923467,31.250686292186227,20)
(121.39122317610259,31.27110227185463,12)
(121.42997644739289,31.247399055709003,65)
(121.38157430416518,31.232129003112796,1)
(121.37874124099358,31.249044611027916,35)
(121.41242921273927,31.22586482244703,36)
(121.38790047940384,31.260826487166558,2)
(121.43318524412244,31.24386645750047,11)
(121.39934484433462,31.271209358196742,8)
(121.40102102711735,31.232483821073597,30)
(121.3957808679392,31.267491343483552,11)
(121.4002439650739,31.246018723277942,36)
(121.43707217502038,31.26436355382183,34)
(121.41780346825361,31.272456489274028,3)
(121.36607598768666,31.28565363218864,5)
(121.44348954161266,31.281229598454473,2)
(121.39159006683039,31.278128443512795,13)
(121.34443474349378,31.299473420408702,36)
(121.45129374395037,31.2460793186556,8)
(121.43708451862426,31.23410514618423,25)
(121.38667971588946,31.2429464333683,52)
(121.4433393624915,31.255708586644264,16)
(121.46056833074441,31.254494685012887,5)
(121.3880606425626,31.261017695254406,36)
(121.34426275265167,31.282523811510895,36)
(121.43965097174268,31.25393910839337,1)
(121.36601488591003,31.285710564787323,5)
(121.39008373276369,31.231216261702702,36)
(121.43967870115958,31.25998293379845,22)
(121.39386767189139,31.242663046512135,32)
(121.41270758214195,31.26799199978271,28)
(121.37130028913829,31.312725849307867,2)
(121.39284774314278,31.2363960656661,37)
(121.44424551463723,31.254697675419315,25)
(121.3864053424341,31.25486295330538,36)
(121.38220398604615,31.25115374153842,9)
(121.36145943903774,31.283552686788113,36)
(121.43399249569478,31.259964581952957,36)
(121.43720195083351,31.275656146984424,51)
(121.44756337046195,31.263433522609283,2)
(121.37123138746742,31.27313202724342,36)
(121.44005721398977,31.26506366466848,21)
(121.3991121779695,31.294189861046807,57)
(121.3998803640705,31.23196193906205,2)
(121.40188444644058,31.303391068498332,36)
(121.45524674605618,31.27391547582237,36)
(121.37091130354081,31.265405056452067,1)
(121.40543448097343,31.26302910794166,11)
(121.4260445837782,31.239755838097718,36)
(121.39094381756269,31.257284568254615,36)
(121.41326031900934,31.261421828355378,2)
(121.40073336484592,31.24839567741996,27)
(121.42139607430646,31.25448286418643,27)
(121.39414224743831,31.305855032076902,14)
(121.364364236001,31.30945407972376,22)
(121.38934147911337,31.234667973906735,36)
(121.3947866152626,31.248199473843933,24)
(121.4101918603019,31.228157351792674,9)
(121.4200488340197,31.274609295062938,36)
(121.41827499807289,31.25160939092091,26)
(121.44684031634249,31.241773537237535,24)
(121.45512693174928,31.245605192067764,10)
(121.39553854640852,31.297969753247944,23)
(121.45998667684977,31.26359292775022,2)
(121.3768795807956,31.27015461051897,35)
(121.37445568338617,31.253432486263417,24)
(121.43155450128766,31.243327449732814,23)
(121.38051425694421,31.25786839660871,36)
(121.39805504015207,31.25654861991841,7)
(121.45574762781243,31.252317169993518,24)
(121.4309103296324,31.27851593521086,10)
(121.3749239305464,31.271449804270418,34)
(121.38947999698115,31.250756292697556,36)
(121.36424621951257,31.30977166539434,21)
(121.42508583113676,31.254492187098567,37)
(121.39995881973135,31.260156465116733,7)
(121.39637826767374,31.23179518154233,1)
(121.42227214987663,31.234379764923077,36)
(121.40537216915939,31.248039562155697,3)
(121.44614905158969,31.25886929579201,17)
(121.3678904688463,31.237101363394075,36)
(121.38948046154502,31.25608763025151,14)
(121.36419682962263,31.24806959505446,1)
(121.41915128009953,31.25407197643524,29)
(121.42927764103341,31.281726945514894,1)
(121.41327448439392,31.241171691548594,1)
(121.4386060342275,31.238737438381012,4)
(121.38353094578206,31.28341579688178,18)
(121.46013031675824,31.252332717893147,11)
(121.3868996936174,31.251124451170156,32)
(121.43713313620044,31.265042762455614,24)
(121.38942744183349,31.25637771799512,36)
(121.3915105296495,31.238208082028493,1)
(121.39184351493863,31.269166011244625,36)
(121.40702622772119,31.260112773758944,11)
(121.43552982531405,31.260157259922718,2)
(121.45790772138078,31.247363400686584,1)
(121.3972986561605,31.2658119624773,37)
(121.43528258110571,31.274816628794017,1)
(121.42513857602478,31.252160121354134,9)
(121.42565618130386,31.24207120912479,9)
(121.36447255110576,31.309439192286185,24)
(121.42687207486729,31.229402925010785,6)
(121.43508393955477,31.26546910519185,2)
(121.35633953875085,31.307040570724656,21)
(121.41902275539668,31.23132487618444,3)
(121.38427483093267,31.260489242636194,2)
(121.42232756566492,31.26029092750007,21)
(121.37196153411173,31.306605158347192,28)
(121.3928622615581,31.24689482205152,36)
(121.44626243951338,31.254518206164875,34)
(121.4190919748116,31.234361229582902,1)
(121.43138437630934,31.24025487086288,5)
(121.38577620409237,31.235255389145085,22)
(121.43923860316274,31.262533845777465,67)
(121.4079714293645,31.228034539449347,37)
(121.36381076906159,31.24884559078606,13)
(121.41021440401045,31.230957683292264,2)
(121.45625123751731,31.273834350832523,2)
(121.39175741023284,31.269162800892197,3)
(121.33978438187755,31.287716034116613,14)
(121.43804041117244,31.26317078497717,28)
(121.42404765047146,31.241113063845134,36)
(121.46074781900403,31.265692119793034,9)
(121.45687391791358,31.253713415883688,2)
(121.38200984339596,31.23241757447245,2)
(121.43028249888916,31.247159086664826,21)
(121.40852905224031,31.235696024941006,17)
(121.36497202978481,31.278125820445183,36)
(121.41646481507388,31.284233854251752,3)
(121.43038012481883,31.26557847145504,15)
(121.38390082168588,31.278059671164634,21)
(121.36497252033698,31.313304241817846,29)
(121.45938688240774,31.255345103963766,16)
(121.41175175355693,31.273302028038756,2)
(121.37756759295485,31.2741483490385,36)
(121.41744656617331,31.252510187788644,14)
(121.43520766115691,31.260155742248806,3)
(121.37714709180241,31.271814621551993,17)
(121.41323084140775,31.26800943975594,6)
(121.41537404453703,31.295426302818495,36)
(121.46269555990656,31.266435985844005,8)
(121.4098816836517,31.25938302739713,28)
(121.43928072380706,31.266900573609615,36)
(121.43037654593991,31.267784097682462,23)
(121.43051694370762,31.233937932221256,4)
(121.42697446710754,31.238186315536502,111)
(121.42562937360883,31.23988905024167,17)
(121.38077334551849,31.243722431443626,22)
(121.40113644334379,31.24835200485258,5)
(121.46311442670537,31.266790163486405,16)
(121.43535330067957,31.267112764747363,1)
(121.3912813479406,31.238117891418398,4)
(121.44770042480533,31.27907334808486,48)
(121.43334849356755,31.283760349283178,20)
(121.41906855844302,31.23427249653284,1)
(121.397639737107,31.24868456368574,21)
(121.39642722186025,31.244637684442065,3)
(121.44700525034874,31.24174786599427,36)
(121.39648866765512,31.274097387455157,2)
(121.34708076979213,31.302294394395737,8)
(121.44662097413459,31.25769697229594,3)
(121.4548620796455,31.266723626351514,1)
(121.42746293004738,31.24960898699432,19)
(121.3882037203371,31.273288035148237,2)
(121.4241085828263,31.240982958665764,11)
(121.41210553296017,31.259485790748,37)
(121.41265496883129,31.246991329796472,31)
(121.40095321451795,31.285582346231266,36)
(121.4063983291865,31.260689803996907,15)
(121.44469326820895,31.246004950354543,16)
(121.42453480755033,31.254651996432038,36)
(121.36469197226168,31.279067864601448,12)
(121.41477657981035,31.237446540908106,1)
(121.4257099948747,31.25484293874681,37)
(121.422482203786,31.260488359299757,36)
(121.41596219502952,31.28164430908915,1)
(121.43824848839765,31.247592835025362,1)
(121.4009707521403,31.267350008876004,4)
(121.35022287069775,31.279437052758325,37)
(121.36797375244603,31.314527669420492,1)
(121.43545699338776,31.2676910789989,5)
(121.40612875366095,31.258895564190457,9)
(121.4474918931804,31.27776496344348,1)
(121.39896829883688,31.232199068011102,11)
(121.39026766569441,31.282489491271182,36)
(121.43611114784632,31.258083114535545,3)
(121.45256869118232,31.279538207689356,3)
(121.42817803128442,31.23704668927178,36)
(121.37660414401714,31.24593069157571,2)
(121.40865859630998,31.23061268962641,14)
(121.40899410348155,31.225385246122542,17)
(121.34424995093782,31.285497704174944,14)
(121.45603713008322,31.254906701284266,36)
(121.42380744772292,31.282099885170723,11)
(121.43483866143052,31.253191596236388,12)
(121.41887273262925,31.252876639765468,17)
(121.44337027060291,31.266817324154083,3)
(121.3811194544513,31.27463916597284,33)
(121.44875107551601,31.241999244977414,23)
(121.4275608505666,31.238472912984502,3)
(121.40179623476757,31.266858201839387,2)
(121.41400080205317,31.236279031628325,36)
(121.40248732451751,31.243093966208065,24)
(121.39861488273502,31.29785795285559,6)
(121.41922399811871,31.254135691526596,4)
(121.44821380764073,31.27152607020917,4)
(121.41932412172496,31.234367149808318,24)
(121.41518015638177,31.234612108397254,8)
(121.4267321613074,31.254633854901435,4)
(121.42354541613057,31.244658031861224,7)
(121.38859289544672,31.23544476866401,21)
(121.4212651209987,31.242389586621222,21)
(121.42317730233225,31.262539139538642,37)
(121.41127835528097,31.267371620841562,3)
(121.40910969376368,31.24410949675839,62)
(121.36730040765089,31.300694410059076,3)
(121.38761026494954,31.226966107698,36)
(121.36437673722494,31.31135667684063,19)
(121.4359267660499,31.23894186775729,10)
(121.36677860220834,31.23689892516252,2)
(121.40841102210432,31.24571224884014,24)
(121.36443074525795,31.309492587324833,14)
(121.40418065933456,31.232085246176116,20)
(121.41832309327233,31.25303899515611,36)
(121.36611241295475,31.285698170723787,38)
(121.42268497255101,31.265351694742787,1)
(121.37191399162357,31.308625243200733,36)
(121.4496237836009,31.253089092723425,75)
(121.433187117136,31.26537786395125,22)
(121.3788729506155,31.266744437897522,30)
(121.42783549651514,31.237930412557002,37)
(121.41449842831514,31.291651795943928,3)
(121.44455802589307,31.267645741685854,13)
(121.40800444594728,31.251186993782785,5)
(121.38939318040507,31.24682780462119,9)
(121.45745374814894,31.24774453848326,3)
(121.42988330159407,31.23410403006729,36)
(121.46206316978966,31.253350787397316,13)
(121.40316298184094,31.294917000101915,4)
(121.44619694780704,31.281776876842166,36)
(121.44672825627649,31.263503291846234,4)
(121.38225575393936,31.251099216548518,19)
(121.43057140038933,31.239969614622236,2)
(121.37729221779452,31.27098844261008,31)
(121.4364970573996,31.253824305340878,34)
(121.40993129588624,31.258342539761454,37)
(121.33862499306002,31.293619488632824,37)
(121.40818906735352,31.26089667319464,7)
(121.37614822079351,31.30070614865309,36)
(121.44884402923982,31.259232349715948,19)
(121.42262193890687,31.268607672597305,4)
(121.42214415510432,31.262269747444904,20)
(121.44358497543618,31.279655356758465,6)
(121.42858302337268,31.242312679980202,37)
(121.39729932870527,31.263828460854647,36)
(121.42445368767396,31.25460557973506,1)
(121.3641271029352,31.310048951075103,36)
(121.4253770129778,31.249074381017675,71)
(121.4298228237378,31.246496007799525,2)
(121.35331075313906,31.28821996876834,55)
(121.41213021468047,31.24540487675018,37)
(121.4100867316489,31.24591847425981,35)
(121.43397548630253,31.236629253615536,26)
(121.43793249102048,31.261117991819706,11)
(121.36179968602372,31.244397477795346,1)
(121.43518215762866,31.253325225413874,28)
(121.3641114009281,31.309448350639745,13)
(121.42780465397247,31.2393390789683,15)
(121.3814650651898,31.23284148744964,39)
(121.41615764278048,31.2454966440788,37)
(121.38950170624601,31.231037855638306,15)
(121.39758926221255,31.261504581954398,37)
(121.3820663532818,31.28019045793584,36)
(121.44014428354102,31.26286148445459,19)
(121.41661454606256,31.247069153885587,22)
(121.44627760051655,31.244815733295308,31)
(121.43644726924558,31.26551287346547,1)
(121.44822421185873,31.241946174641008,5)
(121.37201367973144,31.284333420313946,30)
(121.44628270077763,31.24158034007656,9)
(121.43118191556995,31.26236703911254,3)
(121.44603494227954,31.254921773331642,12)
(121.38654346924919,31.267977650583866,14)
(121.39898348495099,31.23426701943579,14)
(121.43124674988287,31.24307631984989,6)
(121.40850144401277,31.262506934699097,34)
(121.40647822471841,31.24816267053774,13)
(121.42615690675538,31.280972280039443,35)
(121.4030748294048,31.247523051278687,25)
(121.44286318463085,31.282399650662136,5)
(121.37760590613999,31.245655514550137,34)
(121.42625831952971,31.239261431364387,36)
(121.38279815431044,31.248527613299036,37)
(121.42126502334393,31.241269082865802,19)
(121.41057574553965,31.25860397963293,12)
(121.42881105273067,31.2457089785807,3)
(121.39421845072138,31.247690503395734,19)
(121.33522035810483,31.291044701284182,4)
(121.38733106208798,31.29655778924117,55)
(121.44741151139111,31.248442525000065,17)
(121.42589972835242,31.239710940911145,13)
(121.37738936023231,31.248090656241086,23)
(121.35066718132929,31.310767122897083,17)
(121.44556198662283,31.254928792413715,4)
(121.41404451925216,31.244806094872512,28)
(121.38890237614487,31.235030038931995,3)
(121.4214956700147,31.262202147994934,36)
(121.45295438154545,31.251941678487178,17)
(121.36801982452155,31.314462711004882,36)
(121.43856479832293,31.26525988998172,21)
(121.36402570477321,31.252509466098658,6)
(121.45250034239807,31.247509375575753,36)
(121.3901165636395,31.274139790986826,19)
(121.42896620524931,31.250222845516344,6)
(121.45373094393712,31.256718220742172,23)
(121.3620476107321,31.28439295998309,36)
(121.37059608624472,31.234105802631785,7)
(121.44046887239912,31.237812123434384,50)
(121.42366091569755,31.26303399670754,40)
(121.38260036784148,31.23532183962169,25)
(121.43526769604856,31.25528709461202,2)
(121.4180471656205,31.22901431393923,37)
(121.40214865324118,31.305027758206002,13)
(121.38642598649402,31.279310382780725,4)
(121.34879272601728,31.293793169716434,8)
(121.42258485264065,31.25154777910681,4)
(121.3695118456346,31.251576145534308,13)
(121.39808683637268,31.30553643434874,5)
(121.35718677240453,31.290251416269243,36)
(121.44480829255954,31.245973470976185,28)
(121.412578798893,31.230698107043477,23)
(121.40714273938953,31.254104295525238,10)
(121.39925395618164,31.272885031654738,26)
(121.4165855748707,31.25868526616965,11)
(121.38107427235065,31.284666251263378,36)
(121.39349838939965,31.235637690162264,36)
(121.42154093790185,31.254221656196304,4)
(121.38139211823426,31.244000194705247,13)
(121.40666071490516,31.246316217196306,2)
(121.42255332163042,31.264275866762063,1)
(121.38007918894257,31.25179728277244,6)
(121.44726652982561,31.245134308594935,36)
(121.38511408175765,31.276137631914214,33)
(121.39722453882183,31.267073045407916,19)
(121.38877942912052,31.274142817516058,1)
(121.37378144872206,31.22763401468195,22)
(121.39199727315365,31.24745431506447,1)
(121.37412485413478,31.27252225963479,12)
(121.40335332882124,31.28705188246946,2)
(121.42110649990168,31.25679605803609,6)
(121.4053577744178,31.298697912709724,35)
(121.39452719500288,31.256654052690667,3)
(121.43896854414243,31.2706697789912,9)
(121.4444114929669,31.246712879290275,2)
(121.43308426817475,31.277887989293973,36)
(121.38898979562924,31.230743463171073,3)
(121.3832312274764,31.232235687221557,29)
(121.44879871234231,31.2620129637762,36)
(121.34522520830406,31.28721054613898,29)
(121.44875837638027,31.268633863799213,2)
(121.4531014398601,31.2796301931572,9)
(121.39036184421069,31.282551743812192,3)
(121.38857652002564,31.28292261279025,105)
(121.42880294630125,31.26560875171114,17)
(121.42376641872315,31.250427345307973,22)
(121.45386162710447,31.2664443887509,9)
(121.39154620137757,31.30298037373182,4)
(121.43678742556601,31.239062796157814,36)
(121.4125142477856,31.270000467759342,2)
(121.39646726264246,31.274776881889952,2)
(121.40032156789765,31.238699414034844,5)
(121.42306239825733,31.262489200950224,18)
(121.37834479877547,31.249938563143356,37)
(121.45568096988399,31.254346198910245,36)
(121.43219206391186,31.260487907944096,32)
(121.37857672624591,31.24559389487918,3)
(121.36498422866322,31.288615098742223,24)
(121.45543746958369,31.27616101823557,27)
(121.42627346785142,31.24114326735012,19)
(121.44286939947325,31.24439855532973,14)
(121.40960491026952,31.2378911479624,6)
(121.4619322517305,31.254943738976063,1)
(121.41225330409515,31.258297521485,66)
(121.42700459299593,31.24000311016437,36)
(121.44772590126857,31.2540262682156,12)
(121.4418466973855,31.26171953913946,14)
(121.43961868636978,31.253204935236923,33)
(121.43054896478841,31.24611739570925,36)
(121.42267467155648,31.247313555682165,22)
(121.37197193370021,31.24192018669368,5)
(121.40742908165261,31.238196360242885,38)
(121.36538502110699,31.29195674022771,1)
(121.40134939820359,31.23567636238096,25)
(121.42506797720458,31.23303459334944,15)
(121.42585657465108,31.271828986480205,10)
(121.34958740430969,31.293567512854008,25)
(121.41285460149626,31.240902682829187,9)
(121.43684358171268,31.26483105877904,23)
(121.3712728844177,31.31362894351608,12)
(121.37678730924814,31.26849279999296,28)
(121.42303538340019,31.262050031561127,36)
(121.37992293145808,31.299447065867632,16)
(121.43682873283426,31.266292702118143,19)
(121.39491792959666,31.260256842944074,23)
(121.40760125856015,31.27169383721447,4)
(121.42277607471993,31.243780552230135,23)
(121.37618726087909,31.30053712936745,36)
(121.39088470303584,31.268402734523413,5)
(121.38626561352817,31.25280133294677,35)
(121.42949633227809,31.247270958712516,30)
(121.34871732849402,31.302639504988957,26)
(121.42010904009256,31.27540996602068,2)
(121.46253923024146,31.254084218248728,9)
(121.42926858752837,31.246607927507245,10)
(121.42266265415948,31.26148705352517,10)
(121.42272859690705,31.23854887342127,1)
(121.3933940900213,31.2522695095113,14)
(121.4326270778881,31.250632581874253,9)
(121.40830348449323,31.22895194708301,10)
(121.40077929773821,31.23791303808307,8)
(121.38567088340038,31.289753951506214,28)
(121.45472266201762,31.259936703310338,36)
(121.42253463814018,31.26009650205255,96)
(121.40824759461796,31.24163272833151,21)
(121.45254285717292,31.246240965720794,1)
(121.44841454138398,31.25461808520939,23)
(121.38944243583616,31.25616263523775,11)
(121.37343992566782,31.250549936383685,5)
(121.44871543958917,31.26828579441847,9)
(121.43839068952698,31.258524960697823,19)
(121.43698087020711,31.26448517879227,37)
(121.41322222597158,31.249466407805613,11)
(121.3995581115853,31.26190346833655,35)
(121.41827358389045,31.25308062569562,29)
(121.4070318243114,31.300861664722355,4)
(121.42996742343878,31.24658422406261,3)
(121.33970013054767,31.286994583482816,7)
(121.44022399991903,31.256442511508546,5)
(121.3735061984311,31.241021774738137,20)
(121.39211204530858,31.227533578216644,33)
(121.39669763921565,31.282243917392496,11)
(121.37011401350122,31.230674571646812,36)
(121.43070520241551,31.265329537498747,15)
(121.42205304033656,31.260100874303898,22)
(121.44127603118054,31.265024829459787,2)
(121.44868989442345,31.24485225006714,12)
(121.42273206436883,31.249380632519156,8)
(121.39231250534381,31.24264859171215,14)
(121.39102384608465,31.26908028639259,5)
(121.4403805401747,31.282465691083182,6)
(121.43694716506239,31.278096046079085,36)
(121.4017865592927,31.25914288946216,23)
(121.38392132293023,31.25905629562157,36)
(121.39159976015897,31.29746225364311,58)
(121.39106646279164,31.229844970030598,1)
(121.42149805552752,31.232253836812635,20)
(121.39790589666282,31.27606786059228,24)
(121.41090175659647,31.272373044824608,18)
(121.459331881749,31.257467735332813,1)
(121.41145928429631,31.24414645599561,36)
(121.41943895228978,31.268892707816768,36)
(121.34119142750879,31.286484189266258,36)
(121.41622307648926,31.288015126710036,8)
(121.43202607112539,31.235059805137283,32)
(121.42129713100955,31.254250826076365,36)
(121.44414875183853,31.24334885748764,36)
(121.45256591917142,31.24757851550884,10)
(121.4414533685448,31.243023965591927,42)
(121.36847835517473,31.251040209348098,23)
(121.38741443146318,31.28842161266977,33)
(121.36592994124922,31.276530670528288,20)
(121.44889575531212,31.24194595727926,20)
(121.40015936182975,31.239419737428243,18)
(121.41688589408683,31.252710529375864,8)
(121.4127237701099,31.230888158296978,3)
(121.4111463059882,31.24352923881373,43)
(121.41627200450361,31.25030172997264,10)
(121.42938225638284,31.278763620922444,1)
(121.39718449294864,31.2663434865917,17)
(121.43288451659687,31.2494190039986,30)
(121.36797372101785,31.314166533944913,33)
(121.42764052713176,31.27017071028297,8)
(121.37739158349372,31.273642671210244,1)
(121.45228110702566,31.270242297944485,42)
(121.43549383270263,31.255023574962937,5)
(121.41050078991574,31.270396033302095,2)
(121.4178200971082,31.24961173329767,12)
(121.4418756597315,31.238933432951438,10)
(121.4266616299047,31.23621369769466,16)
(121.38242650240893,31.280418879160738,1)
(121.40488161546419,31.230677676281754,7)
(121.41740683920678,31.232453201419894,21)
(121.44506796767189,31.255671738195385,6)
(121.37014405285873,31.230568564149273,11)
(121.45915256402408,31.25012521256529,9)
(121.35092472892163,31.28166749553744,12)
(121.34787543625944,31.30169261005466,20)
(121.35960882320144,31.289444413047445,36)
(121.4251936671998,31.239508661078247,28)
(121.40540928980298,31.224431570870212,6)
(121.37506713192815,31.314085983240542,36)
(121.3924467455457,31.299400160683977,29)
(121.39299937715478,31.236206694639847,36)
(121.40124751740115,31.24884124971109,18)
(121.39139989914433,31.289319885042648,36)
(121.43651626079641,31.266663273019287,35)
(121.4589753198128,31.27474488219707,5)
(121.43382068183958,31.282180142239547,36)
(121.42867971661849,31.2657392263762,70)
(121.40577553743104,31.24052322634624,5)
(121.33440179335327,31.29446250073752,17)
(121.42326321854448,31.2509840474441,1)
(121.39110393401755,31.22343402342789,24)
(121.43151045470466,31.26599002578557,2)
(121.38853540858625,31.276384566242694,36)
(121.42416458481495,31.26452425384514,2)
(121.40090875080428,31.264105809462787,20)
(121.42311787684478,31.245606767938447,22)
(121.43334496536535,31.243251994672384,15)
(121.40067994853446,31.299892661503588,36)
(121.398233670899,31.30367176726029,12)
(121.43328641351357,31.264411755481788,36)
(121.42720334603617,31.23964476937295,37)
(121.4000443429765,31.239648806524887,20)
(121.38062820983156,31.244207496712704,3)
(121.38679881876459,31.293959340676693,36)
(121.42499992158096,31.256475789111683,36)
(121.4590885942491,31.258294630216387,37)
(121.42602995947601,31.243891710298538,2)
(121.36155862439898,31.283545841488205,36)
(121.38956681289105,31.282507262788112,16)
(121.4149151066652,31.229262348501088,18)
(121.42684566525668,31.25033786632389,12)
(121.42866561297726,31.23870997551306,36)
(121.35374634115176,31.28464627963892,5)
(121.37663788832559,31.300527660412598,36)
(121.42423393428788,31.25947562491629,140)
(121.46098287035402,31.257286455170615,21)
(121.38222306793638,31.232137658744925,5)
(121.38990027201272,31.24987320533437,36)
(121.4101985617436,31.2670206782027,20)
(121.35123745265776,31.300003996706877,1)
(121.39192383205818,31.274808014563583,36)
(121.41707230259968,31.247092964099938,3)
(121.4159712573163,31.25148337289132,24)
(121.427804545417,31.238092514893957,25)
(121.38237373106504,31.29523080480179,18)
(121.40601898055898,31.234018286329935,4)
(121.41174844449408,31.240235553377666,1)
(121.45113579491722,31.265508097931182,24)
(121.4539038069625,31.247950697728697,36)
(121.45050332058776,31.255020769604656,21)
(121.45029028179113,31.26055257382225,37)
(121.37445409765901,31.23518632759308,37)
(121.41021559712905,31.24464288720132,37)
(121.43841998974159,31.26466683935867,20)
(121.38139616504347,31.290467925090038,32)
(121.45556424255535,31.248264812423532,4)
(121.46081939798869,31.26882699075155,1)
(121.44681642188925,31.283328154943053,28)
(121.44811926249837,31.254880399058955,25)
(121.41363512854963,31.27293840297722,3)
(121.37655870813595,31.253704159858128,36)
(121.41607204616051,31.295436723310125,23)
(121.42899404910925,31.271069797061696,18)
(121.41221092167052,31.28813202429548,36)
(121.40902997414952,31.245163378190266,30)
(121.3773913744042,31.271240663457135,38)
(121.42222774125436,31.258315983375073,37)
(121.46045750268793,31.25304529859035,22)
(121.41210637431786,31.235691503437614,28)
(121.43490681559238,31.24465473016067,29)
(121.3684244948419,31.314354247049547,1)
(121.46296318755937,31.261734712350897,1)
(121.40012889375792,31.245640520714243,37)
(121.42592624658731,31.245390701143908,26)
(121.34096191593956,31.286500764065885,36)
(121.37693457837449,31.292258746843636,36)
(121.44497682818182,31.26346026000616,2)
(121.41049848060557,31.243927525708692,7)
(121.41138083743418,31.26172418681504,36)
(121.37317774832515,31.230003337422442,21)
(121.445447355486,31.24592179898047,11)
(121.41607419570373,31.251358276544252,37)
(121.39297570534175,31.22812337627462,36)
(121.44233136091668,31.245552622949052,36)
(121.3807879095084,31.243966823141786,27)
(121.38197979884286,31.23616659472323,2)
(121.40717199207187,31.245544512376078,4)
(121.39644996312131,31.23043316702273,31)
(121.39315941181476,31.234804551732758,3)
(121.45285931049342,31.24712203379623,27)
(121.44736802805798,31.254131806221576,1)
(121.43752245115158,31.275885809347827,4)
(121.45017631412965,31.257980674326944,37)
(121.3849001002695,31.267433783667528,11)
(121.40242630463537,31.243018920433318,37)
(121.43799559696369,31.286462506185874,28)
(121.44167851674847,31.256088358025178,10)
(121.40813535443408,31.247733987864112,36)
(121.38196116083788,31.24308054872578,37)
(121.36834679373771,31.29626717568773,36)
(121.42287750248423,31.284755649640303,2)
(121.4466496067283,31.242664281895404,26)
(121.33976934449066,31.28767398873193,36)
(121.4457301178095,31.249783034175106,26)
(121.37672033855748,31.26959522870829,26)
(121.40567610562374,31.235628002716457,1)
(121.3736074702851,31.25393063574349,16)
(121.37417568290039,31.281196922775717,12)
(121.33590132311177,31.295930941317476,3)
(121.37874275282464,31.26641815469924,36)
(121.39957313407443,31.262098557060174,29)
(121.3819380555211,31.293309608619623,37)
(121.41593010434923,31.260958518372817,36)
(121.38676901460818,31.233273326259567,37)
(121.41098634285379,31.243532268711704,8)
(121.43789297418863,31.24296205909292,8)
(121.42294314039144,31.246889464644696,28)
(121.44228269897448,31.28250659420624,7)
(121.43625010069493,31.25392925723441,1099)
(121.34509829658614,31.299284012274978,27)
(121.41064660916956,31.280116061145073,36)
(121.4148765006673,31.248494461425466,37)
(121.45870074447444,31.25983514743432,15)
(121.36575236957344,31.253174197948326,1)
(121.38813640964673,31.249166372625094,36)
(121.36073556050508,31.29382541765427,30)
(121.39101085836056,31.292278812907114,16)
