(121.38587415745931,31.23358170999011,15)
(121.40198536237637,31.26185130223043,15)
(121.39542225308853,31.27420899840325,24)
(121.4055003934571,31.23904654282881,6)
(121.4549182942763,31.247800255934926,33)
(121.40015990162951,31.24561151699195,15)
(121.39104993940158,31.268620564678432,18)
(121.36733047673091,31.28937797344781,7)
(121.44844037547826,31.260689043690267,2)
(121.44066674456718,31.266340207438155,2)
(121.42396741091281,31.232252437584783,4)
(121.40945380904108,31.234174251187305,19)
(121.35355599334864,31.29671678246239,36)
(121.45259861581367,31.27948112530325,34)
(121.38274688665014,31.280606270433292,28)
(121.45920136556907,31.24755266489857,23)
(121.40703219285034,31.30507829909226,25)
(121.43901855360969,31.261804805446925,117)
(121.4106868681303,31.225874263398108,15)
(121.37127288441691,31.313630843511827,6)
(121.40839335517326,31.250493668129433,6)
(121.44507411296262,31.245992458090132,37)
(121.41764877192026,31.233271462768393,11)
(121.40965448508902,31.26519293933044,1)
(121.45223961187574,31.269755768281655,8)
(121.35906379503831,31.248003676560586,36)
(121.37730891865563,31.29028739416875,36)
(121.41437873631367,31.28178710156746,6)
(121.38378833028997,31.249317909501116,36)
(121.38822302446073,31.2733373385167,1)
(121.45816732363707,31.25051523564444,19)
(121.45223132029935,31.271350119677294,34)
(121.3941675303717,31.24010252321385,24)
(121.45769562606345,31.251492684828825,12)
(121.37398081522294,31.23997290415646,2)
(121.42417752167768,31.241014920157212,36)
(121.38323389241665,31.24750082153587,36)
(121.40726634752575,31.232446388461398,1)
(121.41707164747945,31.239578596542216,6)
(121.38160907460892,31.286510547523513,35)
(121.40521774053482,31.29403069374045,17)
(121.44762040292049,31.257547375281593,50)
(121.44570574357903,31.244911910465618,20)
(121.38796155108817,31.26100661284153,15)
(121.40514318067133,31.248368690325563,28)
(121.4461051779132,31.282252229289515,2)
(121.39314378761281,31.239242557466497,37)
(121.439897186209,31.25125230479914,23)
(121.38640534346202,31.24863006597594,28)
(121.43787797059392,31.254115023924662,36)
(121.42626555092245,31.24637730038112,16)
(121.39477746277707,31.25798926415852,2)
(121.44262623028118,31.28452688102207,18)
(121.41150533784408,31.244892780566392,12)
(121.4036252572082,31.244731468086535,4)
(121.42083728929278,31.229113810828974,2)
(121.42022124627013,31.24637000758594,23)
(121.37129998887029,31.313629747228457,6)
(121.43742446999188,31.256796178840577,17)
(121.44584492595288,31.261757063370613,21)
(121.42747695943567,31.238656073012535,34)
(121.41890651945288,31.2540990251672,31)
(121.3571557838048,31.291092701246278,9)
(121.3911763703297,31.246094633898004,36)
(121.36980616667067,31.236413712664554,36)
(121.36806485200857,31.313905566353153,9)
(121.39996471777565,31.290117328321596,37)
(121.38480084507324,31.277188787569294,36)
(121.42151035782689,31.258757651718764,11)
(121.36497222029932,31.31328634182335,32)
(121.41068836205892,31.2430120856782,15)
(121.34801019710787,31.28345900461761,9)
(121.38291593419424,31.29042742219912,18)
(121.45597521681992,31.254122487569383,9)
(121.44052166842403,31.268069345286705,22)
(121.40484368412729,31.23150705381049,15)
(121.43423603257322,31.244705280337485,36)
(121.40932362807824,31.24335741961191,37)
(121.4269950083614,31.260947191286046,1)
(121.36416240739545,31.311610051574245,36)
(121.41876628370284,31.23650682913661,21)
(121.39733496462877,31.26550137021574,18)
(121.40140944754758,31.239437161499495,7)
(121.38861048319409,31.253510856566404,36)
(121.38301464850309,31.2468765858621,8)
(121.41196425316956,31.268229845698595,7)
(121.4374393729139,31.254313886365523,36)
(121.3788195559486,31.263002780796732,36)
(121.43391675895096,31.250258432128586,17)
(121.4334448453207,31.231134148789035,117)
(121.38535611753046,31.293197989290793,36)
(121.41540255247219,31.228842378307863,1)
(121.42407861473023,31.241031003237328,34)
(121.43862603740911,31.269185472285706,34)
(121.41308517136389,31.259766949837637,18)
(121.41227867581591,31.259481526926177,12)
(121.4417189089794,31.272920494933274,12)
(121.4072242312036,31.25118269288895,26)
(121.39691105732621,31.228449541691624,2)
(121.41512928233814,31.2527666365054,14)
(121.45417289330469,31.268404350611423,9)
(121.41276985445944,31.23202366807892,6)
(121.419685012359,31.25513278603278,96)
(121.46087783419578,31.269909616702428,12)
(121.40854406641702,31.224402823554158,35)
(121.36457916519005,31.312471397757395,9)
(121.40986103962832,31.283373508517254,2)
(121.42315696787891,31.23782474248056,59)
(121.39103985414758,31.269030275931783,44)
(121.40647910145488,31.258213079611853,22)
(121.44450975725947,31.27056280312945,15)
(121.43098116742169,31.25993300339328,273)
(121.4138455670888,31.233017823858162,37)
(121.39166287728533,31.250657915240716,6)
(121.38260264899215,31.29125844958758,31)
(121.38393362834786,31.27807837671744,36)
(121.37167766655543,31.250194637154266,36)
(121.45230746817772,31.258426785189336,36)
(121.36759282053112,31.249443700294734,6)
(121.45197774246725,31.247712690883443,21)
(121.41436359281897,31.26954374328089,27)
(121.3913220372486,31.26864129813796,17)
(121.42463515467216,31.264940928504995,10)
(121.44435853291702,31.245972636726,8)
(121.37368475378003,31.25586557936436,36)
(121.37917138802494,31.299343245936416,37)
(121.4076834809593,31.25137008585228,9)
(121.35776921075595,31.27937345796386,36)
(121.44748955296015,31.254108427282826,1)
(121.40587499925928,31.245767582760255,30)
(121.40756451452704,31.24898546741862,9)
(121.44936408607656,31.28055773286735,36)
(121.4539716504942,31.276240387351898,37)
(121.3887626258957,31.25360701402093,36)
(121.40132550594869,31.244865303066444,2)
(121.43795869575004,31.279070038765408,17)
(121.39485389512586,31.239470601526072,3)
(121.39178844768931,31.280800672748747,2)
(121.37966978299154,31.299237025692296,11)
(121.3656719356999,31.247067618176487,33)
(121.42393342431299,31.237315433807158,3)
(121.40692793467379,31.244836196349173,32)
(121.43581680920946,31.28336614872957,7)
(121.4610608630351,31.266066117140667,35)
(121.38348104156874,31.251005356179682,1)
(121.41631807384782,31.251364179516646,18)
(121.44466979016553,31.26602684046654,25)
(121.43323120082992,31.25558258396859,2)
(121.40497633408634,31.261754523610403,21)
(121.4003765804703,31.24481541311078,31)
(121.3747616952954,31.238223200990006,32)
(121.4461413713814,31.241617715185445,25)
(121.42337911687544,31.26245195509349,36)
(121.42341363276186,31.25790775784519,1)
(121.39141102215694,31.246005977659628,2)
(121.3646734045156,31.238263168310056,32)
(121.3978789152465,31.25601231788825,2)
(121.39154474235046,31.286266746827298,36)
(121.38293094704558,31.290379417501807,40)
(121.36472938621236,31.31267461478658,24)
(121.3467652005195,31.280459090024376,36)
(121.39161939569392,31.23573002729605,6)
(121.39074712701778,31.240344540666843,3)
(121.37619859114946,31.258139665632623,2)
(121.43522598110664,31.240584503035304,17)
(121.42830532451964,31.25183237662586,1)
(121.43624792274412,31.257697281158226,56)
(121.45731432498687,31.251757910578725,37)
(121.36424271903138,31.30975436503071,10)
(121.40962144076558,31.261657799703322,2)
(121.41514668696162,31.262546321126667,26)
(121.36785149088306,31.233194550064145,28)
(121.42012677970108,31.27462125452282,2)
(121.46040479619343,31.25479918533819,15)
(121.3725610622182,31.255973179882663,4)
(121.36256359805176,31.2860381297503,30)
(121.37687943147702,31.26843888523614,36)
(121.41446131649931,31.247902405963757,37)
(121.43598963798777,31.238539135066777,26)
(121.38892150748995,31.239157701461156,19)
(121.44510955616693,31.245825724974306,11)
(121.43355916874285,31.24907433571728,18)
(121.44644196077192,31.253277352719582,72)
(121.38854999058982,31.259955614963904,3)
(121.38294396714878,31.25597002573396,32)
(121.45902743418627,31.254598153958725,36)
(121.41097381258342,31.271800547154292,5)
(121.42397872134045,31.241198154653866,36)
(121.4038113890037,31.28689388749331,13)
(121.38434821814869,31.247883510255203,126)
(121.41936053194752,31.25425971985004,1)
(121.38167851320972,31.29060126574059,13)
(121.39784530530063,31.226228899150886,1)
(121.45155600992315,31.279075988290728,1)
(121.43738985622608,31.24364205013159,6)
(121.44210569968665,31.25577556229219,36)
(121.41172593208775,31.24089294152797,3)
(121.43327567029198,31.238743045040923,37)
(121.38151029112034,31.290348993837412,23)
(121.37427023368303,31.228338956418284,36)
(121.43762034439864,31.25355313024903,3)
(121.36497282038543,31.31328334190069,3)
(121.43498339709024,31.25264217466237,34)
(121.41563749267263,31.270336037021092,2)
(121.40843259817309,31.26477887057222,19)
(121.3964466616806,31.237058053565576,31)
(121.37516805298502,31.268799986693676,37)
(121.46014552657591,31.255219949471183,36)
(121.43615792706812,31.267856248554775,36)
(121.40831681506633,31.244225887659905,36)
(121.43735415218045,31.247339882951586,36)
(121.3617998951241,31.29680242298221,36)
(121.40184993072714,31.250289597911344,14)
(121.39931262360537,31.24588037058164,15)
(121.37736854692815,31.273581619051736,1)
(121.36435883522803,31.309533278920124,36)
(121.4217547571441,31.25409546094707,1)
(121.43489352322364,31.264015220296827,5)
(121.42302373565377,31.243889703491487,37)
(121.40069568101984,31.264044725933264,6)
(121.41248051467751,31.238561719241936,7)
(121.40328828992192,31.24089012014149,3)
(121.35956922171654,31.278141234256307,8)
(121.37114986534787,31.279037098339014,29)
(121.36481899884099,31.312620325379665,37)
(121.44621011110084,31.25442313553112,2)
(121.38674110505174,31.28058086968406,5)
(121.41017795677975,31.24296522091191,36)
(121.4356528420242,31.234969415005676,32)
(121.42539650607755,31.24281375803555,1)
(121.39154345036064,31.271457630844633,1)
(121.44699224767413,31.241764863702194,1)
(121.44898843202732,31.252059286484197,2)
(121.41074239179619,31.243483288098624,31)
(121.45072102317546,31.25505890370429,1)
(121.45563272378996,31.246210768385637,22)
(121.44863858795676,31.259617514085168,13)
(121.44604915829512,31.246246920130087,6)
(121.44541223205775,31.278146717663706,1)
(121.37580876938006,31.255000831896407,11)
(121.39607657255009,31.274374806836644,37)
(121.41001431645293,31.24252578771605,23)
(121.44503624070472,31.2458452118811,31)
(121.44995444692937,31.25379626400656,4)
(121.45704057659142,31.250897371617764,18)
(121.37758277979913,31.27292559135064,36)
(121.36410490003615,31.309424149949297,27)
(121.39993514859438,31.29516833263602,36)
(121.40603442877493,31.23915362086404,3)
(121.38997219609975,31.2827572511817,36)
(121.41838198759494,31.229314285018777,37)
(121.40339638093079,31.23024528993171,1)
(121.3753333851841,31.28709748238721,15)
(121.43786299247778,31.25408303048781,30)
(121.44404703533083,31.26555289786667,2)
(121.39356029921623,31.270097832704685,12)
(121.3725310069934,31.255868094880096,36)
(121.43518767733296,31.2543000808119,19)
(121.41869467268451,31.227951494805403,31)
(121.3566053849649,31.28757536198461,36)
(121.39329117581433,31.265519187905195,24)
(121.36420091329474,31.309532660725743,17)
(121.39707144399756,31.277876280981292,12)
(121.45149343624371,31.259324754064014,15)
(121.44489761139614,31.245740487351803,8)
(121.44807617081327,31.247052041258943,1)
(121.3819659795033,31.257584764755443,16)
(121.41963069885745,31.254298576278828,36)
(121.42287659707071,31.274380371926988,4)
(121.40991149113665,31.240276670633207,6)
(121.40237371651591,31.259344102720696,36)
(121.38623486668864,31.249087995245954,12)
(121.36473789647279,31.279287290511324,36)
(121.36640154283704,31.251309649031406,15)
(121.41386800173541,31.261022267730368,2)
(121.42814247793032,31.26463288833991,37)
(121.34883795793267,31.283775219905177,5)
(121.3791162056181,31.254552448377574,29)
(121.3929002967466,31.24699789051029,36)
(121.4274470504727,31.239321401373182,2)
(121.43548692582881,31.260221896731714,36)
(121.4065917775399,31.243023380902617,36)
(121.37218917818433,31.28693970922062,28)
(121.44195728139837,31.254646437289395,36)
(121.35113915800574,31.287414821229646,4)
(121.3613652528138,31.249428380423815,16)
(121.36421598876512,31.27064542951646,1)
(121.40186103453019,31.23258593449698,19)
(121.3344453483289,31.299764670652685,4)
(121.37890364014602,31.262714750321603,36)
(121.3960566888957,31.286647419449363,36)
(121.420163215146,31.279904424215424,7)
(121.3809721388438,31.27711898421266,37)
(121.37233428482399,31.28558735174136,29)
(121.3716148621157,31.270566188014794,36)
(121.4357366998153,31.2348152373346,36)
(121.44485295681737,31.250609875455524,10)
(121.36754602566668,31.31450404578089,33)
(121.39589853587478,31.23315495484234,24)
(121.37259211598995,31.256044251327754,1)
(121.39542224636683,31.27413196621784,36)
(121.44496493385401,31.279957334885633,2)
(121.4156702158113,31.260804553500716,25)
(121.36364153674177,31.308160800045208,9)
(121.43833496796297,31.25131015938743,9)
(121.37716216865498,31.2724619107866,27)
(121.45430058924768,31.24544910190503,8)
(121.41156924329604,31.27836617286653,2)
(121.40611057947046,31.283464029553997,5)
(121.42442329795092,31.264010833883844,7)
(121.39159717361805,31.267819128872286,37)
(121.3458717307337,31.297569330184427,2)
(121.38858201832157,31.282906289572214,14)
(121.37877384300708,31.266989432163772,36)
(121.41064669372267,31.23148507136135,2)
(121.39993327346278,31.272096970088395,12)
(121.38011200580128,31.283716854615953,36)
(121.41469557933462,31.271425431519482,7)
(121.42269937019458,31.24712974403626,33)
(121.40361825629503,31.23012479471129,18)
(121.35955301860217,31.282121523826962,36)
(121.42573199885882,31.24194036757753,36)
(121.44203489588948,31.24351427214915,17)
(121.421274325987,31.243434271373896,57)
(121.41626099938763,31.29598286236733,36)
(121.41651421015344,31.23115199975557,36)
(121.37921319597308,31.299283352713942,15)
(121.36317107458417,31.30230766044785,17)
(121.45418746308498,31.252351389106806,2)
(121.37938464194515,31.23379251767807,17)
(121.3511251527972,31.299267509355673,4)
(121.39705525948642,31.26438559650451,2)
(121.34249232094187,31.298023231705862,11)
(121.3748635047746,31.279066902700563,24)
(121.4242043290908,31.280478177756052,4)
(121.38941241277205,31.256190625525416,69)
(121.35095783162234,31.282075796917223,187)
(121.37103083336112,31.234734678194258,27)
(121.40282917900083,31.229132680542445,23)
(121.38550274310225,31.267638405317555,34)
(121.4457904071426,31.25451901477635,28)
(121.39106834470923,31.25936788708257,9)
(121.46094432712823,31.25460788713705,7)
(121.41322763858838,31.231287208758328,1)
(121.42098093521156,31.285720796679108,25)
(121.44192919530468,31.24532438104834,5)
(121.41573692972761,31.234965060418762,22)
(121.39263208181723,31.235183411041334,26)
(121.40904752037595,31.23024248808836,17)
(121.4242614565845,31.22969569748261,2)
(121.38912217796808,31.256349481163245,36)
(121.35092425298232,31.282176309028017,19)
(121.38117378270553,31.25399886564676,20)
(121.42442252069623,31.25509597835072,18)
(121.40434593058987,31.258295188194005,14)
(121.41394221351082,31.241915219420395,3)
(121.37688192752712,31.297104605752512,14)
(121.3873748819554,31.27106342925102,11)
(121.4469330939037,31.255061880241392,1)
(121.44054387340863,31.268371248864316,7)
(121.38951149713243,31.2561946994719,36)
(121.37947964744136,31.2954713035164,36)
(121.43565778716496,31.26023016146601,34)
(121.40916290682668,31.24580030454477,36)
(121.41104605499814,31.22891761132318,28)
(121.43969798061207,31.243695837367255,1)
(121.40991193727854,31.259391414712102,36)
(121.43337546051461,31.258208944092182,3)
(121.40448669573918,31.24354447677292,21)
(121.39385386211971,31.29969172637719,60)
(121.4332771319844,31.2555355095194,1)
(121.43838156628408,31.259070484772106,36)
(121.4362277084023,31.278063436348273,36)
(121.42272176185156,31.249606629948747,25)
(121.42851223601885,31.23366654074135,1)
(121.3951624665348,31.23949240048588,3)
(121.4334772786356,31.255456741702922,5)
(121.38648976131003,31.2476716827719,26)
(121.38993074912537,31.255063507200553,31)
(121.43020888208177,31.274651069184124,7)
(121.43661380784181,31.251764694610575,20)
(121.42461914716819,31.22826099441442,36)
(121.37926250533422,31.299310760498454,2)
(121.44103417790566,31.25025367443633,36)
(121.44528843542649,31.25464591999483,13)
(121.40717664404784,31.298832871140124,36)
(121.45161478018605,31.27490118104641,4)
(121.39643935623234,31.27440667722566,12)
(121.41708770073727,31.25175301874151,37)
(121.42253261802678,31.259814422551774,3)
(121.41842094495539,31.22910216736967,22)
(121.44624609316517,31.241576233658428,8)
(121.39197056520315,31.26913792578195,3)
(121.37391476114121,31.263522179810163,36)
(121.39330756819587,31.231476593185967,29)
(121.3732466967379,31.228207597794523,36)
(121.4330711449695,31.252364361313063,36)
(121.42962636337145,31.246476986559635,6)
(121.36491041823241,31.288614890084578,27)
(121.39823657193992,31.29940797689071,27)
(121.39609124185436,31.24690053908089,6)
(121.4081703149073,31.226883997836286,17)
(121.42303539290981,31.262159078447997,15)
(121.37953939148386,31.28495674374986,23)
(121.36886196741023,31.242258093991914,9)
(121.41057428650583,31.241876593977967,3)
(121.36395782973631,31.281106585362803,37)
(121.43862615426417,31.270528039136757,1)
(121.45196717737517,31.280451759700668,26)
(121.41410312798216,31.261022905534215,10)
(121.37748930336501,31.257817802425976,30)
(121.39783080514512,31.232043575638514,1)
(121.42192960838406,31.25400230413198,36)
(121.45795364701459,31.24787252774536,7)
(121.34742303374391,31.285181222442976,2)
(121.34686921130034,31.298869404591162,23)
(121.39493026835653,31.231752126453944,2)
(121.4031208520968,31.247685131132478,37)
(121.39901269363946,31.2399742202341,1)
(121.39653946478165,31.223796219218464,13)
(121.43219387837487,31.235446793043778,2)
(121.36443218770471,31.234512081760958,36)
(121.37285950863217,31.255861519005496,36)
(121.41276429569983,31.23077128334335,20)
(121.40227965290279,31.28028525490782,12)
(121.44194869300873,31.286780853164686,8)
(121.37039594587695,31.296748662344566,262)
(121.42442510280104,31.26086689293732,61)
(121.43000733128083,31.23410055515878,3)
(121.36862012611954,31.283315363785718,18)
(121.40983257155024,31.259121517699413,36)
(121.4375232113174,31.240543559557427,6)
(121.38288362405092,31.23723678325899,34)
(121.38636262462249,31.233355023370283,36)
(121.40130751763947,31.232588941954788,1)
(121.44716019669333,31.241868213424777,1)
(121.42733243273189,31.242258829774716,17)
(121.37127608494902,31.313606944004196,36)
(121.42881616982963,31.25569780461642,143)
(121.44933065595099,31.25178053549486,14)
(121.4188037141058,31.23106577830512,9)
(121.39505174036248,31.247470363455438,33)
(121.38092969431288,31.291529869623545,37)
(121.45435099323095,31.25904254723619,5)
(121.42542732665011,31.241107965820348,7)
(121.45602043491587,31.246418990374146,6)
(121.43472384351992,31.241845697951458,5)
(121.45706220839037,31.267790875492903,1)
(121.45077936608621,31.2742294604343,7)
(121.39498794971439,31.223619928743297,5)
(121.42498644669685,31.260435850551225,36)
(121.40197958334244,31.244005267330984,5)
(121.45953263033988,31.257085253643147,11)
(121.43334662551601,31.25122389238886,15)
(121.35956902177846,31.277845834889074,36)
(121.41383116271031,31.23978590549149,1)
(121.40428039743789,31.240407042889792,19)
(121.4240936044501,31.24107201024113,67)
(121.35570326295327,31.283949361969338,36)
(121.3906824007025,31.289986673941385,36)
(121.41033729593312,31.287861865004366,36)
(121.39731816393846,31.231805133658884,15)
(121.38263604518912,31.237898691883196,2)
(121.42161879103206,31.262658875276426,25)
(121.44928871816305,31.258268926739678,9)
(121.41902471567255,31.253812969476165,13)
(121.45495182455296,31.252804584049855,30)
(121.4432989743168,31.263133567022297,37)
(121.36903804173176,31.252062179496377,37)
(121.43902164868324,31.260949394834526,36)
(121.42386640453913,31.259313239060887,30)
(121.43713300261733,31.263508105910667,10)
(121.44773207319061,31.25006557198806,13)
(121.46115289805986,31.257448478129902,3)
(121.45079243202339,31.25233304394496,36)
(121.38287488365063,31.29038236431835,22)
(121.44228059483973,31.258314394799505,37)
(121.43871105912667,31.24501014689512,10)
(121.41085950249163,31.27941173590528,2)
(121.428683145696,31.25652086900731,2)
(121.44644933543007,31.241771568941395,36)
(121.40346508148234,31.261086050182012,34)
(121.3874556003159,31.243980731963887,29)
(121.41189638110546,31.245713573794,3)
(121.44991694184723,31.2585243953443,36)
(121.38172239449227,31.232419699526506,3)
(121.45630716019903,31.277253751663114,1)
(121.46199508872947,31.261793613047466,25)
(121.3804999598367,31.266154944098727,6)
(121.44683891605365,31.241773836993,6)
(121.44046098747783,31.259179538466167,33)
(121.41926200650921,31.237103131728542,36)
(121.38248459485807,31.24622428331613,9)
(121.3644263446097,31.309618986528434,32)
(121.34564203901606,31.29537104017149,4)
(121.37222178878228,31.304891842629555,27)
(121.38936636085528,31.256044528189417,4)
(121.38908881270454,31.25947772364517,13)
(121.44442890323148,31.263307103255737,29)
(121.43549453003132,31.263034043518083,4)
(121.38705066265912,31.23760953337145,8)
(121.36000640688239,31.28033503720211,11)
(121.43917858965835,31.26233883477932,15)
(121.39609313622472,31.268622970635562,34)
(121.42299043398926,31.262183120992045,7)
(121.3981747571031,31.303703255579816,36)
(121.3865014600732,31.270185538575678,36)
(121.39186883978148,31.238704536771277,25)
(121.38748478703201,31.257302631141812,13)
(121.39919833729319,31.24309308638707,20)
(121.42256946326577,31.246935748614153,36)
(121.39316313754635,31.27754016749467,12)
(121.38140746749215,31.270806855220084,36)
(121.40341440710463,31.231861150008903,9)
(121.38206820530365,31.293276725837075,1)
(121.41478271813587,31.26918886267874,3)
(121.37994101532355,31.251792132792456,5)
(121.43668859049568,31.239152967902967,2)
(121.44176307356027,31.264266761215616,32)
(121.38721120862752,31.27644235108121,24)
(121.42992321663019,31.273874763034364,15)
(121.41780814689905,31.249653803727103,37)
(121.44222963796386,31.24185651101379,15)
(121.39168315619837,31.28982327085798,5)
(121.40209705986855,31.22959875021998,17)
(121.4233022360581,31.263038263063898,26)
(121.44376107824344,31.283042512637163,9)
(121.43432405245177,31.28334501010617,19)
(121.39732166156287,31.265222268178988,14)
(121.39622112377175,31.24475164137349,4)
(121.4060305621156,31.223846130532998,4)
(121.33434110648805,31.299706448971822,3)
(121.43050657864606,31.279242101539896,21)
(121.42346310089705,31.263124182008887,7)
(121.44401852576661,31.25070722051644,27)
(121.44694766042974,31.250430220116794,29)
(121.39916637023101,31.232134106023352,4)
(121.41019274691199,31.269230586229526,14)
(121.40958162128217,31.232236350365657,13)
(121.37680067262468,31.249441568817222,47)
(121.39372722650066,31.27427213104287,22)
(121.4457695945654,31.244825643839025,30)
(121.41686019706731,31.25602399064458,36)
(121.3650330053686,31.24935667568175,7)
(121.40926339571695,31.252064291353058,5)
(121.42305836596256,31.262079027532568,36)
(121.45388246788737,31.255435356536534,3)
(121.41064472801578,31.25856495181467,30)
(121.38972315525722,31.238735098477136,21)
(121.38244592769499,31.285420509966652,10)
(121.40977175650089,31.268040487380688,27)
(121.4590885531204,31.249925203806868,47)
(121.43059717725663,31.269668407353613,36)
(121.42155439794149,31.280192258312635,10)
(121.38939795321377,31.274017224431212,36)
(121.42578560746249,31.236991805680994,2)
(121.40868985456365,31.245080245356917,36)
(121.41367244207812,31.23947368800142,17)
(121.34611532335704,31.286686437246928,35)
(121.4242394347717,31.252143826277536,30)
(121.366744786634,31.246876117528494,15)
(121.38142223545748,31.232834749263922,13)
(121.38064756761564,31.29403657397393,32)
(121.37458579025619,31.25247022604715,3)
(121.43713100265855,31.240520996159574,18)
(121.43508231454582,31.253399383300767,33)
(121.38613078374495,31.26249368939285,26)
(121.44792240672622,31.24823752592594,33)
(121.40810265991155,31.242254014853156,35)
(121.36939839820306,31.25213682639426,137)
(121.41771887998755,31.23497820906668,20)
(121.4548713254202,31.246930597827735,11)
(121.40168739312561,31.23179080106131,1)
(121.36781267822222,31.23861748178227,1)
(121.45467686418748,31.249955937462474,21)
(121.3806732199305,31.232177096008805,4)
(121.38220993744746,31.25382236731129,25)
(121.41580297081447,31.251413111298017,24)
(121.42720322405376,31.238244135881303,36)
(121.41210423251982,31.24595501672851,8)
(121.36316697405847,31.302212760204828,17)
(121.4579845438567,31.247603341458444,62)
(121.416594245709,31.24868195128633,24)
(121.41222212794317,31.244713547092463,14)
(121.33468378905138,31.298591666544883,33)
(121.41058825073017,31.230030200898064,7)
(121.38729875870666,31.281952890470933,5)
(121.36874858148434,31.239975907080158,8)
(121.39047476965301,31.273174636743526,4)
(121.42048759809302,31.241151511888965,11)
(121.38404185346678,31.260567031872743,36)
(121.41434348783007,31.269550039057528,2)
(121.4242391686473,31.24909047913403,13)
(121.41252819345098,31.25797131465542,34)
(121.45199325314687,31.274888542566156,36)
(121.41408572310577,31.236467549046495,36)
(121.38623322186346,31.23019446362704,36)
(121.38377395409097,31.233669858312307,23)
(121.42313388006401,31.245803844282214,13)
(121.4289419396572,31.25764810654944,28)
(121.37171340761189,31.263553339685277,24)
(121.38923884843098,31.237200195699835,16)
(121.42202782262967,31.24590966229081,16)
(121.38594753724357,31.283059214389862,3)
(121.44072081255968,31.26826358213883,20)
(121.42803597908357,31.235465683510512,22)
(121.3882595634544,31.258037561332735,13)
(121.45678161577771,31.247536885453563,1)
(121.44353502242065,31.25157683149129,36)
(121.44280246176815,31.239512920264463,1)
(121.396427957574,31.235021653886513,6)
(121.38421499807887,31.29760450124569,25)
(121.4512647452231,31.256833111757054,36)
(121.41445041380527,31.24829440292918,36)
(121.43095389874941,31.26276224843673,1)
(121.39647356409829,31.27477258312461,10)
(121.3940259887708,31.246392264718075,36)
(121.44267123092871,31.274035480056217,3)
(121.39599171533379,31.24147106401035,37)
(121.44804086635918,31.257566915782597,24)
(121.34876824948017,31.2970197194228,12)
(121.43236549942026,31.28278173655898,29)
(121.43096296229857,31.254526909986566,11)
(121.4380653121011,31.23887563493889,36)
(121.45131179029596,31.270091706361903,2)
(121.44681401477803,31.25718370430717,4)
(121.43215560065777,31.231665106448002,15)
(121.4513103281458,31.25323845319941,2)
(121.42316437022113,31.24375733295067,3)
(121.40267031865146,31.24258077139456,1)
(121.44257791304032,31.256888309605454,1)
(121.3921824145995,31.242680525380997,16)
(121.43326160185234,31.249203744253162,18)
(121.43992789714699,31.25882416940295,37)
(121.42955752516863,31.246339241525547,10)
(121.42463842516285,31.279258075977253,36)
(121.38731273063583,31.258514018137646,36)
(121.4284387579989,31.261863284744006,16)
(121.41030038704685,31.228018774626893,1)
(121.38375858665137,31.229635992677512,9)
(121.40291313264083,31.228410362275664,21)
(121.42878212377768,31.25759924179206,23)
(121.40768096426005,31.25032341983715,7)
(121.42468096843064,31.251578232245727,35)
(121.39501794842185,31.296711786160596,54)
(121.39714647701894,31.26637148248393,1)
(121.4152928447616,31.26875397043531,1)
(121.42838477738657,31.24832555463569,7)
(121.40595213452289,31.247282260751227,23)
(121.43230155318503,31.244865921769826,36)
(121.38273280223666,31.29130659612936,15)
(121.410249574438,31.242419436857325,26)
(121.45792591786807,31.273205522138372,36)
(121.37887262780208,31.263035853779417,4)
(121.38931388569183,31.274065182890148,36)
(121.3739116346446,31.22754513831648,27)
(121.37285724936821,31.22985585600609,72)
(121.36759470857005,31.296298299064976,1)
(121.35283049659772,31.290252714814894,36)
(121.38819002752933,31.252603135078,16)
(121.40908608795924,31.24414259179692,36)
(121.34443474383976,31.29947742197428,4)
(121.44124727496755,31.27869561893838,21)
(121.36647898966929,31.26606107857673,19)
(121.44842044396388,31.259919176343114,3)
(121.38244673060397,31.270664441471226,3)
(121.39659426436525,31.232657338341387,19)
(121.45159597201594,31.27970016879774,1)
(121.42142624099708,31.24520174253913,2)
(121.36814749713714,31.296704064105526,36)
(121.40418808562895,31.225490202653145,10)
(121.42410859014831,31.241066996511176,36)
(121.39739497491519,31.305384898730527,27)
(121.42221623822667,31.26032670425639,7)
(121.38902689598663,31.28218406517684,19)
(121.42386609141066,31.255721678556917,11)
(121.43138161350191,31.265868114750308,36)
(121.43498223629754,31.239302229880835,36)
(121.43933896533173,31.23638605621766,11)
(121.39644446190539,31.229907166964608,4)
(121.38638153491159,31.27029261723463,3)
(121.37499203062758,31.271466895346464,32)
(121.46328534860281,31.263315580392128,8)
(121.39333731139838,31.266720726292085,8)
(121.43903498397458,31.242102075230015,43)
(121.39713153189133,31.26708377911059,14)
(121.40714026023828,31.225670463028813,36)
(121.4617833880764,31.270086633523697,9)
(121.39046693238848,31.269070986799683,1)
(121.46107344516534,31.248464889103897,2)
(121.36797375174956,31.31451966641982,26)
(121.39683895494923,31.25064553445704,2)
(121.38951147437703,31.255933585656372,13)
(121.42230335272697,31.254580304505264,36)
(121.40987218130846,31.259621224952017,10)
(121.3649672787016,31.276942401303458,8)
(121.41065857244801,31.245353137769943,12)
(121.38131884304585,31.299319352190697,18)
(121.41103649701867,31.291246514129803,20)
(121.37217955239274,31.240215527367965,14)
(121.434836474152,31.255190878871,32)
(121.42136591423515,31.252378960933736,37)
(121.43761831049686,31.24164784463335,13)
(121.45578105366614,31.256387072283893,4)
(121.42359004314689,31.240840285460337,37)
(121.41075586170619,31.22596729533371,36)
(121.3806122622381,31.233525649522903,7)
(121.46394215620342,31.255817495715842,8)
(121.38975630439226,31.263102862569845,37)
(121.43845131801012,31.269034653454714,2)
(121.42848226076725,31.232222196812184,12)
(121.4567063853637,31.25420798751825,36)
(121.4050143323944,31.261696502031995,14)
(121.39482096410956,31.297837275726117,36)
(121.42936101380361,31.252770560143773,36)
(121.40904377734353,31.260208051705746,18)
(121.46293860936301,31.2632530613942,3)
(121.41725250968713,31.26288206175535,8)
(121.36395211024674,31.274273942022315,12)
(121.41673320091667,31.232589341935647,27)
(121.42877995015272,31.232642100875314,4)
(121.36399688541955,31.308357840007165,35)
(121.45594088697638,31.271155168851585,37)
(121.43500628506037,31.25175075402698,5)
(121.42529936986365,31.26307273122479,20)
(121.37581041927854,31.273965939778186,20)
(121.418025407968,31.243110738403235,18)
(121.43704785724545,31.256272055188035,1)
(121.41440862446872,31.235016850506852,7)
(121.40077929770378,31.23836903719795,1)
(121.37959096547644,31.26780867615372,11)
(121.45650990991257,31.26604751819626,6)
(121.3507492777329,31.286734852662963,21)
(121.39498794127523,31.299368774715223,97)
(121.36880834285647,31.24761641066658,36)
(121.42588548651425,31.248237769740747,20)
(121.38780593785138,31.25752919639311,36)
(121.37989536792116,31.245002074548797,6)
(121.37668799095931,31.266408798556334,36)
(121.39068095469112,31.294458342064196,9)
(121.37046196887538,31.247077278124916,4)
(121.43763431919685,31.253526099345088,36)
(121.42522910702553,31.23633696932869,25)
(121.39613656755823,31.2388819637365,9)
(121.43617208345806,31.258434187686618,36)
(121.39376426394153,31.262954360064196,31)
(121.39188943246003,31.29123796955372,28)
(121.45915084268736,31.255734369705642,43)
(121.42276338432536,31.282283721150087,10)
(121.43708715225827,31.264378540168515,12)
(121.38421928976487,31.259621464149816,34)
(121.4077962002802,31.2252822701147,36)
(121.41859647517857,31.236442439529288,1)
(121.37148116929613,31.2304113020779,4)
(121.37683336491804,31.268402815950953,44)
(121.45715221785916,31.24721492714529,8)
(121.40164151642333,31.25907782785968,34)
(121.37953827110931,31.234118041517974,36)
(121.42241444272263,31.24520908659546,36)
(121.40132900737203,31.23629272039596,8)
(121.39021182182394,31.230272583291043,36)
(121.37783151316702,31.2545039882796,36)
(121.3919743492675,31.22895551619578,12)
(121.42132177057445,31.2617980861714,36)
(121.40429623378563,31.249976316176078,8)
(121.37521066998234,31.25794222649832,1)
(121.42250360904296,31.26029386412881,36)
(121.42336672004639,31.244816372974242,36)
(121.44211922096908,31.239080122325134,30)
(121.39300118179682,31.279310804399476,1)
(121.37693252256256,31.268647035525152,18)
(121.4539019142627,31.27395344887304,32)
(121.3771422151504,31.271869588371896,10)
(121.4090320222631,31.224505833773993,31)
(121.4217341194353,31.26188120082272,32)
(121.4384366678467,31.284230986870902,13)
(121.3945311413569,31.301874702244426,30)
(121.42946632319553,31.233020979030297,45)
(121.3964252568964,31.23554495234654,36)
(121.37740647915788,31.272210088229915,10)
(121.38224187827196,31.264212896882512,16)
(121.41123032732,31.244000434348756,36)
(121.42783851936609,31.272620557122387,11)
(121.42410750239927,31.250314916211565,10)
(121.38514558082866,31.253231336723506,36)
(121.39203866363457,31.22838782931875,20)
(121.44749607639073,31.25699513267831,37)
(121.40405848163546,31.230233379782188,6)
(121.42819429757986,31.25078635595152,1)
(121.38143250023037,31.27083889427496,21)
(121.44103244367429,31.26469205568736,7)
(121.42271446609695,31.248376286913594,36)
(121.38299184389469,31.24707298162748,11)
(121.37782551312714,31.25459602167379,6)
(121.37501452868254,31.287102835143752,36)
(121.39583614707341,31.23516057572822,6)
(121.44197451155749,31.239332460705,27)
(121.42295917149607,31.258865711557167,36)
(121.45374546105488,31.251561933351727,22)
(121.42069353579951,31.242177848513204,8)
(121.40561600414955,31.245971659101837,40)
(121.4292306230258,31.246492914132368,5)
(121.37207329011818,31.267265399087538,37)
(121.39427986464649,31.24773121504038,2)
(121.38620159854011,31.262494201817056,2)
(121.43272991536905,31.267221179581846,36)
(121.42258964991092,31.23869055423067,28)
(121.44231261402226,31.274131746308445,5)
(121.39065925865624,31.231101267794045,40)
(121.39063855415455,31.230821664518913,36)
(121.36734186714676,31.30909363864042,30)
(121.395717625996,31.242166246263533,20)
(121.42041907702072,31.24606875572128,37)
(121.45600801785534,31.27579868026008,18)
(121.44250904877173,31.256959448708695,28)
(121.42885756560396,31.252217815704107,22)
(121.37761505426339,31.298575034020118,6)
(121.4630820847838,31.266840885956523,26)
(121.3814892450007,31.251338922908975,36)
(121.43934840900287,31.278123005184145,5)
(121.36127112392495,31.308575640156562,37)
(121.41748396666398,31.253295228840237,2)
(121.3793686267573,31.29317389081203,28)
(121.44095414429987,31.236667809476817,34)
(121.37546652146679,31.28077134357095,12)
(121.42041822137253,31.236251335925886,7)
(121.4376362424721,31.25268172611262,14)
(121.4136315116044,31.287814753248266,8)
(121.39214313625635,31.228319961226646,27)
(121.37782650010797,31.254430950618126,18)
(121.45462297127112,31.270390275323972,25)
(121.39059134440996,31.290170685563165,36)
(121.39156705860276,31.23163073502263,7)
(121.38141748357063,31.270853885255185,36)
(121.40257160480706,31.246101326771257,1)
(121.4248551612154,31.23277464547603,15)
(121.45121020168625,31.274770415160607,5)
(121.38970676780536,31.259637866769182,3)
(121.39957305281797,31.261167156166856,10)
(121.43617275701364,31.266171512942147,5)
(121.39010463141247,31.27278158164741,36)
(121.43624414334303,31.23746178552402,34)
(121.38206635328117,31.280192357931757,11)
(121.44814478493538,31.24777395169648,36)
(121.36909660770756,31.31430217571238,7)
(121.39380070256685,31.267716412304786,37)
(121.38763035140481,31.227745484461995,18)
(121.40746091060795,31.241744391047167,38)
(121.42247059007272,31.23597088325777,31)
(121.44591692534831,31.244769769937513,20)
(121.43503801532418,31.260673603569835,26)
(121.42941131564746,31.275615887020884,1)
(121.43521313383219,31.265058266193126,3)
(121.45255075957479,31.273939434301262,5)
(121.361295291371,31.25075549970646,25)
(121.37264519424566,31.256009305210515,17)
(121.41264025347122,31.22466029830788,1)
(121.3618431625994,31.28361732125238,3)
(121.42598364246346,31.2397108696883,7)
(121.41587219773518,31.296051045789888,36)
(121.3775743160681,31.271653786309315,9)
(121.42785021446028,31.251161684988332,55)
(121.4249317127832,31.254589970729864,39)
(121.42310617754903,31.28330289370409,12)
(121.42126484809876,31.239258175843048,11)
(121.4512511259405,31.252656995387508,26)
(121.41147547720496,31.27749482337696,36)
(121.43885310719911,31.25144449082375,2)
(121.39171959177052,31.236236054449556,36)
(121.37409636277303,31.30918755193193,18)
(121.44019609327054,31.25430051027854,24)
(121.37326478338429,31.26346932953515,7)
(121.45382968073021,31.25642189315442,28)
(121.44365260658128,31.265445284908683,2)
(121.43661594152015,31.276275185327403,20)
(121.44616057536342,31.241552918678554,21)
(121.417462447842,31.2627156139155,36)
(121.44065729561198,31.254643495994124,36)
(121.45319612874556,31.24412673010727,1)
(121.41881177369027,31.25289768118762,4)
(121.34575043800291,31.296930050020496,72)
(121.36413990447097,31.31091045058376,36)
(121.45332675244273,31.25488723070762,36)
(121.45110110146211,31.26967893879394,31)
(121.39793098372726,31.245057504796577,14)
(121.40310985257857,31.276035431730218,7)
(121.42878142649168,31.249595733746105,31)
(121.43690215153407,31.238017170166327,28)
(121.39733986580217,31.265142771904056,2)
(121.37769530945276,31.25426272703919,18)
(121.37530437528858,31.258741847130796,22)
(121.35483920539431,31.280374420269048,17)
(121.39885454614829,31.247032727031222,6)
(121.38610411166626,31.24190367969782,27)
(121.44741356568825,31.272098738001056,36)
(121.39467865389562,31.25998846672146,1)
(121.4383049382729,31.25039379700906,36)
(121.42341710664019,31.26272104280725,36)
(121.45022962062856,31.26288069004831,27)
(121.430458033278,31.245583253229135,6)
(121.42262465967089,31.252419535556527,26)
(121.4597269893293,31.24770657126476,3)
(121.3871997584957,31.28302724967787,4)
(121.39633463535475,31.23845886332714,2)
(121.39390321612753,31.295779972942963,36)
(121.45286141090473,31.247170634043133,36)
(121.38646608957792,31.272004075594005,35)
(121.39003269624556,31.27645069458954,19)
(121.38048206854465,31.233141336943667,4)
(121.40207045591309,31.280079795802884,4)
(121.45477336094598,31.256089833169888,36)
(121.44819697138672,31.261500832564124,12)
(121.44257810497562,31.259096267915872,1)
(121.4018364274777,31.25064769448579,20)
(121.37861594591587,31.293537177679244,37)
(121.44023049744033,31.237602747446605,2)
(121.44412967071669,31.246655779763294,266)
(121.44242234546512,31.258497252640787,36)
(121.42778156370241,31.238006497315467,36)
(121.41982414595272,31.241918840245678,36)
(121.4116044777093,31.246785604524284,29)
(121.40035847617905,31.24482550947557,36)
(121.43027432452016,31.24627275277222,5)
(121.39283904119364,31.236393864030155,1)
(121.4151995525739,31.2850779017085,13)
(121.42655137180863,31.27776286500469,24)
(121.42241645413311,31.24535915219337,36)
(121.39829008972487,31.239175910191527,31)
(121.40226913129035,31.24585589114885,1)
(121.4386073462124,31.235640356241348,1)
(121.3904069215852,31.252453009855945,97)
(121.45805235329013,31.247427116585495,9)
(121.41115181841481,31.279333082916423,2)
(121.4114214014873,31.24538201545188,32)
(121.4073237316251,31.23113698691447,37)
(121.34849045551783,31.281351569555085,14)
(121.42986584466216,31.280800970820014,1)
(121.45235843432019,31.270911023309633,36)
(121.41823912644755,31.252828945145552,28)
(121.38280093767979,31.280484272927065,6)
(121.39300347406909,31.268593530352213,278)
(121.40995611704044,31.238611209301062,13)
(121.45439982722873,31.250965347793656,26)
(121.43531344185523,31.281793146295897,11)
(121.42387016611252,31.245158012377807,17)
(121.42431738742032,31.240971792737486,36)
(121.4224471951265,31.26008695279013,8)
(121.43687449243866,31.252900848648103,21)
(121.43800432720305,31.274993586766726,10)
(121.3942426562222,31.247595008206524,36)
(121.42959024350107,31.258586867545013,8)
(121.40984807536663,31.25965971986354,36)
(121.39134883292985,31.231608967700634,8)
(121.46362396469875,31.2559017766699,15)
(121.39105564070374,31.268278766441483,3)
(121.37981107730623,31.254387131647057,13)
(121.43935010456403,31.254523350472137,21)
(121.4373021621064,31.246583505886964,4)
(121.40818140055444,31.227876456714597,6)
(121.4445969931791,31.245182890959278,33)
(121.40505908843919,31.247391249414818,12)
(121.39294326161536,31.259972136622846,33)
(121.4513963564128,31.278832194855333,3)
(121.36431022849774,31.309419573569368,36)
(121.39383888958966,31.23514309357922,37)
(121.39024483962808,31.26462986207301,29)
(121.41538054442586,31.244729604545995,37)
(121.4018464310379,31.232651331431075,36)
(121.44369629087048,31.251307081554597,5)
(121.42311931417653,31.262093990097778,14)
(121.37267623079583,31.25588329065955,35)
(121.42436846696778,31.256399758669904,36)
(121.45948450161228,31.263916101847528,3)
(121.41322770346329,31.232031550432186,3)
(121.45201022462044,31.247644631396238,1)
(121.4239650140398,31.255872669531243,21)
(121.4041372694997,31.262084574751345,4)
(121.44505953638308,31.250522492067294,32)
(121.43728300739299,31.260175614091132,16)
(121.37208665632535,31.248199140603802,16)
(121.42525445441306,31.263532965355342,10)
(121.4073877794076,31.266104476250817,1)
(121.42806816712836,31.25094502991141,36)
(121.41217331564265,31.258164482134244,13)
(121.4217382460876,31.24808682323033,4)
(121.40927834876187,31.25154906315021,37)
(121.42641762228783,31.233172523521187,15)
(121.43682637868035,31.23923682312338,21)
(121.46109666004598,31.251668252147056,3)
(121.46316899613414,31.260594108987668,1)
(121.37634650647821,31.289301869170323,18)
(121.42630327235769,31.239257390716016,30)
(121.44829701724322,31.25329396758581,36)
(121.36395786657057,31.28153075945259,3)
(121.44281926600736,31.24220251844712,23)
(121.41505555731193,31.238574954390636,4)
(121.40990976355428,31.23446733170986,12)
(121.41020063765842,31.245076082815125,25)
(121.40343815794847,31.29637862284802,29)
(121.38763681661348,31.301924135902937,36)
(121.4424209888774,31.28334116785526,1)
(121.42690655600525,31.249834589770085,36)
(121.43351031921074,31.23852867119184,25)
(121.41766743925038,31.25251008395294,36)
(121.42404925525287,31.259525191988715,36)
(121.425511233896,31.241004849976548,5)
(121.46306859741358,31.267286481279623,6)
(121.44254432801097,31.239748504363867,15)
(121.42697450335399,31.238602503988098,28)
(121.4014264267853,31.29382192409869,2)
(121.42967191557031,31.233030390863817,4)
(121.4390216551242,31.261023426747983,20)
(121.43784939176649,31.269878844331025,1)
(121.43045930822028,31.231746111279936,2)
(121.4456914393222,31.252573329894542,2)
(121.42846782783958,31.238536087855184,26)
(121.44891424220404,31.254872069740156,10)
(121.4085979672021,31.29959107926544,37)
(121.38530174934205,31.235602131925027,17)
(121.44216654636669,31.255315266821697,5)
(121.34876794945727,31.297019419405025,8)
(121.39003189501533,31.267262834276117,36)
(121.42895137791176,31.26279932215831,36)
(121.38464067376903,31.277167633862334,36)
(121.39721547271108,31.265940327904765,37)
(121.42708242841893,31.25102732809588,37)
(121.41004642436525,31.242518394407575,27)
(121.44821126721865,31.242262340039932,36)
(121.4327880418471,31.23518499635428,2)
(121.3864135591563,31.28946720812163,32)
(121.40499812187743,31.247835441319893,29)
(121.37185919692888,31.24895706482089,6)
(121.43063609437499,31.276941478354203,1)
(121.42977497875826,31.281057168951794,27)
(121.38501143502079,31.23545480677757,23)
(121.44871315633,31.241979305001486,28)
(121.38836405329658,31.282433844774488,12)
(121.37402016184821,31.255892656441592,1)
(121.43122219055303,31.28154984908446,14)
(121.36954832216807,31.313976683970033,36)
(121.43609789311253,31.28471319976215,11)
(121.35337378055434,31.310157664599277,36)
(121.39852253891749,31.294358537311563,1)
(121.40507310665943,31.261752629913,32)
(121.43696396339247,31.248729505160885,34)
(121.40692690566551,31.233033858475874,7)
(121.38325954120079,31.246984373636757,6)
(121.41427255262307,31.234750482304303,1)
(121.43760000954956,31.254718116483954,5)
(121.43655917668468,31.28097786539734,36)
(121.38597757988022,31.28320229866983,36)
(121.44870749864188,31.24741054838952,35)
(121.39871293618668,31.298010047873028,33)
(121.4163698542572,31.23768604328199,4)
(121.40478518594337,31.26026386308145,7)
(121.37549997668427,31.250927670997726,36)
(121.45555121153846,31.276436897212673,23)
(121.42126485237075,31.23930719799966,3)
(121.40634431554439,31.275600562956004,29)
(121.46328089088307,31.254430440520263,5)
(121.382211443423,31.27111579547035,11)
(121.44361524188587,31.28338383819163,9)
(121.39516365310124,31.257559775117567,11)
(121.36387206800268,31.30925112373627,31)
(121.3979306700324,31.241458891861527,1)
(121.44640802761704,31.244834156133326,36)
(121.40784785258948,31.244269928968844,24)
(121.35520687382214,31.27947868208324,3)
(121.44342332897118,31.257177091688682,15)
(121.40873410475366,31.225063117354292,36)
(121.43115244249532,31.26047805126367,3)
(121.40934002831955,31.2594334982839,10)
(121.37238346363806,31.22915891801857,35)
(121.37654477472037,31.28921106772111,32)
(121.39493156564323,31.246639855804506,18)
(121.39377214705924,31.270106772945418,282)
(121.38889346583392,31.291388921420996,37)
(121.40158516859505,31.23389337647951,4)
(121.40184042841584,31.250922494750093,3)
(121.43978151793017,31.240053077957057,20)
(121.43474855793018,31.279566614848974,36)
(121.41866492427849,31.230620741470084,15)
(121.42876493519529,31.2506193725376,6)
(121.34634409542302,31.27826441291814,4)
(121.41127627272131,31.24350020177649,10)
(121.40519003208698,31.258086957067228,32)
(121.4225776125817,31.235782623417876,30)
(121.45407447277874,31.272330205898122,22)
(121.41982144721774,31.27156398256063,3)
(121.42406217844842,31.235853671388597,36)
(121.43690634025054,31.286140852323722,13)
(121.45295476082475,31.25631659379727,36)
(121.41495563977796,31.27010946618572,7)
(121.40779867090185,31.296534020056164,36)
(121.44025333229663,31.23594752575745,1)
(121.42360087804654,31.250091511611142,27)
(121.39224309434336,31.238499678933152,1)
(121.43332961678655,31.23900309928007,32)
(121.38814781133783,31.29647640552166,36)
(121.45404282401441,31.25247773722579,9)
(121.40227182269774,31.226410312856522,30)
(121.41489674542514,31.23207295823069,51)
(121.39453363598695,31.27626589748583,28)
