(121.43595204835735,31.256401289108055,2)
(121.45412732754201,31.26062511538803,5)
(121.43228322049382,31.240763101373123,14)
(121.38115037812031,31.254063461680612,36)
(121.38202517553832,31.23247158067057,43)
(121.4345660728244,31.26473693444031,14)
(121.41090239197652,31.243881439597754,36)
(121.41261119382749,31.246808388242055,26)
(121.41733359659432,31.263584046064384,1)
(121.42363698094897,31.252075252859377,4)
(121.41913152834299,31.252469322343313,13)
(121.3931591630164,31.231948245174152,2)
(121.42290650088923,31.262119153368666,36)
(121.44141867567834,31.240963049943385,31)
(121.4347937528809,31.253472775352684,36)
(121.41624396756929,31.272628355075422,2)
(121.42926910271221,31.252522543029134,43)
(121.38876256470324,31.252904705975702,37)
(121.44368231072075,31.2830386885934,1)
(121.38455491683432,31.25802943487516,36)
(121.40890284227434,31.233738104006335,32)
(121.45079390769715,31.26934037735596,14)
(121.38054236204071,31.243294084604493,20)
(121.4083943249674,31.22721113705975,16)
(121.4213111928183,31.243622110019462,17)
(121.37891868592709,31.263016896599922,11)
(121.4358276723657,31.23610870990483,36)
(121.45798634413528,31.268396364924936,2)
(121.38528885658799,31.259980938431326,11)
(121.42620674196772,31.26641539793603,36)
(121.39077834654798,31.254069660854075,33)
(121.36071019331028,31.28548427623774,10)
(121.42150837523852,31.236013547604184,11)
(121.42892637716072,31.274152360242425,3)
(121.4574824767074,31.254988676547786,5)
(121.37235456419731,31.31319969439314,30)
(121.42570193559548,31.239783140067527,25)
(121.43459495247755,31.25237754027075,18)
(121.44486951622156,31.25741582925033,10)
(121.3852251469666,31.23128163098926,1)
(121.41009655787578,31.26017590144275,116)
(121.44981815550722,31.258448546519645,7)
(121.4593487634938,31.269335623955826,8)
(121.43986098928113,31.281481828453796,2)
(121.35289793649807,31.28864641943174,48)
(121.45535983530863,31.255140212094528,5)
(121.43351899662443,31.23496804281892,3)
(121.42514155603565,31.25474402166981,1)
(121.39720050450403,31.266387512063446,36)
(121.45477679353962,31.256426550290097,30)
(121.4034035007959,31.254548202004507,13)
(121.40014412225794,31.287118381156876,19)
(121.38012702840321,31.283760888582083,3)
(121.37587901307218,31.24652458092391,10)
(121.41204442862876,31.28766877486129,2)
(121.4555730148619,31.25240294795996,9)
(121.41792222028256,31.251715612085853,28)
(121.39065092507806,31.273345829270834,36)
(121.46382897333152,31.261569255662334,36)
(121.45641092115913,31.2748154250567,34)
(121.44779268820888,31.24828777977695,7)
(121.39368765212647,31.245318638000857,2)
(121.42960683706642,31.24685005056573,1)
(121.4390812191482,31.245708624179347,25)
(121.40386971377234,31.2940790182128,12)
(121.42700460998746,31.24019819818938,20)
(121.45156118379613,31.244544060991384,89)
(121.41420468471296,31.235956053377226,44)
(121.34326769515111,31.29011835092559,25)
(121.38708356578427,31.25912009411336,26)
(121.39547735908137,31.297988666161366,36)
(121.36224293368461,31.249287350574185,12)
(121.41709918537525,31.234453256662515,16)
(121.38535625070581,31.252218615425033,7)
(121.44997932497809,31.264530865866963,1)
(121.44260934649087,31.259400479835016,23)
(121.39385924111482,31.27461608147151,1)
(121.39563198606055,31.223878835134762,9)
(121.3797952161023,31.244706835082997,3)
(121.40110687458167,31.253395220920225,39)
(121.43687205109035,31.25926562700136,1)
(121.44902793208773,31.27029607443008,31)
(121.35025137306664,31.279386054778875,10)
(121.40726586315955,31.232478368522205,1)
(121.40114286304068,31.23648878265863,71)
(121.4211053560085,31.243675264520043,12)
(121.4449768151412,31.2633101956742,20)
(121.4276230200367,31.241209091105553,1)
(121.37632557136061,31.24957321074518,34)
(121.37900095822111,31.28714054548007,709)
(121.40355996047818,31.28691550072339,64)
(121.38221221368768,31.279956476699272,7)
(121.41564826873459,31.23836964181088,36)
(121.45946151217214,31.257154312753336,1)
(121.36753929294294,31.237017843048925,1)
(121.40447530998989,31.296428782024734,4)
(121.36537618748787,31.277151170266293,395)
(121.36505044324254,31.277135606735033,57)
(121.40822368652992,31.25412927570467,3)
(121.38579330871049,31.290678270900628,24)
(121.43354350477951,31.252672941500165,25)
(121.4259986629907,31.240123042988653,32)
(121.39472178176925,31.296429669877913,32)
(121.42186700705956,31.23506487998521,36)
(121.4391053933097,31.271132615256114,2)
(121.3996030180396,31.24917392799192,55)
(121.42301533358025,31.24380070191295,25)
(121.42838340198516,31.23253143349202,23)
(121.36400508656224,31.308311441050037,36)
(121.36763013962523,31.314170041799777,36)
(121.42941339711155,31.246423700606062,19)
(121.37628238112974,31.254371124035764,20)
(121.4232342210424,31.26217994389413,12)
(121.37486779761426,31.310070662797983,36)
(121.4128544264353,31.238894776481935,3)
(121.43381974622154,31.27144268477969,7)
(121.45249767592144,31.254441676101827,4)
(121.421598484735,31.246175402600862,13)
(121.42218753110937,31.25983969921973,1)
(121.39143766501125,31.286306693419537,35)
(121.33412783841752,31.302224022404967,36)
(121.41055945023523,31.24371942312173,13)
(121.41167594804855,31.27627619848934,5)
(121.43455753375358,31.27093792534058,1)
(121.39562034794656,31.274017015045093,12)
(121.4517207395263,31.24584139023176,1)
(121.44301357996896,31.27401392921977,1)
(121.45829575586532,31.247810759618986,1)
(121.36745520814017,31.237690026529773,4)
(121.36486640546218,31.31286123037996,36)
(121.40979533306628,31.22931298102302,2)
(121.44156578832272,31.26830878545421,5)
(121.38315516991646,31.28395333217037,36)
(121.4283028237682,31.250664078318422,25)
(121.38336954017291,31.280040638080045,10)
(121.36925076591967,31.287853730207196,32)
(121.37525094359691,31.254654003085726,19)
(121.3637134255004,31.281549391899855,36)
(121.42416911748089,31.250028929515537,3)
(121.45211177735698,31.279957452022607,36)
(121.45028094034288,31.268484805501814,26)
(121.37711424123852,31.226811808111055,1)
(121.40389022052737,31.227509099950073,8)
(121.38551561478603,31.231526456803426,36)
(121.41002542347772,31.242261846297815,4)
(121.36455786989087,31.234472270253175,36)
(121.38264126618073,31.297836095440193,36)
(121.46137793585395,31.261516501191903,29)
(121.40861683823957,31.22579584480274,2)
(121.43950934501696,31.277964135918737,2)
(121.45313817786119,31.266121455917787,15)
(121.42471110691548,31.242031961036087,15)
(121.41802621188836,31.25233083188613,30)
(121.45623605034187,31.27124129448458,36)
(121.43726042910617,31.24781208475364,21)
(121.44754129598894,31.272109516444317,2)
(121.437853482359,31.259524412230803,16)
(121.45968959621739,31.253559237397024,6)
(121.38768573901315,31.2545986130507,36)
(121.36711423305123,31.30904151038992,22)
(121.39292819945365,31.306115154647564,33)
(121.38568099456697,31.235953364526676,13)
(121.4095905116447,31.29724829025587,55)
(121.35301441233786,31.295081517918348,19)
(121.39128459116814,31.268756807946975,3)
(121.44517258521195,31.242197594544123,8)
(121.37266289478364,31.286797271142635,37)
(121.42374311301788,31.250589040168702,19)
(121.45169269488211,31.279083727652775,1)
(121.44225575334514,31.285309433658643,36)
(121.41793414082798,31.250886240877357,13)
(121.40888273735787,31.26689874203409,27)
(121.42279351378036,31.284060425922117,19)
(121.39501556513845,31.246065643079465,34)
(121.43662538681565,31.253730730375192,6)
(121.37249995689423,31.255840042127407,6)
(121.3681039609868,31.314401808434987,23)
(121.43905733702515,31.245172212365564,36)
(121.37541640338803,31.27175592781619,19)
(121.38477060734999,31.23226051408613,14)
(121.4041981107797,31.26017375896942,10)
(121.35233624883395,31.29707336209922,36)
(121.38472476567034,31.2771997233764,33)
(121.44515106418928,31.24278803790544,37)
(121.40175390911521,31.230082117701304,32)
(121.44719215102613,31.2619668203396,27)
(121.39206927751646,31.253531267236575,6)
(121.42300540940256,31.262050053052544,14)
(121.40506034353417,31.26177854135528,11)
(121.3869408469198,31.28688160492688,11)
(121.37988343567709,31.29195093314464,22)
(121.43902094185353,31.252823859374764,37)
(121.41577694257639,31.239112498218873,1)
(121.40908798842662,31.244135792204258,47)
(121.4361887752779,31.266667703373265,36)
(121.44173242227805,31.256142298766015,44)
(121.38499920065172,31.267393855565295,36)
(121.38912181400961,31.252172653214167,36)
(121.4245818114646,31.24869503691253,6)
(121.4305166549736,31.24823233191277,1)
(121.39579207651964,31.22389992195562,39)
(121.40988738505517,31.259649728057575,19)
(121.41759549403565,31.247187163893706,11)
(121.423521774805,31.237061626784357,2)
(121.40231022190227,31.230892390327888,36)
(121.39628822484555,31.239941917164792,27)
(121.4104298188033,31.267870824655628,36)
(121.45664330638459,31.251141411964934,4)
(121.40584361775032,31.22993640540295,15)
(121.38367050508243,31.229506862575413,48)
(121.36519569196392,31.277032782549007,27)
(121.38219520838726,31.236646600549754,28)
(121.37923600782194,31.262433335390515,37)
(121.4269205280834,31.238219378712245,36)
(121.39286914036659,31.29776034377379,36)
(121.37796939255982,31.256320879950074,39)
(121.38826291143465,31.296429476364764,28)
(121.44113041710153,31.254942692628788,9)
(121.38836656023405,31.240415931535097,4)
(121.40639373679127,31.242581177799455,17)
(121.41054750384251,31.290126146334195,1)
(121.43149546852331,31.265922013226557,3)
(121.4105331443218,31.259449962842147,108)
(121.4258858379697,31.256735571366903,4)
(121.44378289149714,31.2830914474721,9)
(121.4257019565111,31.240023248450413,36)
(121.41630491724736,31.272405236356533,2)
(121.37706922308715,31.272012707794346,2)
(121.45188128524954,31.256400734537788,25)
(121.38885516264403,31.25718708596233,36)
(121.40623340057326,31.238762451804998,1)
(121.37445562346055,31.25274318382731,36)
(121.36814140712129,31.23697499547807,9)
(121.40908398744325,31.244151291344362,24)
(121.41882489922523,31.254108008068116,4)
(121.3930474874258,31.24039859549441,3)
(121.41630005410092,31.239569924914083,1)
(121.35914250435482,31.27756148526249,36)
(121.44504765122743,31.279508350502287,7)
(121.384040054378,31.300426444667988,36)
(121.39162368631095,31.227541271717467,34)
(121.40370999996921,31.224358655366544,4)
(121.38243841585131,31.244777592643274,14)
(121.39076202600121,31.2390489658284,11)
(121.44127591371533,31.26367425176739,1)
(121.41700138174039,31.236091046800684,6)
(121.43346727345705,31.237826772587038,6)
(121.39911315207817,31.229865045132797,5)
(121.40992809525154,31.237326379697578,2)
(121.410147849362,31.24245281562966,26)
(121.37221054004317,31.313197474239463,27)
(121.45929086736238,31.2588707838119,9)
(121.38803850406573,31.27114198986915,21)
(121.43946734446557,31.254763069919203,10)
(121.37342389906637,31.250520903094877,36)
(121.45438569627834,31.247671373599864,5)
(121.4592808329153,31.256583717571818,8)
(121.39832047423664,31.248738290359174,36)
(121.40078717501885,31.285488513141697,11)
(121.42126445301707,31.2347241168933,13)
(121.42053612496576,31.27051428793607,6)
(121.44851356116524,31.253710903780135,32)
(121.42376690548862,31.25255636725384,35)
(121.37797169900642,31.265994107549048,32)
(121.38025826808303,31.296123989992402,4)
(121.40403826385996,31.26217360029626,19)
(121.3722213418522,31.313198575746792,35)
(121.42493860706492,31.261185267408063,4)
(121.44866727109762,31.24215146579684,8)
(121.42136513587852,31.24344999834275,36)
(121.4363853015843,31.253294667417187,36)
(121.41230056710087,31.272923748205983,3)
(121.41007623163061,31.255533575416703,2)
(121.41197649092226,31.22514067707547,17)
(121.39465234791165,31.259938761780504,8)
(121.33536568230649,31.290979952485216,6)
(121.41825321520935,31.231016133567827,29)
(121.39069046548306,31.231233673294742,13)
(121.36896892180118,31.28785339346247,5)
(121.41233779045058,31.259512739216344,13)
(121.43683263081152,31.234961805023154,5)
(121.38540017540812,31.227833654080108,24)
(121.39061870634033,31.259650980311317,9)
(121.4335431893336,31.249049343611116,34)
(121.41961776971924,31.23605471167125,13)
(121.39635806962873,31.2724680086416,5)
(121.41281061654377,31.229444471500127,36)
(121.39639024491512,31.274151668202133,22)
(121.41587298974419,31.29407604092651,5)
(121.40469774647254,31.24386164129949,7)
(121.45036695752472,31.269321818204112,16)
(121.41644250949616,31.283373651309677,41)
(121.38521158970585,31.25783293989117,18)
(121.3893366841006,31.282800750919634,72)
(121.37261783525122,31.286906256586512,36)
(121.39629222528647,31.24462260874782,35)
(121.39019989925892,31.254252342366534,37)
(121.36419091132981,31.31166025473486,36)
(121.36577424260912,31.284771701007575,4)
(121.42190396140182,31.26260873480366,36)
(121.42406422537154,31.259341100907825,17)
(121.42569398951312,31.241230761066035,11)
(121.38600680583298,31.26249264569299,21)
(121.45295122784538,31.246948148786775,23)
(121.39643847835224,31.224550525184853,2)
(121.44431328143301,31.253549061134823,28)
(121.38615347453748,31.279974125319967,32)
(121.41442650753372,31.234417124223977,21)
(121.4361410539685,31.246066789785736,3)
(121.425152643355,31.241625423705614,30)
(121.43140992796162,31.24696785030613,23)
(121.39340638069818,31.266987879626818,17)
(121.40904187707709,31.245059780859204,26)
(121.36136739353758,31.285022138793792,36)
(121.38553826406374,31.241259029099012,49)
(121.37400955994124,31.25619315427798,36)
(121.36737939194441,31.252844677483207,1)
(121.34984888571141,31.281119954365604,15)
(121.4276068239158,31.23875299738388,10)
(121.38068410140802,31.276674560766374,36)
(121.38807691276357,31.275431815774823,13)
(121.42305835941927,31.26200399526627,36)
(121.41656258407818,31.258653262082355,36)
(121.38240715617735,31.24220540977794,1)
(121.40227469793872,31.259387101078026,37)
(121.4291170690777,31.250051605327755,5)
(121.43828816807162,31.241230734356535,16)
(121.43502017093728,31.23920513857065,13)
(121.43721559367187,31.23739046624872,57)
(121.44125525611786,31.267172776267437,3)
(121.44915560512224,31.24676563760779,22)
(121.41860614498393,31.253749062969977,11)
(121.36403155006663,31.241704743635612,36)
(121.42021324306295,31.25457159752295,6)
(121.38928323002835,31.266840114909467,4)
(121.43139136772683,31.27806665080183,11)
(121.42024747453736,31.237738112818604,59)
(121.45948159832393,31.255288417480916,15)
(121.41410973994982,31.29343563290632,36)
(121.38060101574179,31.288354252017477,36)
(121.39557515463542,31.299700156638483,3)
(121.40725383729938,31.29849320336233,36)
(121.42313343543515,31.2407015572657,37)
(121.348431944721,31.282125811190472,16)
(121.40880123927516,31.24095166988751,4)
(121.46143583639146,31.270084525627,1)
(121.45186714725872,31.265937872935563,34)
(121.40210659460611,31.270112648716957,10)
(121.37887292370542,31.26643530637726,7)
(121.43173246816713,31.280972052976853,15)
(121.42513525294207,31.239648648759825,31)
(121.42859611918945,31.2744157236138,29)
(121.43240374971805,31.27050234144563,3)
(121.40005968197117,31.232002330899682,4)
(121.41084174186558,31.225952122340406,12)
(121.41732270664265,31.2303882918415,3)
(121.44484550466514,31.2452435055796,7)
(121.38931096405081,31.2370480091134,30)
(121.4031352801495,31.24109418659986,8)
(121.37137921740823,31.250003596510798,26)
(121.45236753924786,31.249356693217564,8)
(121.42432125604199,31.26298283623772,36)
(121.36962751359957,31.26862666746153,36)
(121.39819916795986,31.24486868115024,36)
(121.45610203341637,31.254164757178287,19)
(121.365257299578,31.249840146122004,33)
(121.38757098786294,31.257675654110773,36)
(121.41128735810624,31.2445096514551,36)
(121.40505660118403,31.29910695013564,36)
(121.37224384562258,31.313197778895095,15)
(121.42749299090421,31.23922031355042,2)
(121.3670765274203,31.309037405715937,5)
(121.37737828905223,31.293461741967576,32)
(121.44737402925064,31.25398260753686,36)
(121.39724552692068,31.26639653477537,67)
(121.41094837481624,31.24380139584782,36)
(121.37614218385181,31.23132162122697,35)
(121.40592998645933,31.245594508311154,34)
(121.42845267426665,31.2365732119227,5)
(121.44298165559553,31.262706187197473,19)
(121.39714647824087,31.266385488446144,17)
(121.39340413118425,31.241183583735467,33)
(121.36407829633012,31.30953184665548,36)
(121.38674031718375,31.27154411160662,11)
(121.37997775375422,31.240822498436707,14)
(121.40403697483916,31.247397141079148,31)
(121.43526791946563,31.27501540039797,18)
(121.36270601695486,31.28593644560785,37)
(121.45151117448688,31.245860050428075,1)
(121.3895111009062,31.25164770802028,36)
(121.39016031236763,31.25936653977687,18)
(121.4637798899741,31.259948889237265,1)
(121.38059489557173,31.233209344566646,46)
(121.4573422576721,31.26788691677832,5)
(121.3819370559581,31.281841976495876,19)
(121.43786298995371,31.254054017784256,25)
(121.35611592200165,31.30169035803643,36)
(121.39562616634026,31.29980866626765,36)
(121.39110538389703,31.240083663679467,28)
(121.45516098761564,31.251240911232905,28)
(121.41262508146012,31.23410365660269,16)
(121.38929730721087,31.25610550412204,37)
(121.38855153328602,31.27765110395228,1)
(121.37637388284205,31.237188843356368,37)
(121.38076236357549,31.29007611327812,31)
(121.43651510249242,31.253355523734967,6)
(121.41012014245686,31.255391984829206,36)
(121.4036899933531,31.25780158644181,8)
(121.40813155349313,31.24815578625972,7)
(121.3991387675328,31.271228297095114,3)
(121.41088734790046,31.243338198845912,14)
(121.41173530417717,31.256648918931255,23)
(121.4037744935357,31.238162211134682,1)
(121.41447181984171,31.275524954037888,1)
(121.43514997382867,31.23918396628398,5)
(121.4464010261674,31.244851054875603,36)
(121.45773832198567,31.252285004211547,7)
(121.42762181386767,31.238829017942464,37)
(121.4407230102185,31.25497880764101,10)
(121.36580534891671,31.237587561200012,4)
(121.4374447035115,31.25438873503359,36)
(121.39642355259974,31.27422217453276,2)
(121.44630980643089,31.24165814469135,24)
(121.43879327643558,31.238950873611905,15)
(121.41008657966577,31.24417569606185,13)
(121.42643409456926,31.238788064948107,8)
(121.38570422516563,31.29377632276372,19)
(121.37178568458681,31.249577453358103,8)
(121.39672488974135,31.233719352535694,1)
(121.44001345843864,31.28203372302111,1)
(121.4473976860481,31.261607303269113,12)
(121.43992678802726,31.246069564792545,2)
(121.43672330927738,31.25385124910137,37)
(121.3550840191997,31.28403834015954,36)
(121.4352146144498,31.282056378854435,3)
(121.4148234793823,31.247989255806864,16)
(121.42541230845212,31.240727806943365,36)
(121.43860327103567,31.247893840201062,2)
(121.4543855399605,31.258769789296412,36)
(121.4262928359414,31.24599917543541,36)
(121.36856356823627,31.25136631960834,36)
(121.45805238043069,31.264843026680825,136)
(121.4059041300408,31.224309802540947,20)
(121.38578481567355,31.23862967731527,3)
(121.39043438116254,31.246123916582142,8)
(121.38917372563878,31.296562061228638,36)
(121.3942131517233,31.235425427763186,11)
(121.3640060865386,31.3089014398241,59)
(121.38123541069837,31.284020154183885,18)
(121.41174970214227,31.249792908252324,34)
(121.42637223233335,31.239624496880538,36)
(121.43508107575826,31.239163043280726,36)
(121.41713367829627,31.251786012583874,4)
(121.38632612329779,31.270339807389107,28)
(121.44469340912754,31.26364581122069,8)
(121.4359593992085,31.25826238879996,8)
(121.39777296320068,31.303502376932098,36)
(121.36473758735433,31.31271771564544,36)
(121.4379472857624,31.24095700855442,27)
(121.40908288717252,31.244140691136508,20)
(121.39271510937903,31.26885007542513,36)
(121.41222331037461,31.25826951625665,17)
(121.42720695631655,31.263882433502914,3)
(121.4331702865265,31.25558265534041,4)
(121.4468804246172,31.241761044247504,17)
(121.41065730387518,31.23080254535318,36)
(121.4120922310591,31.24546891387074,34)
(121.41846795454613,31.25247767508098,7)
(121.45144637513879,31.245870932593625,4)
(121.42347486868762,31.25104571482898,34)
(121.42617628356172,31.26080101807787,33)
(121.41757445615337,31.229157607655125,36)
(121.44293379905726,31.278659970812285,33)
(121.41113158168271,31.246650635199657,2)
(121.4101028787775,31.259099263212978,7)
(121.41202549026708,31.259685173965032,5)
(121.39184324031777,31.237081306905765,33)
(121.38401664660869,31.27028810731216,1)
(121.45394305428982,31.252355885021593,36)
(121.41856791962901,31.252794763063072,13)
(121.37494552894123,31.254951758311798,7)
(121.39110605073535,31.27635355902101,5)
(121.3535179121538,31.296684703560963,28)
(121.43636925324195,31.24097421020051,23)
(121.425619571465,31.242224343879705,36)
(121.43227126629034,31.252573371361557,1)
(121.39540570762537,31.256589473833078,12)
(121.44205898960453,31.258107649655077,4)
(121.45046400435251,31.26186281145637,69)
(121.44488453294817,31.257952037200862,20)
(121.39605120393607,31.223745972612953,1)
(121.44107620106558,31.23985106776082,36)
(121.37936862674364,31.293238190672014,36)
(121.40766090652312,31.24477115894488,36)
(121.40192018408092,31.30028686955791,28)
(121.45686600426413,31.254476767027032,37)
(121.4277259033551,31.229057631895223,29)
(121.3690759177791,31.249139461731293,5)
(121.45109947762025,31.265778714066744,12)
(121.40066927156634,31.23860001473156,4)
(121.38360726123169,31.2833295100151,24)
(121.43678728088086,31.237399042550265,3)
(121.40993759754977,31.242662771500594,55)
(121.43734475022526,31.25306328933812,36)
(121.4068157533889,31.226577286885853,30)
(121.38682753143621,31.252784832016925,21)
(121.43663139326307,31.281010979322502,24)
(121.44603874999132,31.241595497173876,20)
(121.3964596582169,31.30201402324726,25)
(121.42701573398993,31.25245444295937,20)
(121.40479711954247,31.225080079543677,10)
(121.39123951935348,31.286367588124183,11)
(121.35489431389172,31.30345472680394,20)
(121.44387444241531,31.279981022309887,2)
(121.42569541212916,31.247842180234144,8)
(121.39669574240017,31.26050577400576,37)
(121.42274386684436,31.241793326567812,9)
(121.43022136038692,31.24592365232953,4)
(121.36445960574527,31.245006875548253,13)
(121.36493231476503,31.31288103806157,36)
(121.46408669602438,31.25521089001938,17)
(121.40221964058964,31.2469483099827,1)
(121.42612459500522,31.246239740378865,2)
(121.45879250514922,31.25727114787131,52)
(121.36819510553018,31.314300900663337,36)
(121.38797307462225,31.25015104133119,9)
(121.413431349543,31.240255234517328,8)
(121.3829856445691,31.23676020135093,9)
(121.37046246895095,31.247097678149753,37)
(121.44382556270563,31.245823441101763,18)
(121.38277076447112,31.290375260212443,16)
(121.39551883622603,31.245853799885566,36)
(121.39043506906016,31.25401840352175,14)
(121.39958914050717,31.262105565209314,31)
(121.45042118989537,31.27438020086957,1)
(121.38844929827704,31.253034524554998,13)
(121.44776974306413,31.24835585086051,36)
(121.44184673557544,31.262158728049055,35)
(121.37768780969363,31.300073811434874,36)
(121.41127646875768,31.245748206476442,36)
(121.43790892427512,31.254169005013512,20)
(121.44226425433125,31.24256846873238,6)
(121.44061165815909,31.24699996853361,14)
(121.44982562202384,31.246866337980112,36)
(121.38591754069233,31.253992369513625,21)
(121.45399009132653,31.265596526108627,4)
(121.36993789297563,31.232575201488448,17)
(121.35269060474087,31.278210798046242,1)
(121.40173680505939,31.229680615022303,10)
(121.38708199002444,31.241029104087442,3)
(121.34174963544798,31.28604506038197,36)
(121.38934491297873,31.274074209421677,24)
(121.45342596529136,31.2485532438566,6)
(121.39283120737015,31.235033462341505,37)
(121.45472406014284,31.25279641675444,10)
(121.40291601069713,31.261416100515774,36)
(121.36509651358504,31.27700362134927,31)
(121.35944390115645,31.29694107978736,36)
(121.39540958059457,31.300966798145556,25)
(121.41647321540053,31.288252687935667,2)
(121.37946414373395,31.299201192882055,36)
(121.41479132888874,31.234641259373507,14)
(121.42303538470885,31.26206503801415,14)
(121.38071278408002,31.299155494336407,25)
(121.42406343941721,31.250325159959402,27)
(121.41498774973532,31.228982007175834,1)
(121.39471855543765,31.259458369986845,3)
(121.45269621267121,31.265990274495735,4)
(121.39052159347553,31.28219640533427,29)
(121.44838584821268,31.241773805749034,7)
(121.45314149428084,31.274440259637256,32)
(121.43384736250381,31.238046847390244,15)
(121.39825157507941,31.30382177047115,36)
(121.42301540309604,31.262077057508517,32)
(121.42629983907202,31.25876505269308,7)
(121.42718315515138,31.271591727032188,1)
(121.37134259593715,31.313378553638042,36)
(121.39164711085449,31.278143486525572,36)
(121.42263181292978,31.23893691691349,2)
(121.45558798279733,31.26334729273342,1)
(121.43699787573455,31.27318196539463,23)
(121.4075309313996,31.244987258677195,36)
(121.41289224872519,31.23228253841595,4)
(121.41047292942687,31.28787219323633,9)
(121.40271848582081,31.274191183957257,3)
(121.37936832753977,31.28902779977111,21)
(121.413169586756,31.25339515256419,33)
(121.41851557863575,31.27142379999599,5)
(121.37261115288514,31.256133314931215,5)
(121.38876564337313,31.25715726982154,35)
(121.38281646532717,31.28634167902453,19)
(121.44633211184991,31.24483204282914,16)
(121.42342863787056,31.273319831011346,34)
(121.39442918114777,31.268658154454446,18)
(121.40812695208236,31.262542457075796,20)
(121.42406615247884,31.281434416174843,3)
(121.406153956781,31.29099474865854,3)
(121.42234128675634,31.25418510556756,36)
(121.39565910582755,31.270992765229913,11)
(121.45990378090765,31.273769422787357,36)
(121.42323424616849,31.262468067715986,36)
(121.40904129758758,31.290813620116726,21)
(121.44065859063456,31.25866802288834,8)
(121.37360831694043,31.26366885400556,24)
(121.39234528399969,31.27427431811671,36)
(121.38034431921307,31.266125805385187,49)
(121.4101012096504,31.23996280099232,21)
(121.45985573644096,31.2487347414107,36)
(121.37695468646473,31.245925313882964,36)
(121.42808907363008,31.26255011209321,36)
(121.42302040870885,31.26219110296148,13)
(121.38402048757986,31.259706669326793,16)
(121.39068057529745,31.269062047038457,4)
(121.41635913278597,31.229349234891597,18)
(121.33362265798807,31.301850913172792,33)
(121.44057664543232,31.28056439710865,16)
(121.42776777305805,31.25169762711291,28)
(121.39238755333946,31.23109639178378,16)
(121.37780436148446,31.258393849974063,15)
(121.40914580245466,31.258947775365193,36)
(121.40458548873124,31.25491774377783,25)
(121.3469625216613,31.286661037651545,7)
(121.43668978714915,31.25290909736218,21)
(121.42238460276675,31.279194433299818,12)
(121.38839270720767,31.30421561589804,36)
(121.39286124788879,31.235260583763733,9)
(121.44686062053445,31.241776040770702,5)
(121.3649749907433,31.284996720414238,4)
(121.42279119795137,31.257514244450274,19)
(121.37888917024374,31.280527220107853,34)
(121.43091415139494,31.25951739069972,1)
(121.44780763473747,31.248039643028573,1)
(121.39420052105396,31.274186356418625,13)
(121.46007788016061,31.257213969771534,7)
(121.34070397682865,31.30551078238667,36)
(121.43279417622583,31.259766910020463,25)
(121.4341465129335,31.262726585663362,4)
(121.36861298008822,31.235086259676166,36)
(121.44123772638747,31.267208980428187,10)
(121.39119079157041,31.255495560250857,36)
(121.3892169014255,31.298142872089525,13)
(121.42676085189913,31.23997131289156,23)
(121.37960470381567,31.240492170432386,7)
(121.37439862894011,31.250353122969432,39)
(121.45238303295311,31.255455344050343,33)
(121.4232191880617,31.27310559269741,3)
(121.4063028081209,31.24341855059211,9)
(121.4465617651404,31.253882410607947,21)
(121.41017495592111,31.2669810733684,3)
(121.4216184925537,31.282676735801573,31)
(121.40839192359866,31.234076294861776,3)
(121.3775954688922,31.246133023664033,4)
(121.43599932158358,31.281013949734383,24)
(121.42272789006458,31.230435170166373,3)
(121.42311931452551,31.26209799181843,18)
(121.40384500914254,31.26608837053934,16)
(121.36130552830888,31.308574843783504,36)
(121.44692463549761,31.248771739148488,72)
(121.43107609040536,31.26252331754009,29)
(121.45563475396033,31.27355952342771,36)
(121.41103122617349,31.230842500687316,4)
(121.39818886565435,31.243730781356344,17)
(121.42320219693498,31.250121711192342,2)
(121.44387127033434,31.24348532161719,36)
(121.3731927560827,31.229831277484877,11)
(121.36581474475787,31.27659152467427,36)
(121.43249896788366,31.241242072121448,17)
(121.44168022592633,31.277969641792982,15)
(121.4351239321173,31.284128339805086,2)
(121.39306779305447,31.231795616152105,36)
(121.40922480478413,31.245231267450468,9)
(121.38381970390923,31.285419341665754,37)
(121.4038262604453,31.28539628236464,28)
(121.4487977833756,31.2513103047373,4)
(121.45183632047711,31.26710743061716,31)
(121.44382779254687,31.28306362465907,9)
(121.41622456370753,31.233509201027466,8)
(121.44245599648802,31.28332377431367,8)
(121.43514766793872,31.253612074273665,72)
(121.39175784407632,31.27413689185843,16)
(121.43973924116197,31.28193952301563,1)
(121.41577121287204,31.272775605891997,6)
(121.4256388801673,31.279278076664976,25)
(121.4390806708322,31.23940179309208,10)
(121.43723315183948,31.2757014372336,15)
(121.42952829879592,31.24689179332837,1)
(121.37082052104478,31.269576704162713,37)
(121.39915491226427,31.272815969355577,12)
(121.4121126347181,31.25950319219725,36)
(121.38374356945654,31.229627974875957,65)
(121.39996549736674,31.26204747299536,5)
(121.41801038250243,31.242715568504764,3)
(121.4577362037111,31.267732842911716,17)
(121.42630203817848,31.245974477373807,12)
(121.42793378960558,31.231091198587634,6)
(121.4578108233127,31.268698871742952,15)
(121.4501763182965,31.258028695168466,4)
(121.42734738160131,31.2533267301249,8)
(121.45427170532223,31.27313344026854,7)
(121.3918735185539,31.29235940742175,36)
(121.4589961417196,31.250280324458437,2)
(121.41014184788237,31.24245201438266,37)
(121.3856331816215,31.25373542039741,14)
(121.36975946027061,31.23243661458732,35)
(121.39319293512861,31.27569959547113,2)
(121.4065811350895,31.292948541496276,1)
(121.42196147336836,31.23486549935538,37)
(121.42083421670633,31.235207194976933,17)
(121.37099280893487,31.235148815703333,17)
(121.39925042360596,31.232378246220854,5)
(121.39784860632714,31.255700421604395,26)
(121.40771884391121,31.30135784795355,7)
(121.43508149789943,31.244015225819325,54)
(121.37503054397614,31.232333252457643,55)
(121.45488679722071,31.252800160998508,3)
(121.44847123712694,31.25986663265245,9)
(121.4434829141496,31.264248198318604,10)
(121.43513891608042,31.284203351573314,36)
(121.38566318820166,31.25938200798234,19)
(121.4482731405014,31.253836365323302,2)
(121.44139083557714,31.265179721107923,3)
(121.43152681683702,31.245961370687706,36)
(121.41126139060063,31.24481079091192,34)
(121.39214380517087,31.236000483058255,2)
(121.43377643095646,31.279522823310923,25)
(121.37093434565185,31.265468114473094,30)
(121.39954483627346,31.28172779327375,30)
(121.38212908891735,31.291122927250964,36)
(121.4352315639887,31.24466497591576,4)
(121.44121314179402,31.264982906911698,4)
(121.40005590249245,31.271905694924758,36)
(121.38656487374544,31.267964354385683,15)
(121.45149412132496,31.267221140014804,5)
(121.4107493977055,31.269746987489263,5)
(121.39422335183166,31.24770460430327,36)
(121.41490769002287,31.2622774679787,36)
(121.4414596733027,31.25859903789928,32)
(121.4403888555689,31.24218810045876,3)
(121.37015102683513,31.31080231908719,13)
(121.44862135035672,31.241915443083762,26)
(121.3820720634511,31.23262735698372,1)
(121.37683026363409,31.232742087249797,1)
(121.46399171663114,31.258126683915354,15)
(121.42798150350544,31.25136728179047,1)
(121.36579237824017,31.24253122513069,6)
(121.40996630453262,31.255610552400164,28)
(121.38949759256408,31.268907148309452,31)
(121.38164742471011,31.278520317427837,36)
(121.37906986879392,31.299258930001496,8)
(121.41003632187595,31.242510892320922,20)
(121.3721049232489,31.285507017783907,36)
(121.37956808393837,31.269505369539527,3)
(121.38244097117648,31.274123283663194,33)
(121.41232138689381,31.248014994156737,21)
(121.3850163352616,31.291699888882093,37)
(121.42410903822868,31.246209299589676,10)
(121.41735335686235,31.279607380658362,5)
(121.41780352003872,31.23141853939485,2)
(121.39980629064593,31.262935990501887,15)
(121.43929707810896,31.282755165819122,30)
(121.3565740754766,31.28800722956399,36)
(121.42769507919485,31.269720717728678,2)
(121.36502538780691,31.277009516714944,28)
(121.38120433023377,31.283525920670947,10)
(121.36286978981299,31.24580978738382,9)
(121.38376239845957,31.251003203923545,36)
(121.4077809888772,31.2456164496786,1)
(121.44139051878842,31.261537159458744,36)
(121.43024647365549,31.270510292844218,18)
(121.41606134042543,31.287300472934678,2)
(121.38068534488285,31.290945381157854,12)
(121.42538104425196,31.237341301067666,9)
(121.39845092216497,31.299409119179508,8)
(121.39195754454806,31.291949296970877,2)
(121.46320322344542,31.257551751518474,1)
(121.4536158369068,31.252306521180806,7)
(121.42549580400498,31.23589755007761,1)
(121.40289429941748,31.276233367357655,9)
(121.4304865706055,31.256226142085005,70)
(121.37213782884625,31.309116773256182,36)
(121.42377456706821,31.26021769923767,22)
(121.37723486793698,31.233320824118152,37)
(121.44070830898943,31.26449128698384,1)
(121.41752078494068,31.232575204257408,21)
(121.42620492097087,31.245522289247322,6)
(121.43654788839417,31.28589422701112,1)
(121.40126550932536,31.23721804241198,10)
(121.42713154263808,31.2704484009162,2)
(121.44916058976962,31.24789702428073,17)
(121.43150618982258,31.243328240044306,33)
(121.44067708188862,31.264685585974032,14)
(121.45274714386852,31.24356736891076,16)
(121.45684544216641,31.251002342399573,3)
(121.36496727679027,31.276920392170965,26)
(121.3829902455591,31.236390502862243,6)
(121.34698501989264,31.296901015490935,15)
(121.45504725290932,31.251071070498046,19)
(121.44233665215351,31.283126763706385,7)
(121.37619825162473,31.254235964634734,2)
(121.42824602982054,31.235559726199163,4)
(121.43097142165583,31.257551978869373,13)
(121.40871521828196,31.233468666340354,7)
(121.45602261342317,31.27156487786356,3)
(121.45585186555783,31.25351628834104,12)
(121.37690245967653,31.268398895273517,11)
(121.35214986941196,31.305855877202205,36)
(121.40350722910804,31.238300756541424,2)
(121.36317187398292,31.304867654743685,5)
(121.36067569596206,31.245833327353722,22)
(121.46159964843955,31.2609595999567,24)
(121.44177416370252,31.255864332830395,9)
(121.37846545943864,31.27710688261087,15)
(121.45121848501907,31.2526203578116,7)
(121.43125113398371,31.275475227700653,39)
(121.43595903193362,31.24409871892058,29)
(121.3557806037043,31.28608836295508,37)
(121.45855566100688,31.254510147651757,31)
(121.38850594749194,31.282870216748574,22)
(121.36803485168345,31.31448374038163,5)
(121.38912521982596,31.291232064963626,45)
(121.41547463978831,31.26804812586645,9)
(121.4542019529062,31.246881940444435,37)
(121.38611200239103,31.254571233326867,1)
(121.40422710250202,31.244541690971705,36)
(121.4093395050527,31.253435886071607,37)
(121.37690453706934,31.292258711665546,4)
(121.38245098464981,31.274145302731306,35)
(121.36878408669611,31.314264722281354,21)
(121.43664391839762,31.253580452574486,4)
(121.38819270044414,31.283265136645863,22)
(121.4412300788711,31.26461372344849,4)
(121.40424012582525,31.266226681594905,44)
(121.40803231632984,31.285237221587288,2)
(121.42472607477379,31.24182785740561,37)
(121.42397873014447,31.241299200137192,36)
(121.41736255387796,31.251823924908955,37)
(121.4321670723829,31.28311744723443,17)
(121.4003593403322,31.261358478130504,3)
(121.4368210316215,31.253683268314095,9)
(121.42414655331132,31.24104795882997,24)
(121.40695582787608,31.30088967548422,11)
(121.37599219737928,31.291464312899983,7)
(121.40218257206571,31.246719523358127,1)
(121.43424746225601,31.275793854834493,24)
(121.38620655069336,31.280242280910063,31)
(121.37600304708228,31.30105711161092,34)
(121.37311801135054,31.245607331622747,4)
(121.44429468816472,31.265584642388117,10)
(121.39806621936147,31.304387291697584,20)
(121.38651876405737,31.268022646135318,36)
(121.42179994095822,31.2566165319589,13)
(121.37751712637676,31.277931600349884,36)
(121.43667484164125,31.253262272149186,57)
(121.44088615141348,31.24682948214116,36)
(121.40640378702847,31.26608146033239,2)
(121.45745834867706,31.24685964077164,36)
(121.39239007827688,31.260072312455996,17)
(121.40908748830314,31.244164792044746,9)
(121.41789625638171,31.251952729047105,37)
(121.40937002302977,31.259420489588383,20)
(121.35100843283728,31.28220547071399,19)
(121.37376786066153,31.244145509144204,25)
(121.40958143118301,31.230055348205273,8)
(121.40302489311557,31.282745075660333,4)
(121.44938430730018,31.260630294417254,17)
(121.43368708807542,31.238771571024227,36)
(121.44234824833038,31.244303115117063,10)
(121.41715454772283,31.22749003076032,2)
(121.39071889993885,31.237991457921265,36)
(121.45771156520686,31.26278356239672,36)
(121.39921755379659,31.291349582453815,19)
(121.43495351669245,31.253500588757213,36)
(121.4254262393542,31.26302040445228,3)
(121.4065717935794,31.266134486970042,7)
(121.40011581778917,31.25709533678489,10)
(121.42417962008625,31.250346631089187,8)
(121.44775424041633,31.24219612837266,7)
(121.38597622166843,31.26762180916919,35)
(121.45656191989367,31.256159145352008,17)
(121.41084174181196,31.2420520919086,19)
(121.43396489473385,31.275545227858142,15)
(121.37167386388423,31.28103962330481,1)
(121.38335791504281,31.260295916237567,123)
(121.38292592588195,31.23272461714859,24)
(121.38257297075722,31.27237168017409,36)
(121.40430074159407,31.30160879153015,36)
(121.37484419863418,31.287107710018784,27)
(121.41085793608455,31.261467170663728,7)
(121.37592509909908,31.250245949036753,25)
(121.4438951395264,31.254004944402194,5)
(121.40300284179229,31.24782117113733,3)
(121.4215286744491,31.28545284992965,2)
(121.44370958423107,31.261172676828,23)
(121.43118673377096,31.230269331312133,76)
(121.45735225959,31.268410917262333,19)
(121.39291528379925,31.23524560907208,37)
(121.43743658062125,31.25282706136201,14)
(121.3815466370854,31.270846013554323,25)
(121.40408326704934,31.26213959151469,60)
(121.45229470962877,31.270245300132206,1)
(121.42287658956417,31.27429433599235,10)
(121.40999401144757,31.242824682921032,1)
(121.41981586917935,31.227294577813996,14)
(121.4542573178491,31.27564222077632,30)
(121.38838006120496,31.252942708801793,36)
(121.39473126818697,31.239489917687543,2)
(121.44685866092584,31.28275923301473,4)
(121.42518436492547,31.23949015919243,30)
(121.44617828407658,31.250740691064717,60)
(121.42823360773127,31.25602565405677,36)
(121.40365806238282,31.299544463682505,26)
(121.45199696490866,31.27880602309088,2)
(121.38582780741993,31.230093069523612,17)
(121.3654223230719,31.24998416535758,78)
(121.39659939309205,31.275724705649296,18)
(121.39747170163055,31.232747754264107,36)
(121.3613131292778,31.30857484458491,2)
(121.42435436707527,31.26405990854929,8)
(121.36499393273363,31.278674021814513,24)
(121.4320286563483,31.264750922683962,7)
(121.4354695224841,31.264060386033236,2)
(121.36850297275694,31.24921068556064,13)
(121.36457586564194,31.309100905040175,36)
(121.38392203883065,31.267274820302237,11)
(121.41536421823758,31.247740951530883,34)
(121.38272917505915,31.249671052099526,4)
(121.34715493172615,31.279135257970772,6)
(121.4339221603771,31.251370206014673,37)
(121.41123032531344,31.243977424050893,36)
(121.42005320263588,31.242076487818963,26)
(121.41708769724733,31.25171300112884,37)
(121.39823557134129,31.30370136757201,14)
(121.42547370808924,31.246012124636128,14)
(121.42327715113859,31.22741738390029,4)
(121.40516035028627,31.232910935013,16)
(121.36400068595607,31.308309840550645,37)
(121.38948045308807,31.25599058794988,33)
(121.41750652702989,31.240991034532772,22)
(121.42756181706986,31.249568878398556,36)
(121.42336314020383,31.262557011933005,64)
(121.4249552311302,31.246007030952033,26)
(121.39262168308444,31.288074152531863,6)
(121.38648007073422,31.26014403623437,36)
(121.44955079865625,31.279924661475235,1)
(121.44610766437631,31.241682309141442,23)
(121.38751207842134,31.23834408258113,35)
(121.43495349701246,31.253274489607357,37)
(121.348920964589,31.281793559968282,3)
(121.45159387832452,31.277390535897947,8)
(121.46180471388121,31.251454546121575,1)
(121.38047709481827,31.233514502378167,11)
(121.45954263296521,31.260007249611437,12)
(121.44461977951407,31.265858831830855,11)
(121.37224794630991,31.313197779468606,36)
(121.39955812040056,31.262004511795507,17)
(121.42676277434855,31.262034037758163,51)
(121.447651290009,31.26949902630352,29)
(121.37353963770991,31.25702990159761,1)
(121.38818041592977,31.269493838870332,31)
(121.3651629627533,31.2462024716085,2)
(121.42788309124738,31.25683076657938,1)
(121.42669180935027,31.238639772003676,4)
(121.36183414143044,31.28356728658342,36)
(121.38559977477627,31.25323361560168,37)
(121.4104092611314,31.25863781791394,2)
(121.36444974790241,31.309513489476668,32)
(121.42565540178396,31.242288182429174,221)
(121.3962081683821,31.268288882415682,42)
(121.44569151039772,31.253391689083454,4)
(121.42846782923343,31.23855209510109,20)
(121.43461255773194,31.282545329240655,18)
(121.38159358003551,31.281040300935853,11)
(121.36694932415897,31.249487820058828,4)
(121.45823240615563,31.247858084398896,11)
(121.40579345842735,31.2739947747295,9)
(121.43651348398929,31.23474919843773,3)
(121.3907160152936,31.239343067508045,13)
(121.37272033834991,31.244820466258634,22)
(121.43226945335729,31.23174501473071,17)
(121.41874948052413,31.2539516925835,37)
(121.38280219913966,31.283730573245492,36)
(121.45907813448544,31.26847333554926,3)
(121.45434707746566,31.252370073572536,36)
(121.37525027701335,31.257892032472206,1)
(121.43746054932994,31.26438804087868,36)
(121.44250217990306,31.26829674504785,2)
(121.39139713948956,31.252066193856997,67)
(121.40190059468344,31.25922194934019,37)
(121.45315392990574,31.27520125228078,20)
(121.42490925557077,31.245924545410293,13)
(121.45232431462968,31.28011292383306,11)
(121.4559612786546,31.265946626791507,1)
(121.4150556850478,31.29730484673312,36)
(121.37202725394593,31.267671510751057,36)
(121.42299024633303,31.260031193603805,18)
(121.36684807102768,31.23655963151391,1)
(121.41338404938153,31.244969986113375,34)
(121.45527722501477,31.268786254165814,36)
(121.36416780873013,31.309456757094225,30)
(121.4521049760571,31.279976150886718,9)
(121.43943392798558,31.277257423035863,43)
(121.45918741274261,31.259198804773852,4)
(121.4488578389837,31.241956031005977,1)
(121.37485090635596,31.25836447250478,32)
(121.42968106975789,31.280782151477972,1)
(121.43595816795596,31.244113154177917,2)
(121.44314304540002,31.282188106749494,12)
(121.44379560712882,31.25715248002559,4)
(121.3678585606018,31.31455951626005,35)
(121.44878372412941,31.261772887766206,36)
(121.45428623798537,31.252517261789052,4)
(121.45137542676125,31.24965818928003,32)
(121.39146896027309,31.289420970722293,36)
(121.421774529459,31.262518408009278,10)
(121.42446811133713,31.250897099568498,15)
(121.44119731739906,31.26678087373486,34)
(121.3766340263002,31.2538861485755,25)
(121.40945150585273,31.23069265573698,2)
(121.41219235861797,31.258719718538824,66)
(121.41444801321735,31.2485966018467,8)
(121.38877927637378,31.272391084016913,15)
(121.39159384041886,31.229569188919214,3)
(121.44015499926545,31.241615235595066,21)
(121.43608406273272,31.255244322503028,36)
(121.44226532659275,31.254906934605923,37)
(121.42519716805256,31.239482861848757,23)
(121.42407861621207,31.241048010896286,46)
(121.40600708553562,31.258161040621204,17)
(121.44249259897157,31.239951933595815,36)
(121.42770566183768,31.238157636335412,36)
(121.4279102269785,31.23486182755194,37)
(121.40336946443495,31.300021042384426,26)
(121.43896992069209,31.261647865032337,36)
(121.40653308839882,31.280969693753836,28)
(121.41009573638213,31.26685085714157,21)
(121.39727174913841,31.2739993404599,29)
(121.40208130621943,31.23246906595852,9)
(121.42798375180732,31.277160315033434,2)
(121.43943062403287,31.261584452419584,4)
(121.45202127556888,31.255644115317057,18)
(121.40062319316925,31.30453519496814,36)
(121.3992838229805,31.27122834591964,15)
(121.41330733017371,31.232748593172047,11)
(121.42722037872025,31.26316111216208,29)
(121.41103326790433,31.289994705698405,10)
(121.42518336468807,31.23955855885908,34)
(121.4413448905777,31.264849650004475,20)
(121.42675307607904,31.253912520650278,6)
(121.38571519873874,31.247402801634493,11)
(121.39217731528919,31.231651380028243,9)
(121.40942254621885,31.24257705941096,4)
(121.4567522802963,31.254335946406197,36)
(121.40039360802149,31.28721928787304,25)
(121.35337854852345,31.289790458123477,8)
(121.35596420408476,31.307516331428403,36)
(121.44978824473705,31.258708714989975,36)
(121.38924474096639,31.296889473445624,18)
(121.39217019327285,31.274677377855767,28)
(121.3730815500752,31.26397330974389,21)
(121.40918491226118,31.244018912541428,2)
(121.362142813173,31.238483359341647,36)
(121.42357694460428,31.26249982979714,33)
(121.39617800062608,31.228646817659452,9)
(121.41046042649624,31.22813490771209,10)
(121.4075281058304,31.240265276730703,11)
(121.44869971369302,31.259550081383775,12)
(121.38929730154395,31.25604047577776,47)
(121.42927073598233,31.271264604851016,36)
(121.38385141484625,31.260211400145216,35)
(121.34438935869993,31.286324208637023,14)
(121.43793187290058,31.254013905513858,22)
(121.45464124417931,31.250318908472494,30)
(121.37506394491133,31.254032712962783,3)
(121.38152901479003,31.29840320778263,36)
(121.45958331471624,31.253172335753742,91)
(121.40633641456814,31.245810020456467,29)
(121.37887295479574,31.26679245831926,33)
(121.41830808269098,31.252811903027524,7)
(121.3712736847056,31.312983045082447,27)
(121.36974122144998,31.251590469977792,13)
(121.37252872242341,31.229569296996665,33)
(121.43285713463027,31.266671597135147,4)
(121.40133943123283,31.23418415759651,3)
(121.42523377732344,31.242661063492466,20)
(121.37391592113477,31.276857804819,29)
(121.41638311427506,31.23773125895543,2)
(121.4003049656033,31.24579464119701,36)
(121.44478451670594,31.243986044834738,1)
(121.3716378975019,31.270558215314082,10)
(121.36424351914116,31.30976196510561,11)
(121.41001046190193,31.25413611470613,7)
(121.37437153863003,31.253187273705013,14)
(121.38036785283819,31.243795038147375,11)
(121.37099540672232,31.265054020218166,12)
(121.38464447700285,31.25778394089074,20)
(121.45331362111077,31.276023276841478,2)
(121.41586715154912,31.238226491869916,2)
(121.38968416824542,31.227765052019205,25)
(121.40721516942735,31.304855212446306,4)
(121.38997219173591,31.282707230723037,13)
(121.37156533995228,31.230856619091146,35)
(121.42324921562839,31.262268971272007,36)
(121.38263673566067,31.2458332584506,1)
(121.36670846166827,31.266927783959307,8)
(121.37129478801668,31.313628346518733,2)
(121.44862238306314,31.25343642282365,9)
(121.3852554987934,31.280890598141635,3)
(121.43708229199807,31.257100512351602,20)
(121.36479482326492,31.252147546672045,36)
(121.4554733605634,31.252910000114085,3)
(121.380226155523,31.28380101037499,7)
(121.42285689658006,31.2664325257031,1)
(121.3827908038664,31.245916250212165,11)
(121.40136477592328,31.239962308978,5)
(121.4187097350233,31.251707211331905,14)
(121.43780209764239,31.254140139047344,35)
(121.36856217081446,31.240581841862735,1)
(121.41904135300761,31.25651304873461,6)
(121.44594142970145,31.241653479928086,2)
(121.38194198582936,31.269478135919247,9)
(121.39218385721979,31.259232821974816,37)
(121.4603208700386,31.253057610276635,25)
(121.40385161246505,31.231828138928567,19)
(121.40043779248452,31.289169086847057,3)
(121.39631825381001,31.232053169389253,12)
(121.42578585059066,31.23978306959026,36)
(121.41290169950747,31.253664341944084,33)
(121.39640340849692,31.223957233045546,26)
(121.389427450988,31.256482763745357,7)
(121.46035004496072,31.26127732811962,5)
(121.43324810108646,31.243156387845904,26)
(121.42422347812683,31.24100588069886,18)
(121.38609117419313,31.270223966378097,16)
(121.40009178934794,31.2560571025737,26)
(121.40786422029532,31.3057575457076,36)
(121.37127688507785,31.313615344094842,22)
(121.39198428098882,31.242799454606835,1)
(121.42772059403644,31.23757135667408,36)
(121.36829426037978,31.31416699167974,36)
(121.37911878560844,31.26238971686798,8)
(121.39596015831022,31.223785948550287,7)
(121.41561682423585,31.29038188814799,6)
(121.36497032004485,31.31323584171523,5)
(121.40182817317239,31.300423902452966,6)
(121.45567920608207,31.25701536756517,7)
(121.44942861618206,31.242308141684074,36)
(121.44829511096326,31.25404141557728,36)
(121.44860098955598,31.26025456522804,12)
(121.43316390159534,31.262532672708698,37)
(121.4601763573296,31.254218442526113,57)
(121.38183893809628,31.293301505771062,10)
(121.44480060716126,31.245393647306095,1)
(121.3864085420673,31.2318853889662,15)
(121.38429428728449,31.242501342209906,3)
(121.44694767667171,31.25061730267452,12)
(121.38297312369403,31.245890611291557,3)
(121.38833898939937,31.296537577795203,36)
(121.39770857501614,31.241570422186538,18)
(121.44559786238891,31.26038438466888,1)
(121.35492337892677,31.280403576828427,36)
(121.40120277386508,31.287107493152472,36)
(121.39732846312396,31.265439569068697,36)
(121.41937462708584,31.243993430126014,3)
(121.40244577422877,31.235716246458438,6)
(121.44034611381237,31.258289322763304,4)
(121.3677389906673,31.25270213356937,31)
(121.44638802346444,31.244835852624714,36)
(121.44775435917732,31.243564742313364,12)
(121.39003040164295,31.250129410766842,35)
(121.3727904092049,31.255929459067875,16)
(121.38595664396027,31.28329901523754,1)
(121.45242124793674,31.247452743600856,11)
(121.40734978708993,31.266177507910925,29)
(121.40090595038394,31.2319915652025,33)
(121.37172816361416,31.24894999903742,1)
(121.43946965304019,31.246871585426376,17)
