(121.40308452700604,31.24504415770329,16)
(121.41892552414872,31.253859029605525,18)
(121.41297409148004,31.235502205242494,6)
(121.39549337197761,31.29803269131251,35)
(121.44016338471809,31.234726101553658,2)
(121.43900855251684,31.26757279253863,30)
(121.37481430354916,31.24252609994303,28)
(121.42012085149355,31.241021671295933,4)
(121.36027114649471,31.24837180398019,36)
(121.41845880945871,31.27167839716847,15)
(121.42110866676887,31.285337224113476,9)
(121.3747739591163,31.23415102704244,4)
(121.35301161638986,31.282220009386123,4)
(121.42336811969238,31.237017487811585,2)
(121.415490748772,31.22926704120456,13)
(121.43516615979583,31.2530731349076,33)
(121.4185000398867,31.265142145550843,8)
(121.3558326898399,31.308543617629297,26)
(121.42349143429053,31.244312917454746,21)
(121.4182732624443,31.25358129360002,37)
(121.3767471514919,31.232896608645614,15)
(121.37424035531751,31.230248799469557,36)
(121.41837140996714,31.234083479618384,3)
(121.41006242830906,31.24250599775983,17)
(121.44784395056902,31.279067031195442,9)
(121.42911952454656,31.28075308656225,7)
(121.36837822475434,31.309336269290473,11)
(121.4233022410311,31.263095287528238,26)
(121.38557706500447,31.283228649087754,28)
(121.39531963471343,31.233357058316496,20)
(121.46094203895728,31.251824027310363,16)
(121.40975825345438,31.234140850422765,60)
(121.40892874925134,31.24627495504992,25)
(121.34047296730357,31.288192526147014,3)
(121.44325465661093,31.24573432134808,1)
(121.4054170266847,31.24637082368726,27)
(121.38649085435316,31.291725391085304,14)
(121.37680232639579,31.26845180026736,36)
(121.4282147025332,31.25099225972645,32)
(121.39471542729896,31.22356222668042,4)
(121.45530188983186,31.257435629296108,10)
(121.39954311526891,31.262008508680157,36)
(121.39204136409856,31.229422427822822,36)
(121.42700561095725,31.261126793115896,33)
(121.42230318020118,31.25260143711913,14)
(121.40071928271158,31.248390005557944,16)
(121.37669996387153,31.23135930008974,5)
(121.35544194878241,31.30876708348544,8)
(121.33722335133871,31.296332616354263,36)
(121.440616086979,31.25694168399424,1)
(121.43664389437069,31.253304331503596,17)
(121.37412628705802,31.242929417096512,2)
(121.41339055099478,31.245071787278768,31)
(121.36401720408973,31.249559222911692,1)
(121.4265166459314,31.23463810701072,36)
(121.4233974294024,31.264708941351795,1)
(121.43809951946898,31.2369225450292,5)
(121.37306759640039,31.26394290286537,5)
(121.37794070973428,31.266593327369335,32)
(121.40030175873751,31.299528586611704,10)
(121.40551605307738,31.235130766109034,29)
(121.4133015873538,31.28827880676018,25)
(121.41773619746641,31.250198032663906,30)
(121.43843503621386,31.265489169577236,37)
(121.38659170417856,31.23168545103266,20)
(121.38244097806229,31.274202316683624,36)
(121.44462091468137,31.260909254791162,1)
(121.40473092464117,31.239630803281216,22)
(121.36695148151658,31.250790152259142,2)
(121.42254780354297,31.262086391608005,10)
(121.380402500034,31.285243784375616,9)
(121.44611556598822,31.241544510781086,36)
(121.42128370813973,31.260717609163862,35)
(121.40646854689149,31.242634353774378,27)
(121.44793716701687,31.24584443512055,23)
(121.42819264230316,31.232775727328963,6)
(121.37958458050554,31.23133835445731,8)
(121.45954673355656,31.273824238171137,4)
(121.40983937322815,31.258921619507085,36)
(121.349225586833,31.290903161969045,16)
(121.3908138875495,31.267722122828513,26)
(121.36705153937461,31.249449632782536,22)
(121.42346311250054,31.263257239075962,62)
(121.39063638556458,31.29023174087028,26)
(121.40670584556052,31.23232953372567,12)
(121.38493123660525,31.28011011178113,36)
(121.36416134898673,31.248230855274603,5)
(121.41065169490936,31.24202005238199,5)
(121.41744647063707,31.2514147058849,36)
(121.39795230618338,31.290957438736527,12)
(121.44266653773369,31.26354085088853,25)
(121.4105985605331,31.234318124879774,2)
(121.43761900834386,31.249671422720958,36)
(121.45688088633302,31.253553330908105,2)
(121.39858487156687,31.29787194748739,34)
(121.37738315963881,31.27088172752656,36)
(121.4556742331614,31.252376963433882,12)
(121.42651858950298,31.256947051788174,17)
(121.36496761966845,31.313213341449284,27)
(121.38538776983923,31.25781208655002,36)
(121.41960334779318,31.242569664464973,31)
(121.4184379882199,31.252649765985566,18)
(121.37483179931031,31.271477702279064,10)
(121.40569139947566,31.238989529071393,6)
(121.41604992113899,31.293881115343677,12)
(121.42699318500641,31.281026820367867,10)
(121.42690554637326,31.238244403412715,9)
(121.43813802817338,31.236868552489735,6)
(121.45033693912669,31.26931623084158,6)
(121.38866414241757,31.260536952799317,3)
(121.38836275301426,31.28246144448184,28)
(121.45619605562698,31.27168573844852,9)
(121.35084808350337,31.28207313120103,50)
(121.41463154401427,31.23633408511183,2)
(121.45710055000802,31.268367324198103,19)
(121.45870070403,31.259367945401085,7)
(121.40486145378405,31.299233609921284,27)
(121.39754065169153,31.27769440075476,25)
(121.35490729982736,31.28867218412698,36)
(121.43757536736476,31.275914749436783,1)
(121.38938136858785,31.25598651388479,21)
(121.44745044109705,31.248581517789074,13)
(121.4261134690636,31.239254552731744,36)
(121.41720689764497,31.247181882504044,22)
(121.36083517691694,31.280154458457933,37)
(121.38372210143834,31.24752305182145,1)
(121.45425169769887,31.259880462218714,4)
(121.37723807695892,31.270216054427145,17)
(121.41586845718737,31.25320016825372,37)
(121.36042931788215,31.309374650864424,21)
(121.39163657112003,31.25318990523905,31)
(121.36296866480187,31.240216073034976,2)
(121.42396373083118,31.241149143973992,29)
(121.422747544395,31.283961417972975,7)
(121.45988674791458,31.249818152026737,18)
(121.4414493677123,31.2432366644618,5)
(121.41417848559378,31.290833572416776,3)
(121.41306966502152,31.253905403195635,26)
(121.41345926832682,31.26143296995942,36)
(121.40499816201388,31.248295645486277,36)
(121.42029230172791,31.27050643065564,7)
(121.35389236123923,31.29297588510395,36)
(121.44497148714997,31.27090443301821,12)
(121.38144892868118,31.2870275938208,36)
(121.36597650131858,31.282050015707295,37)
(121.43804683873425,31.267275469610972,8)
(121.38606165348133,31.28308032094631,10)
(121.44394062824954,31.260635753616686,37)
(121.3569955581828,31.292158858271417,36)
(121.40685205170352,31.246169790769073,8)
(121.37965371989465,31.28706172110568,3)
(121.41171678102785,31.227663902818897,2)
(121.36537251205986,31.28288345648473,36)
(121.39223057336713,31.267065209906875,21)
(121.43776496878391,31.26343521799469,12)
(121.41355829239109,31.23581313991691,31)
(121.43208318117021,31.28306552028118,28)
(121.4143326424939,31.28182185304321,8)
(121.39016053631454,31.261935648033134,2)
(121.41391554960092,31.24458703680544,27)
(121.42458019112505,31.23009563313145,51)
(121.40688059082372,31.229416196188065,3)
(121.39883521561192,31.26040107578144,9)
(121.45677840304838,31.256511841328155,2)
(121.40211461436832,31.263977254867566,4)
(121.40125633309901,31.292543657357044,4)
(121.40064022767719,31.247574528078626,5)
(121.40361001643753,31.260068633290295,31)
(121.44313998093054,31.246940041610557,3)
(121.40890294290516,31.246521249222248,21)
(121.42472607974213,31.241884883041788,21)
(121.4277194827962,31.250896958766546,29)
(121.44054796985792,31.247274789230648,6)
(121.45209586387836,31.268795642591538,19)
(121.37865864623356,31.26645507682579,14)
(121.43585561070826,31.258669871587422,37)
(121.42656980219544,31.236034850852494,8)
(121.42814105842257,31.24834279439224,18)
(121.43820542109748,31.254031535158447,27)
(121.42382203237112,31.25038885691175,17)
(121.41573353179854,31.238820389675183,1)
(121.40950678352411,31.24543733041577,35)
(121.34448946451535,31.286333713214514,3)
(121.44863026099681,31.244560713058892,17)
(121.41731382536565,31.272517755637093,11)
(121.3899313615153,31.262089552414537,6)
(121.39161233248731,31.269511855239777,36)
(121.41340305438868,31.261337758383814,36)
(121.38426336578219,31.243786889951007,34)
(121.4023096606409,31.271286279425798,124)
(121.41904689066693,31.26872788581807,9)
(121.43830524189663,31.2538843319095,18)
(121.4008505891014,31.30026849490473,23)
(121.3643176294596,31.309666973860725,19)
(121.38494727358184,31.291821875765866,18)
(121.40237077614918,31.225619966259917,1)
(121.41285464694273,31.241423917490074,5)
(121.4229296862024,31.264471145509248,4)
(121.4385990344951,31.248106419862456,24)
(121.4083587092418,31.247011335496495,36)
(121.34216863576073,31.300784782697853,20)
(121.37178251721103,31.263572439602605,36)
(121.37960361413542,31.24056877161627,19)
(121.43802273154,31.254114824491648,36)
(121.45239842696601,31.248897429352617,2)
(121.38383053255137,31.256496835207535,15)
(121.3651425905549,31.276948667859067,34)
(121.4261284866104,31.23963371121057,33)
(121.40893715131806,31.24616535700405,36)
(121.46080400283806,31.269556634163315,66)
(121.41968137164571,31.277826843865096,7)
(121.45152545607051,31.250558512134322,48)
(121.42694559274638,31.229722239508614,3)
(121.44468086566472,31.246359247486538,36)
(121.42583130996844,31.245580633512716,6)
(121.37079512447247,31.240156737330274,2)
(121.39874142449239,31.246159298342842,25)
(121.37744916140093,31.233350085378692,9)
(121.4077439095394,31.244855194052803,10)
(121.36892669733143,31.28402808683654,36)
(121.43877953797634,31.253771835805455,8)
(121.40199596598609,31.244843438016883,19)
(121.45584589354509,31.246680471309233,30)
(121.39934114075217,31.228737601732796,2)
(121.4234929782817,31.262024687671474,2)
(121.41098633936417,31.243492250784314,29)
(121.45566602297448,31.27754912049455,21)
(121.39485937080445,31.302234013373475,4)
(121.38967034987381,31.241479298417385,21)
(121.4208766996647,31.24562627948964,21)
(121.42324921501768,31.26226196826204,36)
(121.41904134961395,31.26120117104226,36)
(121.42178044988393,31.230257401439264,1)
(121.43337455348214,31.23900604768434,5)
(121.37699371586554,31.26990463858297,36)
(121.40095758966604,31.23456265511249,7)
(121.42867989431964,31.265057554467905,36)
(121.42635646813807,31.23066942803381,16)
(121.37741809032056,31.233015896643845,12)
(121.4108170909452,31.22874757232188,12)
(121.43752209286535,31.260177591236033,263)
(121.36463637334086,31.31197610553821,20)
(121.38346300958204,31.261257814612303,36)
(121.40802104764875,31.248246494204274,1)
(121.39838179243294,31.229135448709275,1)
(121.43048891316903,31.25612086847895,2)
(121.43357730132072,31.250695770490122,55)
(121.39430746763554,31.27636236208241,22)
(121.41109180356317,31.27237708444467,2)
(121.42429254820306,31.254804146000605,5)
(121.40581898850682,31.24686761209757,11)
(121.42099441451938,31.277748029375378,3)
(121.42532045862097,31.24140418711235,14)
(121.38392132571848,31.259088309481186,36)
(121.39216238775133,31.25456830072169,36)
(121.38385681648965,31.25716260735859,36)
(121.45592368844225,31.26958224859207,33)
(121.45112083756977,31.265605167941306,3)
(121.41094614629604,31.23401689784228,22)
(121.40542959340347,31.25769271099321,17)
(121.40624898942856,31.24551148449686,36)
(121.42159390253991,31.254295654101703,36)
(121.38176893964567,31.271291426200396,37)
(121.46232198494441,31.259431841972,11)
(121.38687178573221,31.28694257262317,11)
(121.45921796532873,31.254969897527154,1)
(121.43667485339344,31.25339733138341,4)
(121.39953500143832,31.2610257441227,33)
(121.41295320688859,31.236746776937238,16)
(121.41008654703693,31.243801528609886,36)
(121.42471194733338,31.251676250858264,22)
(121.40498030631866,31.239662885222614,36)
(121.3660609631033,31.285672617647247,4)
(121.36581986162662,31.23867640506998,1)
(121.37973929629865,31.299207236899555,18)
(121.42835495668562,31.24998731882947,36)
(121.41717962520536,31.251468852188758,12)
(121.37972357051382,31.29581829718013,34)
(121.4110013335473,31.24346423560581,37)
(121.42716778172989,31.278576653522112,37)
(121.43650206854053,31.27566808269989,8)
(121.44511795794658,31.24585962640787,36)
(121.45366159200995,31.274252342386617,28)
(121.38552576034272,31.247875813604903,46)
(121.45642209578612,31.27083877409684,3)
(121.45376847499934,31.252359237973472,26)
(121.40901427021242,31.250698264218304,36)
(121.41677665426263,31.26075007668877,10)
(121.36757065958118,31.252176660391964,21)
(121.37432647065229,31.253167208552316,36)
(121.40906360362409,31.242689144676465,26)
(121.36263656435342,31.28280723740533,27)
(121.43866824834556,31.239244149300788,7)
(121.42791583069501,31.277184388748047,35)
(121.42513855374325,31.23959594953909,12)
(121.40517595548803,31.2801372810352,31)
(121.43765146246042,31.26696387988792,1)
(121.38763681408133,31.301895124625663,6)
(121.37186949471378,31.265094232294533,11)
(121.38998280670307,31.259543286607098,4)
(121.41720153737079,31.239138338994174,8)
(121.39965442828046,31.23071661514521,2)
(121.38058520490189,31.2792605272354,47)
(121.43812133965453,31.240013417099313,7)
(121.444282498398,31.24385681632595,28)
(121.37462270012618,31.296850778312102,37)
(121.38893898778467,31.25599018816298,7)
(121.4348386579473,31.253151578679347,36)
(121.43623392081247,31.26481426488528,4)
(121.42519556766379,31.23950536147671,35)
(121.46029012184516,31.255011535082684,36)
(121.34152814332984,31.286066653160372,11)
(121.40774549132294,31.262987135157744,36)
(121.42136722869341,31.259747328460065,16)
(121.38952694090996,31.261140853691412,12)
(121.44271694381169,31.241998500114434,36)
(121.4332767777328,31.251466725715733,3)
(121.39547444806077,31.264636979150996,12)
(121.41747801404865,31.257847504567184,41)
(121.36469640758034,31.237824004239652,40)
(121.41026367785112,31.255735414026155,26)
(121.37919301466718,31.262723072550354,22)
(121.37919462592302,31.240183105747747,5)
(121.37353939385235,31.254224677726143,2)
(121.41087174921867,31.242098098072493,3)
(121.42010181417668,31.23469751175058,3)
(121.43707176541875,31.259657529942523,36)
(121.38928905929998,31.237125104977103,37)
(121.37491331081672,31.287096320224002,13)
(121.41797679467868,31.2357454340592,12)
(121.4118796431729,31.249516758635124,26)
(121.44064320807954,31.253960994516955,2)
(121.43536099927516,31.27482554411639,8)
(121.39812307080457,31.256558650356997,37)
(121.34841674810932,31.280226004013688,25)
(121.41407987101806,31.29480218494612,7)
(121.45403367924482,31.273570808440777,8)
(121.44800045818828,31.25775270850198,28)
(121.42516817465146,31.236425059045885,5)
(121.36256743208642,31.282753107193457,1)
(121.41055944028972,31.243605372044918,8)
(121.38542162600622,31.301689186331615,60)
(121.44394033472788,31.25725829088514,27)
(121.3845933216626,31.23921913751388,3)
(121.43635535611861,31.253380744381843,30)
(121.39849223536994,31.2580692127008,42)
(121.42289240576554,31.283795247693554,4)
(121.42080103345549,31.278585896128515,1)
(121.42474106571862,31.241888872936478,26)
(121.41746202499583,31.25786852114274,20)
(121.4421252472378,31.286717338293354,7)
(121.35545874863492,31.283704845307916,6)
(121.4023406473995,31.224219308673227,2)
(121.44686602165277,31.241791241683934,35)
(121.38639423758265,31.270231619597386,8)
(121.45196627084911,31.270006406677066,2)
(121.44319673946802,31.279856062708088,13)
(121.39567410661661,31.223693060742715,12)
(121.42956634735089,31.23422799709771,22)
(121.38451125307292,31.23878575653054,36)
(121.42887310440565,31.258604589180678,3)
(121.4412600774445,31.253743971572014,8)
(121.43468116262225,31.279182862325342,9)
(121.41012420301622,31.23993378476883,26)
(121.40314486359665,31.23020652955832,1)
(121.44699378124666,31.252929239788276,22)
(121.40862200981437,31.246781008216544,36)
(121.37693279578832,31.27178635968535,29)
(121.37741661839945,31.273653704737836,1)
(121.42099823566927,31.234126099955535,2)
(121.37997694787485,31.26918183968538,23)
(121.36943593458511,31.254036119608937,2)
(121.37740660386527,31.273642688567154,23)
(121.39190445617,31.29138303710314,37)
(121.40337899132179,31.23728350409948,37)
(121.40571048333783,31.247104020347976,57)
(121.43160631411946,31.24694565340175,37)
(121.38566089040862,31.23587446117957,2)
(121.45104160265909,31.259978622152886,35)
(121.41078726271412,31.230644451443183,14)
(121.39138494737773,31.290003149740855,29)
(121.40835712930736,31.29108747763431,62)
(121.38222723334356,31.27998150192668,4)
(121.45917245394773,31.259219846811114,7)
(121.40745678120508,31.26615449639048,16)
(121.40465297560155,31.223597374593844,12)
(121.37500493868434,31.23563921617436,26)
(121.45899653921624,31.255245180855333,6)
(121.40086306017129,31.25634344565109,33)
(121.43994322144921,31.262853885218128,8)
(121.45624014998322,31.265867266738102,8)
(121.40642908869863,31.255782020849825,3)
(121.41555291009,31.290670980786164,24)
(121.4069856734277,31.299126986737814,19)
(121.37699575610996,31.293336247565904,36)
(121.44649130234802,31.258376492079055,9)
(121.37397404957294,31.27434441063379,36)
(121.42916653222285,31.2535325486855,12)
(121.44202453729122,31.286607665670697,12)
(121.45661950214291,31.25109560848735,17)
(121.37593760679474,31.251031245390486,36)
(121.45841225818788,31.268607531188138,26)
(121.36931777645087,31.287853938978976,32)
(121.40502679106048,31.232541545096712,37)
(121.36071262901275,31.313535249201102,36)
(121.41510057551449,31.262466011623022,20)
(121.43250249027095,31.281681479208725,1)
(121.4066516798935,31.23042966031272,6)
(121.36509350607942,31.276978606449074,8)
(121.37279895458876,31.248153697923883,20)
(121.44218763772464,31.281879527816564,12)
(121.39674236405747,31.26736573117104,1)
(121.40925682995305,31.243779627927992,23)
(121.4196239172011,31.231475949091415,8)
(121.3893937676571,31.225977012998975,21)
(121.44248138889287,31.283219575165884,1)
(121.42207394080455,31.270611345904722,1)
(121.41117729586082,31.243496218359454,20)
(121.40867365546511,31.231309008620766,4)
(121.39330762789139,31.270579342709162,30)
(121.40601113480527,31.26044832486793,13)
(121.44203537639937,31.23907625062649,26)
(121.44335550458648,31.257696426323346,23)
(121.39566518921316,31.260440269654698,4)
(121.36746186709017,31.314327858195043,5)
(121.389336364104,31.256375650476024,35)
(121.3853778297125,31.24791398781248,17)
(121.41888211339402,31.253917320408718,7)
(121.41221091511675,31.288056994025542,36)
(121.41452503242462,31.252627010214145,36)
(121.42679420387455,31.267340278212053,1)
(121.36764763196553,31.23744913206871,10)
(121.38815957021275,31.25915396751455,21)
(121.40952319691101,31.261664441604427,31)
(121.37668783896821,31.264662053566852,13)
(121.4032654714292,31.2288859254268,23)
(121.4144502764061,31.25533361515832,6)
(121.4155840142112,31.235104182640626,3)
(121.42628828667034,31.239242396889498,9)
(121.42872552711233,31.261518043818043,4)
(121.42510167158771,31.241376353009297,37)
(121.39914829055799,31.243998670342663,37)
(121.41858160023985,31.23776904955627,13)
(121.38305645006466,31.28401491539525,16)
(121.39615091966819,31.231354539539506,8)
(121.35063449279531,31.292029775627935,35)
(121.3937606740583,31.26768637717658,21)
(121.38955864450445,31.26891119433955,32)
(121.41870965068667,31.227808420815848,36)
(121.42311929969415,31.261927918676665,29)
(121.41757648999679,31.252489117744467,36)
(121.45811379671366,31.25436904575658,12)
(121.38698442416688,31.27006869198308,33)
(121.4251852867198,31.23954309057928,59)
(121.45478866677206,31.260041517354693,5)
(121.36500233226656,31.284769409384403,12)
(121.4225267147016,31.259901069693914,4)
(121.4436807568498,31.265202032365163,3)
(121.40911949617438,31.244096198817935,36)
(121.4108875362591,31.24549816462046,33)
(121.38203355348708,31.24488642599822,17)
(121.41199319574616,31.24474561290901,4)
(121.44090243453851,31.25041704787513,30)
(121.42813993732223,31.235470008183825,33)
(121.38994311302206,31.236150082983826,2)
(121.4418910764226,31.244047710745313,31)
(121.4306317228915,31.23307541654874,36)
(121.3801731153592,31.284099075503743,26)
(121.37441602490848,31.234991191163935,35)
(121.41083337475916,31.24351128553741,1)
(121.41097290755665,31.26143113541551,24)
(121.44472367398292,31.243188960937026,36)
(121.42756076431445,31.237482464120564,30)
(121.37719390524796,31.28043625984461,22)
(121.45862247598237,31.25686412418371,14)
(121.463203227337,31.2689307301582,30)
(121.4483726554434,31.25072881933313,4)
(121.42281070521365,31.24935658008615,6)
(121.40804105309174,31.2251065425192,6)
(121.38634782211652,31.235794123678744,17)
(121.43787797494575,31.254165045823854,61)
(121.36175323340728,31.240167505346278,30)
(121.40219767954358,31.24791205642206,2)
(121.4568194364886,31.247522544882205,40)
(121.43591375109477,31.26148784202434,6)
(121.42489503202947,31.25466741744481,15)
(121.39659159137925,31.27478860606211,36)
(121.4233928178932,31.247704501586657,2)
(121.4381483527983,31.238572683000157,2)
(121.37715601440364,31.28709715774835,29)
(121.38134681016439,31.287102424228184,36)
(121.42486988957235,31.254541365933644,16)
(121.447750432646,31.26984237445198,1)
(121.43786299334813,31.254093034868152,29)
(121.35319475077775,31.279394168513974,36)
(121.36802338131334,31.266833317752504,12)
(121.4542149663452,31.25891119675779,20)
(121.4121520912089,31.232594078322645,4)
(121.45737563444246,31.247627327181455,19)
(121.3918988875037,31.227508432400054,4)
(121.41635104296766,31.229418670274985,23)
(121.39171038187854,31.296221829509275,25)
(121.38602362517976,31.28319233412207,10)
(121.40703164849987,31.29884987820924,9)
(121.45866911640287,31.25164564259466,1)
(121.44537152044441,31.246056987217386,8)
(121.44790363742159,31.2536665994652,13)
(121.42280893941204,31.27763577419882,8)
(121.4209961351524,31.23414749947775,3)
(121.39571673924105,31.23198962611653,6)
(121.41350617954281,31.239321422400536,4)
(121.37953552065137,31.240488661716736,13)
(121.4533962214084,31.262191259504092,3)
(121.44260700282346,31.24706394097807,39)
(121.39843518854143,31.2563756878272,36)
(121.37432674315434,31.25630157875793,10)
(121.46064799560544,31.25310089494945,22)
(121.38542483943776,31.247913995979076,2)
(121.43064463140784,31.234988230499333,4)
(121.45686531136471,31.24647423531948,9)
(121.41463163950955,31.237429582695214,28)
(121.42393998185412,31.239821832468134,3)
(121.36611280071094,31.251161214303483,37)
(121.37502382195368,31.28004450319194,31)
(121.39138489158489,31.28936389292328,9)
(121.39523222665748,31.286618008509564,12)
(121.37859575594874,31.245648940664758,36)
(121.45262567281127,31.270366853123,22)
(121.44874485503277,31.250808179710347,22)
(121.37223027295757,31.229683959169837,34)
(121.40215490304229,31.260417439303236,13)
(121.40675161468766,31.28712112329665,10)
(121.40915800564305,31.244116806769327,2)
(121.45318231594574,31.245903551339723,32)
(121.38204958338432,31.25190236481584,29)
(121.34459506640977,31.29941228809548,22)
(121.42521257213913,31.242622759187118,32)
(121.42312366091376,31.251690009514544,36)
(121.39586652851577,31.233205148552447,10)
(121.39754101051989,31.23592323214578,23)
(121.44077892278777,31.255965716232105,17)
(121.42326420208873,31.262264958646586,4)
(121.42482690565663,31.263924478444423,37)
(121.43344664226477,31.275599869008413,36)
(121.42397871576168,31.24113412582777,33)
(121.37643146297955,31.29893579393372,36)
(121.36876080274541,31.23075272388093,36)
(121.4258026658293,31.260788330342884,36)
(121.41406087965908,31.24900995957411,24)
(121.40165510743249,31.242877690124306,12)
(121.42015404899887,31.241638040896802,1)
(121.42577265684453,31.27179304207583,2)
(121.37608762755023,31.253629766450736,36)
(121.45335706932053,31.247857072505838,11)
(121.38667762856308,31.252846024156703,6)
(121.36152778805734,31.286101831907693,36)
(121.38571341136412,31.261359905264616,36)
(121.39216704291388,31.238538649291506,36)
(121.39277369595962,31.25258628456438,37)
(121.43840178999277,31.248135082217694,39)
(121.4051900004023,31.257723799420166,11)
(121.44266936274612,31.2738044633484,21)
(121.4120702241041,31.245656610199187,36)
(121.4118662042794,31.27881429652152,15)
(121.42447511490533,31.259304906305545,98)
(121.42750879094412,31.24859549619761,19)
(121.42679568223573,31.267247369354614,11)
(121.39310359651985,31.268908748624607,36)
(121.43302214619699,31.231824163688287,13)
(121.38949648382184,31.25618768550464,15)
(121.41054330026931,31.241962637483,1)
(121.44093152740172,31.24060062390515,48)
(121.41896383217266,31.22836828552322,27)
(121.37402972402964,31.272645191436407,27)
(121.42248273880038,31.232058887355304,1)
(121.38451014949264,31.257787417792244,36)
(121.40894445311264,31.246205558440895,16)
(121.43935805567706,31.249283816528347,37)
(121.3917444154096,31.29227229036241,22)
(121.37613806286544,31.232056649336936,27)
(121.46264845345975,31.25216891867234,1)
(121.41502947229637,31.248932601620105,30)
(121.43879554179098,31.266786215561172,16)
(121.42357695393909,31.26260687577604,36)
(121.36427742328632,31.311821364323574,47)
(121.43678864630705,31.25309604843908,37)
(121.44617577854875,31.241634521202297,19)
(121.37715877549196,31.233450795180758,9)
(121.40464170204443,31.26175014170166,36)
(121.44440490817823,31.251002689483194,21)
(121.37505819226028,31.237675206512808,1)
(121.4091058928291,31.24410189598438,12)
(121.42587226904497,31.23412142509439,28)
(121.38406388566429,31.229241095709114,36)
(121.4580547863217,31.27552521293182,21)
(121.36816090010217,31.26651570833769,2)
(121.41222617180105,31.291045191554662,23)
(121.43398967386446,31.237501444978037,1)
(121.4208614745328,31.24291407568671,36)
(121.4101990629564,31.227012864995995,13)
(121.42548549493792,31.271523336190548,29)
(121.4595543111123,31.257062524480283,27)
(121.4136154709982,31.28822469541501,36)
(121.43234657084275,31.234297095987685,58)
(121.43299013967936,31.23821384571034,36)
(121.35161305346178,31.286263195642793,22)
(121.4150964055037,31.23704124441386,14)
(121.40516372737383,31.294900380862938,7)
(121.42232566519478,31.260276227132934,2)
(121.43175145707123,31.23527220775563,31)
(121.41842300817963,31.252771827227686,7)
(121.40890126377548,31.245526681804225,76)
(121.42609879060667,31.26330900259748,28)
(121.4120575209505,31.244204210328395,12)
(121.40990551092382,31.242993895233763,1)
(121.40482005873974,31.304575997432885,36)
(121.37991103818672,31.25451165973306,36)
(121.38574579839563,31.293261457047198,8)
(121.36919215672204,31.287853722546068,36)
(121.4071735381812,31.263267265934786,21)
(121.42344187389101,31.231969497618284,7)
(121.42318680347826,31.245456651151265,22)
(121.42317330007423,31.26247311406818,14)
(121.45735613233266,31.251812416651237,5)
(121.36544023029828,31.236277325474482,2)
(121.38528560975331,31.25312996120119,37)
(121.4547869737183,31.259565613955203,63)
(121.36494481645151,31.313181838843523,26)
(121.38281326772866,31.249634117691965,28)
(121.38483903257169,31.267393711726886,8)
(121.44240890395747,31.24165183082635,3)
(121.4142192827961,31.231412971649885,15)
(121.45337180793102,31.245252883544335,4)
(121.42247040690503,31.245335104194364,36)
(121.38523582451376,31.231416127255816,2)
(121.38207501494037,31.245021340958413,2)
(121.40825178274518,31.260869586231873,36)
(121.41043271951686,31.269231822545844,36)
(121.39211457353366,31.28244533430259,1)
(121.43145680034783,31.24687835492949,38)
(121.38391892375884,31.287105354959127,18)
(121.45233857338725,31.26047461053887,5)
(121.42878151093936,31.250565161962932,5)
(121.38477229920342,31.280969714389734,36)
(121.43423846049623,31.263662875650972,16)
(121.44535150929556,31.254836451363122,12)
(121.41996503969959,31.276287042631314,12)
(121.44162430948384,31.258909667804673,34)
(121.43721694649601,31.264416382068635,37)
(121.34795788439295,31.281657758870836,2)
(121.39423359644348,31.29773992654316,5)
(121.39021564649079,31.27416287012586,17)
(121.4021960801921,31.22956575599759,36)
(121.42698961056878,31.240019130816048,37)
(121.35957058606068,31.280514402942533,35)
(121.40895565587324,31.245674661788854,36)
(121.38938477706985,31.257154582208926,33)
(121.39732719478005,31.239191626720153,3)
(121.42068023348779,31.261521368325777,9)
(121.39580866416425,31.2420282278592,26)
(121.4579823682637,31.264698016749307,2)
(121.40259880949664,31.25960893061344,36)
(121.40486664813668,31.23106885470745,15)
(121.45607483780306,31.2526276233944,34)
(121.42081421177497,31.235356190524534,3)
(121.39911446134761,31.24488686068151,9)
(121.43503948458769,31.27754373867338,2)
(121.41086983845366,31.22598228323348,9)
(121.42394875582592,31.241278213450446,36)
(121.42871852595731,31.265611234524233,4)
(121.3851314659893,31.291822040394496,21)
(121.46347052921446,31.256375846779914,1)
(121.4307264001165,31.237640996806704,5)
(121.38114048139508,31.286147921322264,37)
(121.38622624361737,31.242023837757145,6)
(121.44301186858144,31.254329506716104,29)
(121.45920965307988,31.25711677552058,8)
(121.42282798881844,31.24401626442967,26)
(121.40255533480342,31.243043957110995,3)
(121.42581560768625,31.237343940295574,36)
(121.37954045181583,31.2971246143202,36)
(121.41412568851655,31.292918421980808,9)
(121.36710773202861,31.309237109139787,4)
(121.3859597179552,31.250534399218534,1)
(121.44204490056522,31.254824753105876,25)
(121.4424468668154,31.242042947274896,13)
(121.43664272457566,31.239857346830913,49)
(121.40791012259938,31.304672125920018,6)
(121.38039888944324,31.24377406154604,6)
(121.4139934295829,31.266470563108435,15)
(121.42462514863941,31.22828799560609,2)
(121.38166241630013,31.27821920813469,36)
(121.40039012878178,31.258818389860288,36)
(121.40747178244752,31.266175505057117,30)
(121.43598381437567,31.27492444834219,1)
(121.37603620117082,31.23323737241834,4)
(121.45439994894019,31.252369966080224,23)
(121.40149504359562,31.287108651902653,37)
(121.44295015552265,31.244790385126088,7)
(121.39038219422176,31.257660463811806,7)
(121.45430074595491,31.247257907337392,15)
(121.41158926527869,31.244305501294633,32)
(121.42227945379842,31.260190517679348,36)
(121.38041433714258,31.244035662355486,30)
(121.3855329149063,31.257768194928833,10)
(121.43865004725708,31.254482317712625,20)
(121.46162239783384,31.253596904380604,2)
(121.41410565529642,31.24663789255883,36)
(121.44210825029312,31.285099923851075,21)
(121.38296253994872,31.236711897563502,5)
(121.40842892649931,31.245646852674266,36)
(121.43816273381867,31.237153656695067,2)
(121.42193927145543,31.279011709965502,2)
(121.38704980375437,31.22774201349834,10)
(121.43631516885807,31.239031403937126,3)
(121.38928385152673,31.2824236113785,36)
(121.43675926718747,31.259682957391448,10)
(121.38052255806637,31.244005879948798,36)
(121.43992982868538,31.281021538935168,10)
(121.40975147313154,31.22941588903304,5)
(121.41573696469509,31.23536624327814,7)
(121.42823891401261,31.236500383194436,4)
(121.43311712232456,31.252843518215233,36)
(121.40172553111891,31.25899781269383,9)
(121.44418365000067,31.243368759750993,37)
(121.38303006675982,31.29046554787485,36)
(121.38470008841578,31.257724050585818,19)
(121.42307038624347,31.26243117027411,36)
(121.38071638346555,31.290951416036073,36)
(121.46097500681785,31.251870616540128,12)
(121.45407453663778,31.273066514653397,9)
(121.38755558141703,31.24268823307519,36)
(121.44049899439298,31.260034852032494,33)
(121.38850716407218,31.296813815883628,19)
(121.41389117488893,31.23653730820157,52)
(121.4598179002122,31.249463148100602,21)
(121.45111497855315,31.25827873066847,29)
(121.40491021124416,31.294778173815175,4)
(121.4023446525581,31.270147713201734,11)
(121.38823665086274,31.259279081502093,30)
(121.38780053932905,31.24076602927148,1)
(121.42636780378353,31.24612441701597,6)
(121.41852364533986,31.242763697770094,19)
(121.37772636239667,31.254391819065045,24)
(121.38168416404064,31.286513624869283,36)
(121.39105213852122,31.237737567244384,29)
(121.38027006175135,31.25910067276742,5)
(121.38478498622996,31.267515714794232,14)
(121.40907927422732,31.29621174877165,4)
(121.40989570020577,31.24518117032029,7)
(121.38050211915113,31.29094218758166,6)
(121.41103393230692,31.26187231459934,22)
(121.40592099769856,31.24572756721001,3)
(121.39514947581938,31.3014808685685,7)
(121.40755677549784,31.289040975746342,5)
(121.42360696849752,31.25162307619191,27)
(121.37259213538053,31.256267348545858,16)
(121.41500095099612,31.26914977758134,15)
(121.45413167327492,31.25252045714665,1)
(121.45769712559355,31.268809163157623,1)
(121.34744649520535,31.289940186539575,5)
(121.40905407944986,31.29945767419813,36)
(121.43141417082109,31.262531785441553,2)
(121.3699694073203,31.23792067999516,3)
(121.38167754752222,31.279520760861477,36)
(121.42118121292916,31.242701780115915,9)
(121.43751989560883,31.246521159682427,7)
(121.36829411180966,31.309346258495275,5)
(121.3973338643922,31.26529817041339,15)
(121.43959198002347,31.241575038856475,4)
(121.45676850826867,31.26894920421812,22)
(121.39596014950965,31.223684901442947,25)
(121.35418095188041,31.27869097816914,6)
(121.36886522090379,31.31425883439493,3)
(121.4009098040815,31.28711933433352,7)
(121.40397876945042,31.230220463361714,1)
(121.37019860407611,31.235913083540567,28)
(121.40813645470212,31.247777888006656,37)
(121.43799324450531,31.259441183921396,26)
(121.37329796694856,31.288031590013066,36)
(121.3902199585118,31.259257630717087,19)
(121.41075626365713,31.230579426657684,6)
(121.42013904446841,31.228890061518253,40)
(121.40092306661099,31.24474234292086,14)
(121.38857570253356,31.25717293546673,7)
(121.36262193888973,31.245537855113763,43)
(121.42235698143787,31.262294612999444,36)
(121.44598753933278,31.24168498799451,8)
(121.39630472901567,31.236395027286182,36)
(121.38752594408305,31.258664255019987,16)
(121.39284614031071,31.256160026029143,36)
(121.36498712347309,31.309334752560904,36)
(121.43402740382979,31.233410891412895,2)
(121.45427289649344,31.271230341694856,12)
(121.42891619400314,31.256353823713376,78)
(121.3830289333986,31.277463246845997,36)
(121.43092284992719,31.234974738218146,22)
(121.38032735141431,31.296095051776426,7)
(121.40921133992501,31.251819733897257,121)
(121.40978132123237,31.252085243735642,26)
(121.37739006133936,31.256151200403078,22)
(121.40947278292337,31.259554942068174,17)
(121.44917178221813,31.26070871942187,17)
(121.394167135504,31.235570468849456,36)
(121.43578513322934,31.27505876028586,14)
(121.4227589995793,31.277835892354048,57)
(121.39320794066221,31.27493511081775,15)
(121.41224628632096,31.258070424580723,33)
(121.40071843906011,31.261190506495215,3)
(121.42463521819133,31.24247622066984,36)
(121.42920050120186,31.24468213629696,1)
(121.4350366140989,31.244574532242428,21)
(121.39013156806512,31.2740497639197,36)
(121.42527308674178,31.24087607492975,18)
(121.43659813177406,31.243721143368866,12)
(121.4025420943041,31.287107163167683,19)
(121.40940665248746,31.23230139918536,12)
(121.34055806587726,31.292686945451038,36)
(121.40186563539343,31.23619512850701,36)
(121.40196958170169,31.23261628737663,40)
(121.44633531251057,31.244812243426605,12)
(121.42726407803639,31.237331666968366,27)
(121.37476119746809,31.254215208644634,8)
(121.41300032926374,31.249792611914632,4)
(121.42391075446733,31.25381956878363,37)
(121.45041524066501,31.254876621491213,7)
(121.3881074765534,31.281583382046072,21)
(121.38557706999741,31.253644310809054,36)
(121.4272858014407,31.268716467020177,44)
(121.43035378447249,31.275614319796652,9)
(121.4397504388218,31.238522431158653,36)
(121.36027113903933,31.24828576583802,16)
(121.41096983386848,31.226183359358846,11)
(121.40185973305613,31.250501199469266,6)
(121.45337478532359,31.279589632337927,9)
(121.44248136617286,31.282958468461096,5)
(121.36035112787944,31.24133419227484,10)
(121.42519256782737,31.24820164459797,16)
(121.45363556060677,31.26068773198891,14)
(121.44791123907723,31.25408329999966,7)
(121.42215252260341,31.261353689005304,36)
(121.38787545021489,31.273302876200535,36)
(121.39896886952064,31.244906663997305,1)
(121.45647916083543,31.26804343171332,3)
(121.39928168210895,31.246685718917245,4)
(121.43502141313566,31.253480495126265,30)
(121.42941254173712,31.23660028133963,36)
(121.38294696590674,31.290387436229825,36)
(121.37224764625915,31.313197779426673,6)
(121.38754278190186,31.257497949442218,9)
(121.38224073901348,31.251128214423627,36)
(121.3688566133861,31.25236845531323,18)
(121.34535116393805,31.281013716925308,3)
(121.43097433366623,31.23364531226424,4)
(121.39618336411138,31.247739954754117,24)
(121.42869411815576,31.25078485781345,14)
(121.4372022270121,31.27882746212716,7)
(121.4235753197805,31.24386065299326,60)
(121.43346019178878,31.25919288380701,14)
(121.45770009743394,31.26776073756707,7)
(121.37990921303334,31.23150597870759,9)
(121.34512302572425,31.296802646944126,36)
(121.43092469546397,31.271461977661613,36)
(121.44411619175756,31.259562003240692,2)
(121.42329482444809,31.25114467726466,23)
(121.44104873790411,31.279878407347997,14)
(121.40548042758532,31.242682981774454,32)
(121.40597412106213,31.247118188859133,12)
(121.39291315025253,31.2977104521901,19)
(121.39058943430297,31.268274651444283,5)
(121.4512810051488,31.27174946381533,36)
(121.4225901307073,31.264387574202708,798)
(121.39629685701425,31.24123109742703,30)
(121.4356502642837,31.264130421188067,36)
(121.42986394646604,31.25902377834166,12)
(121.41614231321687,31.253093011717123,5)
(121.42796865792124,31.280642748804436,1)
(121.40919201842517,31.22469290617722,7)
(121.42520176917868,31.239502162762694,23)
(121.45526016834148,31.256138853919115,30)
(121.42076554382861,31.27725596730989,15)
(121.42310435848448,31.262452154840823,35)
(121.41233614903228,31.23960582577268,9)
(121.37490790383961,31.271409767673077,28)
(121.41261193415879,31.25529612938773,36)
(121.39951547060852,31.300570323655762,3)
(121.46064869280747,31.26116039964451,43)
(121.37380277190258,31.30008901982062,36)
(121.43035331588119,31.247649600046064,25)
(121.3982514297796,31.248567188662427,10)
(121.40537165834425,31.242181946968476,22)
(121.45943261362633,31.257401238902226,6)
(121.43440727858258,31.267852656333982,2)
(121.45358157534484,31.268515340699107,21)
(121.38144946269786,31.293154052341286,36)
(121.4428049834894,31.239649304983654,6)
(121.37901219786026,31.244498889231377,2)
(121.41491805515632,31.228686181558505,8)
(121.45284085424348,31.2657949058035,4)
(121.43543997416286,31.244230870230655,26)
(121.45107609794387,31.274557925357357,13)
(121.42176444984378,31.280487301522566,2)
(121.4115662789272,31.244394545741624,14)
(121.4293984340229,31.246639811834413,11)
(121.45214437445615,31.24778061772095,25)
(121.45014542874195,31.258501958430823,32)
(121.38003526476969,31.24093070746756,35)
(121.43770231759362,31.24330747530988,36)
(121.3847451021866,31.231869010466227,22)
(121.4098419811078,31.236833417631942,37)
(121.40390802541259,31.24485952535716,23)
(121.42870252209886,31.265601431285095,37)
(121.36702792016392,31.30905589964335,36)
(121.4282437109893,31.262503243741964,19)
(121.39297891352727,31.26493675666958,15)
(121.43656199057273,31.233985386050456,14)
(121.45406854140869,31.260864899711986,31)
(121.38948158650528,31.268993173058263,36)
(121.4270204181896,31.238194277982497,12)
(121.36666518151104,31.25166398051001,27)
(121.449716722437,31.24397205437912,4)
(121.38424889256758,31.277935730888426,16)
(121.41493653794763,31.23775562539407,1)
(121.3645639630675,31.31245049603891,2)
(121.38736774593353,31.25022393305953,23)
(121.43425629506936,31.24830095492543,1)
(121.42302061103801,31.26451109761652,1)
(121.40990068833392,31.259535231049668,10)
(121.41129284895528,31.261611154917578,19)
(121.38659688915784,31.26823159391011,1)
(121.36031665234736,31.24165487940685,6)
(121.36649995795815,31.242193666294266,2)
(121.43605780868371,31.253240070103843,36)
(121.3869381469561,31.255908579694992,23)
(121.45930177410985,31.255311862265135,33)
(121.38455716384154,31.231018079823684,16)
(121.34987174266271,31.302055358171078,36)
(121.43520768481696,31.270648053501013,6)
(121.42476412062479,31.242772251404222,18)
(121.43534439235779,31.28176409526015,24)
(121.3874119215646,31.259633582877992,30)
(121.42326249435848,31.243963252939366,14)
(121.42945932465511,31.24622956799371,6)
(121.45272633234127,31.25668020353818,35)
(121.3724035029074,31.286869962121163,37)
(121.38366857366076,31.283230720639263,33)
(121.401873537738,31.22922714341085,5)
(121.43286548509782,31.252975868726004,29)
(121.4555664880724,31.268548554696967,2)
(121.3743242240942,31.22731254943369,34)
(121.4373432765511,31.2361197165938,2)
(121.38008087290603,31.24401610855622,17)
(121.43765324016809,31.236739591488412,24)
(121.41335829614468,31.239347845468874,2)
(121.3845692741693,31.23896700166386,16)
(121.45366970732222,31.2523024113382,22)
(121.42866255131771,31.23796163953035,10)
(121.36708762908329,31.309019307135337,24)
(121.35825015932332,31.305180054693917,22)
(121.43631535193946,31.24113635373734,7)
(121.43789395427693,31.2542300523267,36)
(121.41337434675134,31.23147560956388,15)
(121.43354320109022,31.24918440339504,29)
(121.40459021217558,31.231949820309115,6)
(121.41135554739229,31.238350174994128,31)
(121.3844795387321,31.28348565864689,36)
(121.42172319282218,31.247338500850933,5)
(121.40990688986273,31.25958843223455,5)
(121.42658603084587,31.239893431790552,30)
(121.44173271836421,31.259547777321963,30)
(121.39928470714624,31.281357556081296,3)
(121.39115396117658,31.269246443251788,29)
(121.3838655423622,31.2415868716021,1)
(121.41054436566208,31.254178056585967,11)
(121.37014457474946,31.23658131320902,36)
(121.36263392031223,31.240110236382474,28)
(121.4522071326553,31.27723601564569,5)
(121.39367785525751,31.23594636920505,5)
(121.38118765341007,31.264483946996783,5)
(121.38296121924891,31.28162689768295,37)
(121.42331716032452,31.25086195428551,31)
(121.40683758409577,31.25227249128678,6)
(121.35167538163094,31.30011981791005,13)
(121.42116724188926,31.25437296213753,13)
(121.46140898005407,31.25360439396592,33)
(121.44190106945346,31.256173124070543,3)
(121.37699360293851,31.268607090020687,7)
(121.44194668173343,31.266648912728172,28)
(121.39565167217964,31.300013470762952,36)
(121.41258365116596,31.246207416396217,1)
(121.45743591696733,31.24716532674085,1)
(121.39972904518918,31.28710172911619,13)
(121.39016594345526,31.282438972675973,22)
(121.37873967317546,31.231015476474152,10)
(121.42848008249116,31.237811254161095,3)
(121.42324921213866,31.262228954071546,36)
(121.37453375934084,31.313996235610944,5)
(121.44338590618499,31.27445751985024,8)
(121.38895400400372,31.256026215099187,36)
(121.40276631560396,31.29961477935781,7)
(121.41369035705233,31.287234273425927,36)
(121.38405254085447,31.271409689263518,5)
(121.41086774819334,31.270378041740226,36)
(121.40566291599218,31.25639625534346,31)
(121.45380161703372,31.270297371999533,10)
(121.39088170745175,31.231475208153853,24)
(121.385675637044,31.229905851359387,3)
(121.33714698807388,31.294118595287642,22)
(121.39848623989833,31.246394010659763,1)
(121.41116132473358,31.24378435033058,25)
(121.39650336828966,31.302379130976657,36)
(121.35382691550377,31.283968937922314,19)
(121.42857198867351,31.250431333611747,25)
(121.43815321136705,31.262103111178174,39)
(121.39789800645546,31.302803613749354,63)
(121.3974087781195,31.305492101206998,6)
(121.39016074236554,31.282105372423437,36)
(121.46185801458219,31.266218557234588,4)
(121.38938370366763,31.282767831659637,25)
(121.45285704041342,31.279874778127194,2)
(121.44170114943188,31.252348685881977,37)
(121.43792618494844,31.26151006625575,1)
(121.41519850006753,31.270143717005922,2)
(121.45539159804424,31.27633218436442,36)
(121.4557162200733,31.24672075934354,21)
(121.39945640538176,31.23128281163847,17)
(121.3991963006806,31.258177551758656,36)
(121.39065103833487,31.274644372048108,37)
(121.45271026439804,31.243953614633273,5)
(121.40739489423137,31.24999036140155,27)
(121.42926953265653,31.245991652056812,18)
(121.36421941580396,31.309739962382178,16)
(121.42922214559633,31.25356845991121,28)
(121.44481109750909,31.2642148375324,1)
(121.41251208018635,31.245155675996383,33)
(121.44137486009545,31.26512672279061,23)
(121.38146253299924,31.27080290976218,36)
(121.41815355382757,31.247270611712587,20)
(121.43768224763924,31.242126972843728,20)
(121.43157188792878,31.27188445305968,9)
(121.36145943243874,31.28347665575698,7)
(121.40544099567511,31.270847787031457,33)
(121.38395586093331,31.299258909952698,4)
(121.406338915179,31.245774221040097,29)
(121.45354155354492,31.270010301055162,7)
(121.41097628146707,31.300067012787146,12)
(121.44796731390889,31.248275462438443,35)
(121.33978438006439,31.28769502563529,35)
(121.41934765127725,31.270152206637015,2)
(121.43596049955367,31.270900791618715,25)
(121.39822527235144,31.264117247869187,12)
(121.45531189747872,31.276766594242076,30)
(121.45422236608663,31.24776594795374,22)
(121.33733015240153,31.29657485278755,94)
(121.40555392442239,31.237109576542178,27)
(121.43783327392144,31.25675123639894,37)
(121.43884749274794,31.24428131855573,1)
(121.40740278140255,31.2661334883731,37)
(121.42228755321665,31.24526619920659,25)
(121.41524066562287,31.22814821741284,17)
(121.45511680393105,31.270894475458622,36)
(121.39006822943719,31.230839959593215,36)
(121.37872773793814,31.266472160989093,32)
(121.44471846684984,31.26488029796888,4)
(121.44500333876421,31.258448054209506,12)
(121.41660057322567,31.258756290552743,36)
(121.43570797350169,31.241045075628747,3)
(121.42659563414378,31.27215131868762,13)
(121.45661212430714,31.253539835064892,12)
(121.39790862166014,31.241363461870133,4)
(121.40593610125788,31.246908093642165,37)
(121.42509134220334,31.23957693982676,5)
(121.42553287747383,31.271551140645265,3)
(121.35313572374804,31.295206026979145,6)
(121.41100136512847,31.243826397803073,36)
(121.4427781163757,31.263561876817633,34)
(121.40813565450796,31.24771768795783,15)
(121.42519496751707,31.239502161358686,25)
(121.42168442704798,31.241415360672683,15)
(121.39736217484008,31.28465018360621,6)
(121.40875199470432,31.24676199029723,37)
(121.45149117182946,31.25023303913346,62)
(121.39437698670346,31.247625133807254,36)
(121.45475196864004,31.26407460010764,12)
(121.44740536542379,31.283191289119692,37)
(121.41541395134638,31.29075611478188,1)
(121.44434441367656,31.25577198232628,25)
(121.42930032437464,31.2554938133088,37)
(121.39019304937104,31.282512277502974,36)
(121.38465668727797,31.277127631806234,34)
(121.38618828058009,31.242882190767176,3)
(121.37282213952221,31.26378589428799,37)
(121.43342834465035,31.250963509075333,24)
(121.3741569437317,31.238450437910718,4)
(121.38941392871142,31.27358005331133,26)
(121.4433937803031,31.261707099448117,35)
(121.365066465537,31.27706460141598,15)
(121.41309799147376,31.234828865299015,26)
(121.39574375862101,31.232040662499756,2)
(121.44451409152171,31.27888052043797,26)
(121.37763346805089,31.24553380025143,8)
(121.3997794358772,31.28805880649116,37)
(121.38301304629911,31.29045152582065,37)
(121.38459866761835,31.257769333041445,29)
(121.40208406554353,31.264110093161726,2)
(121.41257414951627,31.297107312935104,2)
(121.3907349816857,31.273231838792416,13)
(121.41561292411666,31.265407044140836,5)
(121.38722868610284,31.25891612415627,14)
(121.44857327479143,31.25967800285253,36)
(121.39200255470895,31.23522970926192,32)
(121.4230054200464,31.262172105530635,36)
(121.39454672704152,31.297018810235432,6)
(121.40232570304082,31.224896620876596,36)
(121.38921447459262,31.270324539578386,26)
(121.41106249576049,31.245483127409344,32)
(121.36498230411935,31.27692741774039,12)
(121.43860043603861,31.254313008583853,20)
(121.4105745271139,31.244635830737494,36)
(121.40997750738157,31.242755279622052,36)
(121.41898984077297,31.2654296206304,7)
(121.39776630056284,31.22658403265193,1)
(121.41121795011571,31.274019433312596,1)
(121.37890067893353,31.228670575019496,15)
(121.42693209309763,31.261079078127135,20)
(121.44189223128147,31.257334571756036,3)
(121.43978139271265,31.238612426889688,2)
(121.3893813704187,31.25600752304374,36)
(121.36700475308231,31.250123458779655,3)
(121.41904625411098,31.25463565337658,36)
(121.39356840005284,31.288918047972615,26)
(121.36508147935577,31.276916562615305,36)
(121.37488730623241,31.287094416396016,36)
(121.39408442352776,31.250958319490078,2)
