(121.41846591593162,31.22909013888226,5)
(121.41710077159138,31.25329544856041,55)
(121.38424781251432,31.237616095563713,60)
(121.42620632801189,31.261667365570226,36)
(121.44644303488455,31.24484256225048,22)
(121.39903870806363,31.259526270227774,37)
(121.45332972528547,31.26616209198378,8)
(121.41542181231429,31.28920648969185,2)
(121.43554340504639,31.2395096158317,2)
(121.36416620793027,31.311576152088012,4)
(121.39224307525677,31.238280579729523,7)
(121.42886526051801,31.2595418760319,7)
(121.41208121365088,31.291049226039004,36)
(121.40217960952957,31.251134962719657,24)
(121.40374390927536,31.30441380531671,24)
(121.39146612904266,31.25696137953407,36)
(121.45428622558808,31.252374198923143,10)
(121.37106349677883,31.253321035631572,36)
(121.42847536839977,31.274029068653473,18)
(121.4258266165931,31.26050318712665,37)
(121.42463465350633,31.235994290756548,11)
(121.43606645539163,31.23697615285249,35)
(121.44343730985992,31.245780048859064,29)
(121.36905853236063,31.314159068636137,35)
(121.44201412838942,31.254152394734803,2)
(121.36552585061568,31.249052280307524,5)
(121.44802836479538,31.261340806580268,2)
(121.45891252339862,31.25042117773923,10)
(121.39022841741522,31.248451807761054,29)
(121.38924454092309,31.296888973410276,37)
(121.38985327990034,31.238922276279858,23)
(121.37478028313201,31.28941301374971,36)
(121.41457304385962,31.234286955144732,36)
(121.46376331103629,31.26146881669548,7)
(121.37249969681568,31.264369724617527,29)
(121.4283389343494,31.265361857662942,1)
(121.37487942901467,31.28943414477495,13)
(121.37235041616388,31.28681286951744,46)
(121.43796429593627,31.282418902048992,36)
(121.41041324578573,31.229574017544806,13)
(121.3616699148026,31.249843692351973,18)
(121.42706092525384,31.26844619032923,3)
(121.4260329698552,31.278423586357782,20)
(121.38566578240174,31.289385351406523,33)
(121.42404892416123,31.255727542346705,28)
(121.41459312124442,31.231301797955602,3)
(121.37885790837348,31.266483310176348,36)
(121.36765355419827,31.23779435990397,4)
(121.39494136855635,31.26726183011406,5)
(121.39893875559866,31.249051652115295,26)
(121.42274559016668,31.26156202755354,31)
(121.35453098529673,31.283336996271668,1)
(121.43888539152998,31.26681109901139,16)
(121.42664810085063,31.252916176308748,11)
(121.38836465343344,31.28237954499747,5)
(121.36877281655039,31.273102531310204,62)
(121.37884456134927,31.232712065416404,1)
(121.42188895784658,31.236997044632734,16)
(121.40975062091887,31.244000660527167,36)
(121.42465002084911,31.240375263484783,1)
(121.41907045727518,31.251194794412704,19)
(121.40116746421393,31.248490073947547,36)
(121.40548404501907,31.22358644083358,33)
(121.41264166553835,31.24703832692582,28)
(121.45618403066604,31.271255505427558,3)
(121.45406964100306,31.258796703739723,58)
(121.42477935561848,31.24563451987412,36)
(121.3790929731698,31.2992689336459,36)
(121.42623234627281,31.2392584524071,4)
(121.39286104612927,31.23634206827957,36)
(121.46194908721226,31.248787036777717,3)
(121.43992663912455,31.28221110634332,2)
(121.44969312618977,31.253051873624482,1)
(121.38881985504375,31.25715727963107,9)
(121.42113754545227,31.257590383871747,14)
(121.40603633958503,31.302574743926645,29)
(121.36422421645955,31.309774662855457,13)
(121.33438928942438,31.294683013998466,25)
(121.41250843322487,31.29712549915393,6)
(121.40011418722509,31.249064037376524,2)
(121.42807561179734,31.26529423409,15)
(121.4070851774168,31.2934697535434,28)
(121.41114644470427,31.245119950202348,13)
(121.37776468843143,31.257552240386907,36)
(121.41061646497444,31.22763384112544,36)
(121.45131113563374,31.245562018271176,19)
(121.41609598079917,31.23755509624269,29)
(121.41991398994784,31.247008980553062,29)
(121.45479917844935,31.267878300250494,126)
(121.3980928713943,31.2658916592782,37)
(121.38805791112199,31.229656704344624,20)
(121.45386015034573,31.251161526231915,3)
(121.41627023936384,31.230053596298767,11)
(121.39952811126064,31.262025511148213,71)
(121.38050209901027,31.29071109502411,17)
(121.40908508771318,31.24413199160975,32)
(121.41819224526604,31.23093412635811,17)
(121.43306986402895,31.273222995511258,1)
(121.36493721539196,31.313124938081117,8)
(121.41766720395333,31.249811894928097,1)
(121.38816281047063,31.296310351675498,24)
(121.39174344587322,31.28116279273163,29)
(121.45540238859682,31.267832893133907,37)
(121.3761871200379,31.298920497194246,36)
(121.39116622816191,31.23775565127185,19)
(121.41918547394496,31.25225419853071,36)
(121.41791427321394,31.249563526125847,21)
(121.37464910387617,31.278044214692535,22)
(121.38244579260791,31.24901348337818,2)
(121.3800589429057,31.28375681431336,17)
(121.44634591471791,31.24483174525031,27)
(121.40943769945848,31.244358856114427,27)
(121.4014001226585,31.260820986478493,27)
(121.4593022201003,31.260465099358655,1)
(121.37739387591091,31.299963322696204,14)
(121.41195114372931,31.289833767348902,9)
(121.36836339140027,31.31434115533754,40)
(121.43680658258947,31.27563166516498,31)
(121.35651844774073,31.307633600031185,5)
(121.44218783172114,31.254784879492334,8)
(121.42878313954654,31.25036497672044,23)
(121.4239632814345,31.235990809126097,28)
(121.43971732240131,31.248006731491127,9)
(121.40501148953152,31.22909695999289,16)
(121.38534911776637,31.283199009489433,36)
(121.44210671140955,31.24287328654521,68)
(121.38978804305742,31.28275311828898,36)
(121.38276532003057,31.2461476765111,9)
(121.42307317935568,31.248628143502422,37)
(121.35886936982104,31.305217090381234,26)
(121.39005878682771,31.23130695134022,18)
(121.40996390402974,31.2427877767311,23)
(121.4488745301732,31.26182074281681,37)
(121.41911847197395,31.254125169468686,26)
(121.44267583356667,31.246610630899493,23)
(121.4481501875193,31.253512342054844,17)
(121.38620501710776,31.262647881695575,36)
(121.41854291700128,31.252584683663624,16)
(121.42746662329303,31.26522547968926,3)
(121.43069449678045,31.242871790543074,17)
(121.43333064392621,31.250804370414887,4)
(121.45057886226522,31.251713175849915,5)
(121.43906805655183,31.266537723154457,15)
(121.41044341973621,31.2316369619779,7)
(121.44901213433006,31.26073002129882,36)
(121.40963942395908,31.259745976317888,11)
(121.43683753542773,31.253840371210117,36)
(121.39705634533587,31.27682984077318,7)
(121.41813952964314,31.26038985243228,36)
(121.46408303610347,31.259833328246536,25)
(121.39504796200924,31.273348451182862,36)
(121.37014405181681,31.230556558627054,29)
(121.3918368179249,31.23506557861572,20)
(121.38730703307552,31.25023372223745,4)
(121.45892911891522,31.259515509329894,2)
(121.39588695383489,31.26780952902895,36)
(121.3871039864535,31.273283238665535,22)
(121.44256993929163,31.257017378305644,37)
(121.38040294298844,31.290326836490788,27)
(121.41041161446255,31.228051597709083,36)
(121.45389816730096,31.252410999730433,20)
(121.35696455045645,31.281225381864207,11)
(121.40967472090921,31.24501012078022,1)
(121.41849897926414,31.25298288109204,30)
(121.43793188734848,31.254179978226137,36)
(121.46152707021427,31.269881131955806,22)
(121.38726602438373,31.250311314788302,15)
(121.41441080366134,31.235266219346073,4)
(121.41007059845766,31.2443587801004,9)
(121.42232458530022,31.2468704836914,57)
(121.43005834521882,31.246706642219806,19)
(121.40226672998108,31.257846667008977,37)
(121.3987338154827,31.232009642653974,4)
(121.38234157146398,31.270850812953352,36)
(121.42250462967588,31.247177520572407,1)
(121.39280394423619,31.232227163173633,4)
(121.45139115400963,31.255850012383366,6)
(121.43054646690054,31.24017569182531,1)
(121.43708471286887,31.259293355024194,58)
(121.4017405459496,31.259123870718902,24)
(121.45136342780124,31.25578746669832,5)
(121.38247175065504,31.271181080454305,11)
(121.40508800900749,31.29403346715758,36)
(121.40813365047323,31.24217197652317,18)
(121.38545793964046,31.287144619991242,37)
(121.45808406201964,31.25653905772543,3)
(121.4063193101168,31.254385100197293,36)
(121.38994049424954,31.28232393154086,26)
(121.44871315502814,31.24196429825681,21)
(121.43016333535395,31.279192001483676,21)
(121.38026560229555,31.274811974303148,19)
(121.40569221665396,31.248360725645114,1)
(121.41034552985742,31.244150648456248,29)
(121.38440998889264,31.260636430260497,5)
(121.38290532666034,31.24654476815825,2)
(121.35979115760412,31.247222823293747,24)
(121.42707098870439,31.26828843346442,17)
(121.36401748186272,31.252761633893606,11)
(121.42238806130501,31.26350611165717,33)
(121.41827009099717,31.25263984656787,7)
(121.36797917910661,31.249451149018945,8)
(121.42746111002477,31.228710540013072,3)
(121.34094688300982,31.286508738992207,36)
(121.41883964635365,31.228712770536212,4)
(121.42555732617554,31.24259252566647,1)
(121.38126644368953,31.29545677864577,37)
(121.36435013404119,31.30944507811585,15)
(121.39787889151424,31.25574019922282,30)
(121.38299484450201,31.24703958219993,8)
(121.4378859602176,31.254147026960556,34)
(121.44072794324369,31.26413927629126,18)
(121.37368589137671,31.268948199590774,37)
(121.35949968110404,31.248517616959617,23)
(121.38032188694935,31.23333225516846,12)
(121.43868205993218,31.281805871561783,36)
(121.40001764057041,31.277568226555175,36)
(121.44939076097705,31.258451675451386,5)
(121.44723952804375,31.27892989096064,1)
(121.41142188521567,31.281378135115826,1)
(121.39771727406193,31.24949439210515,40)
(121.42491522110294,31.24358502724134,8)
(121.44727981082295,31.257556184575183,31)
(121.44153555604544,31.2650074267493,17)
(121.38876248852,31.252030321786435,10)
(121.42493620179368,31.245607382355608,37)
(121.4070433728456,31.249879437411774,2)
(121.39274823126088,31.247454002379204,22)
(121.40553220539185,31.248335704585152,5)
(121.44594353848552,31.27552631697185,11)
(121.40506032904275,31.261612469884156,27)
(121.42855153633822,31.23630599520258,8)
(121.35250988090435,31.308881668054305,14)
(121.38276984229374,31.256810222512442,11)
(121.38868053563795,31.276365668834956,12)
(121.44156386860699,31.2462291877225,27)
(121.45277133872754,31.246467616799574,6)
(121.4006804696096,31.26167470459726,1)
(121.39859431988044,31.234171838227937,36)
(121.44049759775947,31.243971786883506,29)
(121.3859425433788,31.283187262403274,1)
(121.38766460533878,31.273143038811018,3)
(121.37994463658121,31.294644279852648,26)
(121.45149124797979,31.245289416183777,111)
(121.40298520294944,31.248217631372064,34)
(121.40579123722773,31.248539810636338,36)
(121.42435876126028,31.23423570511148,30)
(121.38503031027243,31.27976505840426,29)
(121.4638330965672,31.25551280428361,35)
(121.38659207871886,31.235988417464227,24)
(121.42871488375367,31.276862492384385,5)
(121.40314986173092,31.284855421676685,8)
(121.44530263664892,31.2457959868931,25)
(121.4111808924807,31.284708849717916,17)
(121.40508500954965,31.26172693240046,36)
(121.45374563915317,31.253616836048636,13)
(121.38908730086857,31.29253755817637,1)
(121.39016054227469,31.282443371674315,29)
(121.40698094751072,31.244991265799193,28)
(121.37329276908022,31.228240672172795,13)
(121.38552435701249,31.265763176656563,29)
(121.37184075695315,31.23070191388239,36)
(121.43029330557982,31.27627043318399,37)
(121.36412770317983,31.30945565249292,36)
(121.37483440195928,31.264898256307287,34)
(121.40247267915197,31.2834144832728,11)
(121.40486635746477,31.239409431383088,68)
(121.40657271417064,31.24229805500962,36)
(121.36497112014631,31.313278141712864,26)
(121.37523836831164,31.287101168274834,36)
(121.39027987050972,31.267100525627285,24)
(121.43013037737576,31.25628331342232,5)
(121.44659716915324,31.25413247212636,1)
(121.39328823741143,31.231805254603838,34)
(121.38587417557058,31.233789805117603,16)
(121.44248610302529,31.283287479907518,31)
(121.44795565063077,31.263779489512775,36)
(121.43567977013497,31.258734937189082,31)
(121.42399469888979,31.2411091024063,7)
(121.43753869282754,31.240135031680943,7)
(121.4306194775489,31.23436107825048,17)
(121.37795910230516,31.293822551250088,7)
(121.39845027158682,31.2457830252556,21)
(121.43731533132504,31.259183997525124,28)
(121.39963902699301,31.248509789824645,2)
(121.40849844356312,31.245687866993556,36)
(121.40892554846194,31.246500653950246,36)
(121.45157866907074,31.26022700290155,14)
(121.3829253520225,31.246256703145434,17)
(121.41991486893707,31.250161843603735,36)
(121.39089626317684,31.286478404238512,10)
(121.43810848664769,31.275878002515523,16)
(121.37583671493596,31.230877050538787,5)
(121.40798962586092,31.253237896100977,37)
(121.43712900081871,31.247269839708938,37)
(121.4333577314287,31.27154885589713,36)
(121.4052400425227,31.223752500430233,25)
(121.42075430972979,31.23666451982767,1)
(121.39332219055723,31.265450176400325,37)
(121.35541364860696,31.295161371231764,5)
(121.39710133315042,31.276438697471637,36)
(121.459382610231,31.27295420250756,14)
(121.44850676185435,31.26157848795875,6)
(121.41459174876664,31.244788839227095,36)
(121.42666193905173,31.239763306309634,36)
(121.4233166969611,31.24554559637659,30)
(121.44871315251125,31.241935285216496,6)
(121.4370346553921,31.24149854738465,32)
(121.37810441808821,31.254424904933572,40)
(121.37898448004712,31.22512902705956,8)
(121.40801066656077,31.238930968650234,5)
(121.39988346266115,31.230180440101016,15)
(121.36808587786682,31.313795555083907,8)
(121.41208492786046,31.25947138647243,55)
(121.39721897501751,31.283143509594318,37)
(121.43673661232317,31.25384655168366,6)
(121.38856499260078,31.25982557022101,40)
(121.44101745792624,31.26454501539877,59)
(121.37221589443392,31.237108335136956,3)
(121.38509931413573,31.27898279738795,36)
(121.44008633438102,31.24407544049573,6)
(121.44070451232508,31.28400594868777,5)
(121.44405212871311,31.280358888530326,4)
(121.4482889167603,31.257739257945254,6)
(121.37383600842684,31.244678833859993,25)
(121.43001173405764,31.246662132878523,29)
(121.37904627526733,31.233368894440073,1)
(121.37122508358287,31.28478480108351,36)
(121.42948931694309,31.246557683932746,34)
(121.42406265259396,31.241296134816697,20)
(121.3912940626597,31.292118936939588,21)
(121.4441682806589,31.25026885534652,9)
(121.38294696555786,31.29038343462522,22)
(121.37274434636265,31.256015436763963,11)
(121.38560987777235,31.247933628131914,30)
(121.39365164374671,31.24740662699509,39)
(121.37353847013837,31.24359597160043,1)
(121.4437789734093,31.245850686204466,11)
(121.37131489132183,31.313621549290023,2)
(121.37391415735492,31.25657818042618,36)
(121.4297323906165,31.259967982472766,19)
(121.3912229994265,31.26907641704285,25)
(121.41129549228779,31.291885722380425,36)
(121.42295966005946,31.264468122837187,5)
(121.40535691479583,31.256600323774062,4)
(121.37489097445537,31.249475284164458,9)
(121.4326036649324,31.250887250938188,8)
(121.40495866792139,31.231197922539707,36)
(121.383187060439,31.242389251311582,9)
(121.4165619216778,31.251058942713154,37)
(121.42692052956463,31.238236386416038,7)
(121.38308275534035,31.28406291972509,36)
(121.39188798283524,31.274625178623804,36)
(121.43019807692106,31.2342684933994,9)
(121.4046742743149,31.295768542673247,36)
(121.44618098042214,31.24484471627507,21)
(121.40996002486695,31.28339450453907,21)
(121.42256932379632,31.243362810025733,34)
(121.34146700853528,31.286085545942576,36)
(121.44118903728173,31.265271206590917,36)
(121.39425121305196,31.23585664468125,21)
(121.34279728059279,31.289698496772562,20)
(121.38141492352611,31.287102135429635,37)
(121.40782789634578,31.244758147924294,36)
(121.44511271397795,31.25378783932028,36)
(121.4378333499137,31.257624616158832,43)
(121.37487159827562,31.310110263269628,28)
(121.447526325977,31.24910661608352,10)
(121.4124672553219,31.258467544694593,31)
(121.36660273580604,31.283726624589907,1)
(121.42390395424273,31.25454613636079,6)
(121.43263077768768,31.264074951418724,13)
(121.38046690915422,31.231521578673867,2)
(121.45453524690232,31.271098752861413,1)
(121.38774649297666,31.251125136713597,9)
(121.36519606976267,31.247938211592974,67)
(121.43594653266582,31.264176578839592,25)
(121.42287445240186,31.249787798809667,1)
(121.36271755714785,31.246356793663068,20)
(121.3725176806576,31.286895121510597,21)
(121.43892432340321,31.278257847045438,37)
(121.44233336188067,31.24528757833604,36)
(121.37247593022468,31.244431974324986,36)
(121.41051183420198,31.225074919579605,36)
(121.39190763372201,31.234477192991818,36)
(121.38606264216322,31.2944158858672,7)
(121.41358759957151,31.231345454409194,30)
(121.43173666228493,31.23740119243149,16)
(121.3727443357541,31.255893383553307,35)
(121.38728402152381,31.227686178546293,5)
(121.39576177091122,31.232067683525454,6)
(121.43049050443793,31.2743816623269,13)
(121.43867962413591,31.265481823301638,3)
(121.43777971764669,31.260832078291287,2)
(121.44428414298628,31.26278611776012,13)
(121.45881533743534,31.27011829062191,3)
(121.38705556043438,31.293806475802704,5)
(121.39526071148266,31.257585835105736,36)
(121.33494319626408,31.3016134035699,36)
(121.42209452877673,31.249056431646242,8)
(121.40917004514435,31.2711216001819,3)
(121.36936278353296,31.2878539448785,37)
(121.41764522002967,31.25223764488338,5)
(121.41062743820912,31.243740421826484,12)
(121.42373582674098,31.25133085134261,8)
(121.4015954899996,31.25891274557986,37)
(121.37512174763793,31.287130450934104,37)
(121.3811647572487,31.242990509240492,8)
(121.4078268787934,31.248734022122637,37)
(121.4555444902274,31.27248013162203,2)
(121.42411502618457,31.25473884051715,45)
(121.39004443881822,31.238935417870575,15)
(121.45359348496542,31.247638502764175,5)
(121.37245609629358,31.25022804536471,4)
(121.42270255855888,31.266238793987647,36)
(121.36497252034322,31.313282541867235,36)
(121.40869259293221,31.276461776618625,1)
(121.4254312977775,31.23394071089467,24)
(121.42409360863412,31.241120031863872,3)
(121.41891522024588,31.230331971743073,36)
(121.45453124613492,31.270977710033012,24)
(121.43477831951921,31.259708510197488,15)
(121.43196636142453,31.283329759021488,28)
(121.40459104743955,31.304719029251917,36)
(121.40944077537706,31.22937489343416,29)
(121.41145877189435,31.238269810592932,13)
(121.40183992835476,31.250018096431095,5)
(121.42302060257457,31.264414056119097,3)
(121.41601715545303,31.29637711700624,9)
(121.43518287951338,31.26161782881728,36)
(121.42883435231859,31.2537397807732,29)
(121.42689229327401,31.24166944833128,3)
(121.37980907383297,31.23135480174964,12)
(121.44372676547412,31.24594965754242,36)
(121.41360111865814,31.272683305975015,8)
(121.40379671204684,31.30206490312186,36)
(121.40948675135243,31.279407924467037,1)
(121.37167115783105,31.281601569318685,26)
(121.42531250301748,31.23264761691235,5)
(121.45631434355388,31.276879487477334,1)
(121.43558796097244,31.281075503270472,21)
(121.46176107745357,31.270214104359553,22)
(121.36440874216488,31.309584784570106,7)
(121.42485872995297,31.273718599062594,54)
(121.37249767442546,31.229565254615167,36)
(121.45689692544077,31.25447269963663,36)
(121.40243023249229,31.288029110878295,49)
(121.37970358702732,31.238798080293112,25)
(121.4430291156046,31.280499594884038,2)
(121.42136875034265,31.28488772342362,4)
(121.37925061713217,31.23075780241478,37)
(121.40769094442129,31.29940749179336,28)
(121.44887454789078,31.26202483060426,17)
(121.43774876993585,31.24937411398587,31)
(121.42313551571836,31.26456503803286,3)
(121.44987091765418,31.24556477937578,36)
(121.40186943541157,31.249937002534978,34)
(121.45598509490567,31.271080275690625,17)
(121.43404148830083,31.25157152919777,36)
(121.41955397863339,31.234577197480224,20)
(121.38310606675786,31.24735130028779,12)
(121.44050646507301,31.26815714227439,21)
(121.4429193876733,31.242270636605166,20)
(121.40935607181548,31.23014761490631,1)
(121.44421379476171,31.245711758050085,7)
(121.40999590702249,31.259208324661397,18)
(121.3477953731345,31.30934463265868,72)
(121.37580437981651,31.23976765242989,221)
(121.40183912812158,31.250669994985795,1)
(121.43603523202515,31.247368106198635,4)
(121.41123030001353,31.243687294165227,22)
(121.42727579785686,31.258935483890067,10)
(121.37240317289898,31.3109427062849,36)
(121.41981384338345,31.241597938695264,29)
(121.41882569942389,31.254107708236177,36)
(121.38235904770225,31.299061298473838,36)
(121.45213990741262,31.258976350635884,26)
(121.4287274281046,31.265620936317692,36)
(121.43196580041749,31.254191211803956,35)
(121.42027579031023,31.253054930859747,31)
(121.38810786347611,31.251574618915214,37)
(121.41078704237323,31.22811628568619,2)
(121.44238930450607,31.285438389365584,19)
(121.34549526768762,31.278557971654394,36)
(121.40017915366661,31.261159872125873,4)
(121.43472487915587,31.25374598048638,37)
(121.39229783762208,31.24658534183171,37)
(121.40936876311173,31.244977139625558,36)
(121.41568554583489,31.25321124437861,18)
(121.3968245306072,31.245858405494342,34)
(121.41333003629013,31.26141744294976,36)
(121.42631774194156,31.245447481589636,37)
(121.42362103509859,31.241067364719854,7)
(121.42152576618443,31.25211674243599,19)
(121.4338185820386,31.258075973004175,66)
(121.39286134356051,31.25742762633074,37)
(121.3929809009624,31.287716223014932,36)
(121.42822646653148,31.265602222611367,8)
(121.36932315696423,31.28178672623327,26)
(121.45182254639191,31.280833197253276,1)
(121.44631580846395,31.244839839955276,19)
(121.39646446983221,31.235782707346786,36)
(121.42879774507897,31.265845850195518,36)
(121.42604461576049,31.240123003820766,15)
(121.40974084894901,31.25927369833011,20)
(121.36586705844806,31.27573743197449,37)
(121.43367212048716,31.2388976459173,36)
(121.42284703379717,31.279090348857565,6)
(121.44540170029417,31.2488241660429,22)
(121.37668643261115,31.26856852572494,37)
(121.38265664095735,31.29045518082632,36)
(121.44853852339527,31.241838558710015,13)
(121.42403519177259,31.270105724090882,25)
(121.41993113326322,31.242714542720915,4)
(121.40205478094744,31.230827676889167,5)
(121.38245264222199,31.235687507530738,21)
(121.3733960781313,31.26458597553333,18)
(121.44914168669507,31.27034388608805,5)
(121.42864591062754,31.264789472899615,36)
(121.38465669538758,31.27722067039222,12)
(121.35259168626244,31.281530991583715,72)
(121.44119219915717,31.26520503350741,17)
(121.43368382812692,31.281605070026266,1)
(121.40442274932906,31.25500941037431,36)
(121.44808411840506,31.271892457254456,22)
(121.44226528345976,31.254410717617255,20)
(121.4160492237685,31.25153836591157,36)
(121.38028901310582,31.243315743549868,36)
(121.42542826837514,31.251915776687575,33)
(121.4002073076523,31.261556519115967,6)
(121.44983084874092,31.259040748240665,22)
(121.40549543100869,31.248156974187093,1)
(121.37844376205248,31.245250345844656,11)
(121.41006940282125,31.230644559223887,17)
(121.42310432437199,31.2620609867093,29)
(121.43227189046209,31.259740494945575,4)
(121.45867058838199,31.268648985755853,19)
(121.43008647275876,31.240292091203933,20)
(121.45927982305584,31.25520886566709,15)
(121.42555696745839,31.238474669344413,32)
(121.40867358125718,31.23045761720615,37)
(121.3866936249618,31.252625940853743,2)
(121.36538759733564,31.246866736490205,25)
(121.42885613721512,31.235816476336115,36)
(121.38468818595896,31.257816548346234,36)
(121.40105753513438,31.238192431390345,1)
(121.45381161969195,31.272992368431833,14)
(121.41114630031758,31.243464209680752,8)
(121.43712438702077,31.256286996041762,1)
(121.37250316548128,31.304235958188656,24)
(121.44224927350258,31.242467446715175,36)
(121.40245676250382,31.24819423453128,29)
(121.3819648381369,31.2444719853529,7)
(121.43982698801675,31.234877663186744,6)
(121.34675580707514,31.288048223183445,37)
(121.40480014151169,31.237336421828232,6)
(121.41114652994459,31.246097386133073,6)
(121.45973764075733,31.25378265638214,5)
(121.35555837879375,31.28866502515938,26)
(121.42227839850602,31.2319381725467,1)
(121.37777799918277,31.237897533002247,11)
(121.42613551915039,31.245378275510593,2)
(121.36687951378767,31.249522011370843,36)
(121.42870822153833,31.25066816090377,5)
(121.42513479314171,31.254606197269393,13)
(121.408791714862,31.29990681880117,5)
(121.44348051342331,31.263339999600024,36)
(121.42323218724802,31.247768539484454,23)
(121.42105875099406,31.239402302775343,36)
(121.38166272462284,31.28175766537686,29)
(121.42473015791468,31.279503588539537,36)
(121.43220185982908,31.277126914965486,2)
(121.43407600062744,31.276960187500187,1)
(121.37853837309422,31.277223293815993,14)
(121.36967834230182,31.252549962355513,25)
(121.36992169015947,31.27524878387589,10)
(121.41253233876887,31.27091975732197,24)
(121.43101997704817,31.26255800618826,37)
(121.40913119905203,31.24408260127241,36)
(121.43344376400444,31.24254756205844,19)
(121.38234186474244,31.274217225031602,36)
(121.43872576131301,31.23932036010305,21)
(121.4244805942561,31.25450978548571,6)
(121.3802988421021,31.233145145175072,1)
(121.4239355895769,31.262158414107855,36)
(121.38675468239049,31.252604982419136,5)
(121.43186896579445,31.26584256691812,5)
(121.36885551324407,31.252255055408956,6)
(121.4472985137781,31.254076694286205,20)
(121.4134306192838,31.28916212629967,35)
(121.40577694775499,31.256693391296473,5)
(121.4485345861209,31.24740455087951,184)
(121.42785278207633,31.26435704281112,8)
(121.3791613861351,31.299307244425993,36)
(121.3883364731227,31.25280363217756,29)
(121.42254101583252,31.23142052629927,4)
(121.36990127909361,31.249252659662883,8)
(121.41267866005214,31.229462513266682,3)
(121.39980026651762,31.239741773715462,9)
(121.42468154364572,31.258177116416554,4)
(121.40258721211632,31.230084073561702,21)
(121.39436424674884,31.223949221479305,8)
(121.4012365192906,31.24889827220727,33)
(121.42788580590972,31.2650563108558,3)
(121.42811177765329,31.250847638996785,36)
(121.43644621396318,31.253388628771855,36)
(121.38588983417108,31.241182171300533,36)
(121.45434783077312,31.261061856783368,2)
(121.44755816792521,31.25769863245915,9)
(121.33499129713036,31.301591104172932,20)
(121.45347281990932,31.27118193255062,2)
(121.3812510161172,31.269302377311536,25)
(121.34425625228923,31.282491811289123,31)
(121.37130878210635,31.263665848022978,36)
(121.40913359964257,31.24403840185552,36)
(121.44174642225578,31.244954338996124,36)
(121.43738405932119,31.249072185496765,21)
(121.42321668450708,31.24439315441004,17)
(121.45176865718868,31.28067123501322,1)
(121.3996714541571,31.242420939497933,36)
(121.38016278988178,31.23794873401918,3)
(121.36130014695716,31.24097189134527,11)
(121.38203244590272,31.28371954475932,37)
(121.41615596677184,31.22626789312013,19)
(121.38564933764671,31.284230434054944,36)
(121.39298867020207,31.250589533527425,1)
(121.39167772561593,31.22752930094891,35)
(121.35956922159545,31.27855543334074,20)
(121.42100742822282,31.25510938473533,3)
(121.37394560325477,31.272691104571194,2)
(121.39816605507004,31.303665253945788,36)
(121.44038885904163,31.258870069402604,32)
(121.44783822814293,31.26933855880936,1)
(121.43593082908491,31.264395475365053,21)
(121.37586971957126,31.2534342198267,36)
(121.42303542632467,31.262542243103706,12)
(121.39560036357086,31.269449324796703,34)
(121.44705086622851,31.267393126340604,7)
(121.41923079980518,31.254162592897927,8)
(121.42231346080372,31.24358655637726,37)
(121.3751065515896,31.257779111432868,36)
(121.38084064071151,31.234664408140617,1)
(121.35050640080419,31.30566989065011,24)
(121.40092933211744,31.25538803373017,49)
(121.42804185877515,31.23477375458974,36)
(121.42257202909785,31.276357409910283,5)
(121.43362278361779,31.28009452175393,1)
(121.42524548018369,31.24267026589064,37)
(121.3887551746561,31.282943436137497,13)
(121.393673468108,31.26717876370776,14)
(121.36798877431923,31.314487675933535,33)
(121.43545773635428,31.234102171027107,10)
(121.44405003086175,31.24370773905086,37)
(121.44042775041511,31.281342402115758,1)
(121.45686538074065,31.247275591750665,36)
(121.36312326623313,31.309233339408003,35)
(121.39209709757911,31.22825890424342,14)
(121.37137390133384,31.309908637785682,4)
(121.39659457295869,31.23619895495965,5)
(121.4258158181365,31.23976003395361,36)
(121.4363703166691,31.25319764446871,3)
(121.3965239757471,31.274787192903027,21)
(121.40946108003483,31.26026923822857,49)
(121.40993759754846,31.242822271195063,2)
(121.36407639606949,31.309525046453224,33)
(121.41000971531936,31.24252658675764,12)
(121.42252501274093,31.24161370408604,70)
(121.42302040556805,31.26215508747836,18)
(121.3737594720622,31.239810550938888,5)
(121.4315568239417,31.245838376934664,24)
(121.42248790516432,31.26017046109968,20)
(121.43742231339135,31.260968623997027,4)
(121.41882349886615,31.25390100817287,9)
(121.40386003573266,31.232063671276514,6)
(121.42682962398817,31.23820045106734,21)
(121.43802522082622,31.282712938398927,19)
(121.39196093442135,31.239014735375534,33)
(121.43952380106388,31.261123750249585,37)
(121.442705359638,31.24180643464059,36)
(121.44954947296237,31.26853965131987,8)
(121.41872769546576,31.234597755830126,39)
(121.43076663764984,31.257645195844106,6)
(121.41205402009768,31.245948506255726,27)
(121.44295942076644,31.252548556683234,155)
(121.44598882350311,31.24775232326783,3)
(121.42762502618189,31.264233201379188,6)
(121.39154454867236,31.268789156245912,13)
(121.46077797708831,31.256924273470023,14)
(121.36521806184147,31.28861542628622,37)
(121.36439273991995,31.309642882588093,23)
(121.436659859734,31.253197263429815,36)
(121.39796228002835,31.24829795874045,6)
(121.34987175175898,31.302160398971548,15)
(121.40908288717227,31.244133591150085,16)
(121.43997144513017,31.263145451436714,5)
(121.37165264060528,31.267332870755972,5)
(121.45819240569503,31.268217040673612,21)
(121.42801307807567,31.269823216076745,6)
(121.42691311018602,31.24733684011807,1)
(121.43783259279999,31.24892179887076,24)
(121.4031103709121,31.299481788672377,24)
(121.45819826381086,31.262271291376777,12)
(121.37474635358464,31.25626208384524,13)
(121.41011474120135,31.242473708702608,4)
(121.44385961311923,31.247094730241237,78)
(121.42425426295881,31.250333016858747,36)
(121.43983711628104,31.268419416119258,3)
(121.41602702633485,31.23768618345284,17)
(121.38359273974953,31.256502878502957,2)
(121.4388708240785,31.282955855433418,22)
(121.40382269453816,31.24453483653943,33)
(121.39599202220468,31.26724238038909,7)
(121.43764341549695,31.234135662682107,6)
(121.4409840946539,31.23671778711993,2)
(121.42167020770934,31.247025396468484,23)
(121.40207138366104,31.250604341930114,4)
(121.36548199397802,31.30933891109406,26)
(121.44174748838121,31.25721974477773,12)
(121.36497282039451,31.313251041974276,36)
(121.38564538855948,31.227879974219572,2)
(121.43611147063618,31.26402301122026,35)
(121.4212198795934,31.2392211877439,36)
(121.45629713964772,31.274035338482896,9)
(121.43146287685184,31.247179886700437,5)
(121.38565077563574,31.300716007974845,12)
(121.39755519347975,31.22646589325201,5)
(121.42321480463342,31.24953366371551,15)
(121.42738647151116,31.26913902851976,13)
(121.39214110623274,31.227991808304765,36)
(121.45061873102354,31.274236767915873,3)
(121.40755041162127,31.22724970597906,5)
(121.44595413240809,31.241876181762283,10)
(121.40601809895162,31.24684606985623,2)
(121.41594584936587,31.269580192242664,24)
(121.42814738765361,31.261997525057627,36)
(121.45903772240943,31.252265959962454,43)
(121.38943843156599,31.256152627957334,36)
(121.4447174726733,31.243204359799932,33)
(121.41001431636695,31.25558106244405,37)
(121.4258002965162,31.233596245763007,4)
(121.39716148462925,31.266375490523302,30)
(121.43029652569902,31.259873096761865,33)
(121.35508281334924,31.303188765853246,31)
(121.44026884055363,31.242100286014185,8)
(121.43642796611394,31.268607295269263,1)
(121.42113687804421,31.249936030107317,4)
(121.42697551822141,31.25025271291465,37)
(121.39252516308494,31.299399875435512,36)
(121.44055882620532,31.247847423796742,1)
(121.3668373697563,31.25176541518687,16)
(121.36640008684878,31.234132869380904,4)
(121.36925063789164,31.23104754699054,16)
(121.42692157214448,31.250204739929416,37)
(121.45392813052415,31.252819118686542,3)
(121.42142834288506,31.248003363675974,23)
(121.37129761370169,31.307983802346726,12)
(121.4249573095307,31.240484310459532,20)
(121.42378889398765,31.24118929412284,22)
(121.40912549765052,31.244088900077266,36)
(121.4047574509297,31.286243737855933,36)
(121.40412887798767,31.26065063924784,17)
(121.39256131849326,31.26143700559248,19)
(121.40981276666818,31.259397713037824,20)
(121.42162625839295,31.270122436881255,2)
(121.3742573725095,31.253208139982902,8)
(121.42747909814973,31.263202894274702,3)
(121.40992289380726,31.259551235636177,25)
(121.40732325523534,31.258701098557005,36)
(121.42514535539475,31.239492651134977,17)
(121.42299063169455,31.264450092992377,13)
(121.43592739719067,31.24619712448169,3)
(121.33595446278864,31.296154130665684,26)
(121.44544995257274,31.25635899772585,22)
(121.40551662621793,31.241704742573553,9)
(121.39586468769097,31.276364110432457,35)
(121.42906500845058,31.258415118792968,36)
(121.44399296925597,31.242750794110513,37)
(121.37214584919032,31.306938529202302,36)
(121.4382484539636,31.241065365951183,3)
(121.4305160547724,31.24782863254621,36)
(121.3899174489796,31.27470388568695,36)
(121.43916422233433,31.258853285473517,3)
(121.43566026495135,31.254925240563868,11)
(121.45469445660544,31.2591758003589,1)
(121.43636432414372,31.23853920785486,11)
(121.4405307176329,31.280453419755723,8)
(121.41411228294494,31.258444577769975,1)
(121.39371083650042,31.242346717316007,3)
(121.39639690969035,31.241235144780248,17)
(121.38585915878376,31.233770783465644,36)
(121.39222800051954,31.269020083515894,4)
(121.40649575227856,31.28339437823783,3)
(121.45822791221708,31.247583806017726,24)
(121.34810499000298,31.3023762928621,28)
(121.40969909369136,31.26078804402937,6)
(121.45543486339199,31.246086060618886,1)
(121.44837137960006,31.247525403198598,8)
(121.44114626710468,31.26502902783886,7)
(121.43682641504878,31.239655012069754,4)
(121.44767906746155,31.26135869745047,11)
(121.41008573216155,31.234455303183104,32)
(121.41710407241075,31.2532959492511,36)
(121.37936812767097,31.288191001551866,59)
(121.36730607740645,31.249444264421385,19)
(121.45261996785374,31.256888477512195,202)
(121.38338569108052,31.247087539930163,32)
(121.38658150956353,31.28700735744198,36)
(121.42521857361918,31.24275466017972,30)
(121.45348903320922,31.27408111654223,3)
(121.41398434072202,31.243026002490012,6)
(121.37276447370593,31.303176888891254,25)
(121.43643123901924,31.253405655889487,14)
(121.38144389762476,31.229238541352327,2)
(121.41965770071364,31.247042632395274,27)
(121.4188863466635,31.237089581826694,18)
(121.41245255124052,31.2618069906401,37)
(121.42904176060773,31.234015472381707,24)
(121.39856139343274,31.24664945178854,22)
(121.41004642428238,31.255482569315685,26)
(121.43801832531027,31.248779639305305,1)
(121.40872063051388,31.24254810944978,37)
(121.45720834840712,31.25695512038069,4)
(121.40680140513443,31.245632150673007,2)
(121.364021888866,31.308357842865995,34)
(121.4113525466986,31.25519444196662,24)
(121.36914254894677,31.287853716069634,36)
(121.43149239170774,31.27784947150258,4)
(121.38172369241569,31.244479975540532,9)
(121.38021139293551,31.26933807713919,12)
(121.43545027490532,31.270801403010278,3)
(121.43867973731693,31.26678237728277,36)
(121.40103133274648,31.291131650349307,18)
(121.44971940813704,31.2588268941745,6)
(121.43999555038901,31.262616456971788,8)
(121.38384167716114,31.22962906739711,24)
(121.42412473570045,31.254370891544415,4)
(121.36497282039117,31.313262741947685,36)
(121.43738296002013,31.254081075948708,19)
(121.41209743072505,31.231089843456505,1)
(121.46369403710207,31.257928998431137,1)
(121.41098636265745,31.243759370420932,10)
(121.39849650795715,31.248273149331485,8)
(121.40794236332493,31.238726431467178,16)
(121.45074647090213,31.251579799694586,24)
(121.38741082393939,31.247034057674,8)
(121.35122905436158,31.284045211457553,4)
(121.39844942281644,31.23604563941436,2)
(121.41879371277908,31.25201073664827,18)
(121.42858859332142,31.255463127484052,11)
(121.38773811949456,31.235428096453493,72)
(121.45580697988987,31.25265471525928,2)
(121.37206481934179,31.297836388234384,32)
(121.40658277368995,31.27786080745463,6)
(121.43365747447812,31.242719385615615,26)
(121.44780271707731,31.254542780484744,19)
(121.43235771104165,31.281943751405187,12)
(121.4133473618523,31.25958258112149,11)
(121.43685755495807,31.253308049910554,37)
(121.45562482222226,31.24575146801614,3)
(121.36742379718488,31.241451595761816,7)
(121.37814082897421,31.276402678187228,2)
(121.42401128203974,31.25943118026154,36)
(121.40504889106825,31.302416182598243,36)
(121.45835789907133,31.26284319065691,38)
(121.42248760510437,31.260340060709918,3)
(121.44324153886484,31.267061634256002,6)
(121.37473093490513,31.251698066708602,3)
(121.41082891738185,31.226458287549775,14)
(121.4119220087056,31.23774232542965,1)
(121.45661612605102,31.256901829428294,10)
(121.4239411918859,31.28056915573472,9)
(121.41212103667681,31.24598622017778,15)
(121.44058967398135,31.258211927784004,1)
(121.41542429121435,31.237429300412437,37)
(121.38262529206513,31.246212652929398,7)
(121.37360932099152,31.275212732018865,13)
(121.38501634625536,31.29182593924441,8)
(121.3890466233644,31.26917272681894,5)
(121.36601408839296,31.276530795368114,20)
(121.42555730351441,31.242332408878255,9)
(121.36962418231093,31.230265707525472,8)
(121.40988738505591,31.25956372822698,20)
(121.41094824203863,31.24227871303043,1)
(121.42624234016061,31.23930746595224,36)
(121.44405923291164,31.24407664003585,36)
(121.40120789023803,31.276171977240253,22)
(121.37500660524064,31.25481277278759,2)
(121.37849527841631,31.230150806273496,7)
(121.38939641929218,31.25642171449953,36)
(121.42901041250629,31.252534804905657,1)
(121.38471418873284,31.272518122237383,36)
(121.39911993621578,31.30760891164958,12)
(121.38698589454535,31.286931662244047,11)
(121.39628952165685,31.274249848426212,15)
(121.38648151352126,31.276698048509047,15)
(121.41700362281301,31.238869306272907,1)
(121.36685253341926,31.241895355273357,5)
(121.43960017288248,31.255433170882046,18)
(121.38400541957044,31.25911339871371,36)
(121.41284013849766,31.24700541805728,14)
(121.43303410899222,31.262824949667902,15)
(121.37787885015061,31.257653414621277,15)
(121.46159297037327,31.261101531115848,2)
(121.39911441520769,31.244357624154972,1)
(121.41740866205544,31.230433272885122,13)
(121.44442791414504,31.251924158707965,16)
(121.34021281778442,31.28161436153229,36)
(121.36517565958796,31.277068767373997,37)
(121.34536679573684,31.287942565362474,23)
(121.43952326431386,31.25495307231059,8)
(121.43423812736016,31.259837229396027,22)
(121.41522617437847,31.235055293807406,36)
(121.43831584042759,31.260955390978406,36)
(121.39068290521811,31.295766976636454,37)
(121.42159468379687,31.246170701817544,19)
(121.42325415426382,31.261615686641814,11)
(121.45265914359193,31.261890391500145,3)
(121.43366231854122,31.233967818256556,3)
(121.4401860004463,31.253738574443478,31)
(121.38366199620803,31.258571842532387,3)
(121.36501594382241,31.249430887260484,31)
(121.374960495452,31.254316499047604,17)
(121.37272129969634,31.25588334926191,9)
(121.44062360199486,31.25808082034213,42)
(121.42731630905052,31.22916588245102,1)
(121.39203460160384,31.2919573487453,40)
(121.38575990194927,31.28952346754108,24)
(121.37432847638091,31.253199225102613,36)
(121.41675158411941,31.23353091283565,5)
(121.4429189734815,31.24201819201953,37)
(121.43819171335886,31.268595829258363,36)
(121.46246310934461,31.262306645369023,1)
(121.42628273341742,31.24541567445073,36)
(121.43329904089605,31.24337410344322,1)
(121.4624057138491,31.258968448233347,21)
(121.45175283926285,31.270848175603,13)
(121.44225927567753,31.283168369915234,1)
(121.4157534875443,31.252914087670586,3)
(121.43679682900097,31.269347333929602,36)
(121.38144893016343,31.287044600700188,4)
(121.40698079359913,31.229236315879888,20)
(121.41323233294445,31.23304960807696,47)
(121.3783466197167,31.27086359361091,36)
(121.44804876796843,31.257576417120333,6)
(121.41067469700829,31.258280823811397,14)
(121.42585447311306,31.247721566854004,2)
(121.3896651389929,31.239106224569937,4)
(121.4440030208788,31.24394153014932,32)
(121.42697446963433,31.238215328679,72)
(121.38925129681404,31.25643861538753,30)
(121.44569272023006,31.267317700659063,3)
(121.42508583427602,31.254528202853006,37)
(121.40544615276991,31.224851027232283,4)
(121.44899354571139,31.241994800513435,28)
(121.43601319923967,31.268394664567847,6)
(121.39063515773115,31.276158992034073,12)
(121.42040472823423,31.25341301115461,13)
(121.43912834086558,31.259508620460746,18)
(121.36494861705286,31.312945839827325,11)
(121.42609849131657,31.250798721358464,1)
(121.40624936924524,31.24986641809986,4)
(121.44137907687124,31.25497826134167,7)
(121.39556695590579,31.269450418341673,33)
(121.45699720507884,31.27214106493151,8)
(121.43576898685627,31.261629089055443,19)
(121.34382941806062,31.287986733153826,36)
(121.38631807167579,31.23900155347194,31)
(121.42300386446709,31.24432827880042,4)
(121.40210255835049,31.2467775321882,2)
(121.43362769222726,31.25609393891538,6)
(121.44313108316726,31.28235919591306,14)
(121.38459462013272,31.277113569598452,13)
(121.38918483517641,31.24783246470559,31)
(121.42794895311046,31.256099386284124,4)
(121.42127432624576,31.246962264693394,9)
(121.44653726404853,31.283248006335647,21)
(121.44895575048791,31.2546658771568,21)
(121.42154938027183,31.237123443889836,4)
(121.42277469583475,31.243229584195632,52)
(121.41552851267213,31.229054428854234,4)
(121.36489630966521,31.312929033729482,4)
(121.42916908372956,31.239462821763222,31)
(121.45123612301305,31.25261499300627,59)
(121.40252369146928,31.259685415267818,23)
(121.44761788015596,31.25775784265478,36)
(121.38359548657745,31.247673813379418,1)
(121.45384429820321,31.25242411398019,36)
(121.38380464458527,31.22972107509391,20)
(121.42303319468587,31.236939927394946,35)
(121.38480160923713,31.257819767880584,13)
(121.45311233218374,31.279839457808784,5)
(121.40887029538086,31.29617075040041,36)
(121.36605934687113,31.267065886779335,36)
(121.42106585462734,31.264840855705117,7)
(121.38928228651771,31.256015453836238,31)
(121.410888936207,31.261546199429198,12)
(121.4378779686791,31.254093014288244,37)
(121.40429593529551,31.246553798460468,36)
(121.41555403575285,31.235190233268586,21)
(121.39952027473122,31.287117956886686,26)
(121.37936862674425,31.293238990670318,32)
(121.44367957390087,31.244234702944645,6)
(121.40742478041078,31.245544645235434,5)
(121.4413908171307,31.26496763054206,36)
(121.40188427200857,31.24409928964364,36)
(121.43995622846688,31.240235905626026,7)
(121.36657375281015,31.30909954355504,22)
(121.37581195682195,31.291627161211878,36)
(121.4099807080823,31.255600855414865,17)
(121.37932375768486,31.269339033429333,6)
(121.43272637837946,31.24323138402759,8)
(121.44091164566959,31.26451015969959,35)
(121.42894095943826,31.2463961575555,4)
(121.39679964225296,31.246984902790018,81)
(121.3867699080993,31.25502905679643,37)
(121.40161467546434,31.236427277548554,36)
(121.41102586600464,31.268656047295124,1)
(121.34553852638865,31.291441451949684,34)
(121.42281613054637,31.279894702494087,1)
(121.36824336745829,31.247239442831894,30)
(121.44033121812963,31.259183732443365,8)
(121.43491053922389,31.264903487903634,4)
(121.34653551418718,31.278289774730197,6)
(121.43223386344576,31.25161457022384,19)
(121.40601922126876,31.23677954429372,15)
(121.4153113428973,31.248893482167944,37)
(121.4331719751087,31.27496792857921,1)
(121.41301395772172,31.24637380602676,37)
(121.38774743570585,31.261944847724845,31)
(121.364532759523,31.30942209930571,23)
(121.41479772195446,31.272502859217884,1)
(121.42798126800454,31.248664087566215,30)
(121.41567128114924,31.281026769409465,1)
(121.42822345236988,31.23100088357104,33)
(121.41454045259886,31.23485144048071,1)
(121.40706537279593,31.2498834391622,3)
(121.38381553116821,31.247371851368705,1)
(121.45199534227558,31.260105120478645,2)
(121.44851786940566,31.28170925148022,4)
(121.46225479922079,31.26668711070341,1)
(121.40856275971579,31.225662118288707,18)
(121.42827093714914,31.2486558097968,5)
(121.45914324281537,31.260116460496757,34)
(121.38152318356927,31.265953917661278,36)
(121.43668149621081,31.234903175904527,20)
(121.43810658847698,31.25406768796126,36)
(121.4240515886767,31.250206904832716,9)
(121.4524661189394,31.247179534154565,8)
(121.44457976695705,31.248652856933674,29)
(121.379368626744,31.293240090667876,47)
(121.44511605670468,31.24235023247162,3)
(121.3910599438231,31.252266999924228,207)
(121.40712643892574,31.250655780011314,4)
(121.40533577195905,31.22437705591594,29)
(121.37393525226442,31.23403828912159,12)
(121.41385057425074,31.290402501342474,7)
(121.38690261390727,31.284629659611525,39)
(121.44854161615254,31.277229621174655,6)
(121.42461146949104,31.233630230567023,5)
(121.42270207865788,31.27818607736713,11)
(121.42377994550473,31.271404738698642,48)
(121.44623059074611,31.24484422499053,14)
(121.38288551520614,31.287104080006714,37)
(121.3504662197656,31.281410178559195,28)
(121.41674567572181,31.26080711473355,36)
(121.43209916711392,31.28315153749999,28)
(121.37954967328082,31.234118843336528,36)
(121.46090757961942,31.267901699471338,23)
(121.38646264845283,31.291605786370795,36)
(121.38415160831943,31.27095058793676,15)
(121.43757481566078,31.269578092569915,7)
(121.44744204786247,31.27220218501544,15)
(121.43554653580361,31.238662248492183,1)
(121.36620242609428,31.285634181769563,87)
(121.42815703592814,31.259757778442097,36)
(121.37314772010164,31.230201389970055,6)
(121.38138076670971,31.286104150287112,23)
(121.43735935470062,31.237316238663716,16)
(121.34687901759045,31.281548144643985,1)
(121.41086552641525,31.22607819588006,37)
(121.42240918574765,31.259926045191122,37)
(121.40965443696587,31.276095533807432,3)
(121.41378807366054,31.272956365136515,5)
(121.38891107192929,31.275790557615732,15)
(121.41186558344937,31.27170333324278,9)
(121.42660288121768,31.26131086740685,36)
(121.36133175968642,31.286215628072902,2)
(121.4461177489139,31.254652513627033,36)
(121.39824524560125,31.269424216302834,37)
(121.38511399576394,31.23027521018899,3)
(121.42935157577826,31.246677199129884,36)
(121.42263298692711,31.276464411847172,36)
(121.42342723582922,31.254894766439897,23)
(121.42352545857443,31.23967271553047,30)
(121.3846582798297,31.257798543235758,27)
(121.40324936130784,31.230314297959662,2)
(121.44286188434998,31.282399150425547,68)
(121.44553115548821,31.24557250150587,34)
(121.38450824556696,31.277985675268834,36)
(121.40731232965312,31.27237913035426,37)
(121.41872807647937,31.255753975170638,2)
(121.39685857490524,31.234692384757704,16)
(121.46147294804346,31.252071531628268,22)
(121.39918243791763,31.244317629327547,24)
(121.39293028905841,31.235187591536736,36)
(121.447594611642,31.242559575438943,1)
(121.40635301861941,31.245725724034642,19)
(121.39471859940791,31.259962587966918,1)
(121.413041664474,31.238919326015964,3)
(121.38281321747981,31.24905686232267,8)
(121.4631821794765,31.254581737079285,28)
(121.42058119974467,31.260295900183802,28)
(121.45634833547611,31.254746978668123,7)
(121.43497950740388,31.255383206567032,32)
(121.4375896748992,31.256770577779136,5)
(121.43297235716653,31.25321484977357,8)
(121.40997280622256,31.242916078336425,36)
(121.41893977689428,31.242418960041334,10)
(121.38213417578078,31.232428167689495,65)
(121.41247025589674,31.258484551345006,21)
