(121.43192921369966,31.258145188613994,16)
(121.37283715328907,31.26368086877466,55)
(121.40451546973512,31.302047633270377,36)
(121.36133544903852,31.249347777453792,27)
(121.43498358161315,31.254762103653007,32)
(121.39873619228987,31.261324154340713,26)
(121.42519906851807,31.239493162221926,21)
(121.45365434570608,31.247715414915408,2)
(121.36824619204694,31.31430897650008,36)
(121.39644996243653,31.237122054082597,9)
(121.35486309389867,31.293349669871084,20)
(121.40892008938062,31.259523576013144,18)
(121.42786546846345,31.23799541402837,35)
(121.41080198091367,31.227447974056457,37)
(121.4250548656705,31.254541233611246,36)
(121.38934333407613,31.255962475557627,10)
(121.40094961530689,31.26160639447512,138)
(121.43760680834559,31.240291044480525,9)
(121.41931351638438,31.24225468411749,4)
(121.45381028954026,31.247985882968205,28)
(121.40725085869057,31.261033309879405,3)
(121.44258934329578,31.264521466472374,34)
(121.39612099718984,31.23242801813282,1)
(121.39870934921301,31.24544496847822,34)
(121.43692132946578,31.2862918936016,36)
(121.45610481528222,31.26741300073674,1)
(121.44130906367056,31.2651522291166,159)
(121.42242168744949,31.243447679156684,113)
(121.46034468869382,31.263229972229695,3)
(121.40185183154549,31.24464510935926,12)
(121.40308984728934,31.284700409819276,3)
(121.40173770148506,31.226499237673647,9)
(121.45784018162985,31.250660006475737,18)
(121.34803445497485,31.309517907853607,36)
(121.40904703673473,31.224692919522635,17)
(121.44798385101042,31.254857331723613,36)
(121.4270045226784,31.23919574549678,2)
(121.383440934008,31.24809295532245,2)
(121.3649725203381,31.313300441826488,36)
(121.37152344554985,31.26741873511907,7)
(121.39423226908002,31.282535825900993,5)
(121.38243858494093,31.246720458820967,3)
(121.40016356752244,31.287622383684297,33)
(121.3966613535361,31.302095823394797,29)
(121.35329622427246,31.30557777968797,25)
(121.41427182187614,31.22636562502498,1)
(121.4110473525259,31.243801378482587,9)
(121.45897385820129,31.257863695106845,2)
(121.40484462571716,31.242307959188814,16)
(121.39459785255977,31.296684705549897,32)
(121.35113900401215,31.28563610089467,1)
(121.43341437668258,31.249098517819643,29)
(121.34529788914554,31.290775576483146,36)
(121.38848181759339,31.27014891465668,19)
(121.38412846791371,31.27850970906773,30)
(121.3646640772046,31.312061808568593,10)
(121.45420281629724,31.256845324154348,7)
(121.40517286819782,31.244758085787144,36)
(121.3856651822744,31.289400251269953,20)
(121.38308815643879,31.28398782079613,25)
(121.45182033705561,31.255370403221143,10)
(121.42222554052451,31.26038610607835,18)
(121.40537148545141,31.24019905433004,37)
(121.40843842883062,31.245710354519673,36)
(121.39243424562424,31.276325607090634,10)
(121.41249824241419,31.258427519852898,16)
(121.42141803968683,31.239345877807505,36)
(121.4595317110899,31.2686651995915,31)
(121.42868591667931,31.2546658488131,37)
(121.37592700287082,31.301782302488565,28)
(121.41126236183067,31.25594570602119,13)
(121.36198981965669,31.297170242542197,27)
(121.44633205528646,31.26324286654657,3)
(121.44871396127198,31.251256433573833,14)
(121.45580697806663,31.246628726328904,18)
(121.41273976887403,31.23093217448679,9)
(121.40366672553836,31.291001520096597,32)
(121.43586553531668,31.235206250154366,36)
(121.40202467178194,31.26184511017016,5)
(121.38301194796087,31.246881685397504,18)
(121.36456146296419,31.311538797824646,37)
(121.44269303863823,31.242019095704073,9)
(121.44466568660286,31.25471499019787,1)
(121.38595772128714,31.22759803007664,15)
(121.38292779116402,31.231149896704775,5)
(121.39122500995988,31.292120892210985,36)
(121.45949262055763,31.247592265484272,22)
(121.45173653621772,31.255428590880065,3)
(121.43062076806675,31.27929456484428,6)
(121.38018710817362,31.28381597498629,34)
(121.38434634871331,31.23106119425583,36)
(121.3771869519549,31.26957972652529,36)
(121.41223940813113,31.247982999028867,15)
(121.38321756035366,31.247745671602463,5)
(121.43460865004892,31.237664952073317,2)
(121.4308291609373,31.24099480346156,6)
(121.38440162372505,31.278144356625436,25)
(121.44449117796822,31.27935275325244,1)
(121.41880239430859,31.265496281264856,3)
(121.38284687846244,31.29068845978743,33)
(121.35508403064316,31.2841703939727,21)
(121.42093741013797,31.24283199170562,37)
(121.3728895669886,31.256006621163113,8)
(121.4174559597192,31.253363022842716,36)
(121.41970576613015,31.269940632234825,2)
(121.36466457712747,31.3126070073851,33)
(121.41121529720067,31.243614264238833,30)
(121.39243142164709,31.29808102035469,35)
(121.38437211771974,31.27799815187345,32)
(121.40890363017613,31.242775197033023,17)
(121.39475551932426,31.24731206379137,28)
(121.43346465011639,31.232082451000295,3)
(121.39259538368104,31.260089470825005,168)
(121.38884025537821,31.271535770735134,22)
(121.36852046163892,31.251152314518063,36)
(121.43950360581114,31.235519424688405,24)
(121.45736473645987,31.260182602442544,2)
(121.43974371119074,31.237949986988202,26)
(121.39874155059529,31.25907697186277,20)
(121.40844648709236,31.252060355115077,43)
(121.45933397304866,31.2539713989927,2)
(121.38670650968983,31.230134655876693,6)
(121.36515228411825,31.25179812959061,9)
(121.34035817092295,31.28193176583577,4)
(121.38949433123997,31.23147562453325,21)
(121.42873452929068,31.26158614552002,4)
(121.4039511768137,31.22690682932842,1)
(121.45655211316235,31.251996828924835,15)
(121.38053014864876,31.29911616472513,36)
(121.39219742578103,31.242684536522226,14)
(121.40893795151403,31.246255956995185,24)
(121.41407566488007,31.24661389128723,36)
(121.36104984218487,31.239344015289063,25)
(121.38239524891648,31.23230664252179,7)
(121.44411666868413,31.26504936151839,21)
(121.39463119102273,31.3017457048361,22)
(121.37169838447127,31.26355732143098,17)
(121.36497252033861,31.313299341829023,5)
(121.3956337680614,31.30005906720384,36)
(121.4430832278262,31.263263427511447,21)
(121.42217263982972,31.245172235524105,29)
(121.42404724195318,31.236423942247512,25)
(121.36422957758712,31.23790032933658,36)
(121.41667671292649,31.26081514796939,30)
(121.44860038028555,31.253235510247748,36)
(121.40777698782719,31.24849144325987,1)
(121.43813771735007,31.25613955021559,20)
(121.38387707744435,31.27977100624368,37)
(121.38515579899753,31.283351006366036,38)
(121.45787235031045,31.268277993921483,5)
(121.42687666253032,31.23922087106332,5)
(121.40989150762006,31.228477919895752,4)
(121.40995390130936,31.28788348514393,36)
(121.38506885822794,31.292815440283302,36)
(121.3490527616715,31.299338825571134,42)
(121.41401535508604,31.231327996865225,9)
(121.39378043623744,31.26481116406503,32)
(121.42505525580822,31.24817004753048,63)
(121.45227689293864,31.24523123657399,2)
(121.37561113670907,31.277949543559775,36)
(121.41821022266626,31.26518631102584,5)
(121.40304811807056,31.248261044038944,37)
(121.34424295051114,31.28557740367685,24)
(121.42283471333923,31.275101535083365,4)
(121.4148322027486,31.267360353691725,1)
(121.42132900292884,31.27597708249024,8)
(121.43076111144347,31.235271005123018,30)
(121.427997284033,31.260519258208877,22)
(121.4289057698594,31.256378090297527,33)
(121.39239983643289,31.26869300481212,29)
(121.38703847534282,31.270061733419368,24)
(121.37378777790846,31.300415128119905,19)
(121.42980640655372,31.24660102279453,2)
(121.4112452864133,31.2435722398452,36)
(121.38819644204753,31.25992959239868,45)
(121.45639600665194,31.25648029734129,15)
(121.41100139173724,31.2441315343645,36)
(121.38941244293821,31.256536776305847,37)
(121.41583406079492,31.29427335679465,10)
(121.38398849082196,31.23714664238688,36)
(121.45434171845963,31.27371045008836,24)
(121.3991395894792,31.23246579098849,2)
(121.37880317986381,31.258921003576088,1)
(121.39749019365527,31.261246430559023,22)
(121.41135586890333,31.285458113019565,5)
(121.44235193074861,31.286650173609093,29)
(121.43656371236148,31.284163502176998,61)
(121.38843813128125,31.297144893412685,19)
(121.44252394601281,31.256101051417154,16)
(121.38218498338577,31.245326150253028,15)
(121.36725432445216,31.300643323327392,10)
(121.40112408984497,31.27873201695797,14)
(121.41227107393428,31.259480125340712,34)
(121.39937264232495,31.256694789711016,27)
(121.38147506713433,31.232931488914755,1)
(121.4414474672342,31.242953364627272,6)
(121.45703347536399,31.250977170417123,2)
(121.38263707718485,31.249757000083484,21)
(121.34722443037387,31.28317004079992,1)
(121.43770325177233,31.254047233640268,10)
(121.41765220366476,31.2497088564967,29)
(121.34309670741227,31.29854556651672,2)
(121.44921208591789,31.242221501652715,36)
(121.4517712345395,31.280846026878258,4)
(121.41039743933162,31.231759024889115,3)
(121.41278505189264,31.23434372597821,7)
(121.42496491131934,31.23978581332768,21)
(121.396207860737,31.264762381744042,9)
(121.44241547838352,31.24186284513499,35)
(121.36475524311281,31.24626288372813,1)
(121.42434508324581,31.261481875181076,36)
(121.46101985338412,31.25711182823089,27)
(121.44611396565504,31.24154281050274,36)
(121.43624117845941,31.260762104685295,5)
(121.42645589290429,31.248205265556113,25)
(121.42643381043034,31.246993746659108,37)
(121.38258674741995,31.281113322146936,36)
(121.4617656116626,31.249041569649606,1)
(121.38228970418153,31.245199167932906,36)
(121.39523121842974,31.27506626121866,36)
(121.38273273769344,31.290566299707468,36)
(121.3483990265874,31.281323632602763,76)
(121.37409882781435,31.27266228561196,20)
(121.41394573551872,31.246850036662703,9)
(121.41016785340754,31.230279677911003,1)
(121.44308002526822,31.255079842287852,152)
(121.37571086334334,31.280699610333265,18)
(121.41233676038186,31.252347904114842,8)
(121.44423207481015,31.265529031233985,17)
(121.38709582673104,31.227500939642905,6)
(121.40240564800219,31.269939637736506,3)
(121.42743583602834,31.25358952688398,21)
(121.39807978927938,31.287939802867598,47)
(121.43610980636855,31.24266630934968,6)
(121.42016203038247,31.254435987082193,37)
(121.40155896052414,31.275877940855757,2)
(121.39044034835078,31.291601154465347,21)
(121.3616517760482,31.296658107490085,36)
(121.44339229001474,31.24401301950988,27)
(121.41848031255921,31.231054279410333,37)
(121.40649507928873,31.269415877559613,36)
(121.42244149281223,31.24925957231476,15)
(121.41447069743639,31.27170762569984,1)
(121.41622453676497,31.23320005960367,26)
(121.41298533108528,31.249756599963256,36)
(121.449932913327,31.258606401108416,22)
(121.40813565450632,31.247754287886846,1)
(121.38009698903011,31.283739847985842,25)
(121.39904944498281,31.25646094363411,2)
(121.45674893076578,31.26934759382915,37)
(121.38745460826348,31.232586572024594,36)
(121.4058900098466,31.245881634359876,72)
(121.45848654619869,31.251111805480807,5)
(121.4279355805711,31.25165545181732,7)
(121.36921178896432,31.314201299141796,12)
(121.45936982976234,31.258022892773095,6)
(121.38286508494146,31.269703231486254,3)
(121.42247870290072,31.260223359082875,36)
(121.42585657534907,31.27183698984335,2)
(121.4126420830551,31.245648864095354,8)
(121.44045305090424,31.25714675311369,36)
(121.41490792799667,31.27213125217359,2)
(121.44265432834388,31.26330996407658,36)
(121.37996336504601,31.24398569318152,14)
(121.42914089567793,31.25985386607007,1)
(121.39174159461305,31.259936847168305,7)
(121.43735960046159,31.24014251752672,32)
(121.42147875662954,31.264844741832018,35)
(121.42080848514647,31.242579958496652,13)
(121.37234616278552,31.31320019321442,36)
(121.45764968217459,31.247182968313652,3)
(121.36444644745265,31.30947438918343,10)
(121.42257392495026,31.24361181051541,3)
(121.38313916670624,31.28391322955664,4)
(121.37597803111389,31.24529159832276,1)
(121.38221206086969,31.278202752817517,15)
(121.38878197573806,31.2918630604461,20)
(121.40225856412658,31.246427409223212,4)
(121.45695140668275,31.273121573656688,8)
(121.37131549142144,31.31361964937663,15)
(121.46201125511176,31.264223619047574,36)
(121.41854492935711,31.252740751183882,36)
(121.40494497591911,31.25768176007796,37)
(121.40979056119593,31.25950810820358,6)
(121.41117987758554,31.27308604972372,1)
(121.44131906358923,31.25454825101027,9)
(121.43477285107028,31.254242138394243,30)
(121.33786566882614,31.293941770143306,36)
(121.38296197620907,31.29031041987881,50)
(121.3724335484589,31.286861998200866,64)
(121.38219718517531,31.248637245548586,23)
(121.41410479252787,31.236742442607923,11)
(121.38931232283716,31.256137529104784,48)
(121.45553604059145,31.274036928085497,36)
(121.41615828175908,31.252823887088844,4)
(121.36442284416735,31.309452186502497,36)
(121.45837491401498,31.267170636971226,4)
(121.41849668347953,31.22664399171421,20)
(121.40942317087557,31.243832562361654,2)
(121.38209808988874,31.280063407080082,16)
(121.4475203823377,31.257101358845745,43)
(121.38372221709962,31.248851641048134,4)
(121.40875844708022,31.28517615341268,1)
(121.43187690455164,31.27709038122073,1)
(121.38955753453371,31.256177725481272,35)
(121.44312809706858,31.282453239186044,5)
(121.38451154095037,31.277220538275294,36)
(121.44554692187168,31.25474652772319,18)
(121.42248540454298,31.26011166069289,18)
(121.42955951295923,31.261247048396413,30)
(121.44995087795773,31.279064730189422,37)
(121.34035870747921,31.288148292819095,36)
(121.40344949828547,31.254430157594552,35)
(121.39895232129405,31.23252921378891,13)
(121.40326697742137,31.260284672868565,9)
(121.41037440521572,31.242602062485556,26)
(121.43380083269075,31.2555829741275,17)
(121.41278732614381,31.260421310517728,12)
(121.36837660203058,31.293484115726283,11)
(121.37654478047068,31.2892770942757,16)
(121.37412961823182,31.281235880886314,36)
(121.41341554052629,31.28819974288357,22)
(121.36452375826426,31.309423998257017,36)
(121.44948077805242,31.25511769682813,48)
(121.44134491180863,31.265093754265518,4)
(121.44416798179097,31.246828330541774,31)
(121.44871464751073,31.25916288663591,18)
(121.38473571772725,31.253519996312193,1)
(121.42653203180237,31.239250188495536,13)
(121.4629837849726,31.25519246615511,36)
(121.4619130958006,31.252517557785193,23)
(121.38554905851304,31.287286835550834,9)
(121.43416712153481,31.274685109902908,5)
(121.414132556867,31.272837719207306,9)
(121.42519826919892,31.247990046173513,1)
(121.41947295072674,31.236999222105812,5)
(121.44734362766414,31.2721837680182,7)
(121.38836714294506,31.27506188675113,36)
(121.36977146217363,31.232438016170725,20)
(121.38669239918094,31.27637585928441,5)
(121.44322348456704,31.282364547890495,1)
(121.37653070484394,31.30012837796584,35)
(121.40448842367776,31.26335316113011,36)
(121.36832242795865,31.281002994770517,1)
(121.44419959329102,31.254565692964054,3)
(121.3653873189582,31.24674616802747,1)
(121.41161193202787,31.22703228087469,3)
(121.40223492221374,31.260278855733272,2)
(121.43195291318925,31.260358859589253,16)
(121.45946069330128,31.247690153841695,23)
(121.43602622583161,31.24598890398174,9)
(121.43674441108084,31.261062572801507,5)
(121.39466120886077,31.301741719032357,30)
(121.37277537419573,31.25579037893288,36)
(121.43030280381278,31.247660489828355,27)
(121.39701623465213,31.252848580369356,31)
(121.4153208313179,31.295458391597066,28)
(121.39856430413842,31.24561099026017,25)
(121.40912519757616,31.244096200001007,36)
(121.45264817822398,31.274288849265446,164)
(121.41961779604893,31.236356849095017,3)
(121.40200075417418,31.272231517574625,3)
(121.38621122247599,31.23045256369268,32)
(121.44570015597698,31.28397462484993,11)
(121.43588461836889,31.264059067008024,36)
(121.38924584404215,31.27729751525029,21)
(121.4022696525821,31.246675320614905,46)
(121.41097290659637,31.261420130676473,22)
(121.45418785316515,31.256852357526757,4)
(121.44381147988224,31.243750795920622,14)
(121.44625499505109,31.24172003496034,36)
(121.38401874203696,31.239657807273332,47)
(121.42289051465289,31.26211916474284,31)
(121.42159278332815,31.24617210141874,36)
(121.42330217428938,31.262329958921743,27)
(121.41449032371001,31.24855231079115,19)
(121.40468407478251,31.236173170429137,12)
(121.37981023687719,31.24472786063732,36)
(121.40379385520926,31.2693546283023,18)
(121.4239803148855,31.259481225470605,36)
(121.39035098737358,31.25778655781173,18)
(121.43591852618775,31.26406067360797,5)
(121.38032497629834,31.268833896487354,35)
(121.39724222704719,31.228545726866965,25)
(121.42032567234395,31.275646879896268,21)
(121.44678406582054,31.262651829250995,3)
(121.40281540931012,31.243281112554808,36)
(121.42381997300276,31.25388290938989,13)
(121.4185679176224,31.252771752959173,35)
(121.38629204150155,31.23895050834633,16)
(121.38089161275582,31.29112566842584,7)
(121.45751535858092,31.24666944951003,21)
(121.36628944155369,31.286598330500073,36)
(121.40826262812497,31.242030906534463,12)
(121.39555885641786,31.24718596170585,37)
(121.37648412225003,31.24592967336652,1)
(121.39526456689873,31.30176103531247,31)
(121.43088724426771,31.254580294648466,9)
(121.42700442631109,31.238089244725874,21)
(121.44479129177635,31.257781746085584,4)
(121.38933432420865,31.255937458046617,37)
(121.45926286111238,31.2541574885517,3)
(121.43196761821683,31.2404363087549,10)
(121.41955746570218,31.24356213530525,25)
(121.38718460899644,31.281476602463297,11)
(121.4046848123191,31.265697042614274,19)
(121.43987672489928,31.267377725566245,1)
(121.41081833821883,31.24305508358243,36)
(121.37187268473743,31.30868243733869,29)
(121.46019126515614,31.253615144851242,2)
(121.44470589174053,31.257988349981055,13)
(121.40971398797815,31.259603530729148,36)
(121.41651533894029,31.244101872491807,31)
(121.42231856344495,31.260280025647422,36)
(121.45729428923055,31.24728068094326,2)
(121.4558920008877,31.271327693126075,7)
(121.38443843529016,31.23092221478657,14)
(121.38980751704129,31.230591444053772,13)
(121.39512911714678,31.240160053192557,2)
(121.37372349273457,31.26371101845644,22)
(121.37666822914592,31.269271321462885,9)
(121.42064871157348,31.25527367808041,10)
(121.41440231396139,31.232612462642752,35)
(121.418840172713,31.234753543009788,1)
(121.42261463500026,31.243946618353032,36)
(121.44200308870995,31.242421568283785,4)
(121.36422211625161,31.309467563311976,29)
(121.40621844407443,31.239265678839025,42)
(121.40384256252234,31.300275212426822,27)
(121.42425472069371,31.255584321847248,2)
(121.41788116126834,31.250760211027377,36)
(121.4280700699919,31.27015369352023,7)
(121.42739401415854,31.24970209122645,9)
(121.43015006718528,31.246871060451497,36)
(121.42463714489698,31.241656850902533,33)
(121.39993517601579,31.244736125229995,31)
(121.3810775888598,31.25377019697632,12)
(121.38392412481512,31.287105355846016,37)
(121.37847166058532,31.277184183419095,16)
(121.37401475653346,31.274744515666825,22)
(121.45954521520162,31.25628374850883,2)
(121.39254987235445,31.26924964349576,14)
(121.40398677043675,31.290969552100638,2)
(121.42821710307972,31.25072836071345,17)
(121.37694752560962,31.268444967523287,36)
(121.41567907236757,31.270663753828572,1)
(121.43568353305733,31.24344220672219,37)
(121.45170512272456,31.24983519381156,16)
(121.34386172692079,31.291815772441325,28)
(121.3888515798426,31.278840671181353,18)
(121.39123710183763,31.26899512943802,11)
(121.45388258053144,31.25673492300142,36)
(121.39312136446502,31.234556416296563,36)
(121.39974334240225,31.28670588477056,2)
(121.40586442411335,31.23573536201797,6)
(121.37613021005035,31.266368119382054,12)
(121.36402048868759,31.308304942825952,27)
(121.38951149844023,31.256209706011,35)
(121.43833406669732,31.240946542441687,32)
(121.42448223670984,31.241022687246247,15)
(121.39243737027402,31.25458938317293,20)
(121.45959153567611,31.272911756791125,1)
(121.42618038916362,31.246712910269192,2)
(121.44619128179622,31.241715623779136,17)
(121.37463138477773,31.247031879657047,2)
(121.37936812823912,31.285388507609007,2)
(121.36717017610621,31.300593181631125,37)
(121.36744366431681,31.28931511195881,36)
(121.43549072670945,31.260233897451357,17)
(121.39999554487638,31.230679704076646,1)
(121.43354232142418,31.23907688133228,8)
(121.37391004411307,31.250226052327832,33)
(121.3912690388788,31.26912446772437,9)
(121.36426442210755,31.309521568058656,2)
(121.44618338092408,31.244853416680904,9)
(121.44637632103345,31.244833050578734,36)
(121.42161308753884,31.25658964308497,3)
(121.43311695300058,31.250898662492375,7)
(121.43948906275305,31.24047869368543,36)
(121.44651935071177,31.24484347560825,16)
(121.41292413030688,31.247224493653714,3)
(121.42778156091454,31.23797448280711,36)
(121.42607028291128,31.25656390967101,16)
(121.45183537237494,31.256177726367763,36)
(121.44567575825614,31.24437972348541,7)
(121.4159151010047,31.26083647169022,6)
(121.41104732059583,31.243435214483704,31)
(121.43482647182859,31.255198476893558,27)
(121.3927613880449,31.226175346616564,30)
(121.35965611203446,31.296234875885673,36)
(121.43714712015033,31.25364481062017,36)
(121.4309754660419,31.259783202531654,11)
(121.39547444919519,31.264649984709866,35)
(121.36431272885022,31.30940227389701,16)
(121.43799813515776,31.235321459072882,2)
(121.43489259876789,31.25339661908959,33)
(121.43628760935296,31.26653751914418,14)
(121.44780766052587,31.24833677481679,7)
(121.40695346480064,31.258653522366004,36)
(121.38481681687675,31.27667158738325,36)
(121.40909356221066,31.230787734810452,15)
(121.40206603218736,31.229365636095217,4)
(121.38936635806539,31.256012514233912,32)
(121.38413861806818,31.29419108208513,11)
(121.42514885626386,31.239632351598495,36)
(121.41130628076833,31.243675274541673,27)
(121.41725067306612,31.27538006923537,18)
(121.42301930218487,31.249499568013455,6)
(121.42968806308018,31.246420421783576,10)
(121.37681838139454,31.268829979191768,36)
(121.42870214415574,31.269714754397473,1)
(121.35397486422049,31.28527092994571,3)
(121.42184484461178,31.234776275231805,36)
(121.43622557295383,31.253535981925562,29)
(121.43679560889102,31.26426588080953,36)
(121.42580082770283,31.239695017217798,34)
(121.39125982426673,31.266742451523992,3)
(121.42222659574732,31.245176200620122,24)
(121.43280856949626,31.253037961733373,36)
(121.38703994232795,31.286885688014678,37)
(121.44196520724292,31.26393035286299,18)
(121.41775953192983,31.242725694651565,36)
(121.44504704235241,31.279013689702982,32)
(121.36918959209942,31.23167875144633,11)
(121.38991595625805,31.257582593925537,22)
(121.38654917044603,31.26798205157989,36)
(121.44390971183749,31.24941790109984,7)
(121.4625806380186,31.252133059823514,16)
(121.45054075614468,31.27364726878847,4)
(121.38009957644508,31.24429201100779,3)
(121.38646441732789,31.252812831091802,24)
(121.38517438792879,31.26744803476275,8)
(121.42373496254075,31.241414435929997,25)
(121.40880091784798,31.245657329734822,33)
(121.42588546059355,31.267461181735495,2)
(121.37408417289235,31.25612506522748,20)
(121.42439115343768,31.250548005608458,36)
(121.44166961871097,31.25570108219832,36)
(121.44770886617145,31.248279925569097,13)
(121.3818196819422,31.2446399145485,13)
(121.36635054377953,31.286552401987993,15)
(121.4307206131819,31.242632668095585,1)
(121.38087658948156,31.29106862998341,35)
(121.44818291325008,31.2719753146549,3)
(121.40118305359466,31.255199029673605,14)
(121.39017717118638,31.269067701465698,13)
(121.4343272894776,31.232925799047038,1)
(121.38176984289208,31.281658733117155,28)
(121.39063450056811,31.268623830168075,12)
(121.3593977996893,31.282991406498926,164)
(121.42733208053971,31.238215005698155,36)
(121.36753930387975,31.237143900273523,7)
(121.3963509405259,31.241864406942756,37)
(121.41883984884588,31.231036841148452,31)
(121.33241505038069,31.303467233875363,36)
(121.36232297929276,31.240285402097932,31)
(121.4023131289684,31.264228191766087,18)
(121.45636276362244,31.27160718218788,1)
(121.431806887966,31.277220366944828,5)
(121.40912569769921,31.244096800103616,37)
(121.40906130311444,31.245620714819694,35)
(121.4439094182627,31.246038400683492,23)
(121.41003502155357,31.24266709175138,28)
(121.43795758793794,31.24012511204603,3)
(121.44236297405752,31.24146882030718,4)
(121.39219772373669,31.246104065484435,4)
(121.43368721090671,31.240183208789702,36)
(121.35500740578678,31.290304741389203,2)
(121.42604308470337,31.245482410073777,9)
(121.43149423977732,31.251815903205316,37)
(121.33379900317227,31.301202997892613,10)
(121.44923382444003,31.25126548686438,26)
(121.38432211108578,31.25766538578821,21)
(121.37272034113131,31.24485248055863,3)
(121.42812826375797,31.27345063269367,36)
(121.41488512310875,31.296523298078103,20)
(121.43882338279876,31.265503629734617,11)
(121.38857000616784,31.282889273460242,21)
(121.42579621450922,31.24187098093593,36)
(121.39514647565461,31.267110870237932,24)
(121.44900546163886,31.25908397735585,4)
(121.42772061346436,31.237794457843187,22)
(121.45671902552797,31.26956018896078,36)
(121.46157296423372,31.252334544689017,2)
(121.40210961418825,31.24797428576295,3)
(121.39370915871909,31.239197861347858,20)
(121.35217979684774,31.292728793422626,1)
(121.39456267388057,31.30775398564167,20)
(121.36905573142604,31.281961423673472,27)
(121.38566518227785,31.289378851315753,32)
(121.38325898039864,31.28651617670498,8)
(121.41248010346344,31.233844573721502,11)
(121.45412823963059,31.271144598646682,14)
(121.42910048532947,31.24313054085582,33)
(121.36651871272817,31.285137075378923,17)
(121.37650223502692,31.237640932756033,11)
(121.36499733795785,31.277009474434642,18)
(121.37080664305739,31.294269800581137,25)
(121.38524284450597,31.237396895446288,32)
(121.39152854691258,31.27269414037689,33)
(121.41088892800089,31.261452158938834,21)
(121.36341587304184,31.28141887976855,21)
(121.36608758803234,31.28477553873738,19)
(121.4486981978365,31.242082378537216,7)
(121.36481919979363,31.30919693318756,36)
(121.38944497630835,31.28529790764161,16)
(121.43789392990678,31.25394992967759,4)
(121.41838639061324,31.25575091310897,29)
(121.3698877755268,31.252652789847552,13)
(121.44706124885984,31.24843613882014,21)
(121.43474754845626,31.24702724240399,6)
(121.39738788701334,31.23645959921536,10)
(121.4014315281862,31.290953031122125,33)
(121.42869825221811,31.257944473397586,36)
(121.43802218014132,31.264360703965927,6)
(121.41836902346996,31.252563763246258,31)
(121.39116816176627,31.259945477449175,17)
(121.41102178628111,31.23143614958784,5)
(121.36491061826051,31.288614890107976,32)
(121.42695966092766,31.24022625107905,34)
(121.41612893083712,31.264041524025732,5)
(121.3684931604117,31.309183390692336,26)
(121.46142872078543,31.260566477542458,18)
(121.39652830304966,31.224479224762764,12)
(121.43762050063359,31.248463185663535,1)
(121.38333357391375,31.257907242800133,1)
(121.4163090976887,31.28379915329862,1)
(121.44466206592617,31.26421071088757,67)
(121.394577681894,31.307740988591178,36)
(121.39635383650018,31.274247960926587,10)
(121.45875026959735,31.25700741256729,29)
(121.38934337697079,31.256454690036794,32)
(121.43492131506491,31.239159241245368,4)
(121.37878884480327,31.26678536207504,32)
(121.43918164237736,31.264015484223773,9)
(121.45268288529057,31.275900751746875,5)
(121.38912663737139,31.29139069440164,8)
(121.41129134082956,31.244322567051224,35)
(121.41434896510141,31.239831763719952,18)
(121.43400882341123,31.252525319933284,36)
(121.39863390262009,31.297996013979294,58)
(121.41604570715621,31.2799634847802,18)
(121.40691875631805,31.258646815224132,16)
(121.42205729907957,31.260833870180583,12)
(121.42287660588656,31.274481414119656,15)
(121.45855246732508,31.26730909450708,22)
(121.40132023533855,31.245373726375437,36)
(121.45130513645873,31.25275300405761,18)
(121.41592627536528,31.25143837094582,35)
(121.40226011725964,31.264232182547946,24)
(121.35596880462,31.307362532182808,28)
(121.44015880804791,31.25939602526105,17)
(121.39934651575932,31.29035422683838,36)
(121.44124509465438,31.265107911879856,36)
(121.39363327757005,31.241130690436623,15)
(121.42110049870598,31.271621805924784,3)
(121.39042333833932,31.291643159494477,4)
(121.40551941415893,31.28704837005612,19)
(121.42614259000428,31.229516081284274,1)
(121.4578095638259,31.25415460884499,36)
(121.38310333446265,31.246624063484994,3)
(121.39932633343983,31.232054828795377,75)
(121.42400964247835,31.24061987060742,7)
(121.37753671317044,31.272874516979634,27)
(121.3928992671215,31.23518056992295,36)
(121.42285469455193,31.24942755792258,13)
(121.38053123454476,31.268870129424318,33)
(121.3775578972681,31.24569700704593,37)
(121.42869271973869,31.26562692924026,1)
(121.45569323511204,31.24748657527878,23)
(121.43615790501978,31.274192232022955,7)
(121.42218342871529,31.242950930506964,35)
(121.40499933744525,31.261769532128024,17)
(121.41280120484335,31.231463489765144,21)
(121.37166833912323,31.263576289617816,13)
(121.41892632289279,31.22852667738602,7)
(121.38281568477498,31.242897120434044,7)
(121.4376496513358,31.24614881717537,1)
(121.45024540278538,31.260783757903642,5)
(121.41251254358026,31.25046903453746,15)
(121.44686344380814,31.245915364039273,14)
(121.37355358505734,31.24465946650134,22)
(121.37854449170621,31.266396924691037,14)
(121.37583866966041,31.253365152166836,3)
(121.38685684646295,31.287804908737407,16)
(121.43492254282668,31.253268525593448,30)
(121.42622735459895,31.23929447298978,36)
(121.42406263411443,31.24108403933504,72)
(121.44307862538419,31.241509709592258,20)
(121.42717515028467,31.24566005718513,36)
(121.40273976559416,31.241820425134602,21)
(121.45784027611086,31.25175148740935,2)
(121.40741779019636,31.266240533717376,10)
(121.45978853314934,31.25586002416385,4)
(121.42585429267316,31.245650645347506,1)
(121.43845071186878,31.262069682662094,8)
(121.33290137111494,31.29494810349414,37)
(121.3919522880709,31.231661380047996,2)
(121.42344690183442,31.260678141563737,24)
(121.38026871887466,31.243668876726588,10)
(121.43843269588754,31.242602898298493,7)
(121.42900286320578,31.25759902527564,36)
(121.38715704666177,31.24085808838141,22)
(121.41083272560495,31.236065924064278,8)
(121.42927164526343,31.281692937545465,6)
(121.41339061251941,31.231638324570504,4)
(121.43595083363675,31.26406157989606,2)
(121.38058697225804,31.299539679220732,23)
(121.44870935468838,31.26371045527643,8)
(121.36570803202628,31.288616084570016,36)
(121.34149878067149,31.30582539894094,36)
(121.41195709612212,31.24577348635435,27)
(121.4007473249229,31.24831188459628,18)
(121.35740918704748,31.289956670365928,36)
(121.39274651970692,31.227807093529677,23)
(121.42513315333179,31.24844713186857,4)
(121.40210005685833,31.263967035359702,4)
(121.42599950052953,31.24973633664804,18)
(121.43242466983371,31.271060352804422,1)
(121.45017636656296,31.2585849364176,1)
(121.39265616764123,31.247460950036135,12)
(121.4297864063844,31.28054295336972,4)
(121.40704819292672,31.305082300635224,36)
(121.38204975695047,31.253896240033484,21)
(121.4225497223074,31.282358530427107,7)
(121.42519416732087,31.239494761207272,37)
(121.3685697119588,31.31406034267875,13)
(121.42762181674283,31.23886203287783,1)
(121.45464944680437,31.25406730285109,2)
(121.43439012500536,31.2623631328218,45)
(121.38793331783516,31.281587247223808,9)
(121.3924296152621,31.277384664060108,36)
(121.4467350418557,31.261202290902435,36)
(121.40621524844235,31.230139215143215,3)
(121.43238481398656,31.237685594835177,4)
(121.45307047555089,31.27919507507347,6)
(121.41783529626126,31.251996777921335,15)
(121.4478383732572,31.245787586241114,36)
(121.40768654448897,31.245591699208,36)
(121.4059791277741,31.238818360510592,3)
(121.41174966139236,31.249325701646416,37)
(121.33244491078042,31.301053354187296,36)
(121.3806649069579,31.244043334060656,28)
(121.40356503249471,31.260335741879327,36)
(121.38799572970824,31.297129544108095,36)
(121.36658485788378,31.296055874242604,25)
(121.40825190847963,31.29105875921759,2)
(121.45998682802902,31.265339674673072,2)
(121.34866321918919,31.30271743729638,14)
(121.40359379998414,31.24615052433987,6)
(121.42359102576509,31.252115304644263,37)
(121.37129700404161,31.249474286354108,36)
(121.42884209994088,31.246669376120458,36)
(121.39304433336856,31.234800482424863,37)
(121.45373215688271,31.270707212864497,1)
(121.42436812746995,31.238536653638228,7)
(121.42517187659395,31.27889149701271,2)
(121.37723899325235,31.28074143764972,36)
(121.4479236415705,31.253956902365086,37)
(121.3639544066932,31.24165760433799,5)
(121.38929633791535,31.25646766116658,3)
(121.43063573688315,31.27915549161059,1)
(121.40904407778784,31.233272103789297,1)
(121.44385733296029,31.25538160798816,37)
(121.45413459736557,31.252423527847313,8)
(121.40193774534907,31.24937764979051,15)
(121.41166543312744,31.246455445166344,36)
(121.36440794204451,31.3096192843992,17)
(121.36839863339722,31.287854619854212,18)
(121.40807069479222,31.231157974766518,17)
(121.45074843511163,31.27421551330049,6)
(121.34436685745689,31.286143008021014,29)
(121.44977327805009,31.25870874283977,36)
(121.45613731463162,31.24626754481955,4)
(121.44318289320661,31.246874443942293,1)
(121.39060448097331,31.268672830383405,9)
(121.33431805505548,31.299717409263007,19)
(121.44464228903027,31.27258368653141,6)
(121.46271053202372,31.255059042176224,4)
(121.43661450538364,31.25978019093036,36)
(121.43940401809446,31.261677747213355,8)
(121.38982028250872,31.296660727175176,7)
(121.45474508918227,31.275181035099354,36)
(121.41384385785076,31.293618787764256,34)
(121.44905544420727,31.242386863384116,35)
(121.41808061377377,31.236138286308794,23)
(121.4220585979456,31.24288390464503,20)
(121.37180161401953,31.31039039047804,30)
(121.39075077685287,31.28221156813467,31)
(121.43200576470777,31.27710015002938,4)
(121.4437415041547,31.243275438065822,5)
(121.42921565064408,31.246603978478383,10)
(121.44514046703657,31.263894296876035,6)
(121.43836605433263,31.252897814438832,37)
(121.44252168624527,31.24158262293736,7)
(121.44507987779018,31.269513907051664,5)
(121.37101975814676,31.251691843905835,1)
(121.42423849536235,31.241364030373365,28)
(121.45358126452588,31.256274327604693,3)
(121.3784510566016,31.277764178943524,17)
(121.41278409363161,31.227012909591437,1)
(121.41827358368911,31.24922163311363,1)
(121.46335688359872,31.25679629577259,2)
(121.38914664391575,31.276327730010184,2)
(121.44044668050692,31.26684084787356,37)
(121.42313206228114,31.243787726184042,24)
(121.38205373500195,31.299553187494197,33)
(121.42261581085774,31.25136867861977,9)
(121.42256092362396,31.265693165588328,1)
(121.40951141394366,31.237794823298938,18)
(121.40128369486824,31.261338262049087,36)
(121.4149890475405,31.25267190731229,7)
(121.40224464670726,31.244894319059167,10)
(121.3743415341395,31.253643436144007,3)
(121.37127308445746,31.31359854361203,61)
(121.4525805258526,31.243446642922933,5)
(121.45529589288873,31.271216602407506,10)
(121.41601923654885,31.25151536781558,11)
(121.39800675843416,31.242086203422968,3)
(121.45196704234199,31.278896118479352,4)
(121.38941944200545,31.256457747007033,22)
(121.35955465202773,31.24398589408148,2)
(121.41490854581598,31.272083634566496,7)
(121.38486906417091,31.26739373876737,3)
(121.45423235211055,31.252326287113664,10)
(121.38861128545169,31.262716850744166,8)
(121.38766761211397,31.234107718702685,36)
(121.44469926974939,31.247136949352914,37)
(121.36836339070373,31.314333152335216,42)
(121.4167298396608,31.25113090242853,12)
(121.45941048639807,31.255396707213507,36)
(121.45701222207175,31.2727762996453,1)
(121.42266267195757,31.261691141380993,44)
(121.44295942562938,31.274041515913794,1)
(121.34968842355352,31.29087669170266,16)
(121.42898445814703,31.264167876295936,36)
(121.38197515842522,31.270044495178713,51)
(121.35804936999644,31.277506660291035,13)
(121.36285011056877,31.284572290417916,36)
(121.42603128762202,31.259132421033428,3)
(121.46350941536227,31.256318730828806,8)
(121.40764489666908,31.244649104839986,36)
(121.44666770258046,31.267181967559058,3)
(121.36816503507173,31.31407177180789,13)
(121.39754151571863,31.2417198544206,7)
(121.39168050556955,31.259436591748347,19)
(121.42234356958657,31.260025831342766,36)
(121.38934333765066,31.256003493439945,36)
(121.42281344339051,31.249084530925163,25)
(121.44378036339887,31.254013134343943,3)
(121.43721696168956,31.253118485873273,36)
(121.39908714731179,31.28726889733149,30)
(121.377307253026,31.271158531603692,4)
(121.36966228838118,31.311443887729983,36)
(121.44270541760886,31.242473734449746,8)
(121.37482868890028,31.235703027908926,11)
(121.40600397469944,31.233957257775256,1)
(121.44185988220653,31.264120549549286,1)
(121.41143654286248,31.2470457535923,12)
(121.40085006593614,31.290833868942546,28)
(121.42516456097668,31.248149338914526,29)
(121.41196909909101,31.245712488977375,7)
(121.37324064673756,31.250793788696715,37)
(121.34022841142384,31.288102028329586,36)
(121.39059135287874,31.29026772449313,36)
(121.36576965039411,31.276415384455483,6)
(121.41853696058423,31.234699276253,6)
(121.41018681825932,31.258579026318877,18)
(121.37266021593254,31.2559943182234,42)
(121.37936862675474,31.29318689078369,36)
(121.41802540761914,31.243106736608947,1)
(121.41270919733586,31.247200538162456,33)
(121.40772535369481,31.258710981595208,32)
(121.39063324495149,31.25422062820203,36)
(121.45317424731142,31.25640219561412,22)
(121.3628335452614,31.24558924687961,36)
(121.4089954656522,31.24616916909215,4)
(121.43153659704359,31.24335924608435,52)
(121.43857915115058,31.25811179256555,5)
(121.38942168144723,31.28209543717888,22)
(121.41015605125658,31.26730546878818,22)
(121.38293094521394,31.290358409077253,25)
(121.39415005475627,31.223277792790526,13)
(121.4217110849736,31.28035964809025,2)
(121.46057688018456,31.25763543546228,9)
(121.40952319088726,31.26159541189179,16)
(121.36957911085348,31.230290656464934,12)
(121.37519108231655,31.26875599629121,15)
(121.42042411612458,31.24666408779986,2)
(121.42698952944657,31.239087710075133,36)
(121.42069583177343,31.268507342660065,18)
(121.43087586805859,31.23832254649912,36)
(121.34701302258078,31.294565422399664,30)
(121.4193970230247,31.237240373723488,19)
(121.40258611217236,31.240414780886837,20)
(121.43669020173697,31.254089942248264,12)
(121.45022912222655,31.25713720866929,2)
(121.42479589962734,31.252053350074355,37)
(121.43059462939016,31.242934924571443,6)
(121.36415890734727,31.31000905481625,30)
(121.41262507230341,31.233998608613778,9)
(121.37936922681963,31.293431090347564,36)
(121.41085792452134,31.27532319893438,31)
(121.39617039815967,31.23550370295382,4)
(121.38913141939649,31.276559895992587,2)
(121.45388526549117,31.253183364993774,1)
(121.45339554263684,31.276116296753923,28)
(121.42199135799127,31.245243670053004,1)
(121.41866965980468,31.23721560759474,3)
(121.42477913533588,31.243106389351695,36)
(121.43678866258558,31.253283130514916,7)
(121.44871650057583,31.24787084907702,7)
(121.43599343890111,31.23875293541627,13)
(121.44199084628603,31.255010406150937,32)
(121.4428582748209,31.243870522528937,20)
(121.43398018129596,31.27908267652877,12)
(121.43482219455139,31.236076966348673,8)
(121.43627147881371,31.2532798097066,22)
(121.43042813377998,31.24783791479324,26)
(121.37756675086266,31.272841537708484,33)
(121.39120991417474,31.291155496440933,36)
(121.44100149172019,31.26460206384853,22)
(121.43876617348529,31.2548213391711,6)
(121.40205828074403,31.247142946086086,2)
(121.39505253823707,31.268484021185046,16)
(121.39727365041772,31.26509695903766,29)
(121.40404988658908,31.24636468356349,31)
(121.41278601738946,31.24541772471017,36)
(121.42928228541038,31.28144884933084,9)
(121.39483285420447,31.26210056867079,6)
(121.36762401299995,31.296298302750557,23)
(121.42770560616711,31.237518346530774,4)
(121.41414342033089,31.244113754267918,25)
(121.45788791905849,31.272090136147163,13)
(121.43862293937738,31.24554022915045,4)
(121.41161193210627,31.255035227359716,31)
(121.43163849755037,31.26842091808007,31)
(121.42396340066088,31.237359431033635,6)
(121.43120555448452,31.239617777667103,2)
(121.3370418433994,31.299969539261628,35)
(121.38203708076395,31.280778640315233,36)
(121.34765677202964,31.281791287800278,4)
(121.42539529842801,31.228948447634494,1)
(121.39367995555949,31.260044059854238,29)
(121.39865189802937,31.286404394757557,1)
(121.39708636138012,31.276845860192957,33)
(121.37771034953067,31.233151887234452,26)
(121.39288207875532,31.256119895253562,17)
(121.37128068570154,31.31361944460631,36)
(121.449961674404,31.245096400998037,18)
(121.41047973124925,31.229324609510876,13)
(121.39827248510066,31.244859795607173,11)
(121.45215479789496,31.246609889666907,7)
(121.41529482375411,31.263291250704203,29)
(121.39821897087693,31.264118346625484,36)
(121.40557232658199,31.300175553632123,30)
(121.39864953025702,31.25927402420893,13)
(121.42010808968007,31.255109929505775,1)
(121.4360995686579,31.268209500901584,6)
(121.36062466145192,31.242568717717358,36)
(121.43258512719349,31.267361405272062,2)
(121.41628553858783,31.23357420568044,34)
(121.43092267469875,31.256611229232814,83)
(121.39710363367551,31.30278428227321,36)
(121.38476926475788,31.259416230016324,31)
(121.3784941647436,31.2774849863097,37)
(121.4116119322617,31.284924167564824,1)
(121.3959604501013,31.2331728667911,20)
(121.36212776506285,31.238250230142132,20)
(121.42491520325564,31.27972792635924,247)
(121.35967313402953,31.27895014282413,88)
(121.45721205685196,31.25370569310075,25)
(121.37766455351196,31.24603605975133,25)
(121.42004693176982,31.252802954709264,27)
(121.38347744591492,31.24309384451267,14)
(121.45050666028433,31.260886325459772,20)
(121.34606335525491,31.29995861909597,29)
(121.38412060556948,31.271304708249936,31)
(121.37653500842727,31.25341713450983,36)
(121.4183080500612,31.252437738671933,12)
(121.40835190744158,31.254103320283136,36)
(121.3792362047032,31.27784080281999,29)
(121.4193903709115,31.23429793773776,3)
(121.39428220364374,31.247009678808684,1)
(121.3571113837238,31.299039772474764,33)
(121.4109173827365,31.243813406570506,32)
(121.41613102088837,31.295482717680823,35)
(121.42320169521751,31.244365152758352,20)
(121.4449022116176,31.242589693922657,19)
(121.3698580388471,31.281872503849076,4)
(121.42196799504178,31.25878936394523,6)
(121.42400967289956,31.240969027921796,15)
(121.42781994330787,31.23138343933996,1)
(121.37315064801703,31.26389636577297,3)
(121.44549583691487,31.24366269753172,4)
(121.37360861891953,31.267141335452905,26)
(121.42761189606665,31.25111251381229,36)
(121.45709263376379,31.273810985590767,5)
(121.45723890054009,31.25269419189156,36)
(121.42525254137993,31.241583323336002,37)
(121.37090603733296,31.285473404318825,36)
(121.39248967859226,31.266149980097335,27)
(121.44493127684642,31.267567088488427,36)
(121.40171052116455,31.25892777890875,14)
(121.36054373653928,31.293901397697326,3)
(121.42585378899707,31.239869051148972,13)
(121.41291225366544,31.231205544617158,26)
(121.45417151466873,31.252500486951188,24)
(121.42159738446749,31.246224202279375,37)
(121.39913798684252,31.259591637361126,12)
(121.4417857442439,31.25620810271446,37)
(121.37701422165885,31.232632781150414,31)
(121.34426375173555,31.285479504841188,18)
(121.45515494013814,31.25652857633156,19)
(121.38768793457247,31.291261972122037,3)
(121.36384073177095,31.247788168126036,4)
(121.40460118887275,31.249052942244123,25)
(121.39032314860637,31.267448117103445,1)
(121.42475348099543,31.258249090582012,9)
(121.41009523639272,31.242763904089863,20)
(121.42082373656812,31.245593297548343,37)
(121.42647114984237,31.239868521033653,6)
(121.38330542614895,31.258081742889953,36)
(121.4183690322817,31.252664807632094,37)
(121.41207204579804,31.235558360892476,3)
(121.43780208110525,31.253950055812854,2)
(121.37845615784161,31.27640028266124,22)
(121.43542830839176,31.238186426271636,36)
(121.44145809663675,31.2581075736734,36)
(121.409142601667,31.258989274619154,8)
(121.36222044980374,31.297019467800414,20)
(121.40319715220228,31.280113810348535,30)
(121.42096192730644,31.242518576739066,36)
(121.41848556106156,31.271007640223196,36)
(121.42611378980313,31.25440129109409,23)
(121.39952810916593,31.262001500822752,36)
(121.44135055151564,31.26864429863971,3)
(121.39237219484251,31.227102540021974,5)
(121.43867864160705,31.254188942504047,12)
(121.40512923241215,31.260438969931975,7)
(121.4539679256735,31.27095166494673,4)
(121.38389021792591,31.287105350065584,17)
(121.4567451607463,31.25275126652649,20)
(121.43991193572799,31.258946245611032,21)
(121.43682806666837,31.258639414218422,32)
(121.44654205542489,31.244872479527498,3)
(121.42093151026819,31.255390554919828,11)
(121.43813877511208,31.268294775067456,36)
(121.46410064160047,31.26795671528469,14)
(121.41502461920413,31.28495191336434,3)
(121.45940038472254,31.2554743056389,15)
(121.37276328775903,31.28955351286324,30)
(121.46266440927623,31.252168881712844,10)
(121.3905145349807,31.281590152026656,33)
(121.41226501893617,31.25506911336875,4)
(121.40227171939729,31.225224762371983,7)
(121.40562443635646,31.27422028665055,2)
(121.37718152262198,31.270657596984297,14)
(121.40097979421431,31.28728047342425,37)
(121.4013659395005,31.25330624688955,19)
(121.43231228319922,31.259499470989404,36)
(121.45382892180804,31.247665041798193,3)
(121.44751953884011,31.260114871281083,1)
(121.43554173470527,31.238725447439638,36)
(121.44848935475035,31.247879010392793,18)
(121.42961743846614,31.238352068462127,36)
(121.42740915305735,31.2400187510375,36)
(121.41082227697834,31.288185321175288,15)
(121.40466980286502,31.24454194274073,36)
(121.39855324940496,31.261091418667224,32)
(121.4618359130579,31.26626789386062,1)
(121.40040676306418,31.277490308812943,17)
(121.427254296588,31.239715755267845,25)
(121.42837641582796,31.255534734784803,2)
(121.36909659272993,31.314130111139214,35)
(121.44276743491193,31.255505408135445,2)
(121.35119685017634,31.288468399201175,7)
(121.4617830643836,31.26634504765072,24)
(121.43409334930134,31.25996345963344,19)
(121.38929507716435,31.23050303195402,11)
(121.43776827263687,31.26997155123222,14)
(121.38828724509415,31.228527340659458,36)
(121.42567055600317,31.235066025805775,4)
(121.37127798525736,31.313623444227254,24)
(121.40777835964761,31.250037495130133,31)
(121.3414970739978,31.286066594759664,16)
(121.40435403221038,31.26569867506634,36)
(121.44286639712831,31.245738941420726,25)
(121.36761342680278,31.237438527793397,10)
(121.43230352553606,31.270952144649055,3)
(121.37402899891183,31.2643086605783,36)
(121.42862586346864,31.25346398265797,1)
(121.42693928755973,31.27008231022389,22)
(121.40437663791762,31.260522890029165,36)
(121.4050764444109,31.27437688409273,3)
(121.45972747001694,31.25326302341457,9)
(121.3646873804701,31.312084811231276,37)
(121.39171088475479,31.27484947469601,25)
(121.4462528953863,31.24484632890294,11)
(121.4089556558677,31.246118160933115,36)
(121.4045099661132,31.24661485021249,5)
(121.37044371751502,31.24420615941155,18)
(121.42667682344987,31.238618775712908,7)
(121.37218427559067,31.23053429011879,16)
(121.39329131044558,31.2670628451532,36)
(121.37837140038405,31.29096087615307,37)
(121.43385736883529,31.262438803636126,74)
(121.42796596157667,31.23058667815513,1)
(121.41110280589375,31.27205963316631,1)
(121.38412559720547,31.230459938160873,48)
(121.40228113553627,31.2338123390683,5)
(121.38648545322026,31.291721890140796,32)
(121.43680679814327,31.278106692504277,20)
(121.37440142811282,31.251408529440656,19)
(121.4009239948332,31.25538604432949,13)
(121.4052028477633,31.233025781635202,26)
(121.4381383566443,31.27015862176733,1)
(121.40008406174559,31.243151994681277,2)
(121.45920318145998,31.268533769053214,14)
(121.41093491602209,31.261431142003296,12)
(121.42521047217642,31.24795614875643,1)
(121.3990835586189,31.246140409279484,25)
(121.38608786328774,31.227733204167542,4)
(121.41541745405773,31.259229584342336,12)
(121.42247034421325,31.24461578294355,36)
(121.42160440691143,31.236157353834553,18)
(121.40160167253153,31.233905379775422,5)
(121.41709459796408,31.239155394989886,37)
(121.3647633975174,31.28861457289177,30)
(121.4126346638058,31.247159825229183,19)
(121.3786290020789,31.270993964677725,20)
(121.38622201337577,31.273896662131637,28)
(121.3855455020146,31.229877724882154,36)
(121.42359193978777,31.262598861211853,26)
(121.44627839321655,31.25436411125254,3)
(121.40954500070625,31.259463857251916,36)
(121.39789472123812,31.26517527700833,36)
(121.43342904185728,31.245495899163032,17)
(121.45217776784061,31.258387021312146,21)
(121.37199659665106,31.27216736741766,2)
(121.44087080565619,31.242541588457165,13)
(121.43525187494984,31.28023571223547,1)
(121.40003567302055,31.231993319537487,12)
(121.42181581263075,31.255291943825792,1)
(121.4031798704418,31.257774482867784,6)
