(121.39333345227821,31.23556035906088,7)
(121.44038083268737,31.246651959097047,1)
(121.44455734145565,31.254762509849936,2)
(121.36807419053163,31.23693657414214,6)
(121.42964343832179,31.26156309960223,3)
(121.40006912567439,31.286708797710656,27)
(121.41448212167636,31.248565409048616,21)
(121.38820482056113,31.27335993519576,28)
(121.38980287010406,31.269151471822436,5)
(121.42856651526027,31.236263961619176,10)
(121.43316884866071,31.239064315606704,20)
(121.37634648243244,31.28902575810064,36)
(121.36922682068834,31.31428135019182,64)
(121.42281452252358,31.261461935796465,36)
(121.37921481868358,31.248638953985417,15)
(121.409131699175,31.244090001362025,86)
(121.41611501390584,31.295311656465028,36)
(121.45914256328824,31.253111205642295,22)
(121.44103242983866,31.264532987689712,36)
(121.39681245614335,31.245073049903418,34)
(121.3992007986163,31.27131135301834,13)
(121.36241329144352,31.239269814029733,28)
(121.40309913020452,31.25064224970907,16)
(121.40551461514598,31.230215781585617,22)
(121.4352525312587,31.281760209655804,36)
(121.36674529783849,31.234829925314934,37)
(121.40478261833678,31.230820732546675,18)
(121.40745678338797,31.26617950704286,30)
(121.40626403802678,31.24606473165711,23)
(121.42386482632791,31.241206244565177,36)
(121.42645059454274,31.26764370904419,27)
(121.39917759845686,31.231973399464266,3)
(121.44512908042397,31.258374811998273,2)
(121.43962086503143,31.25401150257858,25)
(121.42268688573078,31.25291730993384,1)
(121.37091951933118,31.267741061135716,31)
(121.38370480242925,31.232799395114487,11)
(121.3895717449532,31.246970683051515,5)
(121.36576423134626,31.248610440122917,12)
(121.35085805398104,31.28148790915462,2)
(121.40216339797352,31.290618097047414,34)
(121.402113648543,31.24778198090782,4)
(121.41274209040178,31.24692764812805,36)
(121.37872451344595,31.25146787722177,5)
(121.45731212859414,31.2645152865751,2)
(121.42240108268416,31.247171667858122,13)
(121.43849541233129,31.254242688706476,36)
(121.46044368401338,31.26623503507459,3)
(121.43249904842912,31.24216748828024,36)
(121.42918083292122,31.232706090240256,1)
(121.44795654863735,31.255374005389378,5)
(121.40677733575613,31.22737323578833,2)
(121.42626021805626,31.26104905279031,1)
(121.45560194406652,31.25669567655709,7)
(121.3857019398065,31.26756454784036,36)
(121.46140301673393,31.260854873516934,22)
(121.40392132634328,31.240145879176346,1)
(121.38543213411069,31.23848355484382,36)
(121.4464018255553,31.241710860729075,29)
(121.41432428306592,31.269591734952556,24)
(121.38955715146858,31.251781800441755,14)
(121.38437561939759,31.27250856406207,36)
(121.44871483449654,31.261316816724083,35)
(121.36332709377307,31.309058962588693,1)
(121.4546133285518,31.25121302208804,7)
(121.35442283449513,31.309012048223327,36)
(121.38902614851605,31.2913980577127,2)
(121.37929127119598,31.23984817154657,2)
(121.42432289828844,31.24688843710493,37)
(121.41986351615688,31.24656130103582,32)
(121.41903925117929,31.234170490591648,1)
(121.39200320339053,31.287654601178154,15)
(121.42735013640983,31.25055050605779,10)
(121.401086648305,31.255963033236366,26)
(121.35499490265052,31.308755145690494,36)
(121.40518777743794,31.23223241696406,22)
(121.46144651756622,31.249448477828757,30)
(121.42258538950144,31.25770547195182,28)
(121.41101752068232,31.257113258928868,36)
(121.41474240658479,31.23529357367785,34)
(121.44949745233886,31.242173954194776,24)
(121.3766183235561,31.253391947214663,10)
(121.39004684376867,31.246430955851082,2)
(121.35835009760811,31.302211072287154,17)
(121.42640231750687,31.229491845893413,8)
(121.41302125932516,31.232071734624316,23)
(121.4496258061484,31.252145726716655,16)
(121.42786884393274,31.276729243793724,11)
(121.42133568854163,31.24952272090114,21)
(121.44232098020868,31.28655318265013,3)
(121.39063485765729,31.272718555526428,21)
(121.37730716420724,31.27013810163204,37)
(121.4252988929516,31.257602369583825,5)
(121.43550803140651,31.264145793392874,23)
(121.4278315073431,31.22985942058966,6)
(121.39952737879673,31.25671092040985,4)
(121.45868248718736,31.259830127293814,2)
(121.445080750098,31.245854219793145,1)
(121.42331815485181,31.262268921023086,13)
(121.36857797037958,31.25168022080162,22)
(121.44493611002174,31.26576231237285,8)
(121.4257858445775,31.239714038420168,10)
(121.42703559559652,31.240417269223062,37)
(121.40486665258376,31.2311198781547,13)
(121.39567828381246,31.247155284830736,4)
(121.4402970168252,31.259722619040158,3)
(121.40849272757521,31.254865582135448,31)
(121.40913630010141,31.260259870805466,27)
(121.43525927776025,31.286388001610455,32)
(121.36421391504076,31.309739161751352,25)
(121.43168119269046,31.277035483905543,5)
(121.39861029619291,31.245301869031373,22)
(121.40302170389909,31.24619845291799,37)
(121.40726303954504,31.298888204439514,10)
(121.38704627473281,31.27033153459582,33)
(121.44127381826002,31.23956964154249,36)
(121.42760882804994,31.26175615326891,8)
(121.42926858186476,31.246542898564112,2)
(121.3922622074534,31.274484478617413,102)
(121.38936636966088,31.256145572229897,2)
(121.42866491052385,31.26504256260767,10)
(121.39483589732464,31.296969942137164,37)
(121.37735528549325,31.293779841802618,36)
(121.40903647575131,31.24495067994878,36)
(121.39599818017628,31.23156110828257,50)
(121.45610211150942,31.25669502036499,36)
(121.36902048518003,31.314340083149453,6)
(121.44184886284525,31.28661093843497,13)
(121.38686678648894,31.287006594389645,37)
(121.42136162601476,31.24268385979843,29)
(121.42994568076739,31.234195644157072,1)
(121.44126183136039,31.2656814878119,14)
(121.43003233899128,31.24668033701097,10)
(121.41444970886465,31.248826753561897,15)
(121.38296198222737,31.290379447561243,36)
(121.3889218623752,31.24323253572308,36)
(121.44691121463255,31.267412641202423,1)
(121.45760897527441,31.2478047612054,36)
(121.44183171476692,31.261601511413872,14)
(121.4147727156851,31.270313858344498,41)
(121.38646315202877,31.270238631715785,3)
(121.41917104514292,31.270144915133898,1)
(121.42561080715822,31.24872321558591,16)
(121.40988278392393,31.259129928124118,29)
(121.45739796394987,31.246587150712777,1)
(121.44308762851372,31.26211193048712,36)
(121.42307435868585,31.262155048728157,8)
(121.44967367222429,31.260694786850856,21)
(121.45540399038214,31.246668383916123,26)
(121.40187513804769,31.230332541632727,17)
(121.36827624635572,31.27980243532277,7)
(121.43333019038259,31.24559405950945,37)
(121.44859897993864,31.259518007529135,36)
(121.40234371390407,31.25939111697096,36)
(121.38864107932996,31.260046723674126,11)
(121.39597800560978,31.25636465173474,1)
(121.40804103789027,31.235069766491044,8)
(121.4404513505292,31.257155152779607,25)
(121.43104617476483,31.232886887963595,13)
(121.41273919432044,31.270190492158495,5)
(121.44686522148295,31.241774641574715,66)
(121.45856819748133,31.250495370354848,9)
(121.36917372812819,31.314223254127675,36)
(121.35960269671293,31.292626358080426,30)
(121.3876659092158,31.25015208636756,13)
(121.44548883804619,31.254382576565483,28)
(121.41642982888555,31.226278785071038,36)
(121.45069441443377,31.261073035638116,1)
(121.41033049580864,31.243727461235846,32)
(121.40061925781157,31.264010954304027,83)
(121.45984615761495,31.24989867875853,11)
(121.40723027225891,31.237306805442252,59)
(121.44847454383583,31.251979186159822,10)
(121.42168310825014,31.279436455729506,1)
(121.43652208937236,31.253331504006212,6)
(121.46262313376472,31.26003867078718,14)
(121.40499934495287,31.261855569145247,27)
(121.43102396768838,31.27604879006833,23)
(121.43605205238751,31.23870954689557,28)
(121.37246083656754,31.243619591202595,10)
(121.42668431784179,31.23077926219425,2)
(121.33954512308274,31.301116195567868,36)
(121.36644843432592,31.309233727916585,12)
(121.39274349522542,31.27347522633738,4)
(121.42653263670671,31.24619430455411,29)
(121.4540275581979,31.260503264461136,19)
(121.44428328576132,31.26569154013569,1)
(121.39658020073271,31.243490239701806,36)
(121.40448635361923,31.23962071186857,38)
(121.45290145020718,31.27906521247796,7)
(121.37410181571967,31.30698506497048,36)
(121.40033496476269,31.245672595473753,27)
(121.37074563885307,31.28382851794165,3)
(121.44154459373596,31.266830338069532,56)
(121.45676890011944,31.273471107186143,24)
(121.43554064204058,31.28143526634889,13)
(121.45407204214509,31.24428904640432,13)
(121.41245041884433,31.29711378704614,36)
(121.44628030108373,31.244841733721778,22)
(121.41611300894793,31.26089741875657,31)
(121.3516143067682,31.300733949421314,36)
(121.3705934026054,31.295424968731087,2)
(121.44002673609974,31.25896508584095,2)
(121.37847086043531,31.277182883296263,36)
(121.43568335923207,31.25291941148575,6)
(121.42691973262693,31.229084202160422,19)
(121.41002711960805,31.24251439040047,18)
(121.43678630983887,31.24919233074502,4)
(121.38589353789804,31.283690425578246,36)
(121.38598952193227,31.236440112235982,1)
(121.4247953554978,31.245809585204032,36)
(121.44028228166019,31.2589186899304,2)
(121.36587301988865,31.243967535076933,31)
(121.38538683157361,31.247913989375977,36)
(121.39938207861354,31.25080157532162,2)
(121.42088240712764,31.235022374130253,6)
(121.4329768382149,31.248724323649803,36)
(121.35024374579498,31.28137576678201,5)
(121.38559956144644,31.229926794714242,36)
(121.37246458524683,31.286735987784578,24)
(121.4230893815802,31.262567215059743,36)
(121.402814315241,31.23073041371092,24)
(121.37870654731682,31.287594897589162,24)
(121.44179319458301,31.254813625172112,5)
(121.45579005256087,31.24741009014185,3)
(121.376560492083,31.297207267885845,36)
(121.42748827732316,31.23097455829834,2)
(121.34458116557308,31.29947388730634,8)
(121.38811770596915,31.247108873411733,159)
(121.41102032708272,31.289259719919052,4)
(121.4044183487392,31.244775829519924,36)
(121.38669612503783,31.252807339704187,19)
(121.40361391093435,31.3046658835541,23)
(121.4106287334945,31.25858996520349,1)
(121.39796202516578,31.24537465842704,4)
(121.436873520154,31.264672951371875,26)
(121.37714783452644,31.28034616923567,10)
(121.40082408742622,31.234113023342488,6)
(121.43843789648307,31.23964420469547,5)
(121.43315720414348,31.25967467019929,13)
(121.38934333799939,31.256007495184466,11)
(121.41867988504336,31.2302795766864,72)
(121.40284472391346,31.23535053404648,6)
(121.4426526497524,31.24399650040524,37)
(121.36592993412368,31.276448636451672,4)
(121.40850434501176,31.24568756821658,36)
(121.37810578729884,31.27645866178732,36)
(121.42247890334097,31.26481565022965,28)
(121.43882192790588,31.24877935745042,3)
(121.39361024699936,31.2409525972284,7)
(121.3886800908279,31.271264535706568,36)
(121.37616715894085,31.253670680029195,36)
(121.45808865931309,31.25028062680719,8)
(121.38898509065952,31.25715430957288,36)
(121.44361369632428,31.265611418646525,36)
(121.4178943014196,31.229525624488243,17)
(121.40344921271208,31.284666252178805,36)
(121.38708357423975,31.25921713611662,14)
(121.38860914824933,31.238185025589814,4)
(121.43271285156196,31.25475382375617,17)
(121.46391691332664,31.2637329782492,11)
(121.4002739749673,31.246018732051926,11)
(121.36315157004239,31.309229342572763,35)
(121.44041331760529,31.239033689683264,8)
(121.35166047052601,31.301509332984352,8)
(121.36898241888223,31.314302015416438,6)
(121.39551384610203,31.247173753043388,13)
(121.38510310171307,31.24202285972224,23)
(121.34851187397406,31.302481071618402,13)
(121.38203580525793,31.26613751296847,33)
(121.40724100370895,31.245698580568504,35)
(121.3893566884355,31.282801754561245,56)
(121.4378183185994,31.268453283908762,28)
(121.37307058927848,31.296306333168804,13)
(121.3649451165552,31.31295263940096,36)
(121.43017773659786,31.261078342686265,4)
(121.40560575665396,31.300420447464916,35)
(121.437877963631,31.254034988880893,8)
(121.44910232925628,31.25374781939228,18)
(121.43017543869456,31.24616380705633,36)
(121.37254557402821,31.25062081302706,36)
(121.41589787570346,31.246699284088177,36)
(121.3823718978651,31.274198246800147,23)
(121.43347508713877,31.246765410431397,2)
(121.41093229433815,31.231369760272944,1)
(121.4253752631644,31.23805882090729,26)
(121.41064133648302,31.23113870242805,6)
(121.43344464919834,31.252717077938087,9)
(121.43707215473017,31.26413045409224,36)
(121.42568798169778,31.2630764109794,22)
(121.36738348739058,31.299979251284668,4)
(121.43685806321312,31.25914859494308,12)
(121.40267528805838,31.299513722738094,31)
(121.36444724757646,31.309428589380122,26)
(121.39382286260182,31.23564505176416,20)
(121.44148777769774,31.24358512263244,8)
(121.40332488196863,31.29991869514418,22)
(121.44868389707733,31.259553221913247,5)
(121.45712222030033,31.272072876260772,17)
(121.43456386149202,31.23933176199982,36)
(121.4429359177316,31.264717121511318,2)
(121.37703869727318,31.26898130100125,37)
(121.41476046696503,31.236073922805584,3)
(121.44119220577036,31.26528106596156,29)
(121.36499225448853,31.27720605593571,107)
(121.38939640237825,31.256227629950494,3)
(121.41704327782631,31.2327574065746,15)
(121.40828733671475,31.261639532667985,10)
(121.39729615567171,31.26483816396743,37)
(121.43345841452316,31.23877584451668,24)
(121.39734463976853,31.25567895719055,26)
(121.37353971363795,31.25790328106715,22)
(121.43930669827496,31.271401810266184,100)
(121.40839561030673,31.276334743521726,18)
(121.44000014464979,31.263117915272623,2)
(121.44186131781046,31.246188712828378,37)
(121.3928485408427,31.256203926392992,32)
(121.42472693541335,31.25170425129441,24)
(121.41928440784814,31.25225014275853,10)
(121.40786538830011,31.245569236215434,30)
(121.41086774820891,31.253006076126024,37)
(121.44389962955789,31.280993673159795,15)
(121.45308985368764,31.245722573106885,59)
(121.44210839421325,31.28675359475882,3)
(121.38296794112816,31.23619079951103,14)
(121.39816255768004,31.264184535380473,36)
(121.3929913287999,31.235163616731292,11)
(121.38756378675255,31.244960256580054,14)
(121.46036084653849,31.26065313078312,30)
(121.38005106101083,31.274684139959714,36)
(121.35396750716572,31.28454341654113,80)
(121.41140583634726,31.261782206959996,20)
(121.35095656744107,31.296602162803406,19)
(121.41815784781191,31.271981214994984,2)
(121.41085527035798,31.23090055781911,23)
(121.36613938907271,31.309256790260395,36)
(121.3919767497705,31.229186116198353,34)
(121.35948571045316,31.282279116791173,185)
(121.40162257642696,31.25030155211628,1)
(121.42416503679824,31.237217883943238,45)
(121.38926666901398,31.282252739333813,57)
(121.43799466736797,31.275788122322645,31)
(121.40606421517482,31.225218232565673,36)
(121.43742819393651,31.26308749908943,41)
(121.4343514839405,31.23703978773642,1)
(121.42104426914683,31.243056224097018,12)
(121.36794879695744,31.292495111701438,36)
(121.35063385599102,31.284673810772706,34)
(121.39632279426354,31.27477266112665,13)
(121.39056645887928,31.26876684412555,8)
(121.42200450708272,31.25537740080078,64)
(121.42784849201733,31.238046453021436,36)
(121.40423120185204,31.27966342169194,22)
(121.36497282038255,31.313295841872208,36)
(121.39414134549973,31.29552800420703,27)
(121.38242680320731,31.283870292865668,3)
(121.40471932085201,31.26176015754144,14)
(121.37891748074833,31.249166860462612,1)
(121.39962940247594,31.261628730826306,36)
(121.4245814987442,31.245106440819768,33)
(121.40200436898215,31.244874662758626,36)
(121.41299385294097,31.25947457643663,30)
(121.45215455524618,31.24381064015505,5)
(121.4123351801641,31.23422578242755,2)
(121.40360225214494,31.235621480989842,1)
(121.39993909798451,31.24688985274063,2)
(121.40222541993577,31.260297853776816,2)
(121.3924566696745,31.231868788776882,36)
(121.44452723178307,31.257826575479005,14)
(121.41566834727573,31.239379090752454,3)
(121.44685301896104,31.241760239475,2)
(121.43561100172181,31.281946831481093,37)
(121.45420281907198,31.25687733808451,36)
(121.36211564641405,31.283344639820726,22)
(121.3826407017943,31.29136352888749,10)
(121.4640423016947,31.260754401877893,7)
(121.38167362584323,31.234474176488828,16)
(121.42249930736563,31.25299957723082,5)
(121.43872451236335,31.265069584049623,11)
(121.43301737380656,31.242655110294084,33)
(121.3712973041008,31.249434186478673,10)
(121.45590675323074,31.246813403502625,14)
(121.39226102425755,31.271987308206892,25)
(121.4077769878216,31.248738442778258,25)
(121.44739740534993,31.258374906694375,2)
(121.36850295972835,31.249060619147222,28)
(121.40912299682738,31.260360867844856,12)
(121.4398989258957,31.248282965613654,34)
(121.45798454636767,31.247632354342308,8)
(121.42594985232328,31.245236306293275,1)
(121.37890457267598,31.232637075041467,4)
(121.416431106782,31.240941489072462,2)
(121.42743583610796,31.254262525602865,51)
(121.38692016663306,31.233344483802682,25)
(121.41127628772662,31.243672278852262,37)
(121.44173117511018,31.241792945322487,5)
(121.39171015090692,31.2780634939382,37)
(121.41305592425533,31.27973038832792,36)
(121.39848549892652,31.305528889201938,36)
(121.40478266533623,31.23135998035387,12)
(121.39148143385087,31.260327848181795,36)
(121.3955284440933,31.29793395137246,52)
(121.43448751635586,31.264559923858354,36)
(121.40244160793617,31.246459460703186,37)
(121.37862735850256,31.252108835874782,15)
(121.34763098520192,31.302579509304234,36)
(121.4236939541603,31.26381630744507,1)
(121.39626824218857,31.232966157912173,11)
(121.44543308821484,31.254010397978217,17)
(121.37128048568371,31.313556244721454,31)
(121.41131785938653,31.232288209700194,7)
(121.39937264189254,31.26204367897562,36)
(121.36930011256476,31.281711663304026,4)
(121.37472890162522,31.228299509559633,34)
(121.40234207015985,31.240543790633676,19)
(121.45985583431852,31.24986624205274,6)
(121.40812315269753,31.247921544365667,24)
(121.41941254475324,31.24334211744425,6)
(121.4080284282582,31.24563356980702,34)
(121.42629074966895,31.27895858626367,1)
(121.42727834785236,31.22913390221122,11)
(121.40943507363941,31.259477134387975,8)
(121.41649273447581,31.271414741753787,20)
(121.39810444304186,31.27611859955095,30)
(121.34024343986493,31.288041032098608,6)
(121.44571355453469,31.254414099611026,21)
(121.40076447843275,31.261480643973098,2)
(121.40987788271484,31.25943512650408,17)
(121.4145126511893,31.272415799666746,5)
(121.43132517757985,31.269217232965055,44)
(121.36413740396249,31.311505848941113,30)
(121.41113138433062,31.244387625718787,36)
(121.43661488349453,31.264124059313872,4)
(121.42209930957296,31.26245607578989,36)
(121.4020976893667,31.260073428445892,4)
(121.43113200196268,31.250567751430914,82)
(121.45195207565988,31.27887914054264,4)
(121.44166267630943,31.246102980131344,4)
(121.41361242713272,31.235192683545144,2)
(121.44231346547889,31.283362848065853,36)
(121.35008066096488,31.284654065245263,19)
(121.42625862795269,31.249046062676314,26)
(121.36479349534937,31.31224652324878,16)
(121.45602095424432,31.252415642968597,15)
(121.40640849425887,31.23979692482414,5)
(121.44258014740734,31.28258015861879,2)
(121.39011467020474,31.25242047932908,23)
(121.39386425835129,31.250673072324435,3)
(121.37574706239425,31.271735677194844,29)
(121.423963762735,31.24151530876596,21)
(121.4445265658323,31.25016121861913,18)
(121.38296284011656,31.236133898767083,21)
(121.40331969976856,31.256995255945533,18)
(121.41289815038157,31.258817588435313,36)
(121.42904037126,31.252469746763655,37)
(121.3700634037454,31.251796714979125,2)
(121.40598862789876,31.304175230756115,36)
(121.42618939547387,31.23931151335094,36)
(121.44234801416202,31.24160790627147,10)
(121.36874719656761,31.25170024256818,36)
(121.4486686940706,31.259778418906414,1)
(121.42920394108991,31.252581858078038,45)
(121.42703127648895,31.236703591823677,9)
(121.3869013288822,31.269891548804676,36)
(121.3830455478757,31.284011113566777,26)
(121.45018091606362,31.251743820270285,44)
(121.40747139181813,31.245500454944402,32)
(121.40860691289068,31.245652506610718,20)
(121.4561943482931,31.250439409071998,36)
(121.43550102820267,31.255210808945726,23)
(121.40985157635617,31.243016452938935,20)
(121.44640661589318,31.248473294737042,17)
(121.41152019700183,31.24332107437807,34)
(121.42522157486573,31.24772585148191,1)
(121.40479901625886,31.24683797952989,37)
(121.37419758832475,31.274552242604788,20)
(121.37259282070502,31.24436387670649,15)
(121.37551061909402,31.25815084216757,16)
(121.44772650694075,31.279055080613492,9)
(121.42300475279569,31.247442624051267,8)
(121.46348631144244,31.254372935006575,6)
(121.40176221377897,31.232278049641973,13)
(121.34595515182453,31.28874897492229,33)
(121.43899855893139,31.259467787664644,36)
(121.41515345948602,31.272327649845458,33)
(121.42886513212561,31.247349656133224,19)
(121.40626786186138,31.28987430353522,36)
(121.40640593217461,31.22619177212779,357)
(121.42438096943192,31.250284572894852,2)
(121.38525220022012,31.268499323663633,36)
(121.42685976091506,31.240141301843,26)
(121.41104737416183,31.244049489535303,25)
(121.37531669352603,31.22763992746669,18)
(121.44189260139899,31.26159141317213,21)
(121.4329591526707,31.273588600223164,9)
(121.41321269980084,31.231930508200982,2)
(121.39217969160774,31.254548804003274,5)
(121.42256602432496,31.25919937922426,74)
(121.39939984834784,31.261503085466067,36)
(121.44695641430194,31.28227576426576,28)
(121.44712425476875,31.261517746344502,1)
(121.43635824885786,31.286601762836106,3)
(121.4332302461981,31.244616740458778,8)
(121.41004772460253,31.255554169446132,36)
(121.4407759247648,31.268343892274057,1)
(121.40369557358962,31.255860160542245,23)
(121.45009243545348,31.257213498087104,9)
(121.3979269519776,31.25618741297993,5)
(121.42084470049107,31.27201829548124,37)
(121.38724237623639,31.243715440895066,7)
(121.4347236559444,31.239689726513127,36)
(121.36236275802196,31.241224141605795,1)
(121.36497282038246,31.31329524187361,33)
(121.41489267084465,31.26198334677331,1)
(121.38966043687864,31.25716363247142,30)
(121.39719416277151,31.25562086907134,1)
(121.42245541945829,31.245335114564277,36)
(121.39840689022111,31.276024043686878,36)
(121.40061801513902,31.22984445900938,6)
(121.45480444612224,31.257946577495012,1)
(121.38864698199606,31.235889012027588,18)
(121.44925893261893,31.26234216275138,1)
(121.3962653553971,31.224177272668197,1)
(121.37127308445142,31.313627043547726,17)
(121.4368430376414,31.258965662635106,22)
(121.42644739795699,31.230957481479493,2)
(121.37327174371437,31.228313678936345,16)
(121.43419251543294,31.263523871923187,37)
(121.41679249276987,31.270451207485085,36)
(121.35454865840772,31.30549041614347,5)
(121.44914037173298,31.25519638352972,6)
(121.45401121536,31.244591304474884,8)
(121.43495350676535,31.253386538749773,36)
(121.44142166496663,31.258644030768725,3)
(121.38436564599441,31.231119977911348,8)
(121.43168363630329,31.272442020389285,19)
(121.40963532880617,31.228974843973162,58)
(121.42519686886854,31.248106145665773,36)
(121.4101545928043,31.244465816540455,36)
(121.37875172090354,31.24029490433406,24)
(121.42884305777882,31.257664210493722,23)
(121.34427055186455,31.28627570333644,36)
(121.40595158995767,31.241037467066665,43)
(121.37806768979237,31.25490116718368,17)
(121.40189794389919,31.228820347726597,29)
(121.43788267109208,31.24085259636905,36)
(121.38289629699551,31.237381711046055,36)
(121.36862028123656,31.235008660774124,36)
(121.42734986075236,31.25885013590058,36)
(121.44296232030533,31.269914287913572,9)
(121.3806831771417,31.266062096840972,25)
(121.40477410191632,31.30512220352311,15)
(121.38697945687765,31.293890472823435,30)
(121.40040390417974,31.24472119063835,35)
(121.40784263373246,31.23028658328599,27)
(121.38810657304802,31.259739179337522,36)
(121.4243565638908,31.2547759593075,26)
(121.41187247519346,31.24566146890363,36)
(121.36728554254196,31.314055500798087,36)
(121.42463544204621,31.24504537102007,36)
(121.44935769488309,31.277148343276505,10)
(121.37605148164953,31.236221751748232,2)
(121.41782347150601,31.237537561032035,34)
(121.40211506128037,31.263977042850996,9)
(121.41919821694549,31.22647254158137,25)
(121.39925469471065,31.28134554112445,3)
(121.4251925669289,31.23948726089085,37)
(121.37646849234463,31.271711385931134,24)
(121.40787431180566,31.24955327777571,17)
(121.41656019112567,31.23120800599556,7)
(121.448897491762,31.261955759007527,1)
(121.41939623557838,31.22820323427999,1)
(121.39480598851169,31.29821941809705,13)
(121.41830836390177,31.256036313746225,26)
(121.42712976205576,31.255790459984016,15)
(121.38928925268878,31.282476512250046,37)
(121.38077190861662,31.232815942950296,9)
(121.39237305136774,31.23693705077549,6)
(121.42477938290465,31.24594765948039,36)
(121.41836628550902,31.2535735130921,37)
(121.37127398475198,31.312994645097323,36)
(121.36435883522678,31.309536778912168,10)
(121.39689958177884,31.234537331777528,25)
(121.38363315702018,31.283764414024912,36)
(121.42435226353831,31.26191214472544,3)
(121.36960915777574,31.230265686674464,11)
(121.38879057395879,31.230954757796777,3)
(121.41068831878871,31.242515863027354,36)
(121.34378421575869,31.28679816898564,1)
(121.42763872588593,31.249503778637298,37)
(121.43873356416145,31.244843651481894,29)
(121.44072461258848,31.26445849009047,14)
(121.37193074411762,31.298067804216654,36)
(121.42756079236784,31.237804610215125,22)
(121.41150651096115,31.25834170095655,28)
(121.42357752076899,31.239308103288398,2)
(121.40384830834854,31.299476402560344,36)
(121.40910589282974,31.24411279596342,36)
(121.42494071674831,31.25156101752688,7)
(121.4108737714081,31.225222929811977,35)
(121.42519226685707,31.239496160812426,35)
(121.39909940806751,31.25581467908781,2)
(121.44221979938908,31.259359942600923,2)
(121.40992509446818,31.24277126869314,36)
(121.33585521891695,31.295934855011968,36)
(121.4116651618862,31.24334505585714,37)
(121.39706996818262,31.260962132915427,23)
(121.41341200190804,31.24765555227976,37)
(121.415737934575,31.246491254111234,36)
(121.45144154554613,31.259207803288405,36)
(121.38012980418308,31.241400252849456,45)
(121.41569227944983,31.239878106925563,5)
(121.38110585806939,31.290955822350526,5)
(121.45516285998225,31.272845200569073,34)
(121.38019670460453,31.290531700107653,36)
(121.42713534880508,31.250294587828236,34)
(121.4404524507716,31.257147552999836,25)
(121.4540216590702,31.27375039996976,7)
(121.40745677683933,31.266104475083836,26)
(121.41246527650131,31.235777458979005,8)
(121.37416177427203,31.308643162651055,1)
(121.37989964064869,31.23163410431753,36)
(121.44374419324582,31.274216841592118,4)
(121.43330841761791,31.257850872334657,70)
(121.34414416898932,31.27984634385482,26)
(121.42270028019804,31.257568331987727,28)
(121.42468050999945,31.246317902939268,1)
(121.39416073763665,31.247694592374412,36)
(121.44167920918915,31.264051798032938,36)
(121.42367564029107,31.26003069249804,51)
(121.4191113702096,31.25403696815224,36)
(121.41980319434442,31.25385255570583,36)
(121.44008762941338,31.258968998234483,37)
(121.38546943477937,31.229999714413697,27)
(121.34503939542651,31.291878426468386,107)
(121.404390161505,31.27977268463448,29)
(121.42407861969876,31.24108802891629,22)
(121.41864595228554,31.231951062502656,2)
(121.41101635738035,31.243776372769087,55)
(121.38752325093901,31.227738395542485,18)
(121.42712734289947,31.236763048060876,4)
(121.41425636540507,31.236521084662165,13)
(121.40328738547986,31.230514396261537,2)
(121.38991527510763,31.249766168708014,21)
(121.38222471194125,31.25103115574253,14)
(121.44610526384612,31.24156210893734,37)
(121.44380346938586,31.267228800230196,29)
(121.43147881392045,31.24669865518369,7)
(121.42705071488265,31.241972956106846,19)
(121.38241178074477,31.29529586812775,36)
(121.3638048588148,31.30912601637331,16)
(121.37943404154258,31.28165972614535,36)
(121.3723888166772,31.290741501263742,11)
(121.41934397307553,31.23625895706449,4)
(121.3984700476459,31.300435909767103,16)
(121.42599930482415,31.24749034138007,4)
(121.36487224496312,31.250208100091406,3)
(121.41508199424767,31.243718260693427,8)
(121.40897063990815,31.289204148810065,2)
(121.43056356469516,31.237799160694834,2)
(121.44126905355007,31.259016233323845,6)
(121.39279173935691,31.264418423820544,13)
(121.43569417285579,31.255339146399812,5)
(121.39831371226711,31.286344450246908,19)
(121.43212974278276,31.277262000289994,2)
(121.45110709612963,31.246154983727795,1)
(121.40608716335535,31.224614952919012,31)
(121.42520126905791,31.23951246264037,18)
(121.43251410513888,31.243054869488933,14)
(121.3837047546425,31.232250143447608,33)
(121.4044463550461,31.25492691535473,36)
(121.42495808065355,31.278836647269074,2)
(121.44819542232915,31.24365399293007,28)
(121.44107110412985,31.248850955005548,13)
(121.42270177426495,31.274697627850248,4)
(121.4121703913564,31.270477750001287,3)
(121.44223434087098,31.254406764102374,9)
(121.42111965158577,31.235723664329452,1)
(121.44875663290922,31.255077574470434,88)
(121.39358340248901,31.2888330222596,36)
(121.42213724488585,31.273951461037477,3)
(121.45515004392938,31.27205594643295,36)
(121.37324687240374,31.2302305307792,36)
(121.41074171716572,31.231117091841952,17)
(121.37746633903933,31.258158160851014,2)
(121.44640778280284,31.261910163245247,3)
(121.38926088651141,31.251631517920863,37)
(121.37454581528263,31.230383242831742,36)
(121.43305801142382,31.273552470161587,30)
(121.41170451431917,31.25896393054768,11)
(121.42908781684264,31.280214081179942,15)
(121.45133091678518,31.2448314908122,25)
(121.43839709384216,31.26542119357029,43)
(121.44140908067071,31.241968291015503,1)
(121.43650002705363,31.252217043516094,9)
(121.36873214502276,31.24679393779643,27)
(121.3978025978291,31.231976459324482,7)
(121.44887447650017,31.261202476620547,4)
(121.43783226219097,31.254046162309077,36)
(121.45020629095468,31.258487838179683,10)
(121.43585687412427,31.284818689457445,17)
(121.42390438266942,31.259460273985056,36)
(121.39234573654372,31.279461471068203,17)
(121.3748914497091,31.254941687232222,17)
(121.38035693351908,31.29087300670301,47)
(121.38926184675753,31.28245190731373,36)
(121.4443586015638,31.246762988651053,8)
(121.43219524761929,31.251176842563634,2)
(121.43778126033654,31.278553562971286,8)
(121.40377556156378,31.23161797783305,4)
(121.44812050493628,31.25782746076706,48)
(121.42790595319363,31.28070957036916,17)
(121.41087136623361,31.243508277773696,34)
(121.431982514694,31.262415973538477,5)
(121.42524787970865,31.232355585447884,21)
(121.43581790227009,31.260120861495505,36)
(121.43742229458513,31.260752530817246,28)
(121.40207868497141,31.257592229562512,4)
(121.4561672228157,31.27123843767078,1)
(121.42256112446633,31.274868847650687,3)
(121.39112117028921,31.237489500702537,36)
(121.46246655325201,31.25905334457537,35)
(121.41001117304764,31.26228665039339,21)
(121.37276036752611,31.255977441002827,36)
(121.45718084308736,31.27382246693777,5)
(121.40343705172604,31.283714539950672,36)
(121.42767142034197,31.28079610794294,17)
(121.4321294427118,31.277265800222587,36)
(121.36497282041911,31.313159042183866,36)
(121.36451155655752,31.309426396836262,14)
(121.41653092279947,31.250886880004963,37)
(121.41830707772172,31.252747875415846,36)
(121.38818695510098,31.274770625920993,1)
(121.3887626244138,31.2535900065668,14)
(121.37782797711486,31.282904001714464,29)
(121.42415281645371,31.28051336701316,63)
(121.40208550849017,31.280641029964876,1)
(121.4304062315904,31.269309469525798,16)
(121.38603961598237,31.294379851850668,37)
(121.37266358104354,31.294682429877017,36)
(121.45839061650693,31.266522540463175,10)
(121.4321956521534,31.236848889936432,5)
(121.439479530195,31.23807190524238,7)
(121.41173265806276,31.22630126820575,17)
(121.42781280806565,31.272662836072286,6)
(121.3641342040877,31.309423953310947,36)
(121.40452287426838,31.239668760724257,31)
(121.4415636175168,31.243339896834893,2)
(121.41773648249881,31.22939043817384,1)
(121.42944746365484,31.28203990378585,16)
(121.37698128405708,31.299632714045366,25)
(121.36396598117773,31.308301436604552,21)
(121.45210336850351,31.25452019870444,32)
(121.45391463740773,31.269784456311882,3)
(121.4240749286705,31.244591603764842,4)
(121.40367706512872,31.237569679425167,25)
(121.43544131204077,31.24185362210167,1)
(121.4239787042555,31.241002066361766,17)
(121.43946133112094,31.262635356233982,26)
(121.41003522171297,31.228117919291904,36)
(121.3800094539686,31.244343902691092,4)
(121.38972690924622,31.235871802022093,7)
(121.40203087328493,31.261534212043955,6)
(121.39957313119419,31.262065542864907,34)
(121.42390280663469,31.241378293310383,6)
(121.41067047821478,31.26947867157985,1)
(121.44320870706136,31.245303202436183,36)
(121.39271070463404,31.29940021037981,29)
(121.4072148314033,31.300987713197383,28)
(121.40682006726142,31.22569817515488,1)
(121.38459236548758,31.26256552204865,3)
(121.38930476269661,31.2371321078195,23)
(121.43515966876733,31.261856724012617,5)
(121.39054915709838,31.253980465484048,34)
(121.42504733146127,31.239719430474153,19)
(121.38848011496698,31.250612482621744,2)
(121.38590543504552,31.23641202715112,36)
(121.39472254116902,31.24779025898078,25)
(121.42587195204082,31.264876026825352,6)
(121.39300604677913,31.231808091014912,3)
(121.44298017498079,31.24566973008656,21)
(121.43284376637232,31.267321090772494,2)
(121.4228466457759,31.274643503048118,3)
(121.42958917968804,31.246374501574504,11)
(121.43560632777672,31.258086565756322,2)
(121.39877849432763,31.246788591626096,6)
(121.4595334080897,31.258560518749785,1)
(121.42608198452147,31.245283533402308,23)
(121.45430119489978,31.25243919712206,4)
(121.38845307877322,31.240413247123218,1)
(121.39916729512527,31.24282957639686,23)
(121.43019158098866,31.274493616100976,36)
(121.42842465462363,31.262085981442052,19)
(121.42759341119142,31.256782014435586,36)
(121.44087598239632,31.2561606075546,1)
(121.44298040422173,31.257130120297628,37)
(121.42852747941664,31.26195530264764,3)
(121.41399493640478,31.28373075819069,8)
(121.46118290704722,31.269849458925023,6)
(121.35568725155032,31.28419043290862,36)
(121.38738634342413,31.23027845729731,36)
(121.46114289643288,31.257441476777082,42)
(121.42802765583446,31.253713269259823,37)
(121.44637091991191,31.244832049633768,36)
(121.41355039038727,31.233205243153584,23)
(121.38243919583789,31.25373855751658,15)
(121.4527096323274,31.24817149592359,3)
(121.43326109034075,31.243327126966296,11)
(121.44258698554015,31.2475810022925,1)
(121.38529582728795,31.287124022575732,29)
(121.45080015864612,31.255029276599352,1)
(121.436079162213,31.258604715219423,25)
(121.4021296200256,31.23173332133272,33)
(121.41754468172668,31.253302641544593,5)
(121.38232483879736,31.2511533088411,3)
(121.39963941651214,31.230643576782825,9)
(121.38128126631328,31.29321490446357,24)
(121.40622278711653,31.23871101077433,25)
(121.46395282202023,31.262693047476812,5)
(121.40228844534462,31.244986773053142,5)
(121.40118634938152,31.292955803983357,31)
(121.34450335581487,31.29322808442027,36)
(121.40359725092145,31.285693369816595,2)
(121.35956922166953,31.278301233902763,36)
(121.44221973502643,31.258619622008332,36)
(121.42187465416963,31.262589528734853,12)
(121.4170792888061,31.279637323152006,26)
(121.39066423268727,31.253797464081345,36)
(121.44493086603448,31.26284007061138,36)
(121.38353048205019,31.242832777745154,8)
(121.44015716394598,31.266508133848454,36)
(121.34348664298547,31.299381621335435,36)
(121.3766577962651,31.264649012597015,34)
(121.3965424833174,31.241821762888584,27)
(121.3912045735533,31.268328393969526,9)
(121.37246190963724,31.255969048667474,19)
(121.38822089472721,31.26224334747301,6)
(121.41847651150897,31.229008382385025,36)
(121.44977350674665,31.261343881271426,4)
(121.35086314065838,31.282367278405108,36)
(121.43595478197331,31.259792815870863,3)
(121.42808015579526,31.24866399437352,28)
(121.40193763498188,31.248112089161676,1)
(121.41134531397209,31.244164486104122,34)
(121.40752050384111,31.245412865255016,44)
(121.42702042036784,31.238219289312095,7)
(121.38236988495679,31.25108432299599,6)
(121.43182836930802,31.24920858365385,2)
(121.38364573990712,31.255831636091546,30)
(121.38038303850675,31.23420471850978,8)
(121.44368133499637,31.2514811824539,3)
(121.40865120242461,31.240844638995156,1)
(121.41900965496981,31.28625877189063,3)
(121.46256579864564,31.25351270015719,10)
(121.40790659840818,31.245123545596595,11)
(121.43929361089188,31.23959789897884,44)
(121.39401339829728,31.299401257405517,22)
(121.41255814485355,31.24640211069262,37)
(121.45639404749649,31.252755009330954,36)
(121.34089376290606,31.28649363285796,4)
(121.43485321617378,31.236856282156083,6)
(121.42221076013055,31.246910984495514,18)
(121.38786191808298,31.254785834494545,36)
(121.40347808367383,31.226675653819623,6)
(121.43258216336132,31.244794570595896,37)
(121.40365598623241,31.23752661929687,1)
(121.45411465367363,31.27335698336208,10)
(121.435414408168,31.255222492000684,2)
(121.42409360017894,31.241022988165675,36)
(121.4239349815661,31.24996481231784,2)
(121.40232071809807,31.249178443129754,3)
(121.40016012747706,31.248201668950955,16)
(121.45394484642569,31.273026759817988,12)
(121.38905113525995,31.23358426461112,36)
(121.40494414555569,31.248162581603253,37)
(121.41981963666491,31.270506706210217,8)
(121.36874018620342,31.28785306382074,36)
(121.43615502928782,31.23455457836007,3)
(121.45987283796843,31.261956478363473,19)
(121.42885175806094,31.265610661639005,30)
(121.38965511526457,31.238930137732314,17)
(121.38220915731155,31.244859402269682,6)
(121.39481790545514,31.2721047994308,104)
(121.37127288445124,31.313492243824406,4)
(121.43700328837413,31.264395659720662,37)
(121.41703675640485,31.268689005143322,1)
(121.44202075786723,31.243147106739812,17)
(121.4461063640741,31.241555109143597,37)
(121.38936635928596,31.256026520339567,10)
(121.41900757210334,31.229108864074806,36)
(121.4286683533508,31.27016273312231,18)
(121.42972216936693,31.280695708960952,143)
(121.40991939306407,31.2427950674621,36)
(121.36497252033737,31.313304741816722,10)
(121.45832772060722,31.259883981159277,8)
(121.44523375369413,31.25014403279007,7)
(121.45441674330893,31.273488997819346,14)
(121.37155468521604,31.281132502772664,9)
(121.43680349975222,31.2402082923058,5)
(121.43430448453674,31.242104329473847,13)
(121.38239821671894,31.243020766815828,20)
(121.44684791791272,31.241777038555785,36)
(121.38993688847681,31.281688733043655,2)
(121.40604913167651,31.224265788752152,2)
(121.40100648158197,31.237748216843848,3)
(121.38432390282989,31.237713209620324,10)
(121.40663070643768,31.2832191371101,22)
(121.39299501218794,31.27741401648781,3)
(121.43414568472762,31.253214457013094,13)
(121.42799925322271,31.27298277354739,35)
(121.38068321268365,31.2664702706325,5)
(121.44063891350626,31.254336124721174,20)
(121.42102834351294,31.239785595715865,2)
(121.41388197251034,31.231626515470463,3)
(121.38983927150389,31.239463152667668,12)
(121.39882340637656,31.234094884934382,1)
(121.38968464210126,31.257421336368566,36)
(121.4476081772214,31.25405154787208,18)
(121.37129879093818,31.275469819603426,8)
(121.37439472211695,31.28944254625078,30)
(121.4238188845144,31.24139336342849,15)
(121.39936863964418,31.27840814481535,36)
(121.43766388958868,31.237670985972986,10)
(121.409391801547,31.233987172263696,7)
(121.43217495743856,31.281922949384185,36)
(121.4234318615217,31.260062886991506,2)
(121.37861739727354,31.232603698657734,4)
(121.40216470539326,31.26034584142475,18)
(121.39250730155344,31.261680077333253,5)
(121.40785936917234,31.250200564364217,24)
(121.41454747717438,31.235166581829322,2)
(121.44327284516683,31.282741125801405,5)
(121.44632451026438,31.244808141539462,17)
(121.44259173417683,31.24364743994529,14)
(121.42424473484438,31.237810868055263,37)
(121.41181141854298,31.25819157339278,67)
(121.42503873909529,31.24144543502281,36)
(121.4518983682637,31.280808039881208,3)
(121.37523789304323,31.271830432099136,8)
(121.45670758476166,31.268053953815606,15)
(121.3701360025365,31.31080229845134,36)
(121.38939641397387,31.256360687918495,30)
(121.38994098724464,31.30359252056541,18)
(121.41085531509177,31.231413793644037,2)
(121.41043259029658,31.279407802388988,16)
(121.40418289222085,31.23624739795405,6)
(121.36877139183426,31.284775274626043,25)
(121.4462419923611,31.241776432575257,36)
(121.41012597279095,31.260223746287515,3)
(121.41477624084327,31.233557769624124,39)
(121.41637079077819,31.248427859981195,17)
(121.36354382343666,31.308121789094283,4)
(121.36437053637741,31.31129867625633,5)
(121.3892735559405,31.237171202066946,14)
(121.41850121953976,31.263918021297286,137)
(121.44031082061369,31.263167215120657,33)
(121.4402016049187,31.26099270530826,36)
(121.39947257750057,31.244666881614254,1)
(121.35643916067201,31.311921595412535,52)
(121.37693251411727,31.268549994435016,31)
(121.40728094483025,31.260735885797022,33)
(121.36860778860233,31.314211453275707,29)
(121.39935959090032,31.256774184410983,29)
(121.42484917265621,31.27868267093653,21)
(121.38934333834813,31.25601149692898,56)
(121.45474546246211,31.247383829983185,9)
(121.36529246655387,31.23782390241795,9)
(121.41605903318278,31.26086842803513,14)
(121.37398875636096,31.25609495147317,14)
(121.45967533027454,31.273104651932826,1)
(121.4478256218709,31.282802444375427,23)
(121.42515805850883,31.239598453561083,36)
(121.38546114030203,31.287154420527198,36)
(121.36830313186142,31.237071915893083,2)
(121.36460847838204,31.27906787593061,7)
(121.44786045508751,31.269789393493575,31)
(121.37090778349726,31.30554034099012,20)
(121.45030093975947,31.251827840083628,21)
(121.46193415798727,31.260665266431904,35)
(121.40693285989134,31.301252816883373,25)
(121.44241036261701,31.25843624493646,35)
(121.43131002630463,31.235121623662785,24)
(121.42171191400844,31.262550394897588,27)
(121.38931259992341,31.25931690976679,20)
(121.38832269041822,31.281803639338577,36)
(121.38716516503338,31.23063244078823,36)
(121.37670427514249,31.28092388762991,7)
(121.43811202373833,31.24436633382825,7)
(121.4432720689326,31.264922558746537,28)
(121.45180729408304,31.27752686172476,8)
(121.4435361209318,31.244077145486273,1)
(121.42263167596037,31.26143605324103,17)
(121.33923563808798,31.305009816421222,5)
(121.45152325463677,31.246950618380513,6)
(121.44139085750423,31.265431828703225,3)
(121.4129922737649,31.25367651839849,50)
(121.3771640123628,31.293634562263563,36)
(121.33900528985522,31.295375620219573,36)
(121.42542782523789,31.247657294169777,1)
(121.42531899812951,31.242552781280963,15)
(121.44275476276931,31.281948624814333,6)
(121.41161700412644,31.28420554188227,2)
(121.42446910226377,31.26226404871826,36)
(121.40728494405455,31.233560098109567,3)
(121.41871053860477,31.237998086443966,37)
(121.37397925472989,31.25603745021899,15)
(121.3650353942232,31.27687847743221,13)
(121.39025436492057,31.267178620775905,36)
(121.42247040184778,31.245277078298077,22)
(121.43604775139673,31.238708646060864,20)
(121.45978782906039,31.247721442770683,19)
(121.43090775424304,31.24895827669957,11)
(121.3853637242747,31.262651155183377,44)
(121.43357918076687,31.255539730357597,2)
(121.4597226649071,31.265438264815838,1)
(121.42396541012218,31.260415640618,11)
(121.4613628524106,31.250685214703893,39)
(121.42526798549166,31.24083187395922,4)
(121.34908369526649,31.29780427975209,7)
(121.44634014027606,31.263017142223113,9)
(121.40544761023831,31.241571678040774,31)
(121.38925564544266,31.282257906594836,36)
(121.4264861503721,31.240055592392192,12)
(121.41493744434426,31.248151287891556,37)
(121.45428623980597,31.25253827101944,15)
(121.40291584467488,31.25951327929917,16)
(121.45325978863993,31.25580668160582,13)
(121.4308768000667,31.24902734038709,2)
(121.43685641853178,31.240244238193565,5)
(121.38944246774612,31.25652879474027,36)
(121.4099492004073,31.242801873646687,22)
(121.40346256376905,31.23221520528924,2)
(121.42532531985572,31.22899713893148,3)
(121.43358817088814,31.23809938436066,3)
(121.44149867851975,31.24318187369865,24)
(121.38156715105177,31.299649333283135,50)
(121.408850672133,31.243187386196226,36)
(121.38084008877132,31.228317494024967,36)
(121.37427110927995,31.23841856669807,4)
(121.41370482887508,31.2449779532097,11)
(121.45281642711005,31.254805244844373,68)
(121.42776740036695,31.24741973533869,3)
(121.4141596781274,31.247142099778415,36)
(121.41409066288604,31.246657906174857,22)
(121.4607317148931,31.252463426413502,36)
(121.35139972935443,31.2992609941081,37)
(121.37693457863591,31.292261748041113,36)
(121.40300360693436,31.25603151970098,36)
(121.3797667941837,31.263276933734744,4)
(121.40635111815612,31.245720823653244,30)
(121.38093039514237,31.29956904922348,3)
(121.41140971887151,31.283352253516263,4)
(121.3928214372551,31.23635966077924,1)
(121.4488269059641,31.241950084743763,18)
(121.40777367362975,31.23069877528195,37)
(121.37987789391018,31.22828446157893,5)
(121.42128086266742,31.239567305325117,71)
(121.42057748193503,31.240576198360767,3)
(121.44624992722828,31.282793202044445,20)
(121.3864435686804,31.231795377179917,18)
(121.36765837588783,31.29330701791418,30)
(121.41650714688346,31.283763194892796,13)
(121.37288730361601,31.229953940075593,36)
(121.37471688655945,31.241999286717945,3)
(121.36435343449027,31.30948067841598,7)
(121.37486639736139,31.310095662535733,27)
(121.4079631273447,31.30476515971792,12)
(121.4049587806714,31.23249151610686,31)
(121.42848348189219,31.24624553533822,6)
(121.41981334327085,31.241772338263036,36)
(121.38132100431424,31.232160759293183,3)
(121.38302626127356,31.24678205948398,17)
(121.38291593463035,31.290432424204642,36)
(121.38470174095235,31.277195700867725,34)
(121.38386521393949,31.280960858933636,6)
(121.43656101872888,31.253226406642376,22)
(121.36473458693261,31.31271501530141,36)
(121.45285172445338,31.253092387331037,1)
(121.42177226006714,31.28292365960024,35)
(121.3860199663131,31.2411992908941,36)
(121.43690461519469,31.266332618154483,19)
(121.41684766018525,31.295598461378304,17)
(121.42576985983919,31.239703046899248,35)
(121.44879697454355,31.241988156410198,25)
(121.4404934597053,31.25640616206471,36)
(121.41130186424674,31.261811239327265,6)
(121.40787601240741,31.235353489056788,1)
(121.42321668308387,31.24380484372467,30)
(121.42625852100824,31.241574474334282,2)
(121.42399471414423,31.241284181222625,25)
(121.41926691029026,31.234948402484505,2)
(121.4382929637563,31.23968407697078,20)
(121.40304084900946,31.247821177771563,5)
(121.45942298908783,31.257204705641534,1)
(121.4132304151708,31.26312535661781,1)
(121.35446707694693,31.31076979220877,36)
(121.43287465730674,31.266562732568072,24)
(121.36554251941527,31.247187654225577,17)
(121.39457370979379,31.262235491376344,23)
(121.42311934479922,31.26244514102462,15)
(121.33109016152804,31.294971402192264,18)
(121.41365670424052,31.25671346438883,7)
(121.41676248897633,31.283477018179767,8)
(121.42333316140997,31.262496007653574,36)
(121.42409363312822,31.241401158403452,14)
(121.4122843553464,31.2589888138873,48)
(121.40990098840737,31.259615230954473,37)
(121.44636461860314,31.24483284852768,21)
(121.3820682626947,31.29393498755224,7)
(121.37880280117608,31.254569109635483,10)
(121.39304337048937,31.22374438363294,5)
(121.43778327045719,31.240733609137937,1)
(121.45934887690636,31.25813129341871,4)
(121.40037717828754,31.276369249924517,3)
(121.37529729035047,31.235885784748465,29)
(121.37847306085631,31.27714328372646,29)
(121.41602670796125,31.234033520920732,5)
(121.43149279486732,31.235218468235324,1)
(121.43859351104821,31.23956255503732,15)
(121.4175533833928,31.243032962955855,10)
(121.43922889920752,31.279360868817143,25)
(121.37298997377508,31.29347437338046,4)
(121.36646773716805,31.309219430307728,36)
(121.35835596803528,31.313172536906805,36)
(121.42906660979334,31.26564790525455,26)
(121.38938140302574,31.256381686087916,48)
(121.42459698004632,31.25079295248167,27)
(121.38441281727431,31.293086895728063,71)
(121.34128362381865,31.286372317373544,11)
(121.43639869352688,31.23507949981895,2)
(121.39192300118789,31.240101202082727,1)
(121.38386204871411,31.279629934056636,14)
(121.33655909217774,31.299168466788995,36)
(121.45940018466762,31.25540890573131,8)
(121.44278075994303,31.25228389287206,36)
(121.39778536004573,31.238649567239893,17)
(121.43038122895815,31.24671683885424,36)
(121.40561523925899,31.238787885899182,9)
(121.42559896638882,31.241758340500375,1)
(121.39906722053097,31.230855485229622,17)
(121.42724979000394,31.25678232888251,43)
(121.41293225863213,31.23243754648819,2)
(121.44436972803996,31.27296777337636,12)
(121.34921308988034,31.299171049106466,33)
(121.37756459946671,31.248115869376367,34)
(121.3870535688885,31.27097012862719,10)
(121.42714928908313,31.23831621727893,23)
(121.3667313912483,31.251811188327363,36)
(121.43840259022686,31.24840318187404,3)
(121.40478264022323,31.231071847977947,32)
(121.39537280997003,31.235020844437095,37)
(121.42107505502258,31.239431606121784,25)
(121.38270637996827,31.283763357100902,5)
(121.37332530744267,31.25693558667012,5)
(121.42190046038289,31.260679237809835,3)
(121.39220059034051,31.27898018262212,24)
(121.44180914986968,31.258510602723636,25)
(121.38149116610377,31.243188932497745,29)
(121.41170470758635,31.261178887352216,36)
(121.36420501380974,31.30972856075182,20)
