(121.43985662349255,31.28214219329705,36)
(121.43813879522726,31.268525872977214,8)
(121.4004792264806,31.238679976579657,1)
(121.45587852221017,31.27787881457508,8)
(121.44367605540826,31.26333873503881,37)
(121.38239576803205,31.283878265487733,22)
(121.42734808921666,31.238516127493302,12)
(121.42705054217413,31.239990063053558,21)
(121.38677223415061,31.281716361732354,26)
(121.38967823275725,31.27450863302695,33)
(121.39372627557779,31.263370517235384,10)
(121.43803090723705,31.254012000421152,29)
(121.42046552015559,31.251536149879094,36)
(121.38981906286966,31.28268411226034,15)
(121.39285374201609,31.25614672748955,3)
(121.43924416049836,31.282657201574327,36)
(121.42326909551893,31.238774963996892,37)
(121.3768658063219,31.2844695272609,36)
(121.39374368855215,31.290912947747024,2)
(121.42248270389783,31.26034975967142,23)
(121.42085450017807,31.23422886977609,34)
(121.39092203491202,31.237709467413403,8)
(121.3888670652129,31.25715508818302,37)
(121.35718678828157,31.290434489678255,14)
(121.42296167230079,31.230237913639428,37)
(121.37878882948641,31.232669125518814,36)
(121.4313489613431,31.24643367908194,2)
(121.42583078803608,31.253408710863557,10)
(121.36227055700795,31.29475607832469,36)
(121.39496164764687,31.24737719903226,21)
(121.41773619607056,31.250182025594988,16)
(121.40875646954078,31.298020487931307,4)
(121.39754801610496,31.24499505298716,4)
(121.37964967916176,31.299165922628,18)
(121.39333823141843,31.277267155970847,4)
(121.39575111745222,31.28200638443299,19)
(121.3814935691916,31.270792937194106,36)
(121.44325305974907,31.24267619665118,14)
(121.40214219035879,31.230974392983462,3)
(121.38746626872133,31.23825327459817,3)
(121.37128888712272,31.313315646415376,26)
(121.40896645790727,31.29635006245804,36)
(121.3784776711483,31.232252077417307,36)
(121.39052807654478,31.264730101146377,17)
(121.43581305710848,31.24026661266679,4)
(121.41706012486722,31.227011949488492,1)
(121.42716350826151,31.229536191786213,3)
(121.40895585573153,31.259412435033106,36)
(121.40953388623912,31.235193707623285,1)
(121.42457577494389,31.234450233355386,11)
(121.42574580217672,31.241497171246248,20)
(121.4377850938325,31.276716796535464,34)
(121.45772555471889,31.251557649075647,10)
(121.43853482362172,31.264971808986488,13)
(121.41877518592733,31.236862230336488,32)
(121.37287384612694,31.24797506936187,3)
(121.3640421916746,31.30833094524996,11)
(121.3995581197896,31.26199750878383,30)
(121.43284618741107,31.26072226260478,1)
(121.43172168603616,31.237445228986008,36)
(121.45514646672149,31.256345178335053,1)
(121.44397021887697,31.265385784329528,7)
(121.43141447089918,31.26258198540582,65)
(121.3870003974923,31.26958650155658,20)
(121.42703533254527,31.23739690304037,22)
(121.43477789014231,31.25477636589231,22)
(121.38564457825966,31.287803051096407,36)
(121.40411427123067,31.262139595487834,36)
(121.3649728203877,31.313273541923085,36)
(121.3859935873142,31.28310327196713,5)
(121.38247977081043,31.294280532827333,30)
(121.3990402636954,31.261562114033154,36)
(121.40127541500155,31.24816511749062,12)
(121.40427811522486,31.23642271702727,7)
(121.43355829004025,31.23897781757655,23)
(121.36791672838734,31.26927853064053,8)
(121.42686177600358,31.26097916389094,50)
(121.44907204992772,31.24977212458681,36)
(121.42451770162695,31.237020126006954,1)
(121.36437243715125,31.30942318074129,37)
(121.42737825183065,31.229289883197083,1)
(121.42487898828118,31.24252404832958,2)
(121.3774052251395,31.257799934906423,36)
(121.4375382152445,31.24327255742185,38)
(121.3637353493483,31.308934508915105,36)
(121.37735352792808,31.273597608373294,21)
(121.39646427482573,31.233544686257762,35)
(121.3937897506134,31.273747468775444,5)
(121.37636081916199,31.281167581468026,36)
(121.43600294066111,31.236359541620793,1)
(121.38444565720847,31.25979893349342,26)
(121.40377989240679,31.28694091474663,36)
(121.37119549325678,31.27392003454656,27)
(121.36898703919708,31.230997516335883,1)
(121.39558115602105,31.299630157947412,36)
(121.36509650385428,31.276891574858396,11)
(121.40331889232318,31.247738187553267,7)
(121.393068891583,31.245621889201153,37)
(121.43806206353293,31.258671755686187,31)
(121.41101633225502,31.243488243724613,36)
(121.42391855333733,31.250104172548255,3)
(121.43392738112806,31.237519864164874,44)
(121.38629301257677,31.293538552355276,36)
(121.34291277579275,31.292412231095664,36)
(121.3788185691598,31.251662852320646,21)
(121.40229813760729,31.256168876688694,1)
(121.42356040706262,31.244708043108332,7)
(121.43955477157937,31.26140082490806,29)
(121.36900811442513,31.252699935784253,8)
(121.4315851137184,31.277742290311334,14)
(121.41744646819419,31.25138669354703,4)
(121.42248585633963,31.25063544573231,36)
(121.40908288696153,31.260312559615567,36)
(121.37695022416669,31.299434600241035,36)
(121.38514370963178,31.260020826935893,36)
(121.43449879592427,31.28334879776049,18)
(121.45908790033145,31.250276121058715,3)
(121.43196829558337,31.271147703888555,35)
(121.42519496751393,31.239473661411544,36)
(121.42905887970052,31.281466055623664,36)
(121.43142997450138,31.262031289569933,21)
(121.39449747734258,31.260102532128233,9)
(121.44766458963379,31.257483851221814,16)
(121.45268640405091,31.260512213380366,4)
(121.43300524922758,31.27543231660964,36)
(121.39918059917936,31.231767500453646,1)
(121.42839834828223,31.26214627596369,11)
(121.37962260632355,31.274715615799064,36)
(121.41409451648005,31.290810589713484,36)
(121.41823321932236,31.23092310081787,37)
(121.42130433487483,31.26335723938865,8)
(121.44417185911563,31.25339194316584,16)
(121.45218446226767,31.252750247462576,3)
(121.39611822978618,31.267247324258896,26)
(121.41316680348797,31.23293998343251,11)
(121.3914571504877,31.268968170406183,9)
(121.43561732265941,31.274274647785195,1)
(121.45542458634635,31.24706763505241,6)
(121.43271710057994,31.260026582010074,16)
(121.42067969812241,31.255382706780956,6)
(121.37249819159378,31.235520983286946,37)
(121.40820567143494,31.260536177345152,36)
(121.38924834174135,31.29691747404089,6)
(121.41912577276848,31.236983503457026,17)
(121.39554395139473,31.26222032865491,37)
(121.43662892375673,31.253369379810508,12)
(121.40483814832177,31.29430031545619,86)
(121.35257562202833,31.281173816876223,44)
(121.38838716818537,31.240687986434263,5)
(121.41117733285091,31.243920408311094,37)
(121.45318977627747,31.258662565183798,37)
(121.45561745903383,31.24664493089815,15)
(121.39944271329232,31.246351623356116,36)
(121.39821786756119,31.299406073207305,37)
(121.38690281249848,31.28690658367983,36)
(121.42419204781531,31.235735518021027,36)
(121.4346776589416,31.238940444689238,36)
(121.3821971866995,31.279847416846646,36)
(121.38045604124918,31.290701042480176,36)
(121.38641023746604,31.291555577245823,15)
(121.38457260071156,31.27715956864003,14)
(121.39737627646662,31.24190412542002,37)
(121.3550375957043,31.2802297012908,37)
(121.3847190381923,31.257422320274134,2)
(121.37235186374372,31.31319859401713,5)
(121.39142714384975,31.268957164844863,17)
(121.4396805583471,31.238498521810136,34)
(121.3990563859398,31.278682377238844,36)
(121.41756448556272,31.23064038844877,3)
(121.4274936635432,31.24694277624933,37)
(121.43199869786149,31.264764962205454,4)
(121.36410950008343,31.311579945571197,36)
(121.4215271695932,31.268208691982007,4)
(121.42965637057193,31.246503992589243,17)
(121.40544575071416,31.27871321408334,4)
(121.43685632891531,31.239213772881513,8)
(121.41707149844366,31.237868822883577,4)
(121.40622708654179,31.288698612034853,233)
(121.42331627779838,31.240735439790647,17)
(121.45477020171415,31.258829256641352,6)
(121.36817707698688,31.279769280362906,4)
(121.42551654661514,31.244972317507347,31)
(121.38237273101491,31.283759194176092,18)
(121.44692571030389,31.261967287735835,9)
(121.39721293337824,31.23681750332775,36)
(121.36280104017743,31.307868406243458,19)
(121.4254279813629,31.24862232250301,2)
(121.38895066765063,31.270569246733864,3)
(121.43934045821229,31.253556724244177,5)
(121.38539903315058,31.253452180234692,8)
(121.37877499667871,31.28023897499392,1)
(121.45074708431193,31.258650888570156,7)
(121.4154282562478,31.244279315397314,16)
(121.37488620603146,31.287126616163757,37)
(121.3938778451327,31.245828931971868,16)
(121.44032884577972,31.25915005762701,39)
(121.37169838725404,31.26358933514721,36)
(121.45209147350185,31.28010634845199,5)
(121.44612025857714,31.283533727566883,11)
(121.34966241757088,31.30312166196279,31)
(121.40221475967299,31.27171434609265,37)
(121.45736553472992,31.25420981362876,36)
(121.42281070805808,31.28232251572561,1)
(121.36072766167457,31.286303733670948,13)
(121.42783593580744,31.277198562993593,1)
(121.3675993092651,31.296298299643475,37)
(121.42342373524349,31.257899359958387,29)
(121.38889413311409,31.292540415105417,26)
(121.43585137984923,31.244649531747896,34)
(121.41660386095823,31.296416890118884,36)
(121.41084712185699,31.23412287701266,27)
(121.44223588311945,31.27214336913695,20)
(121.43612067279007,31.264220312633235,23)
(121.41048229429671,31.24175455331809,10)
(121.43787796467544,31.254046994137852,36)
(121.4237512686061,31.245093072841314,25)
(121.36484007278918,31.277179307548337,25)
(121.43381646393236,31.23373912712623,3)
(121.4249952417805,31.25460402289286,20)
(121.44700878522261,31.25333639222024,9)
(121.43844740231754,31.25842427170501,37)
(121.40359449829919,31.25415706026336,37)
(121.44974890932366,31.24234356421934,34)
(121.39550628627016,31.274043970734688,1)
(121.38423454283557,31.25767698826799,36)
(121.38819384994639,31.296440427129912,15)
(121.38187041692184,31.29837354152911,36)
(121.44763448656408,31.26946652346699,8)
(121.43768785594591,31.249215126897784,11)
(121.40959981433429,31.245619695615094,36)
(121.4279473826886,31.23807137174342,16)
(121.42795596170001,31.251558637106207,8)
(121.4181381292889,31.260258852393665,36)
(121.3936804160349,31.26532432702761,31)
(121.43160953006972,31.268353921600543,37)
(121.39767687865856,31.30248740352724,2)
(121.38420331546357,31.243952908868653,15)
(121.41407961363684,31.29185601261252,16)
(121.44629790394933,31.241627542658637,36)
(121.3991254811727,31.29329386556892,27)
(121.38461064335247,31.277184613626115,33)
(121.41239260387647,31.24615767657279,36)
(121.40126743346153,31.259282826209965,36)
(121.43319911374115,31.231117656742878,19)
(121.38770243949712,31.24523368922619,9)
(121.44391191058463,31.28316913965078,27)
(121.38853168703335,31.23367391400937,9)
(121.45029523007899,31.248585328634647,29)
(121.38024214356544,31.283434877975093,35)
(121.38143505911013,31.233846480508948,1)
(121.37433772507917,31.313885207211804,1)
(121.43304315773922,31.274991088569827,60)
(121.45929677032957,31.264960973279425,36)
(121.44635621685809,31.24483414705223,27)
(121.40055038610555,31.261182456571586,7)
(121.4462699989404,31.244833331929012,32)
(121.3378246675927,31.293943869240206,36)
(121.3726058064991,31.313214329670775,26)
(121.4484896334258,31.24188566842785,20)
(121.38247285523043,31.28385733296815,37)
(121.36419471212119,31.31068695738759,2)
(121.45783992946835,31.247746717191415,29)
(121.39094647132117,31.253989739236047,8)
(121.3686680475361,31.247630167155965,1)
(121.40993729747301,31.24299147080849,36)
(121.41394480480085,31.236175234473883,4)
(121.45634832109221,31.25458090604915,1)
(121.38416307054855,31.262330732329584,3)
(121.43037626289153,31.28141869628158,12)
(121.42757499237216,31.22880748010332,7)
(121.37859489305156,31.232597695132238,2)
(121.4333745510446,31.238978035015734,36)
(121.40071604830663,31.233773329971644,36)
(121.39984630780528,31.24002991807277,2)
(121.42603200309709,31.26733894032619,12)
(121.44087924265082,31.24517495494302,11)
(121.40817289290237,31.2564492913773,9)
(121.38143599767923,31.230499113833552,10)
(121.37143787367091,31.250852452690374,36)
(121.43589990925754,31.274522388813107,2)
(121.43473981936096,31.253314772906872,13)
(121.41338565007466,31.261357554703356,29)
(121.40462907544703,31.304992138586407,4)
(121.45322744876376,31.248668690843147,36)
(121.37787892553175,31.258519790527906,4)
(121.40815297911621,31.291779052351597,14)
(121.37462975966353,31.22832839994716,7)
(121.37965628042508,31.29915942369947,36)
(121.45734135500793,31.27245846451947,2)
(121.36422861704845,31.309855263178502,24)
(121.44689592782079,31.241782546908336,36)
(121.44313963524651,31.265930315362993,13)
(121.39395302519962,31.235860483572463,3)
(121.40570798261797,31.257132578466862,34)
(121.42674672216998,31.24977770656663,37)
(121.4418101492842,31.254844209769576,24)
(121.42537837970457,31.241158028703442,8)
(121.4119622974547,31.25194187554495,8)
(121.3943819712474,31.25511030231137,8)
(121.43534478542244,31.286274934316022,36)
(121.38372054065883,31.229587934777044,6)
(121.3818839583934,31.28143875783538,11)
(121.42931452448437,31.246517841545057,16)
(121.4561822294165,31.27174762043277,7)
(121.40636529320494,31.260430035837295,15)
(121.40735336260387,31.2586800048138,37)
(121.36541393230505,31.275353411911777,36)
(121.399946276216,31.27635776395255,22)
(121.36390477428574,31.28157369568674,16)
(121.39278662022767,31.25161386474084,16)
(121.39490538995581,31.302140000560726,33)
(121.3487393778433,31.302663554197,5)
(121.43849385659888,31.24160661641047,2)
(121.42297446666974,31.26239922530016,7)
(121.37687672198281,31.237286212876665,1)
(121.44389480692004,31.283153736591927,25)
(121.38268530395912,31.246630662121728,12)
(121.4407024065316,31.25907789610967,17)
(121.37983202010776,31.26905401666819,28)
(121.43000109343971,31.251186213006047,3)
(121.40090900548722,31.263910281701033,1)
(121.37642456822957,31.256543340848413,1)
(121.4115648191199,31.227648926908657,36)
(121.38550587140415,31.28350106684986,14)
(121.41232988849455,31.259461737665195,17)
(121.37264600331692,31.2653163195849,36)
(121.43711733033764,31.266977608286687,28)
(121.3972765449064,31.266432563062416,18)
(121.38610397373664,31.289221528418633,17)
(121.39488792277778,31.260015837671776,41)
(121.43755851998725,31.254409589614966,26)
(121.42155643308715,31.23711101525576,47)
(121.42108342542902,31.255740612635723,37)
(121.3888405124562,31.274484006011797,36)
(121.45149117022693,31.244460049719244,21)
(121.39612420848262,31.2380381200882,132)
(121.40412917832303,31.25514955022782,36)
(121.45535334480148,31.27232959102144,3)
(121.36435363452327,31.30946277847979,35)
(121.38281681862829,31.290394312686164,36)
(121.4358282006659,31.24218245583299,48)
(121.39567577773416,31.299862175747194,37)
(121.42702779428171,31.22883388993413,2)
(121.40418054039763,31.2307206194639,37)
(121.44391094781187,31.26364109443491,26)
(121.40980706526149,31.259570511512024,26)
(121.39102234242365,31.251831842942522,12)
(121.38138114085794,31.29039688125207,7)
(121.39774758635149,31.24144381302754,24)
(121.39556294719488,31.22387580019449,12)
(121.41836901596692,31.252477725444578,19)
(121.43102605886851,31.265665413421477,5)
(121.40743748352112,31.245489347964888,36)
(121.42959383390988,31.24656954845439,16)
(121.42964510119833,31.280639129161226,3)
(121.38042703959714,31.244032764417767,36)
(121.3918534889414,31.234803755104906,36)
(121.41196151922833,31.236888079717755,29)
(121.45938866292549,31.25667326432293,7)
(121.40599206312382,31.269369840592034,11)
(121.40742755507583,31.258967009852544,2)
(121.43774756306098,31.235495882798272,3)
(121.39878690669372,31.232110321883184,25)
(121.41245116981761,31.24597105442128,19)
(121.43818939195755,31.24191217821171,26)
(121.44475762728817,31.279096206208184,13)
(121.42843995195551,31.262520699410132,5)
(121.42512094945249,31.239705245701717,37)
(121.34168047330746,31.28595289317029,35)
(121.40138026116165,31.234006608432583,1)
(121.44780732235442,31.271331249698125,34)
(121.41223769937008,31.25131547287042,25)
(121.43096282792881,31.248999180693403,2)
(121.4570472787519,31.25404976681895,18)
(121.44707466775647,31.254082855438035,5)
(121.42695948230367,31.238175323958888,35)
(121.40903392966936,31.246385799778842,20)
(121.40983067120503,31.243211248219726,36)
(121.37885793432557,31.266781437001953,14)
(121.4059353287777,31.238049116415926,1)
(121.40870423101559,31.22647577558951,18)
(121.42233954118437,31.234156146110376,32)
(121.43534078559922,31.240336246175616,17)
(121.42878523922259,31.243929089186306,3)
(121.44197608703234,31.25746049693502,36)
(121.382573243431,31.298471278179264,7)
(121.39109325451413,31.27315004544977,36)
(121.42302048888808,31.263110497775177,36)
(121.39539355015626,31.300722695067456,36)
(121.37296670626239,31.25625983121899,35)
(121.42284559298709,31.262574392281856,28)
(121.3865635693785,31.293257800617624,36)
(121.40158300094346,31.287723802797977,9)
(121.45749904270556,31.27351156844681,36)
(121.40956650075273,31.230827705278987,11)
(121.4471236871163,31.25498091087927,37)
(121.40464622321609,31.249391096627225,4)
(121.40745648817092,31.245517551834137,4)
(121.38548687473944,31.2578481893153,37)
(121.42097466021721,31.234556223123416,36)
(121.40828548352648,31.24039416849922,33)
(121.37837534924819,31.24525203511894,21)
(121.40353387826731,31.25862599762322,7)
(121.40515924584192,31.260565026813115,10)
(121.41412255359441,31.237092786708832,2)
(121.41295226385643,31.253958509482192,28)
(121.4364312397157,31.253413659399044,37)
(121.38396483372826,31.283502370498667,16)
(121.42083929700605,31.242443351290053,36)
(121.39978563389285,31.244016690670385,25)
(121.43810539704282,31.24036859943852,37)
(121.41434508747908,31.239849796959774,3)
(121.41501027491182,31.292383912534422,36)
(121.3713113907512,31.313602648852687,17)
(121.40698160954007,31.252581627934287,3)
(121.43607323276312,31.258380292664057,3)
(121.39273461384391,31.274906819036257,15)
(121.37650303900213,31.24688908617621,7)
(121.44923245228678,31.25844963060621,18)
(121.409338768139,31.244987147163016,36)
(121.38647595175198,31.28846619544049,37)
(121.41332677899464,31.233291099996364,2)
(121.4474340260695,31.24341024156893,25)
(121.39232904132483,31.260148307695633,8)
(121.43668982780262,31.25337630235358,1)
(121.42190156080578,31.26255293441166,23)
(121.38450955697998,31.254448833726254,35)
(121.44245039354495,31.282605372539667,1)
(121.4352820870147,31.267190780597925,1)
(121.41111644538896,31.24504792348111,33)
(121.42939438539133,31.24166361713541,18)
(121.43146284558044,31.246820726991,13)
(121.38687978481583,31.286843539162536,25)
(121.44632610984553,31.241765847355676,34)
(121.44819229788843,31.260514536227664,126)
(121.43599294139732,31.253296908431732,36)
(121.41955979507259,31.27027075382055,36)
(121.41736357751721,31.263559021535386,28)
(121.43713107600448,31.241364376031367,24)
(121.436356768633,31.26960773090377,12)
(121.38863653783699,31.250573690811436,37)
(121.35745406228146,31.287490752741533,31)
(121.41692285030949,31.275347202596077,2)
(121.45928706519703,31.254155391994342,36)
(121.38206817468985,31.29292558604122,37)
(121.36317137462207,31.302314460465972,29)
(121.36072150634426,31.24263697186056,13)
(121.46286317176279,31.26118470025997,41)
(121.42990246117618,31.26546750914669,5)
(121.39971827155462,31.263075022577702,26)
(121.38171950052735,31.23240627731067,1)
(121.39174669004215,31.295435437968987,24)
(121.39165719980836,31.231605282948504,2)
(121.36440794208612,31.309465184749417,9)
(121.36496351909112,31.313201940993665,1)
(121.38338570954294,31.247299634195162,36)
(121.4485707617847,31.26837509498188,31)
(121.44738353696997,31.271039345443857,1)
(121.36884490747964,31.230350657513405,35)
(121.41842202260864,31.275839695545304,3)
(121.38344599377308,31.238294652495235,22)
(121.4212975101878,31.24267814643989,8)
(121.37802451463942,31.263062914708996,18)
(121.37253392621146,31.289434166432635,6)
(121.42238967422723,31.281992862297262,2)
(121.4335880593803,31.236817802937043,4)
(121.44593212775982,31.241655678284697,36)
(121.42240485286334,31.28418274691096,16)
(121.38489870071525,31.25136683344435,14)
(121.45938688536887,31.26448408695974,3)
(121.38102175925938,31.26570799829568,1)
(121.44639152419307,31.244845053221468,37)
(121.39289825903091,31.223605232958153,36)
(121.40541862824215,31.264728834629715,1)
(121.40877108466545,31.224878028466907,2)
(121.41631814007225,31.252123513708728,28)
(121.4380084620139,31.262225363883697,1)
(121.34343990375274,31.291983853880748,1)
(121.40781248972787,31.240085050174127,36)
(121.34538961833218,31.287625553266388,89)
(121.43835170096112,31.271513838550767,12)
(121.40996004531195,31.283628600101533,1)
(121.45262539239386,31.26032720394498,11)
(121.43693442848239,31.26473789799815,22)
(121.42249250630594,31.260267061870604,20)
(121.39539201279901,31.297890525124284,36)
(121.4378804570726,31.282680124322393,36)
(121.45595872355779,31.2709937710095,6)
(121.43035653825525,31.247021133224397,5)
(121.34772157668397,31.281800491519782,27)
(121.45342596676531,31.248570251393883,31)
(121.3910930624711,31.27094812071249,36)
(121.43683806029918,31.269288373377808,16)
(121.40089780526534,31.229602346725557,36)
(121.38514642402326,31.2911617897692,36)
(121.36511254176571,31.277000644227797,27)
(121.3841030329986,31.241951918851765,11)
(121.42232446638764,31.233154698527507,2)
(121.38217966759997,31.25112415194399,20)
(121.45242301585246,31.267839598003917,29)
(121.42580851890422,31.25480655911725,36)
(121.43324222709803,31.278113651421442,8)
(121.36317187398924,31.30484485479544,22)
(121.36433983203173,31.311564772104994,36)
(121.42393534393064,31.259341199014,36)
(121.39928256886837,31.256854193671746,18)
(121.41905065516396,31.254005755508338,28)
(121.42705038943099,31.238236270108665,7)
(121.41347239243916,31.235245654151104,4)
(121.38026810386421,31.26935518626359,29)
(121.38143335764954,31.28068099020739,7)
(121.43851271284116,31.236973823808327,6)
(121.36981786444028,31.252534280832226,30)
(121.37132400745435,31.265985859258585,7)
(121.4578838251237,31.25431358953597,28)
(121.36830873176518,31.29628812982203,22)
(121.38970224227599,31.251424748028484,36)
(121.3834798904234,31.271165048604686,1)
(121.4009410255612,31.278605917324416,17)
(121.38149064538769,31.250756824332356,10)
(121.41746156017147,31.252539193557592,26)
(121.42411758400213,31.241092000882077,17)
(121.37936832748515,31.289295899190066,19)
(121.42946160750434,31.272428903036225,7)
(121.42353261001081,31.235282809522893,72)
(121.3680279452449,31.235003628811448,6)
(121.38255510798142,31.274184421492336,6)
(121.40990578959466,31.259039933085436,18)
(121.43227217646037,31.277101929059974,14)
(121.3506185275862,31.28124638321606,2)
(121.42615841753252,31.239196487955045,31)
(121.41747629648553,31.238149765135425,4)
(121.38250534643234,31.248488597208755,46)
(121.41078686006492,31.226024316676572,37)
(121.44809702893717,31.248197195273548,36)
(121.40796103340473,31.228463519679117,3)
(121.41262716960179,31.258048323743974,37)
(121.42163137747056,31.23715298541935,1)
(121.40115776524294,31.255853447723673,36)
(121.40851116795014,31.245694600622503,20)
(121.40913039885557,31.244091901088524,18)
(121.36277195683103,31.252406857040206,12)
(121.40715277371605,31.24303539029414,32)
(121.37678756957858,31.27148406238996,1)
(121.43085203572845,31.253544889515283,36)
(121.43751916660115,31.238138394964977,4)
(121.38989647518714,31.22926189521645,2)
(121.42634624889742,31.2456139871388,36)
(121.43758929487042,31.252402667448884,10)
(121.4124832325746,31.258262451895572,34)
(121.42913189696687,31.248280806727607,26)
(121.45287144381467,31.276633212369585,7)
(121.37558326465435,31.2989027636709,36)
(121.426792540091,31.248250989929545,17)
(121.40147517526773,31.301498238775842,36)
(121.38713069033864,31.28299918189926,24)
(121.45085415744133,31.281416002774066,14)
(121.37345495301668,31.25060497985968,36)
(121.38819644208326,31.25970259286595,17)
(121.44979611610758,31.246634633464847,27)
(121.43170937851743,31.26813471851442,8)
(121.33861523105054,31.29328205093304,1)
(121.40798870286403,31.242655200047135,1)
(121.44538756900293,31.25847742188971,8)
(121.38283184471233,31.290497368607703,36)
(121.40444386494137,31.279925122398343,2)
(121.40464710365495,31.254909356378946,8)
(121.39862326579308,31.261405531861296,3)
(121.44123014874356,31.26541706653481,36)
(121.45950350198237,31.255219320706487,22)
(121.4106316899735,31.24187504849387,1)
(121.4113516885397,31.23012931355379,5)
(121.44396641830858,31.266427681668144,27)
(121.43647207099522,31.28661561922929,29)
(121.34312594602154,31.28896281511888,5)
(121.38017308624681,31.28376493926208,1)
(121.42249242519365,31.259729403262966,2)
(121.39035771885943,31.239223767485125,32)
(121.40255314323937,31.229376741045577,36)
(121.43678902520674,31.25858885290438,1)
(121.39747227129011,31.239284728529853,18)
(121.42279160692743,31.262204271422444,17)
(121.39015644467803,31.258950519676205,14)
(121.40367744908477,31.2419736678207,6)
(121.43012566417832,31.267166116993018,1)
(121.41132115438329,31.230799427715564,13)
(121.38631734732536,31.23067975821979,37)
(121.45288122276548,31.275274084676703,1)
(121.38855199346625,31.282927275253055,13)
(121.38303006344535,31.29042753263352,36)
(121.43388136111254,31.27950697051944,33)
(121.4274631006301,31.25156685086584,37)
(121.39821437011446,31.260574552879113,25)
(121.39564734032332,31.273756919382613,27)
(121.42044857824969,31.22912905476018,17)
(121.4371169373309,31.26246267875395,26)
(121.3661710041982,31.237777189199143,5)
(121.43731543797857,31.26040952726286,7)
(121.42262193726515,31.249461409466356,5)
(121.43112672689684,31.28126222248385,27)
(121.37437168727286,31.254897022283355,7)
(121.4408647464535,31.252071833765694,1)
(121.44686822212093,31.241846041967904,18)
(121.4572711174741,31.251972203800705,17)
(121.41201203098616,31.24114033775028,16)
(121.3731627387351,31.230154387654633,6)
(121.42513151687724,31.251402793748802,4)
(121.41301227841134,31.229738568270392,10)
(121.42026647871539,31.27232020900539,7)
(121.36194671892372,31.27994187632022,36)
(121.37917488869418,31.299317746548684,8)
(121.36452455774408,31.311751993055346,36)
(121.45741872089481,31.258685030750588,2)
(121.41901121456725,31.285766268398945,1)
(121.39111015163826,31.276369059749417,29)
(121.38305484975258,31.283959515244213,7)
(121.40991149099645,31.259603033162772,36)
(121.42991116190029,31.250696089305308,36)
(121.36941807999057,31.31364637871341,4)
(121.44634561465625,31.244834145193252,35)
(121.39222310372945,31.23559264983745,23)
(121.38291593881698,31.29048044345634,25)
(121.44570001156627,31.28306099096781,57)
(121.36902283885614,31.249240431945637,24)
(121.42897218705913,31.26558658617867,37)
(121.40923967778028,31.24379762511232,17)
(121.39093695114018,31.282534826154667,22)
(121.40675434778177,31.261021299003122,8)
(121.38759909022644,31.22507622176097,36)
(121.35956922173813,31.27806413442667,3)
(121.44345225825174,31.279962697181364,11)
(121.44600432537469,31.2586024282242,22)
(121.41219126890779,31.24622722949331,36)
(121.42404764942546,31.241101058439575,8)
(121.44761121428789,31.26138783055493,2)
(121.36801978168846,31.31397052629705,36)
(121.44672390273311,31.283267338919142,1)
(121.41763830530144,31.260385147453878,33)
(121.44994994976896,31.258356937560677,2)
(121.3463081755887,31.292642388723287,36)
(121.41624045924468,31.281814612091217,12)
(121.40417026398768,31.296333708337414,5)
(121.37103606635364,31.294941376760605,36)
(121.40745510491537,31.24694113095344,36)
(121.38171955299916,31.233009553628108,7)
(121.35113901275955,31.285737141902214,36)
(121.40647798224704,31.245382433665654,47)
(121.4459361919251,31.266954131291804,4)
(121.4268628767599,31.26516945604658,4)
(121.45735391187347,31.267726440056,6)
(121.41210443268794,31.25947089054743,36)
(121.40004522954065,31.249817349885646,5)
(121.40972074393781,31.26697167890494,32)
(121.40525652225422,31.240716278871766,36)
(121.41877978802849,31.25382099917814,19)
(121.4326631647078,31.251063156871062,10)
(121.43855129148754,31.28212296483883,6)
(121.37745253164788,31.27209609353055,1)
(121.4565366904967,31.252783721365304,10)
(121.39153040940553,31.240101250647722,2)
(121.38268667369285,31.290436202585717,19)
(121.42300544203216,31.262424213881207,57)
(121.37567605535102,31.246523819425068,24)
(121.40398006205577,31.28459559105199,1)
(121.40034537908528,31.250386689866485,2)
(121.46377888980346,31.25989918920113,6)
(121.40603056075904,31.26040605982106,11)
(121.4354961316185,31.2814227628046,35)
(121.43277523134839,31.260098074997433,30)
(121.37952036450007,31.2389129339253,36)
(121.44981700162502,31.245148694051895,2)
(121.42731138333623,31.245811184810073,16)
(121.35125460918844,31.301397570358777,4)
(121.42017173186213,31.240680315204052,73)
(121.34623247197274,31.30862227328266,38)
(121.454783174351,31.264006005065024,29)
(121.43919473664754,31.242398980709964,17)
(121.38142721884053,31.279170361854447,19)
(121.44960563534723,31.258534978723237,5)
(121.40856083905412,31.244754108723466,29)
(121.42700457208343,31.23976300177688,15)
(121.41624053472513,31.23326908462787,28)
(121.4162119504727,31.23872989006744,2)
(121.41945998276411,31.260189505865704,35)
(121.42893619801443,31.25012583959818,3)
(121.38390750969506,31.272867166001824,4)
(121.38612097826532,31.283277544084907,16)
(121.43674312312795,31.24626108626884,17)
(121.37052487915304,31.246542887690858,36)
(121.39986928358391,31.239659758084645,9)
(121.40684185949948,31.301238810813647,21)
(121.39680964336989,31.247238012995858,18)
(121.37083585634451,31.273158230967308,36)
(121.40580593491325,31.245065265795912,4)
(121.38675497016085,31.25590842814489,7)
(121.40999321125291,31.242539083301562,19)
(121.39270640889926,31.257073597847395,13)
(121.4131142656892,31.23803631916901,36)
(121.39828615740562,31.239243603956332,12)
(121.4095816181428,31.232200333851623,34)
(121.39060451613013,31.269076000995423,5)
(121.38364345739416,31.22960687090087,2)
(121.42183424419294,31.2625076204737,36)
(121.38635306236654,31.29592573063009,7)
(121.40480314232063,31.23550752593934,6)
(121.36412200223292,31.310038850512925,36)
(121.38509526980839,31.2325485541424,10)
(121.41475166515491,31.272679939248988,5)
(121.42264860021268,31.283637355222993,4)
(121.42920066535486,31.246566976910618,16)
(121.37166546100272,31.23044456290331,17)
(121.45711091969724,31.2721878426105,4)
(121.38211005240032,31.244981358068973,10)
(121.42761544528997,31.26263694296482,1)
(121.42414699990755,31.246173254425155,18)
(121.45444538472613,31.247146563895242,6)
(121.38426760475522,31.230783830647514,28)
(121.38745836396599,31.257636034108295,4)
(121.40500339002851,31.254840529351394,37)
(121.43687252957577,31.253291022516425,37)
(121.45629549457394,31.255049221895444,12)
(121.44189353891574,31.27237099552068,37)
(121.38650415720397,31.291368994195295,36)
(121.39746269869035,31.301563957958358,36)
(121.37687943199941,31.26844488777874,14)
(121.37761301914529,31.27520958032074,36)
(121.41604903141156,31.238120188231143,5)
(121.45878250425706,31.25981714168999,28)
(121.40874622600381,31.227714683617663,28)
(121.44101117283365,31.250249570161714,25)
(121.39542459280078,31.30100882192729,22)
(121.42264447705061,31.236354936969665,1)
(121.39571674734691,31.232082668792007,1)
(121.45832843867443,31.268176530683192,1)
(121.38895191959566,31.232095508979658,18)
(121.41156667451773,31.248930564215488,20)
(121.41619264621531,31.252758959313628,17)
(121.4231028959334,31.245675809531853,5)
(121.44479995839936,31.272385341622453,16)
(121.44447368631637,31.261831395386867,36)
(121.37548254192585,31.280743351548594,35)
(121.42033856724633,31.27392984055734,8)
(121.4208142122529,31.242239177628562,33)
(121.36421961583436,31.309727162434225,24)
(121.3770169437126,31.272159614763076,22)
(121.43061683328337,31.234124912275487,1)
(121.42315479119137,31.264469622494104,6)
(121.38768543492573,31.251108080686056,36)
(121.34474765190757,31.290431420776017,12)
(121.42221093645826,31.248933882239683,27)
(121.38292133198907,31.23514239376839,37)
(121.37866950449174,31.287658882189078,22)
(121.37408280158286,31.272633253275007,36)
(121.40903241486791,31.2290109218077,2)
(121.4343915450081,31.27866500449493,1)
(121.40301244789084,31.24328214830683,26)
(121.36864844674506,31.251881069323346,19)
(121.41335767328715,31.232202592742738,2)
(121.41332793576736,31.261317342706754,36)
(121.36827925528208,31.31439805699031,5)
(121.43616357892192,31.24357065966735,8)
(121.40405326662238,31.26218160569373,37)
(121.37494696818106,31.271498853286708,36)
(121.43628650637734,31.25386604713214,8)
(121.38869422920673,31.249219373011034,2)
(121.37306729633268,31.264012302675557,36)
(121.41853485870097,31.228928028727655,9)
(121.39218183135205,31.23598549994468,5)
(121.34900054393724,31.30968572171149,32)
(121.36706997125529,31.288690318636245,36)
(121.40100698816137,31.272225677068914,11)
(121.44236236683459,31.241834835437995,2)
(121.43428747216453,31.279145856165744,4)
(121.4596354745033,31.247771387629797,13)
(121.44378092990837,31.260531968259784,12)
(121.4522913252181,31.248175172761215,4)
(121.39736297120542,31.264800677122643,12)
(121.39428664973487,31.29797104603501,37)
(121.45156119193013,31.273678006474153,2)
(121.43502398154659,31.28297199290101,3)
(121.38783328888579,31.282310464696923,36)
(121.45408977516222,31.276233806244207,4)
(121.41497361448886,31.22734984408868,12)
(121.43516944829852,31.237172077496883,38)
(121.42581251848542,31.24187878427977,3)
(121.3826129384537,31.236975250412687,22)
(121.44679690738344,31.241791729638223,33)
(121.39174339891264,31.280624571569824,19)
(121.37847766171213,31.277179584371282,23)
(121.42835605822968,31.250522720719527,102)
(121.3857790843808,31.27981073621042,36)
(121.43058017817434,31.260484665405144,36)
(121.41355349931118,31.28829174047872,9)
(121.43243703016945,31.231859578695865,30)
(121.40912169671573,31.24409399927881,16)
(121.37811284784357,31.242525000571337,34)
(121.42598513285853,31.25681545448419,32)
(121.450061710726,31.25958758542344,20)
(121.45742133157802,31.251512281962086,1)
(121.44859986944093,31.247348911260858,11)
(121.35840347354552,31.313169241453743,19)
(121.37691753065131,31.268977157660142,2)
(121.43839477654626,31.238780479678223,6)
(121.37868074674064,31.232748205711314,2)
(121.37744446501313,31.29863987694298,36)
(121.37644188418122,31.246085656204926,11)
(121.388724636257,31.254110205691283,36)
(121.39263208469305,31.235216426087806,20)
(121.39589519892397,31.27056869957959,17)
(121.39045865002646,31.237500056919902,11)
(121.43012216053754,31.24707475443187,18)
(121.45866919761633,31.252584055257213,6)
(121.4102493742273,31.28787214667336,7)
(121.41711923472603,31.258070765884206,43)
(121.37127288442537,31.313596643588912,6)
(121.44020210672727,31.266761175398166,37)
(121.37788105409506,31.282972090069652,36)
(121.38473459479113,31.26176344819036,18)
(121.36918725595321,31.287853721905922,36)
(121.40185243264924,31.229947637791945,19)
(121.40761712749082,31.245594884860278,37)
(121.45700219817245,31.26898086432254,1)
(121.35790160405554,31.303720303469778,5)
(121.43667802267974,31.264148352282767,58)
(121.42546175235873,31.280756027685484,9)
(121.38501274656011,31.250520562647047,36)
(121.35808802292473,31.284175463653117,30)
(121.39646786749852,31.228024375123564,1)
(121.42617470102915,31.24264102578073,1)
(121.38518928983093,31.253321744110032,14)
(121.43932812738589,31.283932602276664,5)
(121.37962351085599,31.285099893090297,6)
(121.4052471401416,31.30508223010377,13)
(121.43280829939789,31.25415537995543,36)
(121.43786299613332,31.254125048884603,36)
(121.45096296433915,31.261370974519338,5)
(121.45479647795395,31.26787829983283,37)
(121.44501514061004,31.26400247434865,36)
(121.38374356101423,31.229530930148574,13)
(121.42477912583465,31.24299734045125,27)
(121.43957132100296,31.279503434998993,37)
(121.45277719302649,31.250419753245243,29)
(121.40701194014915,31.24491223055364,42)
(121.36256750764686,31.283623462715664,36)
(121.38705144668667,31.246613578629024,25)
(121.39610201379335,31.267164356126425,7)
(121.41270278095146,31.267932098897727,9)
(121.39811253240426,31.274517905386748,3)
(121.45977287243828,31.24776349467173,39)
(121.40747409215516,31.258721729660323,28)
(121.38846975908493,31.30401959934619,36)
(121.37756759291776,31.274322148667537,36)
(121.40934028794527,31.262408781026174,11)
(121.37622681566815,31.237235421675496,24)
(121.39403150636241,31.264841333138197,33)
(121.37848336272627,31.277440584708145,4)
(121.40289302137748,31.261590171331083,36)
(121.38068025619103,31.232495249173887,28)
(121.39952811911583,31.262115549863612,1)
(121.40509721311133,31.247204663515063,13)
(121.37746754031448,31.271962054558845,23)
(121.40314334096078,31.248447162982252,11)
(121.39644425735553,31.274499177988066,36)
(121.3646510524937,31.24620970230206,2)
(121.39590816021389,31.224807103856424,35)
(121.4287340285364,31.256702754739948,12)
(121.45661650161634,31.251118107997094,12)
(121.40790469966507,31.242556158962373,41)
(121.45113508510023,31.267735616217298,37)
(121.39557197904394,31.24715040290816,35)
(121.42505400531813,31.24466886836752,31)
(121.39604819169469,31.231410118261326,1)
(121.43512000983233,31.23907895642211,18)
(121.38905725361492,31.303760943071506,26)
(121.3869120035787,31.23155965926851,29)
(121.45404315774829,31.256328422003303,13)
(121.44451162098525,31.250455373210762,21)
(121.40734336049663,31.245329328845216,36)
(121.43303292256736,31.24920000988977,36)
(121.4330319377825,31.282635065545392,9)
(121.39224220423753,31.228280004398282,17)
(121.44847014789661,31.247317132145124,18)
(121.40029978160831,31.26170915656796,2)
(121.38282674884081,31.23198318113256,36)
(121.41611614922451,31.2968662701121,4)
(121.45932557196633,31.25500409589704,5)
(121.41126129079537,31.243666278976335,37)
(121.38069611024054,31.242102624414894,6)
(121.3773662960135,31.247711461353248,15)
(121.45666776337518,31.24591740556163,1)
(121.4374607787875,31.25955858061746,6)
(121.37706280889728,31.26988571122318,18)
(121.38626370677471,31.291479351628112,36)
(121.3962760199731,31.26007287475074,36)
(121.43441757492941,31.244898115735968,1)
(121.42571692724111,31.239861162735878,33)
(121.41239128185723,31.258509581094543,36)
(121.3675426376385,31.237735449644315,2)
(121.4466211067256,31.25922363420187,36)
(121.41644615898056,31.230161572852317,5)
(121.39196868325837,31.247550565326055,3)
(121.35653799530904,31.307732170714594,34)
(121.40534747191236,31.298692210609097,37)
(121.38370439063625,31.229424437329147,40)
(121.42770651361467,31.247937021624356,14)
(121.44224949664316,31.245035596638598,32)
(121.4394046171584,31.256424157221744,19)
(121.38291592686767,31.290343388502354,36)
(121.43254837257594,31.281054169297093,2)
(121.43715391267881,31.27992568242032,2)
(121.41617286890227,31.24817582974781,18)
(121.41158940172927,31.245870199916485,2)
(121.42869596723709,31.23170875456948,18)
(121.46113277178083,31.257239043435366,36)
(121.41214270282768,31.29684651534515,36)
(121.38256155107162,31.283642133106007,36)
(121.35308624073544,31.279558546777853,1)
(121.41062026583201,31.25547428878129,8)
(121.37819889059628,31.2762256702567,1)
(121.42087618467802,31.239717627800328,5)
(121.41143806783948,31.255657258903906,1)
(121.46279372612477,31.25995897922437,2)
(121.45778390962043,31.260168864075293,11)
(121.37572538331698,31.263430378381145,35)
(121.45127995363359,31.259631296878762,12)
(121.44189104808223,31.24372156474997,12)
(121.45206296791281,31.279698644625178,1)
(121.39788861599945,31.25203643680484,44)
(121.44595087348816,31.252152702868813,30)
(121.4523279231742,31.275710093239876,3)
(121.40887955747536,31.230440593553375,10)
(121.43703423846776,31.26439261703623,21)
(121.41010298134795,31.260274771446987,20)
(121.45354825285607,31.25522993795567,24)
(121.42659563199237,31.253171355366785,31)
(121.45313106708977,31.276153694367952,7)
(121.4258847365043,31.239628916547463,10)
(121.37515336637767,31.272650590465084,14)
(121.42591655158299,31.260809243175444,36)
(121.42872285275885,31.276614381592623,12)
(121.41565455702167,31.253171238750873,36)
(121.41998067718136,31.28371109160693,60)
(121.42035373859892,31.276017702305822,3)
(121.39017434858627,31.25896442293612,36)
(121.37437459515685,31.234196376852918,1)
(121.44077180452537,31.240486812166104,36)
(121.45312276092028,31.24926867187193,24)
(121.4276068852529,31.239457315833924,36)
(121.4408455892932,31.236898231319383,1)
(121.42307438346332,31.262439170837837,16)
(121.40325326849809,31.22880562310327,20)
(121.43687044489864,31.26423315794137,19)
(121.41492457486204,31.272495801963125,3)
(121.44600640019384,31.28247749079312,25)
(121.39076968014125,31.250902148959245,37)
(121.37507704970874,31.281780281595697,18)
(121.37376737257611,31.23852798135033,23)
(121.42575538952048,31.245608709938356,21)
(121.4177343586367,31.229102506372982,35)
(121.39607483711842,31.23087328306768,33)
(121.37881835383676,31.249187759966773,11)
(121.41126128381613,31.243586243130178,37)
(121.37036125606059,31.23357249236038,55)
(121.39208208728826,31.22826589807572,17)
(121.40991339146547,31.259580333602706,18)
(121.43070926014816,31.263307743472463,13)
(121.38933356899706,31.236672313966988,28)
(121.42335483909478,31.24996269197643,1)
(121.4613186433711,31.26994863475775,2)
(121.43198266895514,31.264186732809012,5)
(121.4118243917695,31.246463715675954,10)
(121.41048244905718,31.243529349857802,15)
(121.42720427871511,31.250351550706657,22)
(121.3411771882637,31.3053325365159,9)
(121.3974298950502,31.269613975448937,4)
(121.46188028383831,31.24888023574228,22)
(121.40328948705151,31.25461721388257,33)
(121.37178251555873,31.263553431458394,20)
(121.44610286334765,31.241567508505348,30)
(121.41300069297942,31.25396244655412,3)
(121.42412357173767,31.24101496159627,36)
(121.45991807517335,31.254552164643727,12)
(121.41711057374829,31.247175162337957,10)
(121.36317187406334,31.304577355401484,36)
(121.42317329798036,31.262449103752957,16)
(121.42427637597837,31.240400567029823,11)
(121.37903449515716,31.2706002483181,30)
(121.42751787393391,31.272582838256117,2)
(121.37693250697798,31.268467959691627,1)
(121.36027920432981,31.291907275095035,197)
(121.3812667261979,31.298697054958524,8)
(121.42254575454739,31.23858101586959,1)
(121.3673260681034,31.29629796540417,37)
(121.4139525115051,31.240122745376627,18)
(121.34905276080546,31.299328821655557,6)
(121.4551790514682,31.279470136718295,14)
(121.45060227613165,31.25708248170136,3)
(121.38811250588053,31.24052218565472,10)
(121.40347994375352,31.238610581431995,4)
(121.39396239414407,31.235645378314658,16)
(121.46217694431819,31.254356966885307,2)
(121.42171841579018,31.26477719192683,36)
(121.40150834636022,31.293601341041224,35)
(121.37936812820485,31.285558107243002,13)
(121.43498262964884,31.253607041941823,33)
(121.41103236980791,31.243960452347586,31)
(121.41736804894308,31.270132815155456,21)
(121.44748109968621,31.256898116973048,23)
(121.36774127371318,31.278986333504385,25)
(121.40385108465843,31.22601540228081,21)
(121.35477810095786,31.280603409384142,17)
(121.41762242468108,31.263501876169528,27)
(121.4454432313402,31.266193346318627,24)
(121.4369730762644,31.261407417239898,5)
(121.43715960907402,31.25402223304073,36)
(121.43868015472107,31.257900017031023,37)
(121.38156935943812,31.290325044316347,36)
(121.38977196507021,31.270537034588887,37)
(121.43000953816754,31.279955468596626,20)
(121.3966957324527,31.260391724783563,25)
(121.44876319510155,31.263223748630278,2)
(121.36440593665377,31.238388819182173,11)
(121.3970055875187,31.2721408922442,22)
(121.35243876401121,31.27852231164714,77)
(121.40001626984848,31.261861593364983,5)
(121.43092525051905,31.235113438448167,5)
(121.36313086725453,31.309235540250178,36)
(121.41387903826583,31.27294233177383,1)
(121.39654830595123,31.241101196432254,44)
(121.46178147761422,31.260990224425232,8)
(121.40516592919437,31.2617375489452,37)
(121.44866727569757,31.242204489617727,36)
(121.42709575513915,31.26723843094188,1)
(121.34680490355318,31.309237977055943,35)
(121.41549584693733,31.267097314223104,11)
(121.44513556165458,31.24584582956635,17)
(121.42035237697043,31.260411087518253,37)
(121.38775712825081,31.25248149794898,36)
(121.37519007518229,31.280198770730816,36)
(121.44010285350679,31.261848219058013,7)
(121.45383161741474,31.25244841021177,6)
(121.402755769541,31.240065431783776,14)
(121.41203822814654,31.233794653300986,36)
(121.42396556853903,31.26223242318414,1)
(121.42803679235914,31.234755279746086,3)
(121.42746356188468,31.256860167846973,10)
(121.39169273462234,31.2275042990168,36)
(121.40199710079466,31.230343071403258,36)
(121.40591969886538,31.299582137430907,36)
(121.37571036753526,31.27500325194613,1)
(121.44907588876264,31.271006285987216,4)
(121.37221454071265,31.31319777479799,26)
(121.42370459376332,31.236870403997095,2)
(121.46027499105092,31.253036703803158,2)
(121.42219733216416,31.243241732855445,4)
(121.39405161433228,31.235645695308627,25)
(121.38397213618416,31.278021183406143,18)
(121.42986059784877,31.246527002556682,37)
(121.39340342685236,31.233098913793977,16)
(121.39389177817584,31.235645364873246,1)
(121.45306335703708,31.274578115055714,73)
(121.38932836249899,31.256435670746132,30)
(121.39631482810336,31.268206565752575,36)
(121.44563144192594,31.262690827958092,37)
(121.45848754021182,31.262594801955803,32)
(121.4189125194837,31.22867757422138,6)
(121.46150794981425,31.256363374729055,41)
(121.43890903577888,31.28612709285878,10)
(121.37042176238016,31.247156772561375,17)
(121.35185876978596,31.300170161677716,34)
(121.40840261980694,31.258857621443266,36)
(121.38298424236191,31.24712398024556,12)
(121.45949262446173,31.25969724311878,4)
(121.42654870219913,31.281018760530404,1)
(121.4580010061927,31.2649408626033,2)
(121.42907623201499,31.252469863631216,2)
(121.43856262445499,31.23880162999804,2)
(121.38895289751949,31.243325600651815,13)
(121.43837980125669,31.23877649877881,35)
(121.41860694454728,31.24233768486001,12)
(121.37308512713552,31.293577537130716,36)
(121.36073826476704,31.2801601484058,1)
(121.39198653600172,31.26866873734493,36)
(121.4132323330493,31.240490594001873,7)
(121.3784621588412,31.277002182316572,3)
(121.39502870625344,31.224628884909556,24)
(121.3650173706996,31.27697649094016,31)
(121.43642602229465,31.239347401689663,30)
(121.40439744272634,31.26548328435724,18)
(121.37978462794706,31.295591273258047,14)
(121.3539144177483,31.293105975121758,33)
(121.37975549938139,31.29930513928393,36)
(121.41941386543458,31.235242898169453,4)
(121.39836980648813,31.26050188365921,37)
(121.39094582636004,31.246588471690227,19)
(121.38674288193494,31.300950028779813,26)
(121.34708087644336,31.303526872045037,26)
(121.37307088933002,31.29630583321258,16)
(121.39283824101466,31.236393863879297,2)
(121.45334908126846,31.266689236623808,6)
(121.40274644563904,31.247488684444292,15)
(121.41023828493208,31.241111299747875,5)
(121.40805565862064,31.230730779073063,37)
(121.39589560518961,31.275224650946623,36)
(121.41983094762342,31.24172104203905,1)
(121.41087962989444,31.226125998729078,27)
(121.40829549375573,31.245670724999872,17)
(121.42286056171096,31.262363290962977,4)
(121.34892045916915,31.30326181448574,19)
(121.45157627144576,31.248121683629307,11)
(121.45927258559479,31.254125222272283,39)
(121.43929361090173,31.23964889888569,8)
(121.3641369041057,31.310728450653645,10)
(121.45185230736475,31.27887933424272,5)
