(121.40562306577459,31.223729516543212,5)
(121.44684541739538,31.241774638124454,34)
(121.42573984237214,31.239153823914222,36)
(121.44145710970905,31.24675458475222,16)
(121.44730192727664,31.26205456478031,1)
(121.42408040948955,31.261622073104636,40)
(121.39123550801803,31.240359874429686,41)
(121.44234804006368,31.241906040326963,5)
(121.44918609781904,31.258969808113843,4)
(121.42297146176585,31.227919836965818,31)
(121.41160793106383,31.23854225836247,38)
(121.42521937381312,31.242742460367683,36)
(121.42624232987798,31.239189412591532,27)
(121.41679045145595,31.24705106996436,24)
(121.38026290177608,31.274809773871308,57)
(121.40562046175283,31.239396016837397,1)
(121.42391905582534,31.255868702650858,27)
(121.41080227118172,31.230778510601038,21)
(121.42317346584437,31.264373928871084,4)
(121.37967088898631,31.300242978193417,8)
(121.36460246928115,31.30941990740758,2)
(121.44455769399163,31.263827113613445,4)
(121.39224592035642,31.270919849956794,12)
(121.37045786721036,31.234134627546744,6)
(121.40910869351751,31.24410979655031,3)
(121.42500721877718,31.253320104332055,4)
(121.43251705303017,31.25774254650092,13)
(121.39681155614237,31.2347463889392,8)
(121.41768343650008,31.231385543202514,43)
(121.42159868477508,31.24606250285566,24)
(121.44005558621464,31.246346499650702,4)
(121.42125050894273,31.246707526315333,2)
(121.44050081006523,31.280902648954875,11)
(121.40123991129073,31.287765736164022,24)
(121.39789783541215,31.30084585252027,28)
(121.40942333752075,31.251650092821787,36)
(121.42773781516212,31.25179569813049,35)
(121.3809296937897,31.291523867223887,6)
(121.37415490114402,31.272552309999796,35)
(121.39015834523792,31.257926022114557,36)
(121.3764287572374,31.267860108684374,16)
(121.34555835137108,31.289522554813658,2)
(121.41172224806981,31.290322011975388,36)
(121.42842167679166,31.23619106790235,36)
(121.42634578292245,31.245621211766153,2)
(121.4336042094026,31.250277814408697,1)
(121.4466510590823,31.259391654917966,55)
(121.40982276902365,31.27637548126412,31)
(121.3554968690475,31.284207115069535,1)
(121.38196116422161,31.225618583636425,25)
(121.38338953754842,31.291238201950115,1)
(121.42941631294305,31.24632894424983,6)
(121.34675120689545,31.28763922386415,2)
(121.40891750385157,31.229875330184008,6)
(121.44264935599863,31.263096480171054,39)
(121.35956902174193,31.277968934617174,5)
(121.45216958113413,31.25430430980479,37)
(121.43875348203373,31.242329576441644,7)
(121.4336601698679,31.273673811577208,36)
(121.42427635104983,31.2401144379688,36)
(121.44232766011318,31.245556422262464,5)
(121.41103233037495,31.243508249863176,36)
(121.35570424406825,31.295266908684557,3)
(121.4545835713691,31.256719889170043,56)
(121.44280866464425,31.281993558062563,7)
(121.44835600362238,31.278092673407613,7)
(121.42813600670243,31.263532650963654,7)
(121.37575228394678,31.227287293041282,22)
(121.43855882366772,31.239155128631047,7)
(121.45402838311512,31.270017325180987,36)
(121.43844868189346,31.23873038168532,13)
(121.42882742850784,31.25023897311117,22)
(121.45373261930936,31.276038444734905,3)
(121.34112226390401,31.2863790165633,36)
(121.43370150571224,31.23280519657331,34)
(121.40536415471051,31.2593445153611,2)
(121.42518626494243,31.272048634692613,15)
(121.42717955198758,31.251054147951834,37)
(121.43776504418659,31.264301588990104,20)
(121.43642404146533,31.258324082723725,3)
(121.45608977139275,31.252293445226037,13)
(121.39960154426511,31.232267310275724,34)
(121.40635731966951,31.245685024998057,36)
(121.38199493927547,31.24522935374018,4)
(121.38725792635145,31.227417458833013,31)
(121.43981209952763,31.247344299442197,36)
(121.43050196127524,31.233921940681093,3)
(121.39952810096165,31.261907460375852,13)
(121.40186463420342,31.25087609971794,31)
(121.37719703048592,31.24748274781181,108)
(121.38646505398944,31.26012101366618,11)
(121.34894236092687,31.303048316342146,19)
(121.39828871037396,31.241887535621924,36)
(121.38564931313378,31.283949319475944,7)
(121.40506036370009,31.2620096407666,37)
(121.43641626476033,31.253430686506594,93)
(121.42147841474063,31.236196650323727,14)
(121.41040156469843,31.279045657577374,8)
(121.42490979830859,31.24440629332618,35)
(121.45667371174167,31.251013116747114,5)
(121.44790151410935,31.271942805337023,6)
(121.4384935078987,31.237595804834466,2)
(121.4058064843838,31.239897945975645,7)
(121.45790192833725,31.254546291751076,8)
(121.40480328679618,31.295760552482545,17)
(121.38136004060878,31.232039743770763,16)
(121.41093224489575,31.23080249958741,10)
(121.39369617650033,31.250981114167555,5)
(121.45863847967662,31.2598661208937,12)
(121.40550451007213,31.30018073970464,36)
(121.44443904301612,31.253656901463653,3)
(121.40813785478636,31.261003762382302,13)
(121.41099958376097,31.276117447387236,2)
(121.34606360846608,31.30288575820049,36)
(121.41094760756704,31.23500141961346,5)
(121.34683602286783,31.29979397288536,15)
(121.37736854980206,31.27361463286377,23)
(121.36871750666371,31.2512468877737,5)
(121.38784830514956,31.2708597215345,35)
(121.41272938724646,31.246171046924275,36)
(121.37330779267458,31.228251696523245,35)
(121.42357672310965,31.259959735433757,14)
(121.46026022408232,31.255267713939304,10)
(121.40989958806196,31.259702630491162,31)
(121.44047115729603,31.268400735201208,17)
(121.39932985222579,31.27136441846925,4)
(121.41606213177451,31.296360092238995,36)
(121.35558923131568,31.29779871088177,37)
(121.40737094494058,31.245071299127318,22)
(121.42601606925268,31.252496506247567,37)
(121.39923257027213,31.291472636708843,37)
(121.45527584358659,31.252845380272326,8)
(121.36246555522905,31.25170676705695,6)
(121.42733217063034,31.239249473782433,36)
(121.36095049982379,31.250970733715185,18)
(121.40127217958057,31.238002900005387,1)
(121.35590999809135,31.308318524863427,5)
(121.39532159710016,31.25587211963329,36)
(121.40545760156303,31.223716282101847,30)
(121.42386783100174,31.241291280579436,1)
(121.40181192176013,31.248509893755493,20)
(121.45303264661804,31.258663440180424,4)
(121.46093603796345,31.251778726570375,36)
(121.45788515612485,31.251702369018545,5)
(121.44290341128679,31.264216524499467,13)
(121.38402255316916,31.28341163491693,25)
(121.40761365589582,31.230400642771617,34)
(121.36364707603889,31.24727796548479,25)
(121.38557138101636,31.26267234578358,5)
(121.39916699597296,31.231859197582384,4)
(121.43995876123714,31.248295008459767,5)
(121.43329857729053,31.238046702747233,33)
(121.40345761400607,31.2994297231493,24)
(121.40363141177457,31.23015528450579,1)
(121.4410008863342,31.257641064089174,2)
(121.41916405090153,31.270157924418296,2)
(121.44055834313367,31.24228994231719,4)
(121.44072712887457,31.254775225615628,4)
(121.4304965754846,31.27383311013587,19)
(121.38239466547323,31.271225022930533,36)
(121.3961282073259,31.257834081455673,1)
(121.40063189402154,31.23230063276655,5)
(121.4439962245037,31.26567658846994,1)
(121.39290277783434,31.27545214678475,4)
(121.43273771251594,31.279091468879447,19)
(121.37852076525404,31.299104143615466,6)
(121.39367885969993,31.247473552447254,9)
(121.41738114115712,31.25336110717265,8)
(121.36411000072592,31.309477350413175,36)
(121.44500701527448,31.254816466501758,12)
(121.38296254005667,31.236130098724225,17)
(121.4419220722215,31.244657935858598,26)
(121.36703882178695,31.309065100974475,35)
(121.43253071795424,31.250346095527366,6)
(121.39451566972633,31.296579620688536,37)
(121.41566797533486,31.23511215412631,14)
(121.40820312853218,31.25917647398265,1)
(121.43960836229716,31.254299599681392,31)
(121.44713928246816,31.262199013142435,4)
(121.39735396981138,31.25738699033485,5)
(121.41591511732678,31.26102355234622,26)
(121.44865228393127,31.24192439094277,25)
(121.4300178562262,31.27163000108148,26)
(121.43603004995374,31.253348415554566,36)
(121.39102383788388,31.268986246612222,36)
(121.39650960071276,31.225534014477756,10)
(121.40909459005033,31.244132593580158,31)
(121.36768712304715,31.266778141106208,36)
(121.40963664432888,31.244064702562763,26)
(121.41593511116398,31.261064562100852,36)
(121.373967187446,31.244495917928273,1)
(121.37814782556134,31.27625662541713,37)
(121.41536286227266,31.272694977263555,1)
(121.36451455696753,31.309461097105423,24)
(121.4387484894903,31.24483278594152,12)
(121.36505043012346,31.27698454407281,31)
(121.39180671122098,31.235247872639064,29)
(121.41308538828793,31.262253021454107,36)
(121.42287555127484,31.262391292357055,7)
(121.41002551921345,31.242517590061496,20)
(121.39098072376439,31.29100428340905,10)
(121.42314830823084,31.239391955476176,14)
(121.46102395403547,31.257064428879996,8)
(121.44546995530601,31.250270012609196,53)
(121.42471117182934,31.250210972548743,70)
(121.43568540500368,31.264950620770183,3)
(121.39920076308206,31.270904181626626,19)
(121.43050305156738,31.24711523125567,5)
(121.43704978407666,31.254462711033923,4)
(121.4266918905611,31.239572193587183,36)
(121.41664468297898,31.23735577731207,10)
(121.42713778807676,31.27827555607051,25)
(121.44442549164832,31.247014990652765,13)
(121.3978727317456,31.242464321052573,36)
(121.40813515438796,31.247548188182737,12)
(121.41793817933518,31.253349323875756,36)
(121.40728779446117,31.254779589818522,34)
(121.41071468913348,31.268170383400424,7)
(121.43868255195613,31.241217048425106,2)
(121.45937860469178,31.257901230316847,21)
(121.42644930867044,31.2528923399015,4)
(121.45516127225358,31.25452635355004,16)
(121.45450049198048,31.272943598860298,8)
(121.43582329963559,31.238399902939392,6)
(121.37509084252194,31.256144457362463,36)
(121.40064816516939,31.246829199014385,36)
(121.39908447877043,31.256692056249392,10)
(121.45404165654824,31.252505443078967,54)
(121.36760120955269,31.2962982998824,34)
(121.37782577876713,31.257649352336884,36)
(121.45802245516711,31.247710307051708,36)
(121.35556476128126,31.280220699171643,3)
(121.45066347890577,31.261008066229266,9)
(121.42404763295087,31.24091197328411,18)
(121.45996104803858,31.250947185215345,31)
(121.4259607198744,31.240329168239413,15)
(121.40227511920268,31.26421517837707,9)
(121.40996310383302,31.242788576563175,26)
(121.4230583978941,31.26244518491198,27)
(121.42515125685628,31.23968415199796,37)
(121.3924145964691,31.277291616278745,28)
(121.38717160499864,31.28157263125716,36)
(121.42869538373837,31.270873006350307,6)
(121.42641524197052,31.240251742679433,33)
(121.36484640264558,31.31284062808464,23)
(121.43336729882004,31.263496347504265,4)
(121.402571253342,31.242070523263706,11)
(121.39126748637077,31.276399188897923,36)
(121.45475797402496,31.251201721519248,13)
(121.41090469594336,31.270288922657613,2)
(121.4109189160717,31.26139112752442,30)
(121.45656109181071,31.25125749944443,14)
(121.35927524217686,31.306210137468625,37)
(121.37812100973076,31.23274757719573,2)
(121.39036227998047,31.291538075198204,16)
(121.37994697265482,31.228191492693686,36)
(121.3819000232704,31.264937362569295,9)
(121.34606225351064,31.2872185548084,3)
(121.36001687271019,31.28977295325814,1)
(121.40566527928537,31.28347068230506,13)
(121.44637982176083,31.24483335119181,15)
(121.41498616866193,31.279601735928406,1)
(121.42843985909523,31.26833897248525,9)
(121.43700325937533,31.26406251718272,9)
(121.39819222429472,31.26944220386742,18)
(121.4350499939255,31.237687413927823,1)
(121.40752540503757,31.24552656604738,18)
(121.4558094214852,31.26322778088498,6)
(121.43946071392644,31.258871868047713,1)
(121.41042651806791,31.242552673427134,22)
(121.43394875223612,31.262180589972957,17)
(121.38179229456607,31.286542745904868,9)
(121.39010056030342,31.27425182652629,36)
(121.39718118769201,31.228430648113147,22)
(121.3848171312557,31.28027807828615,30)
(121.3893283652889,31.25646768468838,37)
(121.39208550703734,31.267508307624865,21)
(121.42862869085918,31.250577315884765,36)
(121.38609387173373,31.288565928049966,21)
(121.4222707824323,31.236269156328134,20)
(121.40382179414367,31.234207169827346,23)
(121.37707760894979,31.245890332764937,2)
(121.43704827411841,31.253587918181726,10)
(121.42472794431346,31.26327727984882,33)
(121.42552034713536,31.241104325508967,4)
(121.40749914256321,31.23592517365662,6)
(121.4065966995199,31.299407092157004,36)
(121.38549927324104,31.227789720793087,16)
(121.34657401005947,31.283067808536178,36)
(121.34519769036763,31.279421778549757,36)
(121.3845068062014,31.280324816046893,22)
(121.428369601202,31.246104581827154,25)
(121.43955658742694,31.28226559174867,7)
(121.4119929525259,31.241956362943974,1)
(121.34740151575835,31.302888210522358,1)
(121.44402420893717,31.25769334331556,35)
(121.40600493454416,31.24496623141739,26)
(121.43845035689382,31.25798992012131,21)
(121.4425800815142,31.2818228484365,2)
(121.38362643643622,31.22958184330831,17)
(121.42317326700885,31.262093951106834,1)
(121.40606056940655,31.22415113612409,36)
(121.4064932528198,31.245645153039504,36)
(121.43042118948672,31.26976979784284,33)
(121.41393093745788,31.249100039673376,28)
(121.4238042302044,31.24520408263708,17)
(121.39018034985855,31.25924402346772,37)
(121.37654379659125,31.277977483565625,16)
(121.44000965476279,31.268528748376983,6)
(121.3822916129419,31.22598388816813,17)
(121.38315647802622,31.247587542799344,1)
(121.42960429118294,31.247864148654337,15)
(121.44019481605625,31.259404032005868,40)
(121.38503736224959,31.231795061031494,36)
(121.35123835919451,31.287328962705867,7)
(121.42466514904824,31.242010988006705,32)
(121.40621708559726,31.24247020237895,1)
(121.44936383331732,31.258810338390244,19)
(121.3649728203882,31.313274641920483,36)
(121.38167412932573,31.24026180240883,13)
(121.42452045643458,31.243956974867487,19)
(121.37652526946025,31.23766897272116,36)
(121.44059135680365,31.277555132504073,8)
(121.3644082420875,31.309613584446865,35)
(121.37538544789813,31.281259445307352,37)
(121.38892731816442,31.30579663094531,27)
(121.45149014768762,31.245004816521746,36)
(121.3868950035749,31.231747731560112,36)
(121.36651443305568,31.235842816876932,19)
(121.36417871017153,31.309704957782273,19)
(121.43089016921795,31.276381071698818,1)
(121.37818587682442,31.276265672182824,19)
(121.3918584149204,31.29129897426141,36)
(121.40102711033288,31.24489343766713,2)
(121.45126713476758,31.273237959238386,6)
(121.37565314425662,31.227299178721726,36)
(121.44311311634917,31.28234621924048,1)
(121.43406304549447,31.244502697816767,2)
(121.41212195676486,31.23095333213375,7)
(121.39555585039075,31.29787995678205,19)
(121.34424725178796,31.28244591098598,14)
(121.40229065388961,31.270302767546568,15)
(121.40500849258162,31.224270389145936,3)
(121.36502214470427,31.24941358802488,1)
(121.39778567083025,31.251652986432475,36)
(121.38435224424099,31.298733070740923,12)
(121.39222995112031,31.259929151713152,2)
(121.41015135032096,31.22816894334553,4)
(121.39410155324855,31.275269754536595,11)
(121.33706328471844,31.299764659322506,4)
(121.43497090185616,31.2811463109852,10)
(121.43368209350756,31.250225698664117,22)
(121.42287551689996,31.261997122911158,30)
(121.39993032511477,31.239892882093926,10)
(121.38656326931526,31.293257000566445,19)
(121.445411218778,31.242144685292477,36)
(121.45371769631929,31.276511671500952,4)
(121.41738214140211,31.25329740750479,17)
(121.36187370520494,31.294952135052533,213)
(121.4513032122965,31.248022180460243,23)
(121.43674573799292,31.27630302524859,24)
(121.4411171962041,31.250288089817776,34)
(121.44940023045677,31.26015105809524,18)
(121.42319930281576,31.251306235869986,1)
(121.39895760894777,31.293138207324183,36)
(121.38949648164221,31.256162674605488,12)
(121.39567606187543,31.241694714328123,1)
(121.45298935217106,31.275563729927818,2)
(121.43596194575831,31.233594089679062,1)
(121.40545539831169,31.294673941126444,36)
(121.38648351348016,31.276675040638168,32)
(121.42122343197131,31.279953796233038,14)
(121.34587218034193,31.302767360007824,36)
(121.43828794513195,31.238666577027814,36)
(121.38958730875652,31.253296487608164,8)
(121.40924842786157,31.24573472242123,36)
(121.37378775098938,31.30010600741818,36)
(121.42931592354006,31.262576865289446,36)
(121.38676801616437,31.233302338702263,36)
(121.44280562257393,31.247005601779474,12)
(121.44247763482457,31.24004099726669,23)
(121.41033539550311,31.2671731063837,11)
(121.38454314711187,31.23782546111604,16)
(121.38309115704324,31.28397742132416,36)
(121.35046802476003,31.30225850441391,15)
(121.41557019595835,31.248578245566495,16)
(121.45915742145566,31.258389520022153,1)
(121.4383987342013,31.23837028843608,19)
(121.38625343098417,31.289812211224707,14)
(121.4026862285325,31.294189777599904,73)
(121.42783475602297,31.229425524363002,3)
(121.44495343533558,31.258411121531495,28)
(121.43217244980497,31.253141732426933,12)
(121.42099415024514,31.27471977043259,36)
(121.37507386402085,31.27175240798928,2)
(121.42801141455787,31.250735975338618,5)
(121.40466982886298,31.24484007596484,3)
(121.40385240326117,31.24114331923956,20)
(121.41267887699503,31.23195165802154,8)
(121.40335959036236,31.29941280325987,30)
(121.42733659216296,31.268522446679874,7)
(121.41133414209617,31.233646379410054,21)
(121.4388208345266,31.236203711739392,3)
(121.4239028068962,31.241381294661007,36)
(121.41468229710122,31.2910254835999,27)
(121.40975255204665,31.234537748488844,36)
(121.39900887790714,31.256789648278605,8)
(121.41226727299357,31.259445724614057,36)
(121.42196652617696,31.241939926316718,37)
(121.41187517607331,31.27327561530253,2)
(121.39713844030221,31.264019265609143,22)
(121.38122369153618,31.258741164021774,36)
(121.41057580664346,31.25930428291667,12)
(121.4369498053268,31.257871919117026,1)
(121.4257698567019,31.239667030634443,4)
(121.38005893793756,31.283699791050463,8)
(121.41858204279914,31.242846339448132,16)
(121.44126863038063,31.254238110618118,30)
(121.38740924891366,31.28710886374612,18)
(121.38219722366303,31.280271591504185,36)
(121.45233534001959,31.270690137714638,2)
(121.39415635250414,31.295500001303335,36)
(121.4032089859253,31.294867988393854,6)
(121.40883732612345,31.29650403533636,21)
(121.34506906718785,31.298655275157987,18)
(121.36208663709135,31.28008269107791,28)
(121.40929666200888,31.27807939530679,3)
(121.38770146006348,31.251226145447728,24)
(121.40655223513615,31.22533230109148,16)
(121.42330254309388,31.266558767338005,35)
(121.3877782330835,31.25030290613796,11)
(121.36489538177752,31.24498052383819,28)
(121.38522949235352,31.287172580240302,9)
(121.42835722823968,31.264592666760027,32)
(121.38250286691813,31.283594255203287,24)
(121.42194437029562,31.24925946882943,37)
(121.38499445167258,31.241800933719205,3)
(121.43922819836409,31.271309514256707,2)
(121.4258008284,31.239703020832096,36)
(121.44347781423224,31.269345387710665,6)
(121.39317352535849,31.224509816409057,30)
(121.36872298544063,31.314268637538394,36)
(121.40847707315918,31.247347269647747,12)
(121.41627200982573,31.25036275691447,10)
(121.38415245274935,31.280639619869653,18)
(121.44048175545807,31.248546774496614,63)
(121.4366161826948,31.242799548868238,25)
(121.44593757434191,31.28285876452268,3)
(121.41835402304623,31.25245272204665,36)
(121.40746146357831,31.251055952674843,19)
(121.44367825631336,31.26520043191559,22)
(121.43862571143005,31.265439881257684,37)
(121.4361773812233,31.238728471219865,1)
(121.44358689696041,31.244350169310994,3)
(121.37967088828864,31.30023497506817,36)
(121.42946596031001,31.246559502064777,2)
(121.42724983255198,31.25727054124274,12)
(121.4090980909105,31.244119794331173,17)
(121.3857415676633,31.262827560608812,33)
(121.39513586051562,31.238953196424077,140)
(121.4162247975716,31.236192424822704,22)
(121.42252231124071,31.231562122149683,1)
(121.45212375971649,31.245337382876293,15)
(121.38224073971017,31.251136217950485,24)
(121.44640102616997,31.244862154855383,36)
(121.43818921624057,31.239891267884587,16)
(121.44892784640851,31.25529981786854,23)
(121.4094227210518,31.24458195744234,4)
(121.40320433433678,31.24157141296755,1)
(121.43812352395895,31.265123446786824,24)
(121.4322748783003,31.284760114566822,74)
(121.40221410921014,31.264261185376032,25)
(121.42350487728984,31.264618694903152,19)
(121.37049384688287,31.290865018617698,36)
(121.38602905907103,31.283273527976096,26)
(121.42328018652232,31.262247939692877,36)
(121.44731591426623,31.241926919581353,15)
(121.42406265791121,31.24135716228235,25)
(121.39534264256338,31.23329604182848,27)
(121.37306380378236,31.230241771989647,10)
(121.40768784079327,31.30130382782211,31)
(121.40614701277286,31.291638005714802,2)
(121.38317483213284,31.28589784543382,27)
(121.42515125685631,31.23968735199199,36)
(121.40990388931503,31.23418458060927,2)
(121.45764177361693,31.25159784689776,7)
(121.4266031396968,31.25281517147919,2)
(121.4263607346852,31.279623800207876,2)
(121.4402833820246,31.237129018597074,21)
(121.42433855303345,31.2545618101503,1)
(121.37703380585222,31.2933082808641,6)
(121.42496771227084,31.25181010548382,17)
(121.39727653713834,31.266343525160615,36)
(121.38643717238746,31.29623692449549,23)
(121.443975121824,31.273471669797757,1)
(121.43965160891845,31.238501565167212,27)
(121.38194515979907,31.23212056811128,14)
(121.43733264327305,31.240132549453605,3)
(121.38051303409752,31.24381620071111,30)
(121.37424703310433,31.307018260071086,36)
(121.3884380578562,31.296303561692763,20)
(121.39016115446013,31.26902567245799,4)
(121.44548555842104,31.249142165264914,34)
(121.36371144627866,31.30820610785968,36)
(121.41620311630476,31.251185147931132,37)
(121.43572397974486,31.255382552130587,20)
(121.4310918882117,31.276145757279064,7)
(121.38654681830263,31.233502245671268,36)
(121.4397279856184,31.23772415274976,1)
(121.41423445996932,31.236257680571967,36)
(121.42822982465655,31.23535587087875,2)
(121.46021382383978,31.24922215883492,36)
(121.39006243018504,31.273117325159518,1)
(121.42087573640242,31.234573292462176,23)
(121.4492017594811,31.261204878327707,9)
(121.3596872479862,31.297113272750757,36)
(121.37921289591016,31.299314252598478,33)
(121.39725852277998,31.25480754086498,36)
(121.36902849826069,31.314338093650974,4)
(121.37430147078497,31.253592363638774,69)
(121.39372443578819,31.274265055280075,37)
(121.41443360964712,31.24867979867105,37)
(121.44122904607403,31.265196214169816,3)
(121.39900761774463,31.247158836370634,14)
(121.38212502996987,31.244522167886906,34)
(121.39483600723219,31.298228437172423,12)
(121.42131647349515,31.281253271381207,4)
(121.42498315953694,31.241569840078267,6)
(121.41002361866049,31.255525964486857,24)
(121.44847715590502,31.26171218265953,22)
(121.42406262531055,31.240982993831246,31)
(121.45155119146652,31.278922994754055,36)
(121.3871696933935,31.282608053803855,7)
(121.37756675539126,31.272893559511576,35)
(121.42056301586217,31.23510972881926,11)
(121.40220963819836,31.246899308060122,2)
(121.40139944454462,31.248348142042996,17)
(121.39390905257804,31.259458934925277,19)
(121.4350377520296,31.25764929441391,1)
(121.3936487483082,31.246420067038116,12)
(121.41436139276712,31.287582506591047,16)
(121.42949229274885,31.280704310377864,2)
(121.42221653600828,31.232274657228785,16)
(121.4472145763988,31.244411076824754,3)
(121.43719381379178,31.23756576999952,3)
(121.39810736484098,31.24853812111816,5)
(121.41235222354616,31.24624720100957,20)
(121.44782352115787,31.253914285229623,3)
(121.39604997069144,31.233135484200403,31)
(121.38921505351512,31.276963316850782,34)
(121.37238988457796,31.25271423090282,4)
(121.42407861298689,31.241010994226443,36)
(121.41645391190538,31.273445573568612,1)
(121.42380995010457,31.24151180235376,64)
(121.46095787035294,31.26959142862941,2)
(121.41442490811713,31.27257245010386,1)
(121.43753538648957,31.252444759291745,5)
(121.43789279114752,31.24085711290861,11)
(121.42769730965483,31.27544529212267,6)
(121.43726091911444,31.253444569748186,14)
(121.42146764070262,31.284517509021413,2)
(121.40224562291301,31.270065658203958,10)
(121.4474928601364,31.27941767994781,36)
(121.4193001010888,31.260313647767806,8)
(121.41489036025598,31.235488611282506,15)
(121.4336230889988,31.242938662549534,31)
(121.40446615983643,31.254995019262488,17)
(121.42531691663434,31.28098824238752,3)
(121.44954296531512,31.24487519421651,8)
(121.36254192662496,31.251477833784296,37)
(121.38185387444572,31.28088149880529,14)
(121.37231668926569,31.256005874655706,36)
(121.38245572961786,31.285579211263393,37)
(121.41444546412423,31.232242378825283,2)
(121.39340425078751,31.24255620074938,24)
(121.42422537152056,31.262728437506755,1)
(121.40203747492197,31.26062061520475,28)
(121.39173608435044,31.231153009139856,20)
(121.37748514860026,31.290182555708505,27)
(121.45835464274607,31.259792883280973,7)
(121.336688216765,31.297218947518953,35)
(121.45635655699364,31.25654315900151,1)
(121.45838541569819,31.266788939209448,36)
(121.4411955500001,31.257823849503374,15)
(121.45355100262115,31.252425703464375,20)
(121.43841999287582,31.264702854751793,7)
(121.42690571057676,31.28095736499945,40)
(121.37301750672877,31.23001513648953,1)
(121.41312907363437,31.23589134101634,4)
(121.41113130197463,31.24344320299306,26)
(121.41876438347683,31.240878020555908,89)
(121.36330539081219,31.309154459938934,37)
(121.4076987909149,31.24346757463641,36)
(121.41832308097058,31.25289793324018,7)
(121.35324200649524,31.292791680509644,3)
(121.45743821736379,31.273727789259727,28)
(121.42499918704226,31.273641554083536,2)
(121.42305837041202,31.262130049470464,36)
(121.4303907248219,31.247671807554784,4)
(121.39123457516737,31.2296489912024,5)
(121.38779635736019,31.25552152970495,124)
(121.34889122738166,31.28557504823655,33)
(121.42362138624969,31.245097171669034,30)
(121.39083518153872,31.286091206135715,29)
(121.35417772967554,31.27865564663584,27)
(121.36840945924682,31.31423418066577,2)
(121.38988028111903,31.282354020442824,14)
(121.44969482150982,31.25825372692452,18)
(121.4081350754839,31.254186506171866,35)
(121.44104743715573,31.264928133982483,22)
(121.44198088860236,31.263922424210076,17)
(121.38096564410996,31.24378435248799,30)
(121.4275085963274,31.246361503819557,36)
(121.4554213853316,31.263225585883873,17)
(121.4101243840248,31.242009719727772,1)
(121.4396680476112,31.255348035375363,8)
(121.34867821852298,31.30233731702357,36)
(121.36754418369674,31.293327861609004,36)
(121.40525584684467,31.232968759712602,4)
(121.39549124226913,31.273636793119543,27)
(121.40606410986298,31.224009670082808,32)
(121.38376551967463,31.254839827567093,27)
(121.39644843377955,31.22397926365088,13)
(121.42689072018582,31.240055235439915,24)
(121.41097177394845,31.227032147415954,22)
(121.38471499145169,31.25784525290265,36)
(121.45601160653683,31.27116873416157,12)
(121.39715844558022,31.257476282782033,38)
(121.41090651070577,31.291070466284804,36)
(121.37516054872096,31.312984699540202,28)
(121.38885909122727,31.303878840455074,17)
(121.38783636656466,31.251177545725557,14)
(121.40916590758793,31.244040108556618,16)
(121.43873848676337,31.242414788494003,2)
(121.38923652379117,31.259190799240884,23)
(121.3806933005622,31.29032414059212,23)
(121.43917858967443,31.26241783462912,1)
(121.37353367754274,31.257626182717942,26)
(121.40233074506347,31.26207217149633,36)
(121.34857827450561,31.293889820071698,20)
(121.42396900321889,31.25579063071569,18)
(121.41309157718769,31.261400293099246,33)
(121.40037434083564,31.261308460904957,11)
(121.41971021774395,31.241681716876624,17)
(121.42142703204915,31.254275753612994,18)
(121.36503541576964,31.277126580362275,21)
(121.36510988338082,31.24637246747612,29)
(121.37171738987277,31.26327722666328,23)
(121.4103824367447,31.243164201236404,27)
(121.37167208120003,31.306590769127187,49)
(121.40911919610059,31.244096798754548,37)
(121.43131270159172,31.26584317919608,1)
(121.41111940988388,31.24464874461903,36)
(121.41789868524606,31.279789591526274,36)
(121.4225848464485,31.25147674782899,30)
(121.38850594784098,31.282874218384677,14)
(121.40813725490025,31.247710588302745,11)
(121.4189256707277,31.25255947237483,3)
(121.40866413123494,31.259683665041326,19)
(121.44510435507348,31.245840324021625,37)
(121.42282955164619,31.261943132281043,25)
(121.40790545274356,31.25119099955014,1)
(121.35596970443683,31.3082881301348,37)
(121.38703217179578,31.270074332631058,30)
(121.36821814206715,31.314275924135096,35)
(121.3750789356233,31.303437914064226,36)
(121.40417011079714,31.227983742164938,41)
(121.37810176864788,31.27630559364766,36)
(121.43637034287357,31.25349877653372,6)
(121.41660074620876,31.260739147735602,36)
(121.42394875303651,31.241246199040294,29)
(121.45753574870088,31.248174561114194,1)
(121.35115541423697,31.30155545564059,6)
(121.43456322932145,31.232064453143252,31)
(121.36413662134737,31.247901388505838,36)
(121.44355241618314,31.261035554931617,2)
(121.4330907622898,31.23161067770178,35)
(121.3885814513532,31.276405610111496,24)
(121.40099042902544,31.237198963502394,19)
(121.40607614735413,31.247378308977506,11)
(121.44151958551465,31.254293457056985,1)
(121.37518969082586,31.252757097187523,5)
(121.38991595590927,31.257578592187176,6)
(121.4519712727342,31.279627061713576,1)
(121.37805600734882,31.2682491612373,36)
(121.41132226442284,31.243532207431354,37)
(121.40439351034405,31.230070345741947,7)
(121.43321681635823,31.262408557428728,20)
(121.42978977979718,31.238539303019586,37)
(121.42504065757048,31.263457106561585,13)
(121.4207797707091,31.26852429834121,22)
(121.38558407692382,31.236037578113773,36)
(121.42697447311954,31.238255346805293,21)
(121.42245461882324,31.26487047612041,12)
(121.41018885940113,31.255425599061667,25)
(121.43953784628435,31.238961938159886,36)
(121.39872424710714,31.278607229963104,26)
(121.42808336304394,31.25108206013578,23)
(121.39496091219507,31.238938415964842,9)
(121.45786234985313,31.272332984751394,27)
(121.44403918607458,31.24627929660816,13)
(121.38011200118174,31.283663832983443,3)
(121.38139504926389,31.24404945335242,1)
(121.44390660420044,31.28255602755448,24)
(121.38719635103432,31.24392749838915,7)
(121.42518796580916,31.239528759864154,36)
(121.42505563544341,31.2633710575654,20)
(121.37466148982689,31.247736229858937,11)
(121.38967187897757,31.259029046468587,36)
(121.39637946335343,31.224730582271437,2)
(121.43463082638047,31.25547943793676,15)
(121.43128313741968,31.247258087983198,15)
(121.44876604117646,31.241979208726015,24)
(121.46336925144995,31.264326760437623,2)
(121.3748953349541,31.29958719003773,36)
(121.40480020340537,31.26044694358547,14)
(121.43168642751046,31.268346833798294,20)
(121.4253086961716,31.247924969087734,37)
(121.44769541809838,31.25693638936267,24)
(121.39139716649922,31.223527260168495,36)
(121.39731412139935,31.224641246767543,3)
(121.39877735447068,31.233711693568168,5)
(121.39649817316435,31.241045655792938,37)
(121.43228699751627,31.250096515056608,1)
(121.44503120821317,31.2805533508764,54)
(121.36806301483034,31.29278639118253,36)
(121.40852204935744,31.245718771823746,17)
(121.44167882814736,31.259669912907924,17)
(121.40634131576718,31.245706721664643,36)
(121.38186481245789,31.234022163036403,10)
(121.45577515139166,31.252408178728956,9)
(121.45029031886136,31.260979758062273,3)
(121.3859429233348,31.230093168834234,37)
(121.43156590399305,31.243327252019245,8)
(121.40800335876818,31.238720426232128,36)
(121.40877123203875,31.233422678036543,3)
(121.38750907775402,31.238536681664016,14)
(121.42414700487699,31.246230279826328,1)
(121.43711626781302,31.2547693443931,36)
(121.37667508549444,31.290706821819075,11)
(121.41730834383578,31.239099450202772,9)
(121.43003123884196,31.24750683524542,13)
(121.39284343928664,31.25952501869824,13)
(121.39605120576591,31.223766982407156,1)
(121.37674952140843,31.271534038683846,18)
(121.40454537706775,31.300066543541554,25)
(121.44468640599372,31.251963748849178,23)
(121.3768837028084,31.27149317899663,1)
(121.38683675601553,31.286989562667195,17)
(121.42376531846075,31.25050984492347,31)
(121.42090525090941,31.24072806561505,5)
(121.43651510405942,31.253373531632256,6)
(121.41931444426494,31.252897410662374,28)
(121.40887955468497,31.230408578821645,12)
(121.45761178804406,31.25087659338857,23)
(121.39526108070976,31.2618196654743,22)
(121.40051826190017,31.24840586293792,6)
(121.39841928366396,31.246071142225897,9)
(121.36323696664387,31.251633936583854,15)
(121.43671346061511,31.261066615541846,5)
(121.41072628631271,31.230766517625188,1)
(121.40771274643278,31.231496143606226,10)
(121.41030239691847,31.274617433833654,2)
(121.44375842805721,31.265750243775233,5)
(121.42171943680289,31.255972340259486,1)
(121.42086800572183,31.26481291446402,29)
(121.4604574897075,31.252895232724192,2)
(121.39273379498583,31.26551885900031,14)
(121.40912389725644,31.24409049974209,31)
(121.42921564881429,31.24658296912789,10)
(121.42231856344965,31.260337825535846,37)
(121.42505366320076,31.24074210622301,19)
(121.42324928900095,31.263110332543548,25)
(121.39385303263947,31.225193521529246,36)
(121.40551506892245,31.223838560457143,36)
(121.42410859128148,31.241080002367614,34)
(121.36772265087235,31.23755835234858,24)
(121.37314885518856,31.24326932636159,1)
(121.39130711372208,31.295795085897606,40)
(121.41626767875735,31.287039067547735,13)
(121.45277141603336,31.245917254018106,59)
(121.40891894684597,31.246046553457855,37)
(121.42095342002091,31.243084094816098,27)
(121.38432931618897,31.299841483568244,29)
(121.39821576706878,31.299410672783484,36)
(121.43446676158204,31.270953694508346,27)
(121.36493854688163,31.30368307666133,36)
(121.45917256873932,31.254276207763805,37)
(121.40991889281965,31.259718634474392,36)
(121.43119551877682,31.262163942234587,36)
(121.43400772586153,31.262856809446024,2)
(121.4303537969441,31.275757379351578,3)
(121.37960228394002,31.231048357862214,18)
(121.40802652779257,31.24563486941137,28)
(121.3820780414166,31.23377826526129,19)
(121.3839170289188,31.26722379395331,15)
(121.37539606545883,31.25366074554596,5)
(121.41091892611107,31.261506177066266,37)
(121.38208085553858,31.26610954606897,3)
(121.40077327340941,31.261208759941642,29)
(121.44165061200692,31.244044200244254,30)
(121.4067077724417,31.254426434393714,35)
(121.41324322391208,31.238061295295317,4)
(121.38483002508927,31.26741671337933,37)
(121.45053099037283,31.271415841420765,3)
(121.44526339065447,31.254435736456692,37)
(121.43336725097001,31.2439337414942,47)
(121.36816531028359,31.238857094653362,1)
(121.40033186581331,31.300487490602354,34)
(121.44338903015186,31.241499208561454,24)
(121.40910986163763,31.24571349339381,36)
(121.40183832796082,31.250197395755617,4)
(121.3754798261366,31.2495250273546,33)
(121.40997146559027,31.24263802226372,3)
(121.34712833391139,31.284252452300993,20)
(121.43765324876426,31.281837506083676,6)
(121.3649722202945,31.31330634177783,2)
(121.41107735099072,31.243862400454972,8)
(121.38758348757983,31.276430217428437,1)
(121.43820854745651,31.25398953443321,8)
(121.37443578091718,31.289425590700876,28)
(121.38107421420375,31.28399897946516,37)
(121.42525198232305,31.24798815726434,28)
(121.40401507249675,31.244660678523974,12)
(121.39738823318571,31.239300701253455,5)
(121.37130593692768,31.230911297602354,13)
(121.38824663159906,31.25968507103449,23)
(121.4401564689623,31.258518701925905,1)
(121.42498523790495,31.240369047727146,56)
(121.40458597739254,31.246646872714578,1)
(121.4519800677527,31.256538602786303,37)
(121.3712728844485,31.313500343806204,36)
(121.43382204100605,31.275745639696925,23)
(121.42520146910503,31.239498562707436,36)
(121.36483980171528,31.312839827313756,36)
(121.38929225338016,31.282194713391192,21)
(121.34629657846159,31.281467813529897,3)
(121.38587938150117,31.29353637908664,1)
(121.41360740447716,31.231327258585882,1)
(121.43755822055843,31.247320553775143,5)
(121.39929752182199,31.244777873606015,11)
(121.37254872927997,31.286906166488002,6)
(121.41838000061833,31.25237967678538,34)
(121.44218856594985,31.24452646396329,10)
(121.43751235527833,31.26312943132432,4)
(121.42611353032547,31.239957870399163,37)
(121.44027883388128,31.255341055424058,58)
(121.39645265918104,31.27565717723224,36)
(121.37475518365767,31.28407570352316,11)
(121.41363674420319,31.29143998056192,28)
(121.45179673093266,31.247767100145595,71)
(121.4020796082326,31.22916831614548,45)
(121.43293993423298,31.278125360139796,23)
(121.41453267148124,31.237324568286272,2)
(121.40760600419509,31.245860646596533,22)
(121.43275985763331,31.26703406558038,36)
(121.42519716805413,31.23949836182,14)
(121.39542373346687,31.291168935574344,5)
(121.43698732252744,31.25302175128991,37)
(121.42199179869384,31.245299414258767,5)
(121.38271300586443,31.236433101994486,18)
(121.44700952471975,31.261852091503524,3)
(121.40515936308097,31.261908605650582,33)
(121.40994820006973,31.25559974865597,36)
(121.39895817365425,31.299602758677004,1)
(121.46116593747635,31.25703244342178,37)
(121.40985457696942,31.259692321151306,36)
(121.46045750995701,31.253129335465854,18)
(121.42315048883304,31.26440695961439,6)
(121.36457703949993,31.28221398340456,9)
(121.39915639110339,31.260439339305446,5)
(121.4243085521001,31.25453664982433,36)
(121.41185076982664,31.245741464219197,36)
(121.419897764702,31.25012814009283,5)
(121.42571691416893,31.239711094980095,20)
(121.36317267407958,31.304908054741457,3)
(121.41669817167741,31.253007564760484,411)
(121.38072199669529,31.244058312230326,5)
(121.44712351217446,31.252966028461177,14)
(121.44584553430984,31.257272121818687,1)
(121.45264686976802,31.24569650239607,59)
(121.38361594911828,31.25861481770734,36)
(121.39617069484746,31.26837823741648,9)
(121.44486482640397,31.244618915350145,1)
(121.44894174090567,31.242936318109557,3)
(121.44957591526565,31.27248898817013,5)
(121.38615243903244,31.268095160752736,29)
(121.43802462277569,31.275845104718925,5)
(121.42137928151384,31.233779612032325,7)
(121.37518036549803,31.25405063013945,19)
(121.43469901543219,31.265142296481333,1)
(121.45709375257859,31.246725861842183,1)
(121.41874807950596,31.242112514821265,36)
(121.43661394381651,31.253327381160354,11)
(121.40289003818836,31.299668347264063,1)
(121.42253941544917,31.231554025721387,31)
(121.41747686490709,31.253398027154642,9)
(121.39390605499325,31.225059488647585,10)
(121.46108911816489,31.256715479515385,27)
(121.34833742188519,31.2816291282077,11)
(121.37885667807039,31.252346195027442,14)
(121.45956241189685,31.255290128900878,7)
(121.42320324134799,31.262100932399598,3)
(121.3887802144714,31.28314753844111,36)
(121.4073268775697,31.25068834599522,16)
(121.42680841898492,31.258520479963217,11)
(121.4450890825207,31.245987430786048,4)
(121.41902457974844,31.252254285425504,13)
(121.42964434605528,31.24679275827268,14)
(121.43292626309281,31.25139910491639,12)
(121.4034299300406,31.269240510568476,2)
(121.40608977040651,31.254516456504366,2)
(121.43295860537198,31.26730695178551,11)
(121.38235324668469,31.23245693407548,7)
(121.45014491142071,31.2608647972658,30)
(121.44136335367035,31.265611206791327,36)
(121.46106706109282,31.257201934523767,36)
(121.36490771785094,31.288614889768123,36)
(121.38839202926981,31.296448583546823,7)
(121.40884951264053,31.22988734126068,5)
(121.45019727989872,31.28111541249818,55)
(121.39913642623836,31.244386644612828,4)
(121.43437748991994,31.259890911121484,24)
(121.34441018428181,31.27977735606337,1)
(121.41353088568268,31.240394025538038,36)
(121.42519146385908,31.251469774501302,7)
(121.41391499141879,31.249648987422642,5)
(121.40237525583892,31.260294584046907,37)
(121.3836270720472,31.245623991871625,36)
(121.40211446276125,31.257117082833258,31)
(121.39245165428902,31.238667786681702,4)
(121.3806422997384,31.233532684221434,19)
(121.3915307478087,31.252239387440284,200)
(121.3691571657403,31.231086238282177,30)
(121.3838240818522,31.28048825185808,37)
(121.402449695934,31.243221363743828,2)
(121.41915441024038,31.251288790482302,37)
(121.4475703901497,31.247566385174007,72)
(121.42142595176739,31.24188325598887,12)
(121.44145676445252,31.242781809722985,6)
(121.44263951681339,31.265152776106643,37)
(121.39957539087393,31.247277848660143,23)
(121.40423030228001,31.265591450041907,27)
(121.42588384883166,31.229436264832895,15)
(121.38459463513102,31.27728564095727,47)
(121.42743291657588,31.277179649499626,11)
(121.45567795660155,31.25267369559735,6)
(121.43248547807929,31.257205553232602,2)
(121.4335845851221,31.27431039550128,2)
(121.38139685333621,31.298363057243897,29)
(121.40477080692227,31.267396916250306,22)
(121.39383069123386,31.289612170839344,3)
(121.42400968754372,31.241137103608178,23)
(121.40185860922413,31.259508063742896,4)
(121.3969944498192,31.23248443387138,36)
(121.34889107513676,31.2838153322457,12)
(121.39672805327159,31.275351083775764,9)
(121.38832399623534,31.296770658127333,36)
(121.44134545039809,31.268662997657362,2)
(121.38188751374086,31.29925390377534,36)
(121.40351489947136,31.304718889011063,23)
(121.3953071472997,31.262279886315756,8)
(121.422208136229,31.260322902576934,18)
(121.45266480595063,31.24895393112496,8)
(121.36794879130326,31.29243008577118,36)
(121.44270936462414,31.24347552777064,4)
(121.40817185933898,31.24460006268104,36)
(121.40239324791926,31.299748759494904,15)
(121.41013944721594,31.25550558862361,36)
(121.4481002773476,31.253375033756452,10)
(121.45290987927528,31.267960690604863,1)
(121.4021120324653,31.229243589675008,6)
(121.38754308167444,31.259347245705776,21)
(121.43181549575338,31.27109785304289,16)
(121.36207965311033,31.251817039482976,51)
(121.40699763426386,31.252867753620663,1)
(121.38567847697541,31.262521374347454,14)
(121.37816443463159,31.22938896534673,21)
(121.40345146958973,31.277018787212395,35)
(121.36856816073524,31.28324695176044,36)
(121.391095025177,31.293443332920017,20)
(121.3727763616082,31.26714826880337,36)
(121.43024384250865,31.251775221141795,30)
(121.36477309254192,31.312006721410516,5)
(121.4113650295418,31.298226220620577,36)
(121.414420721161,31.271745658159738,5)
(121.38241452143102,31.285474704605885,34)
(121.44993307099136,31.260423186912448,27)
(121.3789166520764,31.239829231305198,26)
(121.39221230182557,31.231739655327882,6)
(121.3922899562632,31.270968897881723,36)
(121.42023407104907,31.27538499220658,4)
(121.42029259862596,31.273908859110243,2)
(121.42367752247307,31.281607780740295,7)
(121.42379072108677,31.262150520047417,23)
(121.40655923268994,31.262000217218525,8)
(121.4231965649892,31.254283545369045,1)
(121.37596403173349,31.23141962445617,9)
(121.39196914802284,31.229634813908653,4)
(121.39738848266127,31.242162990978,36)
(121.43355866230787,31.243255743716087,14)
(121.38948203236616,31.274106322981496,35)
(121.38292023179308,31.23501539383644,13)
(121.38300997936722,31.232245478922533,5)
(121.38466678157843,31.257764444769077,25)
(121.39387964885168,31.2665169466124,36)
(121.34675928092113,31.298922091234516,1)
(121.39085023408975,31.28655840561248,29)
(121.41346306897094,31.245474301679256,36)
(121.36555437100466,31.27755753725416,26)
(121.4284660886448,31.28094868423896,17)
(121.41062676742015,31.276040049315302,3)
(121.44402965236068,31.259547737716762,26)
(121.42872846950844,31.24937668844339,22)
(121.37213960069053,31.235081312997245,7)
(121.43769552980487,31.24709194901714,1)
(121.43819236967416,31.27613499322222,10)
(121.35554335089293,31.288693010789608,18)
(121.38928228930757,31.256047467791646,4)
(121.43748848103411,31.241174808306067,1)
(121.41116150899391,31.24589729423316,14)
(121.4468202393185,31.261117229777543,3)
(121.42498083310679,31.264800729913677,3)
(121.3764569066545,31.24610368203857,6)
(121.34040333026924,31.282607127385656,36)
(121.4442515769858,31.257131450543014,9)
(121.43601354352089,31.238702439419196,2)
(121.41134430558488,31.23259824898021,22)
(121.42330136577549,31.2530569315355,2)
(121.37518976450393,31.25360446890235,36)
(121.41736833797898,31.25332480456031,6)
(121.45802394654066,31.26493681129349,37)
(121.40666772666926,31.230965907196836,18)
(121.36497713246368,31.270932636733203,36)
(121.38200754046552,31.286408934852087,9)
(121.3947698808475,31.23988274413989,13)
(121.4095951130478,31.25947576764153,12)
(121.41012337823082,31.23047247275284,32)
(121.39173974211697,31.23867944312397,36)
(121.4486672488791,31.24189535070012,3)
(121.44442799506085,31.252855568051615,28)
(121.37872413131063,31.225006681866567,23)
(121.44512993312887,31.279667820857064,19)
(121.39760237864752,31.23982302448616,1)
(121.4117831532995,31.273269296098242,3)
(121.42336313392234,31.262484980991623,4)
(121.39813770741266,31.252316800354055,2)
(121.38803038942787,31.233622784568706,36)
(121.43108004516041,31.279060751089972,2)
(121.38970115679774,31.2389641862794,20)
(121.3830873212056,31.246679072541262,8)
(121.45974774286208,31.25506275544461,19)
(121.36817318520984,31.23495381351143,36)
(121.41767657473068,31.24266170552211,2)
(121.42552654905937,31.245000219517618,9)
(121.45061708585185,31.255279667729603,6)
(121.40728878239668,31.266101476280927,36)
(121.42614343460531,31.23921450895472,6)
(121.45155119145723,31.27888999481777,19)
(121.39717766969383,31.245464381019048,34)
(121.3990088743445,31.2996705595767,14)
(121.40979677127305,31.24580946288921,18)
(121.40229062123281,31.269928609674757,3)
(121.35652118585423,31.28721607475767,27)
(121.42119814531736,31.253538577071506,37)
(121.42885795775874,31.25186528911528,9)
(121.38597443091426,31.279116746235584,11)
(121.36597388567064,31.251926214918345,25)
(121.43561039314461,31.27496094315528,9)
(121.40356237829933,31.22989815576908,36)
(121.41042837976595,31.231144738168766,1)
(121.39221306994406,31.238467645795353,31)
(121.42602962428947,31.24004398094065,36)
(121.41006162802948,31.255557172332537,36)
(121.428049571723,31.26449591755237,8)
(121.39140015340978,31.29223305203394,28)
(121.37855081848404,31.245718377770284,5)
(121.42212669673886,31.24539236490749,24)
(121.43671376392668,31.264551111332736,37)
