(121.43228560860942,31.24525311273658,31)
(121.42516860804976,31.241400309432287,24)
(121.38211997731645,31.289963453524155,36)
(121.43331297869837,31.23140965727576,36)
(121.37621360906562,31.258103667934854,1)
(121.44878373437803,31.26189093855587,4)
(121.41300825610702,31.232147431764666,4)
(121.42583080324225,31.23976402312183,23)
(121.40775990133807,31.244771156004795,36)
(121.40274803013106,31.26202333113039,36)
(121.41040163328832,31.231537020248982,3)
(121.42620553778889,31.259858262363963,18)
(121.42471236589779,31.245015296717,15)
(121.39077958490407,31.26827478105171,24)
(121.38985391745321,31.24624156142637,36)
(121.37841138552008,31.232654861925937,5)
(121.39656851934397,31.29308323729362,3)
(121.35211858191522,31.29171928296152,36)
(121.38774649864149,31.25119016536833,3)
(121.40636206340346,31.223389391593496,36)
(121.34956390975492,31.30291815605781,8)
(121.38190782858352,31.291111701364983,37)
(121.45575198683153,31.26808797387572,8)
(121.3727881363271,31.229766725389403,3)
(121.42183154246692,31.24921494541113,37)
(121.37956591693221,31.244605542170056,37)
(121.40971271706097,31.24503412704113,11)
(121.37480618587752,31.31398394496205,16)
(121.37928000581681,31.29582481792211,37)
(121.38466808654239,31.231067398792167,4)
(121.3967689948265,31.228545524258852,11)
(121.40994145185327,31.24242192912746,17)
(121.38206465329348,31.252503644158807,10)
(121.37959523894136,31.270890983313826,34)
(121.37420371574585,31.253249319683658,15)
(121.44673340469333,31.283240740629445,19)
(121.40663820840962,31.247961584676123,27)
(121.41306229099735,31.245440548973455,85)
(121.4098266242712,31.244179731411297,22)
(121.43339573394171,31.231984537523203,36)
(121.38493261218588,31.29588447647566,24)
(121.44681291068727,31.24178463244106,33)
(121.3792106955009,31.299270352344823,24)
(121.42183927302597,31.26078331173167,10)
(121.43208102208551,31.25828808081068,7)
(121.42240268278192,31.243603674909988,37)
(121.42079346197806,31.253647878028797,36)
(121.43443700385122,31.27322868662229,30)
(121.45884604560534,31.26768319248496,36)
(121.42248110349179,31.260216059596434,25)
(121.39214331066994,31.287715713718086,36)
(121.37383680195119,31.253808873522,20)
(121.44714387888455,31.241755990063545,36)
(121.37253061148529,31.251317100356555,1)
(121.38267173203337,31.291302534854598,37)
(121.42780396169113,31.231388456543982,36)
(121.45185541834874,31.245590874915155,36)
(121.4537851857606,31.272505862824595,3)
(121.35410311877682,31.290123914871426,31)
(121.43716074910834,31.238159888916776,1)
(121.37135518622948,31.267479536086835,36)
(121.41433760188437,31.292889342604685,36)
(121.38247248799769,31.279643605299622,37)
(121.37544891738487,31.251084678106814,36)
(121.3681382345914,31.24774351676062,7)
(121.42129646055385,31.246560431535773,36)
(121.38190269049782,31.232105323932927,36)
(121.42331951103088,31.273276908436255,37)
(121.37181733693376,31.306921088603705,36)
(121.39581043589581,31.262349161368753,37)
(121.39236005503368,31.260051284907387,36)
(121.33614589198555,31.296099473776763,37)
(121.39392108480232,31.23564157045805,33)
(121.36743139621684,31.249444280067404,31)
(121.39225713444034,31.22735458568896,36)
(121.409036775821,31.245180679567977,36)
(121.39355417024609,31.297852593883576,35)
(121.4154428818497,31.26379301168916,73)
(121.43159323906762,31.25330644946144,3)
(121.45916874521923,31.2541932750982,26)
(121.44990080351253,31.245018479765516,8)
(121.43602723292145,31.257561996976573,14)
(121.40205097807248,31.26191511533576,22)
(121.38568528681884,31.28720355948046,30)
(121.42298043792681,31.26212910491449,72)
(121.45504906625551,31.271994077540487,6)
(121.443271071572,31.262346571227212,15)
(121.42622442097985,31.26294790043012,8)
(121.40275894899774,31.24138769885395,5)
(121.41984755228066,31.250226629409195,36)
(121.41334984093133,31.24646307610085,36)
(121.44544741525434,31.246610105533676,3)
(121.38881305399595,31.30391481971885,36)
(121.45308310374119,31.25225756227234,36)
(121.39117131650373,31.296108439757848,21)
(121.34938053681742,31.288629165285226,10)
(121.40315749301588,31.23201606454534,4)
(121.45329656494545,31.251900980866907,16)
(121.40067881555399,31.242709366884295,17)
(121.3892132322605,31.256072427804206,36)
(121.41720098166562,31.232762437512477,4)
(121.45310148164744,31.256857286507017,17)
(121.43010105123399,31.23950909803819,10)
(121.34877775020172,31.297034119975688,42)
(121.39053293455099,31.24008627791481,36)
(121.40172970235929,31.244861884343923,35)
(121.40682036056272,31.238241228918497,1)
(121.39849443560264,31.261330606575253,33)
(121.41971728063254,31.231230449490315,3)
(121.37639608692287,31.236892647314257,32)
(121.38380899091496,31.279633885989487,8)
(121.39636581400151,31.24032271961886,32)
(121.45369197204387,31.2637014352417,2)
(121.4358700142407,31.25984117217728,39)
(121.36527995103728,31.27830043391598,26)
(121.43229080455366,31.258134480962745,1)
(121.38489142692752,31.262240074249753,32)
(121.41963703587909,31.268633119789364,1)
(121.42347487171136,31.284180650032255,1)
(121.45558931582447,31.24583396245363,35)
(121.43651798601586,31.2644093207832,60)
(121.37254603604444,31.255937144582965,36)
(121.4364162757296,31.253556741771806,8)
(121.3895586450278,31.268917196879435,17)
(121.42769061872147,31.237470338644172,36)
(121.42542132295343,31.24100150527915,20)
(121.44222426878582,31.286475356995226,13)
(121.40227315319744,31.241675285927542,2)
(121.40684075918284,31.23620727378295,23)
(121.37555222152031,31.298915731092055,7)
(121.4477191008337,31.2577342601503,35)
(121.43104678120628,31.24729984041054,19)
(121.40497348277299,31.25485272320905,8)
(121.44527261000007,31.24479459034873,6)
(121.44904144824065,31.25358085776277,28)
(121.39024196068434,31.23158720856924,36)
(121.42568685800006,31.250184798668588,14)
(121.41040101169271,31.26816141807776,21)
(121.4196028237489,31.236556948496638,2)
(121.38529049588067,31.278791888279407,35)
(121.37257609238385,31.25605523523399,36)
(121.42380417597728,31.244581804677004,5)
(121.44415330782984,31.250243868818316,7)
(121.37552935919521,31.300873468339656,22)
(121.42254841915675,31.249395994299736,14)
(121.38692000213673,31.231454617640534,36)
(121.4041164323071,31.28689392839895,36)
(121.46340974598763,31.25691422350047,3)
(121.4052176204598,31.23040457977859,36)
(121.42687569959037,31.24901942074191,1)
(121.43815162840625,31.243906125220192,15)
(121.3745686015527,31.227534957164494,36)
(121.3671139329507,31.30925310987408,31)
(121.4060646355105,31.230041464236052,7)
(121.42191776480503,31.262580337734413,26)
(121.45433387469913,31.272682828351563,5)
(121.44241388733214,31.283339766554437,17)
(121.44769460183547,31.256387515763397,32)
(121.42285471741181,31.265288558531097,2)
(121.44666669087535,31.28322712900581,28)
(121.44314037027839,31.251421024815627,7)
(121.45564510585719,31.277904311149314,14)
(121.38139504659202,31.25769842528165,5)
(121.37617109685984,31.298912474919156,8)
(121.38374857668897,31.287122886574963,17)
(121.41110030164509,31.243357170040653,3)
(121.45149411750538,31.26717712131204,36)
(121.41313023121744,31.249167300548024,7)
(121.41407254118675,31.23656177724392,10)
(121.4159859382084,31.29371607535931,11)
(121.42993262515782,31.256311529632836,2)
(121.46183515075542,31.257454102268007,1)
(121.42739234427164,31.230528440949197,61)
(121.43689374888825,31.257050576045934,37)
(121.44147917761876,31.258755841219354,25)
(121.41806276922978,31.236044527994324,3)
(121.4367437249257,31.25317814404625,26)
(121.39436627865855,31.24727184050275,6)
(121.42714927496831,31.23815414386742,23)
(121.40185427720105,31.24424434781862,22)
(121.4312988420304,31.2532259799525,29)
(121.38653096280011,31.291568898493153,1)
(121.41576344099578,31.287889299819238,20)
(121.41835412172195,31.253584218636423,17)
(121.4099397122627,31.24540426428528,11)
(121.43856239040207,31.237575699154856,37)
(121.39119667738613,31.227199274780904,33)
(121.38485615476144,31.29155668795031,5)
(121.45600653720473,31.258713422550326,12)
(121.37812479210625,31.276223585630753,24)
(121.36793568931168,31.314540619759743,27)
(121.42170801571996,31.245169544690103,37)
(121.41673097390334,31.264133550271485,12)
(121.41218207296149,31.22735439926407,12)
(121.44304532003873,31.265003917309123,5)
(121.40748419520368,31.235618276530538,9)
(121.44629650445438,31.244846936555657,36)
(121.3836869827814,31.24315276903598,8)
(121.42560036678285,31.242254239865414,36)
(121.37107317317978,31.31323274784825,13)
(121.4328747027133,31.26708395422628,16)
(121.41077102068085,31.227828155108526,6)
(121.4423517673584,31.25455921004328,23)
(121.37942358795338,31.277417523117684,21)
(121.40763393160515,31.245586788347357,15)
(121.44805178751247,31.255801622476767,36)
(121.44962858938844,31.258591960882857,22)
(121.41613185912718,31.236364541000462,28)
(121.44261902258397,31.241959682266067,36)
(121.42912201950693,31.23821086822354,37)
(121.36804319867827,31.237632845710483,4)
(121.39933853421007,31.25767138098758,2)
(121.38133096887182,31.243124740107973,11)
(121.38895573769234,31.275913688169492,2)
(121.396557187455,31.231992016859515,3)
(121.33138446216223,31.294924201701352,36)
(121.423203223725,31.26189884548735,36)
(121.40393145444027,31.23012531321013,2)
(121.38123536126899,31.28345292278294,72)
(121.44861539979415,31.253834745779752,1)
(121.41241212460083,31.233851593250993,36)
(121.43598786010288,31.24215125965253,4)
(121.44290529012692,31.266560688809264,37)
(121.3823931436852,31.253750517321254,32)
(121.38452945120102,31.270576594528148,190)
(121.44731861790227,31.2540663977878,18)
(121.39906876475358,31.248571484311043,24)
(121.45527743237774,31.271178263779408,1)
(121.37643086194552,31.292036064584092,4)
(121.42180953796674,31.260878118481028,36)
(121.43478466213215,31.255316768463427,36)
(121.43801273570175,31.25397277606738,3)
(121.42583260438835,31.260433151845763,28)
(121.34698071801577,31.301784903998097,36)
(121.44252464702775,31.264164534137954,10)
(121.39850743862449,31.261611108575934,33)
(121.3866806027058,31.28696742404365,14)
(121.43053686115067,31.279140589842296,2)
(121.412030414126,31.226677437674798,34)
(121.40564570230812,31.242491104104264,12)
(121.38381965860793,31.229693076266546,9)
(121.40159334131506,31.234271780702034,6)
(121.42312526061198,31.243827324697097,16)
(121.4545923493564,31.2738798036791,36)
(121.39983053740463,31.231250916002004,22)
(121.45942028958468,31.260139499810162,8)
(121.43788947658369,31.261327559568333,19)
(121.44032384074896,31.240271091786745,3)
(121.4050293360617,31.261723514977966,20)
(121.40698582720894,31.30088667440706,37)
(121.43680577126098,31.26631374158108,27)
(121.37223305851862,31.25183471081059,17)
(121.38945744421416,31.256112624384322,11)
(121.38925564542797,31.28235770638413,18)
(121.38402014594078,31.278060191516253,14)
(121.4432671212419,31.27430864802281,2)
(121.44476628871212,31.267106524046657,35)
(121.41042163815439,31.242319003907145,8)
(121.39466076475493,31.29665672754319,33)
(121.3882769410263,31.240557815127836,1)
(121.3981370563381,31.24484949133706,7)
(121.40506036684285,31.262045656254504,11)
(121.37204799617795,31.264331115399358,18)
(121.38038771305605,31.287901844996064,15)
(121.36215882108877,31.238231270428788,27)
(121.38922583688993,31.296764670273436,36)
(121.34437306515014,31.29318382507519,36)
(121.43672821039966,31.253850150051626,26)
(121.40936856507044,31.242706122958808,52)
(121.44727633247082,31.257849315210166,5)
(121.41558400889194,31.23504315481892,36)
(121.40835152514015,31.29821058959614,14)
(121.45289892677616,31.277533783176118,91)
(121.38549926958495,31.227747701357302,18)
(121.43854740136204,31.278067728824283,3)
(121.41399350024743,31.236461629756963,3)
(121.44770634513411,31.25372433092827,20)
(121.39797863850953,31.235825486446615,1)
(121.4469802726371,31.26223125555208,11)
(121.40313434518819,31.230368303597075,2)
(121.44570762196514,31.266537343448157,37)
(121.41254674272244,31.29711330719082,36)
(121.43731676434598,31.252705169873042,33)
(121.44007242038619,31.256262844666978,36)
(121.44657507348342,31.257743071967816,4)
(121.4112153041799,31.243694300082865,21)
(121.37213041068588,31.313671063627204,22)
(121.3830919571883,31.28406372127437,28)
(121.38861103093478,31.259796592765767,4)
(121.36654584868484,31.30914584003146,69)
(121.4330077428105,31.23182256082974,15)
(121.38560573007267,31.30071997023784,34)
(121.38493615701283,31.23682752598051,33)
(121.45883251272117,31.259630149214395,19)
(121.37736846410797,31.237655594186453,2)
(121.39742999123672,31.28217920272268,2)
(121.41687366483193,31.238544216604012,26)
(121.40644750636466,31.26285808317323,11)
(121.45689185039302,31.251067149193585,7)
(121.40656406981381,31.254700349940414,10)
(121.40251971270827,31.24339537755566,5)
(121.45204616472077,31.27982344166521,36)
(121.44333800654766,31.24010166055787,9)
(121.45768299445702,31.26776863504407,35)
(121.42522955175008,31.241442278652315,17)
(121.44249449692525,31.248050748292762,163)
(121.42370532172176,31.24522516622071,36)
(121.37887293999077,31.266622385981872,36)
(121.42318828301842,31.262428083872557,16)
(121.42204099455856,31.25468617861136,18)
(121.40847293752768,31.233441485099807,5)
(121.43344461941065,31.25237492761775,5)
(121.38247249305415,31.279701629214646,20)
(121.4021369987498,31.260504235516347,18)
(121.42616552601974,31.241340289247656,14)
(121.45967537003452,31.273563844186086,2)
(121.43739246075094,31.2465156918469,20)
(121.38612413930213,31.299414908037274,31)
(121.40988468439114,31.25941802795226,19)
(121.4061188030427,31.24341454214977,34)
(121.41591411248895,31.26096252643554,36)
(121.45271156999442,31.270516163169262,37)
(121.38416410259455,31.241991993397228,3)
(121.423948765153,31.241385261627382,36)
(121.42996144379961,31.24739305268518,26)
(121.36454421283713,31.250268339377403,24)
(121.45030494290425,31.260509824565624,5)
(121.3803006085696,31.277229274816367,8)
(121.38843808832601,31.2966526994423,36)
(121.40922102114483,31.243826020406324,16)
(121.44816015501748,31.25465532717855,1)
(121.44259153357442,31.24133840329495,1)
(121.36364584508726,31.2800432634521,196)
(121.43271999327791,31.246715126632942,2)
(121.42890019061014,31.259914813647168,5)
(121.40084589334928,31.24301855083852,30)
(121.44196174160953,31.26466962717629,11)
(121.40136611524768,31.255321128615204,19)
(121.40445457543578,31.23073465838531,21)
(121.40341733733322,31.229704043970045,2)
(121.42812750652699,31.264764958968353,17)
(121.42915625054988,31.247028890148215,9)
(121.39520666930834,31.257459753281672,36)
(121.42328026111605,31.263103306990374,2)
(121.4240935963436,31.240978968340894,23)
(121.36492454493239,31.234222392017735,12)
(121.40184012839784,31.250088896331942,5)
(121.4091510865724,31.22541424548242,1)
(121.36732556802849,31.296297965341655,18)
(121.421571670713,31.251437413586192,4)
(121.41139245079586,31.26878319766147,2)
(121.37400685918614,31.25742715130105,23)
(121.36415210622823,31.310657952559126,21)
(121.44910070610459,31.270391603915876,65)
(121.43883877562658,31.25883674104034,21)
(121.38542723395636,31.28310632326537,15)
(121.37570841989216,31.25261466574346,33)
(121.39286747025324,31.224951522688357,3)
(121.43563692742592,31.235669754539053,5)
(121.42505525558123,31.245918051782915,23)
(121.37838538801252,31.27911107516361,17)
(121.37459865030574,31.227591020454273,21)
(121.44640512624164,31.241714661300524,11)
(121.44379437350692,31.24295320785213,16)
(121.43228732056586,31.26491170032784,4)
(121.36745520128294,31.23761099069281,2)
(121.42573900089587,31.245028463254865,32)
(121.4595738137332,31.25505383094702,37)
(121.45330019427816,31.249021800508043,1)
(121.38386551400005,31.28095945898774,4)
(121.41791120953734,31.25151753022763,18)
(121.44509565324125,31.245852522449987,35)
(121.35090922415831,31.282209295784863,27)
(121.36739967583418,31.30911014583322,28)
(121.38090943314424,31.243908243064233,17)
(121.3860314617445,31.27013525609821,26)
(121.3860040608502,31.241288210328488,9)
(121.38917123051544,31.259466338638337,11)
(121.45129443922947,31.25409686001193,3)
(121.39223085135119,31.270252559411983,31)
(121.42580981817689,31.24513267764914,36)
(121.4171796180511,31.251386816058577,28)
(121.40847661372253,31.2420789155329,1)
(121.40461239605983,31.23700928410553,1)
(121.39906708183808,31.229263752272004,8)
(121.42938758637911,31.261254778871866,31)
(121.39591816173383,31.23201909190484,6)
(121.43700080501449,31.23585105451108,23)
(121.43663378873882,31.253715032031348,13)
(121.39763023474661,31.250276358666028,11)
(121.4295582272832,31.246488583663883,1)
(121.41098637731402,31.24392744566325,29)
(121.41149418171135,31.255613370696963,36)
(121.4188868980411,31.24341543514818,9)
(121.40331938017776,31.25333165575779,27)
(121.39554255106218,31.262329628162664,29)
(121.42547793748267,31.247749804331512,354)
(121.44978551571137,31.252975720044812,36)
(121.40550113289105,31.247526343352966,36)
(121.45517187028999,31.271237583327277,2)
(121.37195649906955,31.248715197536832,22)
(121.3577759969162,31.302504233424816,29)
(121.44419960641663,31.25471675902558,43)
(121.40839289001163,31.24516030079862,22)
(121.45305354786514,31.249304960789143,36)
(121.43727855905533,31.249639870280234,4)
(121.44465571427135,31.253656743329046,3)
(121.37376730470208,31.313827293911302,27)
(121.40867720890968,31.235562654485705,7)
(121.43317518522603,31.251064058675503,19)
(121.42224834474943,31.24343354311309,37)
(121.45746689526332,31.24782955555828,1)
(121.40280286025336,31.229237931021306,3)
(121.37238846784588,31.28673288698106,34)
(121.3843135529544,31.291276082075132,13)
(121.42503873133809,31.241356394956178,36)
(121.43322876290419,31.23904723771451,37)
(121.42930216468126,31.252474178221743,16)
(121.42822603908675,31.2606981190913,19)
(121.36497282039687,31.313241841995254,33)
(121.43324694478704,31.2529003912515,1)
(121.42315028074908,31.262020936325428,37)
(121.41019935950014,31.230415436006783,1)
(121.36692578068502,31.30086993373216,29)
(121.44355241122653,31.260978530350886,1)
(121.3829914143933,31.28347568321766,36)
(121.42426024026715,31.25464353961727,10)
(121.43667685709224,31.276414162635366,22)
(121.46121824798826,31.250717557417673,33)
(121.40904217732033,31.233286203368536,13)
(121.4060523050871,31.260659123330644,4)
(121.42975505544771,31.23580257204077,15)
(121.41391980534677,31.293346656413387,29)
(121.45580698325213,31.263740694586044,56)
(121.4121933584529,31.270176617758608,2)
(121.36431432905937,31.309451073970703,33)
(121.46386655006299,31.25790558272899,1)
(121.37062929583614,31.247270500242173,43)
(121.42226435008615,31.260324214277144,23)
(121.38760709756377,31.244804886638445,36)
(121.39376279152128,31.24606497300977,36)
(121.403816260539,31.259062327962678,14)
(121.38354294821461,31.283379898994053,22)
(121.34438809428171,31.293137834672574,36)
(121.42310433039181,31.2621300163906,34)
(121.43913858241581,31.27096781067725,11)
(121.4111807538217,31.283121202273563,13)
(121.39221731895996,31.271848306447485,13)
(121.38148104134626,31.29936553603436,32)
(121.46381456655217,31.26794501527156,27)
(121.3527208608996,31.280448773794227,10)
(121.40742908113559,31.25870302040194,20)
(121.40332990762668,31.238632550925615,22)
(121.34880054996125,31.303240707099807,20)
(121.39142462129263,31.275073020883134,36)
(121.40956833486112,31.251862170418114,15)
(121.45759646889785,31.24674579586373,12)
(121.43225884833656,31.281975876469563,34)
(121.37894454950123,31.27766905692354,37)
(121.35606363329728,31.302968534849146,13)
(121.35655404007773,31.307879254003357,26)
(121.38676467118157,31.28681643287561,36)
(121.36129042638397,31.308575042191276,36)
(121.360285478162,31.240327231468285,7)
(121.44136544261447,31.24865656912549,13)
(121.40060340030064,31.261154459292786,5)
(121.36581472729208,31.276390441145324,6)
(121.36174208218385,31.28486767057946,34)
(121.4334445383239,31.251443517838087,5)
(121.41604404530347,31.26092245735696,16)
(121.37826882079068,31.26285510182739,29)
(121.4596426518578,31.266523251492668,1)
(121.42611179020003,31.230787366313965,5)
(121.44779021688522,31.26368716124,36)
(121.41165432140403,31.270907973921858,37)
(121.41742343728167,31.250882482015623,33)
(121.43562575409726,31.238643763984953,20)
(121.45098550112056,31.258182231916653,27)
(121.43506013040533,31.279898975337584,36)
(121.4154250556412,31.246197242336343,36)
(121.40858618638563,31.244826617845405,5)
(121.42234169168513,31.258829127947127,20)
(121.41052845053954,31.24365139746727,37)
(121.38215099536995,31.27826771893159,36)
(121.36766523473246,31.237040635120415,36)
(121.37189904966633,31.290643817570427,17)
(121.38372053630714,31.22953791172094,7)
(121.35780507929684,31.279692157068798,36)
(121.3798608332229,31.23160859814057,36)
(121.40659201266146,31.245719586552365,24)
(121.4502369289573,31.258537816951158,100)
(121.44887431427269,31.25933366970339,37)
(121.39285644258953,31.256401927482756,18)
(121.37223194362754,31.3131974772315,30)
(121.38098009160254,31.28390184247857,4)
(121.42519036639163,31.23948666043778,36)
(121.40556527395358,31.283474677703907,2)
(121.4151618902099,31.24562305704226,36)
(121.3669653097702,31.23698899756079,9)
(121.43292814577487,31.273014395693064,5)
(121.44928402290601,31.243317861430224,5)
(121.40539488503101,31.256112807003465,82)
(121.3783986448763,31.258859525524937,34)
(121.40275974993101,31.228855123022097,37)
(121.39138184281637,31.254408210848517,14)
(121.42655126491356,31.27653735666996,33)
(121.4520638812983,31.256637482816675,2)
(121.40922478881791,31.245048185715678,2)
(121.3700679190992,31.230445402924815,17)
(121.40844904285193,31.28294269602554,3)
(121.40445017742455,31.249931756905696,63)
(121.38941202535456,31.25174467852937,9)
(121.44967368116771,31.260797831294894,2)
(121.39778958492633,31.229728495157698,1)
(121.44021970443497,31.282455360942823,10)
(121.39908356472472,31.24621044047437,11)
(121.41707175928434,31.240861175101685,1)
(121.41116167616295,31.2813064946073,2)
(121.42494464608171,31.250794676618835,22)
(121.39216607945959,31.227476585573847,7)
(121.37900126020276,31.27775776571225,9)
(121.40242772063048,31.259254074629517,20)
(121.4108184136819,31.243920471282188,37)
(121.45037333241999,31.25178459506539,19)
(121.42083569555942,31.234595065174375,37)
(121.38594294649356,31.230359291332583,23)
(121.38813383841396,31.262502391096206,18)
(121.4023898593403,31.26027748703195,13)
(121.3892334440887,31.25864955161754,36)
(121.45672532110325,31.25168292323031,8)
(121.39177240706051,31.268998741094233,10)
(121.3788377147462,31.299045598036596,36)
(121.41776634211085,31.252057837941834,30)
(121.40050299718229,31.245424532802666,36)
(121.45249094320172,31.28033468862364,14)
(121.37207591849801,31.309127864598704,11)
(121.36620620946819,31.285592800069896,5)
(121.37722398584852,31.280891481881916,37)
(121.42647091727518,31.237198312302674,23)
(121.39329165294825,31.2709895062302,13)
(121.40768309413542,31.246935122933785,7)
(121.44769454103526,31.255687210473386,36)
(121.37485923932083,31.230009459306846,19)
(121.41107731591994,31.24346022034143,34)
(121.45924160452748,31.263053347182,1)
(121.39527895493629,31.294655252360634,21)
(121.38549047111712,31.2301698111709,2)
(121.43988196350162,31.25866316668953,33)
(121.4468837252973,31.241758344827172,17)
(121.40898596332636,31.245464468480453,23)
(121.41766728630897,31.250756311908404,35)
(121.42230666051223,31.260294423142046,36)
(121.35970189577775,31.292722557843746,36)
(121.37648619705305,31.26488550309522,25)
(121.37000442314854,31.295077024988153,36)
(121.45400164909722,31.252469436873977,1)
(121.40956764318305,31.243931650835975,22)
(121.44083394293143,31.254840094085463,1)
(121.42299233582881,31.2839822527142,39)
(121.36757602983157,31.23325918346332,21)
(121.39529395675198,31.294577228904995,37)
(121.43149700004437,31.283493345128065,3)
(121.435884269681,31.2669122016301,38)
(121.39955811760761,31.261972498027426,33)
(121.4079310619389,31.281102736537015,37)
(121.40801511282355,31.247376307167485,36)
(121.43745107550473,31.25392458934507,30)
(121.38037105697549,31.280599853186406,36)
(121.45774157375504,31.252251920182868,14)
(121.42136530583029,31.24539987017858,3)
(121.3882629302051,31.296644561211227,9)
(121.43617002854683,31.234814677556848,11)
(121.39165864246803,31.272671214791593,36)
(121.42681568709408,31.267204373545216,7)
(121.4086411993085,31.279634560040797,1)
(121.39017761603638,31.274168845992314,40)
(121.38571349719778,31.227854937860535,3)
(121.3949155149209,31.246166636903684,36)
(121.43087545974718,31.23363141179061,32)
(121.42518526514819,31.239515959330404,21)
(121.42258282715791,31.243802512008838,18)
(121.42869735604813,31.247657956773548,36)
(121.43615597989408,31.25859723016692,12)
(121.43039205007787,31.27920877008257,10)
(121.42564138127281,31.244193173023778,19)
(121.41027868155213,31.255621217372205,18)
(121.41045970669587,31.24643164948971,36)
(121.4194771608332,31.254247244268257,36)
(121.41222226893089,31.24633026827518,24)
(121.42042679450991,31.234453380080126,2)
(121.45947323552673,31.25432305123839,47)
(121.36625931579738,31.27458378188222,15)
(121.38844974521352,31.25816376261939,34)
(121.39194216618922,31.28774059738233,36)
(121.38061718584069,31.290079962931024,29)
(121.4518223979782,31.27912349306527,10)
(121.40732307805618,31.223637515340112,36)
(121.38841779654297,31.236100933413127,19)
(121.42724160476159,31.273062715677316,1)
(121.39424505003119,31.306891985577717,2)
(121.4049733389882,31.227408176168847,11)
(121.44406954121217,31.270116893243795,67)
(121.44295270192269,31.27408405524273,13)
(121.40966668315164,31.244562921913648,12)
(121.402570875068,31.237731564759976,33)
(121.42785048497818,31.237991426220056,36)
(121.42830954047429,31.256081037036786,37)
(121.40178560874395,31.24824511407752,32)
(121.39340641551364,31.26738704922412,12)
(121.39993100867657,31.247733392150707,15)
(121.34853283334287,31.301489724549167,36)
(121.36926887428888,31.26803391719168,1)
(121.39094674276723,31.25710409831437,10)
(121.42045260098872,31.235924482740415,6)
(121.42176930896619,31.24909224835664,1)
(121.41191068464325,31.245665476872258,36)
(121.44743448253813,31.248669585052465,39)
(121.43097216567111,31.26263639641974,30)
(121.36421311498572,31.309534562124423,7)
(121.40406825549306,31.262030542689644,26)
(121.37697688798876,31.27215056418074,6)
(121.36514260992982,31.27717176039997,37)
(121.44606008408365,31.271682076506092,10)
(121.41268145997027,31.26156983239873,36)
(121.43040334823958,31.23693341640901,28)
(121.42723266305072,31.23559228762429,82)
(121.43176315127096,31.246673885328402,13)
(121.45064098412946,31.251710164731193,25)
(121.37598326797686,31.246387243489377,6)
(121.3414687120837,31.305808335880204,36)
(121.39013228091963,31.28222214521235,14)
(121.42294246960923,31.262116126444198,36)
(121.4638283593907,31.25446517262503,5)
(121.36152756437085,31.2835247836012,36)
(121.45041951286277,31.255056943487105,3)
(121.42328018024085,31.262175908729404,4)
(121.46302319611618,31.259412724547833,1)
(121.39163032276797,31.246285787152537,22)
(121.38419617409683,31.253914312114752,1)
(121.43189529281908,31.23559019290137,14)
(121.44610796441403,31.24158060937874,36)
(121.43344433487907,31.249106485960567,36)
(121.40257024887434,31.23054728346441,36)
(121.39081928862323,31.26855702210265,27)
(121.41311681935373,31.244394180614787,22)
(121.43781556262209,31.236773370935776,7)
(121.42426864003589,31.23083798583367,36)
(121.36519870310971,31.277099814868723,37)
(121.42230225943544,31.26038392205312,6)
(121.38948012686491,31.25224694906041,12)
(121.40028058885422,31.230086515850772,2)
(121.38309081299037,31.286764115622656,2)
(121.4173165466073,31.251443778713888,36)
(121.36316727404592,31.30240175981114,27)
(121.4639730188596,31.255236169172218,20)
(121.37797094525662,31.25733237997879,28)
(121.39389489348319,31.26921109779001,12)
(121.45709530930966,31.264702703616575,3)
(121.38616667603867,31.259167348790573,34)
(121.42589363771043,31.236783610424702,36)
(121.41138025691033,31.243608230401644,37)
(121.42390244970245,31.237281441835165,3)
(121.41470752019693,31.236427101586884,15)
(121.42231446243493,31.260290924772754,28)
(121.41659834620194,31.235731376633055,5)
(121.37340135794123,31.244579090904097,13)
(121.37150325960117,31.24878994724502,18)
(121.36823313509277,31.313905806597194,36)
(121.37212343595296,31.26941905834872,21)
(121.44291889187593,31.241078769425435,8)
(121.44458995338383,31.279018452039683,1)
(121.38967288134418,31.270526959154314,37)
(121.41057328673851,31.230408377341476,32)
(121.38968514121453,31.238939163442133,36)
(121.45609805061669,31.267260900129255,11)
(121.37758244481358,31.24605797527606,1)
(121.4070429315161,31.244819189002857,32)
(121.33782771583721,31.29631775896138,23)
(121.38146338440656,31.280575977673703,7)
(121.35090921489306,31.28210225194796,14)
(121.42190396139574,31.26253503494656,31)
(121.38599072312539,31.25023629429706,3)
(121.41038245618066,31.231919100566596,18)
(121.38977301622815,31.282589040416433,5)
(121.40198501975384,31.263857963752262,19)
(121.44207470441376,31.255168345256347,37)
(121.41124777242348,31.272065609126177,32)
(121.42327867980254,31.24496436463933,17)
(121.37655370780094,31.271719498845677,22)
(121.43807909996292,31.282350715693546,2)
(121.42538761471715,31.240942898435172,7)
(121.38700619226894,31.240931418569783,4)
(121.42359343728906,31.245394325094633,22)
(121.39959403385615,31.23752968669677,2)
(121.37602711759237,31.249480465942543,34)
(121.41767343487261,31.249629506641664,58)
(121.38817172040015,31.22850161995037,36)
(121.46092786143059,31.257419447379302,12)
(121.35566497774101,31.290133545067928,72)
(121.42225775026138,31.258703130779573,1)
(121.44822788523538,31.261275679947737,43)
(121.41710518533223,31.268871401770063,1)
(121.38338893669778,31.284346419646226,40)
(121.44690562981789,31.241765448628673,32)
(121.44133944357624,31.243238544074277,15)
(121.4090182712751,31.244974776125897,28)
(121.45291382415259,31.258710821143186,9)
(121.36678219872981,31.251931094320973,32)
(121.42814089920347,31.24651498235931,25)
(121.43265708482937,31.24976258948582,80)
(121.44036915925003,31.259279717889402,22)
(121.44381184041735,31.26019377208139,20)
(121.37761271153991,31.271676101458922,13)
(121.39398534148296,31.250738168034943,3)
(121.43303145655086,31.232354420239876,19)
(121.38928228520996,31.256000447294294,36)
(121.38475030172431,31.240559094089875,30)
(121.44288461844802,31.283115897277064,6)
(121.40370885160026,31.258000752482165,4)
(121.40538502420921,31.223422357381736,36)
(121.40882102277399,31.246578532124666,36)
(121.43352107046425,31.27576758008877,1)
(121.41512118075765,31.226171956823293,4)
(121.40328822371859,31.240130777824422,3)
(121.38630339183744,31.25434336589577,17)
(121.38977302905752,31.28273610057548,36)
(121.39705633258802,31.276683780132128,27)
(121.40202987310892,31.260513713885434,32)
(121.38936639311356,31.25641468947713,57)
(121.39901116977836,31.28786611248947,26)
(121.40824110211156,31.225598582980552,10)
(121.42521237209621,31.24267895904098,17)
(121.39650176791636,31.302416530585347,19)
(121.44085911735074,31.280309870280387,3)
(121.37815583985176,31.27629865194264,71)
(121.40321946579098,31.2430480786523,19)
(121.3830300658876,31.29045554386412,36)
(121.4613794934486,31.270127571984077,1)
(121.41804852907156,31.272437540654916,13)
(121.45623606959077,31.271463387917482,3)
(121.44397051858881,31.248559421887663,6)
(121.46023274474987,31.24991636513188,5)
(121.38560560804689,31.299321423759128,4)
(121.40044769732553,31.244822527303143,23)
(121.40991073686895,31.24563036884694,6)
(121.42690739062094,31.259411777999215,8)
(121.45347088346902,31.248847284418222,31)
(121.42706588744066,31.267064918681527,13)
(121.4136178137413,31.246344910186462,30)
(121.43679805211168,31.274532355495758,6)
(121.41153624135352,31.25533838810749,36)
(121.35081000154038,31.28205405557152,36)
(121.3988080546267,31.241606284093976,37)
(121.37127308445001,31.31363274353488,6)
(121.38454020339654,31.26150292258179,29)
(121.40102000562545,31.243715909229017,36)
(121.40712453131508,31.228776901572573,4)
(121.43327575482489,31.239714484154767,24)
(121.38408597640449,31.230009470251872,36)
(121.45293793355262,31.275420593450754,7)
(121.41898683985403,31.243491415997827,4)
(121.45650148159024,31.252511588205984,5)
(121.44298942600868,31.24703157238904,33)
(121.41461247301598,31.253770277230135,2)
(121.4232492174605,31.262289980301613,15)
(121.38986908539442,31.235439814111775,36)
(121.38711728926387,31.2732916410097,43)
(121.40618697839105,31.238753803332795,36)
(121.4263603527388,31.249273983163764,36)
(121.39867880257637,31.232121631571086,23)
(121.45340932975422,31.252290927477695,36)
(121.41153540014415,31.245694132246694,32)
(121.42891337549256,31.273714986650326,36)
(121.3551832251823,31.284095533418377,20)
(121.44475512567209,31.25031190659724,30)
(121.42908564292256,31.244735273947644,22)
(121.43889462193954,31.24094235272527,1)
(121.44835551088764,31.2486409269005,36)
(121.41369992799177,31.261274320635344,36)
(121.40003103574756,31.259119414514576,7)
(121.39026336819603,31.25787284152025,11)
(121.38778493519476,31.244307140798476,25)
(121.38270066750252,31.27869543788036,14)
(121.41786627482949,31.251960747102277,22)
(121.38432650842027,31.27789044428143,19)
(121.46299319415631,31.2673667056851,48)
(121.4236060240791,31.24078624924018,19)
(121.38709955810427,31.27034190159693,18)
(121.39541862451878,31.245044538892802,36)
(121.39925031556909,31.23185161411066,12)
(121.37813080034708,31.276226593679155,37)
(121.36798877249099,31.31446666805569,20)
(121.40131240042123,31.280753028327823,14)
(121.4461027570693,31.2543924255422,36)
(121.38976434694435,31.252031059416705,5)
(121.40991129090207,31.26686841873443,36)
(121.43721538009189,31.24641452394214,29)
(121.41959101617654,31.273046903507677,26)
(121.44949916083615,31.261864614256737,23)
(121.36822901668747,31.26654081612845,3)
(121.4229247354583,31.274540554911763,1)
(121.45472068054576,31.258284895760028,3)
(121.40975905343173,31.25957320152482,36)
(121.41519709968391,31.26903661890539,37)
(121.40326897108194,31.25040708462548,36)
(121.40904979850603,31.256367194776796,36)
(121.39808126301132,31.304811461119584,27)
(121.4105594489266,31.243704416401798,37)
(121.40618059860937,31.22466115982423,23)
(121.44083479940211,31.264688351228855,36)
(121.43463374306828,31.262103722003264,21)
(121.40626049458287,31.292392011269545,36)
(121.39921892611808,31.2712146606393,36)
(121.45186842090348,31.280614018179644,10)
(121.37727738588895,31.27315433471051,14)
(121.42227156610107,31.245262208349413,26)
(121.38055786712066,31.23288770803418,12)
(121.41745075687605,31.229594616208992,5)
(121.38988809673639,31.28241505143339,25)
(121.40844818376708,31.22564640806552,36)
(121.36762479538896,31.252682960813516,25)
(121.44783125160953,31.278688742607855,14)
(121.4062339649867,31.24523536076476,6)
(121.43594492867709,31.2440567162533,36)
(121.44275160175455,31.245592057433516,36)
(121.42484209858384,31.277756293283993,11)
(121.38316657219295,31.28404773389223,7)
(121.4562957206615,31.257659358928642,5)
(121.41024159462587,31.23320170868184,2)
(121.42601276044833,31.2299363859353,9)
(121.38261759906875,31.2904881558199,37)
(121.42561116939527,31.242038542493958,37)
(121.40569203089463,31.246230779139722,36)
(121.43180136425657,31.27259834367099,7)
(121.4463460102795,31.251566766443357,15)
(121.39402505514889,31.270112550360547,17)
(121.38561742546158,31.262643373547057,21)
(121.38584667004773,31.262782632325113,36)
(121.3862357471048,31.259195419706924,1)
(121.43905135918853,31.258209167153545,13)
(121.38892423145877,31.27041836335361,20)
(121.43335923962901,31.235155317001098,3)
(121.42481155958484,31.25978971156564,27)
(121.40747169156639,31.258736129136064,17)
(121.42289050749878,31.262037129468006,3)
(121.41830708672835,31.241388824751237,2)
(121.39610523358574,31.223754001532864,11)
(121.43499820215821,31.23918515700198,18)
(121.41114629499596,31.24340318233693,11)
(121.39753853494206,31.246737378649115,24)
(121.39962500143534,31.261658829890603,20)
(121.39718449443241,31.266360493831982,8)
(121.39553304812657,31.26946531176349,44)
(121.42783551907941,31.238189529967205,36)
(121.39112775476576,31.282026351160074,120)
(121.44904808065414,31.252970877964835,3)
(121.39977102356099,31.24854670337767,36)
(121.45652210803475,31.252690823145688,12)
(121.39107828670532,31.27365224567445,10)
(121.3442713519093,31.2862765033709,33)
(121.42915681547677,31.270612443472885,28)
(121.40723485505768,31.25073132692014,1)
(121.42929966796069,31.28131522204681,10)
(121.38576439061066,31.28349723508677,36)
(121.43592907308287,31.26545252202137,31)
(121.43728204173475,31.27888760913816,30)
(121.39612024900947,31.223839048148676,3)
(121.42387966402633,31.239500463994187,11)
(121.44088674813239,31.253693512890656,35)
(121.42596947995484,31.257055219159845,3)
(121.37100942211848,31.253449018857395,36)
(121.36499734360505,31.277074501409643,36)
(121.38867744212871,31.24086828934045,40)
(121.39268244514643,31.26191528472395,10)
(121.40968117468047,31.23875830966993,7)
(121.46162297815243,31.26993751851894,21)
(121.4049733421269,31.227444192840167,21)
(121.40673585085422,31.232390562111906,1)
(121.39105614462679,31.24025472321109,8)
(121.41957211879108,31.228231149202305,17)
(121.44580140215946,31.248677642398082,35)
(121.3479030894039,31.283103699134713,36)
(121.40716451537276,31.300757480193194,32)
(121.41448272182457,31.248556909190565,12)
(121.3497697017929,31.280939738258585,23)
(121.45451622917662,31.27036148085362,36)
(121.39218452071432,31.266842086435428,36)
(121.43275028500095,31.24953077708335,88)
(121.36194562239464,31.252075111564718,3)
(121.42162909120164,31.23205833529864,5)
(121.39970862155886,31.256758956348033,42)
(121.42446807532562,31.250483917300386,11)
(121.4172635753293,31.251432798131077,28)
(121.43729304846076,31.266996379913163,3)
(121.37017184256649,31.285271322411543,12)
(121.40755593408439,31.23346142652553,46)
(121.3964751679573,31.240023053322098,15)
(121.40604207454437,31.291340211285515,15)
(121.41188199876774,31.226647337940545,2)
(121.36232596726981,31.28412890805476,153)
(121.42498746026129,31.272058799954394,16)
(121.4047912382847,31.261757272246843,2)
(121.43740577207991,31.25444981449985,4)
(121.45187125017775,31.267940067877163,20)
(121.43308961524508,31.257511819408954,27)
(121.44124374171356,31.249548148761868,5)
(121.43295820580896,31.262719992809743,35)
(121.40099116280088,31.24561575067146,31)
(121.3886614133528,31.22920496091113,6)
(121.4203941107202,31.2761790240749,11)
(121.40505730797364,31.226967979724144,4)
(121.3630761399609,31.245481962094047,36)
(121.36401620417887,31.2499402704434,54)
(121.39319216810982,31.289131917582182,10)
(121.41150808528621,31.279719225693093,1)
(121.42277570565997,31.25172072138873,36)
(121.41224234042355,31.247216658008348,1)
(121.4347630799952,31.25670122415055,25)
(121.42605956687133,31.239738817625465,6)
(121.40584508213708,31.246733011197374,36)
(121.38554807797787,31.25946394296586,36)
(121.40085002539232,31.290369682901737,4)
(121.45482828265759,31.264100111863755,5)
(121.41883740230853,31.253847011186508,36)
(121.41498228716048,31.235108405675643,32)
(121.40715591045674,31.23313490465139,6)
(121.43787797346612,31.2541480383784,46)
(121.4105594136813,31.243300235331468,37)
(121.45793894143775,31.25082786752267,25)
(121.41368601511537,31.237474902909877,11)
(121.37406084399228,31.27349558677652,3)
(121.42966637295677,31.24639599481811,32)
(121.43713549990474,31.234436464430757,21)
(121.44626449779905,31.24484583094057,8)
(121.45216907899905,31.247107022941897,23)
(121.42300875533276,31.265320590489395,4)
(121.37608639118581,31.292167706689558,36)
(121.40932384643693,31.24389904161055,16)
(121.3649711201468,31.313277041715374,20)
(121.41350477919617,31.239362422030034,36)
(121.34112226856796,31.286433038446134,62)
(121.38942741489329,31.25606858329611,33)
(121.40857118287546,31.2357386321832,32)
(121.42348487237295,31.26462269074287,5)
(121.43159901527736,31.266225615436827,5)
(121.43979822371813,31.259970854762543,3)
(121.37402974952991,31.272938314309016,27)
(121.44026938797118,31.259877123742054,3)
(121.43003664002046,31.246682437876707,1)
(121.36723165061154,31.309081124912964,14)
(121.36473598728324,31.312146416759827,36)
(121.45899654062438,31.25964317267356,10)
(121.43797045452487,31.248795753471185,13)
(121.46040480822302,31.254938246117398,36)
(121.42807862824976,31.23112307695137,23)
(121.4038670635583,31.22574627954727,21)
(121.43808431682275,31.241042234622743,19)
(121.42967296449166,31.24923934879141,22)
(121.40942127846074,31.228034433152352,2)
(121.39633673773254,31.22345075837131,36)
(121.39336563389752,31.235766109390976,15)
(121.37128748682099,31.313612345554247,36)
(121.35956922173675,31.278071534410362,37)
(121.40784491013723,31.233459038824115,8)
(121.45818840138494,31.256782061552883,2)
(121.38509130149,31.231607453714368,3)
(121.37164125303849,31.309122695654487,52)
(121.3918904419492,31.302800524726287,36)
(121.3912657662671,31.231570895659626,11)
(121.39018604784509,31.282476976290557,62)
(121.44273937114184,31.243554533114573,27)
(121.37845725800744,31.27659558241663,25)
(121.44176117429458,31.242418180217587,22)
(121.3505043563252,31.28205751193834,4)
(121.4056457182724,31.242674186282233,26)
(121.39413952433522,31.27466352248137,36)
(121.44514583191553,31.278872465914745,5)
(121.42520176917861,31.23950076276522,36)
(121.42292957059526,31.263145577799058,2)
(121.4024916826405,31.279423268822285,8)
(121.43485736863518,31.284548844160383,25)
(121.45165486556625,31.28004019526125,4)
(121.36432243018612,31.309450774905766,36)
(121.45215481593421,31.246817982256047,4)
(121.44716588651303,31.2540297713763,29)
(121.42651907418777,31.262507455650525,37)
(121.40203087326586,31.261846211418696,28)
(121.4562357991671,31.26834307065642,7)
(121.40331488243517,31.244867304776918,20)
(121.45420244832643,31.252599467800692,20)
(121.40985587728971,31.25966352147838,19)
(121.40032271159392,31.27721316972578,17)
(121.36538702165214,31.276932027725888,15)
(121.43355828507825,31.238920791784608,20)
(121.40703232535692,31.274032263592467,20)
(121.44090401493786,31.280061700688105,20)
(121.41459674540971,31.2728530644945,3)
(121.44213239500117,31.241361131118236,3)
(121.39319502162142,31.231796240194157,1)
(121.34892985996592,31.30303561559296,36)
(121.42282960172558,31.262517379118215,20)
(121.38548314661824,31.27672584651577,613)
(121.45271057896721,31.259090281279043,17)
(121.4277511885931,31.235430894015774,36)
(121.39368642720083,31.274263148057827,36)
(121.40409927104685,31.26216060260258,37)
(121.4464078118288,31.26224430692499,19)
(121.37735927959336,31.25700878407553,1)
(121.44149187703111,31.24319887240761,18)
(121.43682636223643,31.239047737636923,31)
(121.3742890423977,31.27190120502249,7)
(121.35236935185993,31.297070164571867,37)
(121.44180730402965,31.24488521443887,37)
(121.36934995920892,31.232872522504557,15)
(121.36385490503427,31.23793977401987,27)
(121.43320280255885,31.273487273752465,21)
(121.38551215156512,31.283061538137044,36)
(121.38268291307682,31.247265941124258,18)
(121.45501791351609,31.2693550290846,1)
(121.38026450208523,31.274807074135687,11)
(121.42458314694734,31.26401471029362,16)
(121.42173832492557,31.248991224061218,22)
(121.42938948954068,31.281206240494978,9)
(121.38720622973212,31.2705053934537,47)
(121.43292612068555,31.249763383172905,5)
(121.39554635196014,31.262083929395327,36)
(121.40390042423357,31.23198794855682,1)
(121.40771597280389,31.251599424573847,38)
(121.44782236923159,31.24534841883969,1)
(121.45189590035434,31.252362938768783,28)
(121.40556464978107,31.27632673310805,5)
(121.43661588464097,31.253750228498856,4)
(121.39421585306084,31.24346005882216,17)
(121.38561458240657,31.229991837770502,36)
(121.44026985625952,31.25378347053991,15)
(121.36579970311442,31.276415429181963,8)
(121.43898370447512,31.26084740480005,9)
(121.43862263806923,31.239241140625666,12)
(121.42735179620252,31.28104750488238,16)
(121.42378855282935,31.237273524121797,1)
(121.44636251816856,31.244837948150096,10)
(121.39904112247596,31.287189849599976,36)
(121.45663930607662,31.252444908973278,36)
(121.41297199108593,31.24580885091205,6)
(121.44008763367712,31.25901801946277,13)
(121.42724735263299,31.228799776122383,3)
(121.43579781491343,31.234285237044258,21)
(121.44972082676249,31.258562730706426,59)
(121.43894281768907,31.276970030540422,32)
(121.44208873049786,31.244282509956232,5)
(121.39056532254439,31.255732242111176,3)
(121.42456696495252,31.250292755349474,22)
(121.43595999926916,31.265155355243838,6)
(121.36521153973277,31.2749529416128,6)
(121.440518965029,31.254849069749476,28)
(121.45517609884978,31.252950632272313,7)
(121.42134434637497,31.284529205805846,1)
(121.40658337459952,31.25228905864611,37)
(121.42872452686251,31.261449143746486,22)
(121.40912359718247,31.24409189967712,36)
(121.38473977971978,31.277178728250714,33)
(121.38983692881395,31.24998030750161,2)
(121.38776952210651,31.251215194651106,2)
(121.43213083772424,31.24271726620965,34)
(121.43717905942485,31.265010687079613,7)
(121.40671848027074,31.262538951545583,1)
(121.3828879029753,31.29043439781239,36)
(121.425282501933,31.241470247949813,25)
(121.3488216548728,31.280668919053383,36)
(121.41836038313365,31.23653634413298,37)
(121.40657227212223,31.244883170776966,8)
(121.411077348199,31.24383038612319,68)
(121.45198178334022,31.276313019166995,10)
(121.39198727152072,31.242987322118704,41)
(121.44008834826768,31.267232543080933,6)
(121.41707506413799,31.228812289327646,23)
(121.42247840282538,31.260200559064423,6)
(121.43132815037728,31.262545368147244,2)
(121.38392315307404,31.280061168790777,9)
(121.37467839279275,31.257853691616663,22)
(121.43281318024675,31.26011503856037,36)
