(121.35378739069698,31.28092141028069,22)
(121.33709385807661,31.29400444894971,24)
(121.43806045343291,31.240160567727475,13)
(121.42599029042928,31.247219228563665,1)
(121.38670000083698,31.276023161369647,36)
(121.43958775924622,31.261881481538467,37)
(121.404227049681,31.247965417454097,36)
(121.38541283131745,31.28106442510096,25)
(121.45178123630492,31.28026402963077,31)
(121.3690585437679,31.31429011781563,72)
(121.37042205615639,31.27226411944039,36)
(121.3679356765141,31.314393564613233,22)
(121.41301429732506,31.23801533642786,21)
(121.40219917252061,31.265026509355174,5)
(121.41440291596098,31.239518604666582,7)
(121.44290243846771,31.258484490823665,36)
(121.3540923190839,31.28567002404012,22)
(121.40742027809212,31.2947302509587,20)
(121.37180965196481,31.310682511911825,6)
(121.42390274404775,31.24065996981833,2)
(121.46000077364285,31.253615570193745,37)
(121.40881941334995,31.228709800581775,36)
(121.42287555415398,31.26242430654223,5)
(121.37756759290978,31.274357748591562,30)
(121.39392820236908,31.295438851894872,24)
(121.38494654915864,31.28351452088911,2)
(121.42952706901362,31.232767417016436,3)
(121.40810314735984,31.247843510680998,37)
(121.3912550261651,31.292042880877222,36)
(121.43669190296039,31.258592134110142,4)
(121.38648975797507,31.26799694107754,7)
(121.37852647083109,31.277359691653526,25)
(121.43880198304724,31.262330631837646,7)
(121.43162625794514,31.276948508397176,5)
(121.45297146360114,31.279515222785296,19)
(121.44014070621033,31.260922764748894,26)
(121.42983455479549,31.26558162736389,11)
(121.36609102695434,31.28580371534078,4)
(121.38472479347266,31.257789154706295,6)
(121.41763820796355,31.261123846619938,3)
(121.44444349818755,31.258986216650577,34)
(121.44434822971131,31.25374508962951,37)
(121.44131854445834,31.2685536928722,9)
(121.42934597965076,31.252171311823577,16)
(121.4038958224743,31.244715023154228,36)
(121.44488387486948,31.250376721028267,1)
(121.35917801708823,31.248015869075143,17)
(121.38941243195279,31.25641072141094,30)
(121.38901718931352,31.269005836353344,7)
(121.4019693586305,31.260543301623315,19)
(121.40001486137433,31.24571251859246,36)
(121.40662322152647,31.248112651433807,36)
(121.39612151700472,31.2383937358239,15)
(121.42187947854606,31.284212318042687,1)
(121.37223684444866,31.313197777916034,22)
(121.44393936669866,31.24611638670939,36)
(121.40602111467011,31.25848918356044,32)
(121.41280972683154,31.253636353437564,36)
(121.43721598218957,31.253335582452483,37)
(121.45063304718755,31.255250624837217,3)
(121.41107734854796,31.243834387914713,10)
(121.37408279566469,31.272565224745183,3)
(121.43739418459488,31.254659508511793,1)
(121.46082249986807,31.252806372444535,18)
(121.43075663205549,31.23497623621577,14)
(121.397442911621,31.246792082638553,23)
(121.43004724932223,31.265093200423802,16)
(121.39998778828085,31.246947831371294,29)
(121.44709217643738,31.248350046385365,34)
(121.39271578475237,31.226502070763377,20)
(121.4240786211806,31.241105036574336,45)
(121.4181593334773,31.23986309581762,22)
(121.4156646162872,31.28365368767235,2)
(121.37937465089827,31.284761040801758,66)
(121.4247794748779,31.24700312934946,24)
(121.42310432786174,31.262101003916424,37)
(121.44091780308123,31.254966023269454,3)
(121.42290648954736,31.26198909744205,58)
(121.45978215159545,31.26421314326799,36)
(121.38289729644127,31.248865859427326,19)
(121.4120282009255,31.290733111216614,9)
(121.43596786287259,31.283267177304925,7)
(121.45178166464143,31.24660261152013,13)
(121.38695243651475,31.247586929952234,4)
(121.38163962126721,31.280885283971827,20)
(121.43616407819458,31.238901068320562,35)
(121.37699610402319,31.297329827985017,36)
(121.43942675527826,31.28161551251819,11)
(121.43937863116793,31.245757903741076,1)
(121.39122737853437,31.268731297371883,11)
(121.41472332521347,31.245733286778968,3)
(121.41141748252885,31.269217376516558,36)
(121.40893495077634,31.246271956341864,36)
(121.43591207361823,31.242211360827245,9)
(121.43165328106913,31.278769432769025,22)
(121.41861212175412,31.243968826923084,2)
(121.45480779763498,31.251055565030548,45)
(121.40992159362592,31.240267472751107,1)
(121.39723051972135,31.26639652849161,36)
(121.44795547070707,31.25525243725818,6)
(121.45441636836608,31.26916517871394,18)
(121.39853974629861,31.26041921735533,35)
(121.37533476552542,31.251217597580954,12)
(121.39216704735871,31.23858967238542,20)
(121.43174790750706,31.24038653064781,31)
(121.4538077591353,31.25671706583267,36)
(121.4525013739923,31.278605149259594,25)
(121.40274124370848,31.25926926011495,12)
(121.40540300253917,31.25756974871515,14)
(121.33949475760232,31.299633220551442,31)
(121.39396981637952,31.25630259846672,13)
(121.44951245540433,31.242591113843133,33)
(121.41521290364959,31.270333019648803,13)
(121.3680428931254,31.232991491104887,23)
(121.4408517053332,31.240994921473,47)
(121.36508850370565,31.277053630035784,13)
(121.43482370571338,31.253443725427047,36)
(121.38587711956097,31.26759371192179,29)
(121.35564216180614,31.284203361346513,10)
(121.45558861421232,31.270632389510247,28)
(121.42698944815292,31.23815428761579,23)
(121.44505905174015,31.25528348359191,22)
(121.35609506853983,31.307267243354865,30)
(121.46064549699906,31.269177230785065,4)
(121.41316231577653,31.245499569777984,47)
(121.35751590752092,31.295844192694293,5)
(121.34109219920641,31.28640797171619,30)
(121.38209966884537,31.298176693925875,36)
(121.3797011898362,31.25295965000143,27)
(121.36914844987139,31.287853716839688,10)
(121.44630893354206,31.26129606937887,16)
(121.38159440449047,31.290500139945554,33)
(121.42601642738681,31.272015929476883,2)
(121.43522612802468,31.24227326290731,8)
(121.37806421761417,31.293537557336613,37)
(121.39873946734761,31.23518335180126,3)
(121.43598647058042,31.236611733960856,11)
(121.38307815449474,31.28362831987944,31)
(121.42956507410125,31.256293896333887,1)
(121.39449994364588,31.230996555090762,6)
(121.43008274934893,31.234296470047052,36)
(121.40777489152147,31.244668109476912,36)
(121.43906965729686,31.284926376784465,2)
(121.45184781768812,31.248447068469876,19)
(121.3468643979654,31.280251186192835,36)
(121.33657415038931,31.299448605053385,9)
(121.43706617608292,31.24131544100733,47)
(121.3370791937785,31.29829011224064,23)
(121.42167085669726,31.254469679925947,36)
(121.3981486780864,31.237089517430316,3)
(121.4485379681954,31.261714393022817,36)
(121.42754744373975,31.272261882575133,5)
(121.38393793808078,31.22873137840796,21)
(121.36974384764301,31.28181132092924,13)
(121.4293292423791,31.24348547237782,37)
(121.3836895074586,31.22959891063111,17)
(121.39527959118192,31.301940112429428,36)
(121.45949911257664,31.25369471874092,4)
(121.42519956864126,31.239502362308116,36)
(121.42759173951004,31.237592485485482,16)
(121.41526820133863,31.255069214796674,2)
(121.42487787399732,31.264125523780493,17)
(121.39271721280154,31.247489999729396,32)
(121.38968341302302,31.276527477346043,36)
(121.41255740380645,31.243292931672713,7)
(121.40469998773376,31.24662587527797,26)
(121.45391312117232,31.252294918556593,23)
(121.41706746332699,31.253305441562617,34)
(121.40752962742943,31.230030474352873,37)
(121.37472698825367,31.24234158749964,2)
(121.41701327062918,31.238670389200657,1)
(121.43753559147001,31.25480079192763,36)
(121.4359818573267,31.234290272870773,7)
(121.36497772215087,31.30930415152585,27)
(121.44595164503562,31.261035570355336,30)
(121.38606165374304,31.283083322172725,4)
(121.34833141473725,31.30247318028217,13)
(121.3918916242126,31.280128697432254,36)
(121.423089333683,31.26201797900725,36)
(121.42766747840156,31.23556449362085,3)
(121.40725734564037,31.261086327717198,36)
(121.43500485592497,31.235325396457217,12)
(121.36721834863008,31.309033923362087,36)
(121.39920720298437,31.261375747495624,26)
(121.45838141489,31.266412139339845,6)
(121.42224004340358,31.227501153863344,11)
(121.41799824351021,31.286858430319604,5)
(121.4424533179515,31.28328940532574,1)
(121.44960656393847,31.2692325592783,3)
(121.43383544178826,31.279673094125545,13)
(121.42683352575531,31.26005212061829,36)
(121.44163228593283,31.240977730129185,10)
(121.43861233571988,31.239101438918567,36)
(121.41402997489057,31.249964391366,36)
(121.42292797736977,31.244870575425928,17)
(121.40912519757664,31.24408920001443,36)
(121.39655925045598,31.23270334381121,6)
(121.38380515397229,31.235575757021014,2)
(121.37127288444813,31.31350144380366,22)
(121.45927369650775,31.253564159234216,6)
(121.41091891458763,31.26137412019973,34)
(121.40990150967261,31.27623582871757,45)
(121.42521578995095,31.26694045166164,36)
(121.38219721747333,31.28020056227023,24)
(121.38635112641954,31.283277884519702,28)
(121.4016955952039,31.229984706151807,26)
(121.4231387888756,31.282616583347075,1)
(121.42700800787955,31.229627852476984,3)
(121.39195803911616,31.279081612045754,7)
(121.44035411427957,31.236640592171412,5)
(121.37901459342473,31.232717092275603,2)
(121.38936639459571,31.256431696884423,1)
(121.42690554036122,31.23817537214322,10)
(121.34324124751755,31.289497245123503,10)
(121.44853900054679,31.24733801677346,18)
(121.38468672687833,31.27721669597241,11)
(121.39863064119089,31.30532316283941,1)
(121.4206341673879,31.23683215019027,39)
(121.43798010058212,31.278947743102968,28)
(121.39234554818398,31.277302578361095,8)
(121.37808674719864,31.27628856956076,17)
(121.38954634219796,31.231096488164418,15)
(121.41191012282103,31.255109210368538,15)
(121.37423399506991,31.27277165171742,28)
(121.42984986263524,31.26932520168904,16)
(121.42987659991594,31.233556129709903,18)
(121.39015324070533,31.282251870736342,5)
(121.41102037636648,31.24400447416822,2)
(121.45185660160266,31.247876032491707,9)
(121.43759210498105,31.240171941874216,3)
(121.38931231315979,31.25602648070245,30)
(121.39964213892779,31.2618674797519,11)
(121.40911789578081,31.244097798482827,20)
(121.43301648461997,31.232436475278647,1)
(121.4421516177313,31.25581550840162,9)
(121.44647628244286,31.25779026359924,3)
(121.45257246531804,31.279520227090295,49)
(121.43721703009496,31.26537679234918,22)
(121.43775494819042,31.272453512516748,21)
(121.34861984006646,31.29113862376057,20)
(121.36447474816619,31.246338492104012,1)
(121.37878886039191,31.266964438211957,37)
(121.46099006741727,31.253039096159544,6)
(121.40208960730614,31.281242214555615,1)
(121.41189800286286,31.25529528656809,9)
(121.38566518227678,31.289383751305234,19)
(121.39287814996803,31.236289171607822,24)
(121.44030067111328,31.252283766691235,6)
(121.38478498509674,31.26750270927288,31)
(121.45394305212226,31.252330874028566,27)
(121.36852616251443,31.251168315216756,36)
(121.36496032795694,31.2787671176664,13)
(121.43960018349796,31.25555522415492,13)
(121.44913298720891,31.259069898954255,1)
(121.37085088306165,31.273190264713392,6)
(121.38551105632781,31.25355689949724,23)
(121.3888940824299,31.26900974595087,4)
(121.43256706370288,31.250445570266983,16)
(121.40553568177259,31.288164578956593,2)
(121.3973888833952,31.24676004617707,37)
(121.38584453332716,31.238247807472728,14)
(121.42028896179784,31.25461361326241,21)
(121.39807615213822,31.24625409450018,14)
(121.42169500982075,31.26235019176256,56)
(121.39301390747086,31.227847771414126,21)
(121.34695034132275,31.291642457092433,1)
(121.42404765474268,31.241162085916432,3)
(121.39570410627269,31.291220930180067,44)
(121.43077812761032,31.2513324638364,14)
(121.36484273867589,31.250184754542907,36)
(121.41309768661411,31.231331264369256,3)
(121.41833860122264,31.27566159500076,4)
(121.401135198377,31.23407157688171,7)
(121.4390694115533,31.28210422472158,18)
(121.38741197299849,31.260223837919725,18)
(121.39583076946079,31.231615509016567,1)
(121.41214881626178,31.2500690433428,1)
(121.4367437493003,31.253458266905568,5)
(121.37409883381959,31.272731314554505,36)
(121.38176066640614,31.26826313942124,19)
(121.38845650249495,31.22923070087573,3)
(121.3729887339041,31.256192830483176,36)
(121.39038868435196,31.250028616911564,5)
(121.43446068496647,31.244863124284468,28)
(121.41515346795646,31.272424690569704,36)
(121.45104416788277,31.26951749790701,12)
(121.3876894117556,31.296720140814777,36)
(121.45501854439543,31.276631077919603,4)
(121.44731022078918,31.272125162343762,25)
(121.39678491457407,31.227532062723004,36)
(121.38470163352343,31.275963188955654,3)
(121.40379574539745,31.29100153869791,7)
(121.37829936141368,31.25710465249123,36)
(121.4085174482197,31.246210869920354,10)
(121.43701811902011,31.262725924180238,1)
(121.43552334739493,31.238496182943006,13)
(121.44334348204781,31.25507149023754,1)
(121.4216084884804,31.2625525733349,36)
(121.44283538399988,31.244912621643046,2)
(121.41367552135569,31.23149027253133,37)
(121.42785172991087,31.25228380675195,22)
(121.41627243636705,31.22618752428666,15)
(121.42273751100241,31.283481229086366,1)
(121.39233170057963,31.290631003249857,36)
(121.40403697335593,31.24738013352286,1)
(121.42451750331928,31.25472279271681,36)
(121.36443184537683,31.309618687165543,27)
(121.45378536191323,31.27453671271868,3)
(121.40232870642755,31.25934409356587,7)
(121.43288956170588,31.2657043496005,16)
(121.37750552804812,31.271229790556553,20)
(121.37148228064157,31.243210115286505,6)
(121.40659980860082,31.26630455995217,36)
(121.36481109767513,31.312815124011838,19)
(121.4348438758712,31.25518658033179,36)
(121.39552430809019,31.229419651062475,1)
(121.39296179383786,31.252220235740655,14)
(121.40988068080604,31.244930060084343,11)
(121.43168424291952,31.243263894947802,36)
(121.39197845011377,31.22945011600503,13)
(121.43588296610153,31.25193672327685,3)
(121.42931754144705,31.281135662973075,12)
(121.41005642682725,31.242951895657697,26)
(121.39021387212532,31.253810158552938,33)
(121.4032798956103,31.238295541427455,33)
(121.4246651523605,31.24204900509126,12)
(121.4434219216225,31.240978921466954,12)
(121.41472319811,31.2442756358341,36)
(121.3931949288009,31.29782937798643,21)
(121.3859220179037,31.254417072417144,10)
(121.3747800376157,31.286592875881457,13)
(121.36903614161254,31.251368280704824,14)
(121.38518673745534,31.225330305024414,36)
(121.44736362713321,31.254047705615704,26)
(121.38130353400777,31.284495417689577,23)
(121.43258094881652,31.273294298076056,2)
(121.41439910077118,31.235727616030882,34)
(121.45571609808685,31.24531213165262,34)
(121.42510195508255,31.267551803987725,28)
(121.40455698084763,31.27714859333158,29)
(121.36386176658738,31.309255422553388,22)
(121.43720114234947,31.266370237261672,18)
(121.42802859204818,31.26445592021488,36)
(121.37952466851792,31.234118839345545,33)
(121.39170936422563,31.246084748421627,23)
(121.43823815316973,31.248951649469205,279)
(121.41235071387604,31.228930347531005,3)
(121.38876466900481,31.277045014527896,6)
(121.3920970988859,31.228273911178142,3)
(121.39261814448237,31.247500944808554,12)
(121.44865229478019,31.24204944714665,23)
(121.42508506266734,31.245674292147246,25)
(121.39653976046088,31.22719079638122,35)
(121.45073347438158,31.274276567192942,2)
(121.38237189568606,31.27417323635123,27)
(121.34312469974374,31.286137672228627,5)
(121.3943433157688,31.247861089856674,6)
(121.43808089473238,31.24217184520183,4)
(121.3835632082056,31.26226334216742,5)
(121.4113718727269,31.227974229051526,4)
(121.36401648061243,31.241216501003677,17)
(121.38682527868157,31.28163837372315,33)
(121.41788105858724,31.249582690999258,14)
(121.41611422622783,31.23864626975244,14)
(121.34983166569866,31.290575757942197,36)
(121.38281296599045,31.246167579346718,4)
(121.46165297753987,31.253683553014962,1)
(121.4583121527194,31.25287496058214,12)
(121.41414229186445,31.23116888399246,7)
(121.40761718121868,31.270816467622613,33)
(121.39392521793897,31.26123771165692,36)
(121.38879545627816,31.274292892289015,3)
(121.40706351903869,31.228621830134323,3)
(121.3667920446381,31.237368917005252,5)
(121.46245228269264,31.267010793077848,7)
(121.38008197390593,31.283781849101,2)
(121.40218409378353,31.264164137556435,36)
(121.37756431337854,31.2755697763844,318)
(121.42328018626058,31.262244938402837,36)
(121.42570186195653,31.238937758039445,13)
(121.42414655540331,31.241071969642157,1)
(121.38738686116885,31.23622617857286,37)
(121.4212993330695,31.255724253144407,2)
(121.40047435318391,31.26108139161267,24)
(121.3894124096334,31.25615460983055,44)
(121.42024659207813,31.23678528084173,1)
(121.4240326635913,31.24110507167775,37)
(121.37709306604252,31.272367790885575,6)
(121.35515258119757,31.288929437929003,7)
(121.41344346440553,31.261275666961165,28)
(121.40889814172554,31.246524548220236,20)
(121.42247460190391,31.260377157932755,36)
(121.41990048177459,31.23499806935506,5)
(121.39198604431796,31.287131200359912,89)
(121.44845663503851,31.26407647035968,2)
(121.42367642874159,31.269071557735202,4)
(121.43845660515188,31.262251866227857,6)
(121.46013104417999,31.2607403788749,36)
(121.38623820490783,31.27028389205493,34)
(121.4110762976137,31.23177992328381,8)
(121.44928716000483,31.279458421665183,5)
(121.40449110258575,31.294033835674394,5)
(121.37971467483192,31.236193511087176,17)
(121.45536185461908,31.27843711884827,25)
(121.38121506703368,31.234348651394736,37)
(121.4485539709635,31.259947399060295,18)
(121.38594714198862,31.28324121369692,4)
(121.39835950688042,31.22888894370509,5)
(121.38484115247623,31.2917117364004,14)
(121.41864240490452,31.23596920047074,37)
(121.40946750965097,31.230762686230058,36)
(121.46319743010947,31.2579641759039,1)
(121.3496554683028,31.281050578587738,24)
(121.38929731462147,31.2561905411814,12)
(121.41251245902649,31.249499606237343,34)
(121.43824925750272,31.258264734187613,33)
(121.44183066570294,31.249534245437086,36)
(121.38320465151126,31.271951116435364,15)
(121.415091720467,31.2646947388286,2)
(121.43335957555288,31.239016069869507,36)
(121.43856830791121,31.269355829415538,5)
(121.35623110070648,31.292935878470757,6)
(121.45719257009488,31.24752500666142,3)
(121.43650012829772,31.253380554407425,27)
(121.42414655357281,31.24105096018152,36)
(121.43183046672732,31.24337420492818,36)
(121.40737246352451,31.262478925519552,32)
(121.42037576041866,31.2649980433125,12)
(121.34886075462074,31.303114211118142,12)
(121.37896035734263,31.254170008878393,138)
(121.35818766346117,31.289319710264937,7)
(121.36801181405447,31.314497712666032,3)
(121.39097692749694,31.247471885270635,4)
(121.4412910199554,31.265208885318263,36)
(121.37713922021555,31.245971442042038,36)
(121.4239028026249,31.241332272599827,21)
(121.39960273557918,31.245934489273896,11)
(121.40490028656835,31.247460853701323,50)
(121.42505996796643,31.278682501425763,22)
(121.43813880236776,31.268607907720128,22)
(121.4413125376869,31.243342338891594,22)
(121.45719331614609,31.256141798148352,13)
(121.40525865324915,31.224265240336205,1)
(121.41888719798304,31.24685597116765,35)
(121.38022497380275,31.270234382031187,37)
(121.4109863400621,31.243500254369916,29)
(121.40903377508758,31.244926779434543,19)
(121.43168399376272,31.24040160812744,2)
(121.40927397166395,31.22428070632943,27)
(121.38975736040342,31.240194784292356,8)
(121.43454560477042,31.245046040650703,36)
(121.38850650495945,31.283072599831744,31)
(121.41951027006878,31.270582119412445,2)
(121.39577747747883,31.22859809440187,37)
(121.39969852115506,31.231875303051932,5)
(121.3865402675838,31.27408113725943,10)
(121.37384797673114,31.251280489945525,8)
(121.40974170692868,31.23350291178553,36)
(121.35535764374241,31.29649150437473,68)
(121.34489258411872,31.299344502260926,19)
(121.44054337329747,31.242329982570958,2)
(121.43856480615847,31.265349928408778,36)
(121.40235769898406,31.247717002872946,1)
(121.40719084400735,31.261033297494322,35)
(121.44421531827477,31.263246428229934,6)
(121.41134231906452,31.24421450905376,37)
(121.44977702886095,31.255939531704563,12)
(121.41909456464319,31.230137809615762,36)
(121.38068111193498,31.24233371250225,2)
(121.39454349580157,31.259991508536846,2)
(121.38493013144102,31.26742980894241,28)
(121.4360378763354,31.268463219761795,36)
(121.39749070212159,31.251897628090724,21)
(121.43747707884314,31.24030831952265,33)
(121.3876557205434,31.254706636375417,37)
(121.42250771037078,31.26402085776757,8)
(121.38621600141295,31.263326502624224,37)
(121.43685543650729,31.237562204713925,36)
(121.43499201147274,31.26209679631607,36)
(121.39040638304428,31.28084277058248,6)
(121.4443583798159,31.244209849656293,2)
(121.34099298956188,31.2865488420238,36)
(121.40813405411173,31.247888587295314,36)
(121.40911819585412,31.24409809854442,21)
(121.41763745000205,31.25243406476778,36)
(121.42875783393853,31.254125764473972,21)
(121.38387912455197,31.237554350924057,10)
(121.4367756566222,31.275915824512317,15)
(121.43598316601367,31.267479315054842,26)
(121.37253101977528,31.256015158996345,10)
(121.45762679716034,31.251425803281403,5)
(121.42842188664478,31.23860116144393,33)
(121.34993807445483,31.281111110715425,36)
(121.40722340968131,31.250347643436864,7)
(121.43984873909582,31.259893966013443,1)
(121.36424850322524,31.282828735098885,4)
(121.39918241096669,31.244008491032663,21)
(121.44444243340703,31.253623381179555,64)
(121.38035132218113,31.25801652345049,31)
(121.44630880701123,31.24484723871352,22)
(121.4379766089843,31.24035377060471,36)
(121.45148018262996,31.279052124495703,1)
(121.45481993587124,31.26402016497639,10)
(121.35328824093807,31.286460458602853,36)
(121.38625370602284,31.28325946742865,9)
(121.39380923825811,31.250849119320357,1)
(121.42453774785449,31.270404461265148,12)
(121.41747801788839,31.257891523677877,24)
(121.43067899932237,31.248409277031893,14)
(121.41628710440506,31.25153426722897,19)
(121.42802864158084,31.26502416305335,37)
(121.44074771644541,31.258576605511905,1)
(121.44223436113307,31.25463986606533,18)
(121.44128053058527,31.24303203351773,8)
(121.36420661401306,31.30979746077921,10)
(121.42533041752215,31.241046017683946,36)
(121.40530732339091,31.238392232995988,36)
(121.4477508057744,31.251778276662918,13)
(121.44861436379041,31.24189544677211,39)
(121.44094795704312,31.25735702029404,63)
(121.37621561886228,31.281199421677993,23)
(121.43793327293591,31.270101823178848,3)
(121.41259525387262,31.231411646826956,4)
(121.36446013906959,31.25115560287372,36)
(121.41177963815112,31.24915061788268,25)
(121.33363748892997,31.29949302246956,36)
(121.38874753423416,31.252706607659825,6)
(121.3830873220764,31.246689076992592,34)
(121.37598797021064,31.300417844299936,18)
(121.41090124799446,31.230759485133074,16)
(121.43006243554629,31.255981251996563,2)
(121.41775186866549,31.257994438960374,24)
(121.3382032037667,31.30375437542664,19)
(121.41160413693517,31.24287785881013,3)
(121.44773780468935,31.25787856310332,26)
(121.4112321170266,31.279450568646766,3)
(121.45891441331788,31.273981696897316,16)
(121.41225414018663,31.26787863158258,5)
(121.40125536759926,31.292941815784083,3)
(121.44023297349253,31.277329569891585,7)
(121.43678952505365,31.2571506557125,3)
(121.40219856367719,31.25804850523759,16)
(121.43368710217761,31.238933644342307,8)
(121.36491821275867,31.31293043629468,11)
(121.45199127639019,31.278952066259468,27)
(121.42268467712016,31.28365248684696,5)
(121.3764314644612,31.298952800598375,36)
(121.43372971601451,31.255417960376036,37)
(121.41219755573576,31.25947310999545,1)
(121.4101545884421,31.24441579417529,36)
(121.42994252210312,31.279920755104882,6)
(121.43936263055592,31.260499873115194,2)
(121.44403915027179,31.245867112956667,23)
(121.43771816847422,31.253371917240838,33)
(121.37245974757323,31.23108090240422,7)
(121.39664553050044,31.304214637114175,1)
(121.39037646856089,31.28210026574994,39)
(121.38128178683156,31.299185261698987,9)
(121.40979740984872,31.25313070103,28)
(121.41072582298192,31.22545006003095,36)
(121.42864423823224,31.24559509011439,37)
(121.43227127543739,31.25267841750441,4)
(121.3721508405326,31.26940716219374,2)
(121.44372706468745,31.25619955767516,115)
(121.37249216698804,31.235343894777987,1)
(121.43928069786492,31.26660244680512,34)
(121.37005680266599,31.251896013892328,36)
(121.36489547532229,31.24605900485124,8)
(121.37123982903682,31.265460522504377,15)
(121.38688514385146,31.26794571225458,42)
(121.38928228721517,31.256023457325185,73)
(121.43839707042187,31.265152078711168,5)
(121.4308682397488,31.254647890695345,11)
(121.43325190200885,31.243337888264854,37)
(121.42801109653267,31.247085358684018,4)
(121.4239175221888,31.23827087908216,24)
(121.41226047117719,31.246051049174987,36)
(121.37536660556943,31.271877526772574,22)
(121.39724775409323,31.291912063901645,31)
(121.39745851828678,31.22653940232037,3)
(121.42522457563568,31.248074751444285,2)
(121.45597523397821,31.2543205742726,7)
(121.46167666855975,31.269956822627826,4)
(121.38269697380575,31.23627501447806,23)
(121.39829548904346,31.261085667831868,36)
(121.3892666698781,31.27637275174177,19)
(121.39149542644519,31.225661317278423,2)
(121.38618895645331,31.25064364351426,33)
(121.44860003516665,31.249258758130782,37)
(121.42323407578749,31.260514226436467,36)
(121.43469481007435,31.26391042198064,14)
(121.42707336175668,31.238204234951063,13)
(121.40584469093938,31.24224700572475,25)
(121.37250103576748,31.268250377986774,34)
(121.4440496531152,31.24439376950418,17)
(121.42393553810768,31.261568160175205,36)
(121.4101752747348,31.29813238004679,4)
(121.40105311005674,31.2562734650886,22)
(121.38914222546076,31.251252950072022,9)
(121.45891315599796,31.259460520530283,23)
(121.43625429043551,31.23933261961988,6)
(121.45509184845467,31.2471076160999,10)
(121.34347177990007,31.301350361679347,3)
(121.36048132909742,31.29279649376995,6)
(121.37473380977795,31.247107409852948,1)
(121.4549193096845,31.271125978921916,2)
(121.41080671191776,31.29699034404656,3)
(121.40867135089297,31.285115335117897,1)
(121.3697969827339,31.25216471003155,2)
(121.3893123519567,31.2564716746751,36)
(121.38925129289076,31.256393595779677,29)
(121.4239337821163,31.241422289653702,36)
(121.43363131878237,31.280072724717023,2)
(121.35535464583046,31.288599021973955,28)
(121.37208902989543,31.275504884422148,36)
(121.38307523831624,31.2803654897091,37)
(121.39648229239869,31.224793215219172,5)
(121.39545071355869,31.256364397996943,10)
(121.38964318347267,31.274280512517024,6)
(121.43942494534639,31.26081876127237,26)
(121.40213969940703,31.26033303640365,11)
(121.3716720865132,31.306651792535394,11)
(121.45001695262745,31.26121737287779,12)
(121.37936832748619,31.289288499206073,36)
(121.34135477711914,31.286307424879396,35)
(121.45664660721185,31.251924911020826,4)
(121.40733087855818,31.250356347470994,28)
(121.41008799553312,31.26040683048452,2)
(121.3779399233298,31.2575564420425,32)
(121.41297412217347,31.281685213761683,6)
(121.35423095593904,31.281562975784226,42)
(121.38245599321532,31.27417732104136,21)
(121.37240350369085,31.286878965764558,26)
(121.37127288442097,31.31361674354363,8)
(121.38328995558416,31.285832929396726,36)
(121.41752046822175,31.228940532836546,25)
(121.43806203698334,31.258366623408335,37)
(121.43928181860184,31.279478841681197,36)
(121.43848188085161,31.276077565896266,3)
(121.37074905439975,31.265512882821074,36)
(121.39007379826576,31.231296957334074,1)
(121.39379378246038,31.24573084143329,36)
(121.38661592001235,31.23063148796777,5)
(121.40242630297801,31.242999911908907,7)
(121.4194458645637,31.270180779404402,37)
(121.42948260917781,31.26108769846691,4)
(121.43363415377888,31.238656582044385,37)
(121.40473024570629,31.239883833681002,9)
(121.38629981433529,31.291482057970896,19)
(121.40986157869419,31.259694222603464,13)
(121.43336357346993,31.23905708370966,36)
(121.38867894434301,31.258111914911293,5)
(121.37075355713564,31.294255723059223,37)
(121.35024523351001,31.298561664047753,36)
(121.4019359457494,31.228734316438224,1)
(121.38306109893406,31.29043256459,36)
(121.40437363718209,31.260722289019668,36)
(121.41846591279358,31.229054122264408,36)
(121.44724620804865,31.27373564817017,6)
(121.43254566334187,31.249954905649325,29)
(121.44650737717654,31.25961900248847,18)
(121.4382685906212,31.268656748281767,1)
(121.36412360224541,31.310802448959063,18)
(121.41238096792912,31.231947728865208,36)
(121.39718449155214,31.266327479777054,37)
(121.44392457377123,31.24816432146067,25)
(121.41029614884536,31.27748882901374,1)
(121.36888072015381,31.240652982813636,17)
(121.3924573555864,31.238476588128403,18)
(121.39968644139799,31.242212850796466,23)
(121.41273957766039,31.228738163716923,6)
(121.44317465107146,31.278574914883507,9)
(121.43375266902731,31.23182762815394,8)
(121.43735937914506,31.237597366205158,4)
(121.46025955472207,31.247529305707477,36)
(121.42285471723375,31.263226562548585,34)
(121.40814895787811,31.24238650099691,30)
(121.45327690162841,31.245719682130805,29)
(121.43182808858369,31.26662394518927,2)
(121.45142339827024,31.245528824175587,2)
(121.43048704622937,31.234680302710068,21)
(121.43170432604003,31.278915236651308,4)
(121.40575928371672,31.283465685725716,1)
(121.37074963081415,31.24909174869714,31)
(121.40569194260087,31.24521832770869,8)
(121.37192772012475,31.263303516671304,18)
(121.44643953415272,31.244823661671877,2)
(121.4306755941639,31.257077247294582,25)
(121.43975243658751,31.261497580074764,4)
(121.42404892267857,31.255710534927168,19)
(121.36433933254398,31.309424776915137,1)
(121.44068120268213,31.263035684680265,36)
(121.44246628943812,31.24193905431687,12)
(121.41487652195573,31.248738569595368,36)
(121.3894820290509,31.274068307094886,37)
(121.41168194935821,31.238478273928312,34)
(121.36315857288366,31.30236925891402,37)
(121.42863072841784,31.27395636319252,1)
(121.40688204133089,31.246053739288424,7)
(121.46074510991954,31.261284982750876,3)
(121.38271069385344,31.290352192371017,19)
(121.45517815696644,31.27669577625509,36)
(121.42567299333936,31.263036406351816,36)
(121.39555228651932,31.273749870261806,2)
(121.36429312610667,31.309475171471334,3)
(121.42079179754538,31.234552334774744,4)
(121.35723987604798,31.290233498064094,8)
(121.42746333024347,31.254202007728875,32)
(121.38506206773977,31.22947926985716,14)
(121.38521177968751,31.260013884401022,16)
(121.45821326808998,31.25124745906904,1)
(121.43295672952142,31.234290393002894,2)
(121.39281782351961,31.265176763393804,2)
(121.44652258128832,31.262326143577944,27)
(121.40704817535094,31.30488122313447,24)
(121.38757398847376,31.257843054303518,33)
(121.43097559982967,31.248189863389364,5)
(121.43724595541276,31.25358365089689,23)
(121.41150933852884,31.29072921838355,9)
(121.33743987717158,31.29883708144967,7)
(121.41638874896557,31.23658953758476,8)
(121.40605965818938,31.230303584698884,35)
(121.40913329956909,31.244079901713537,35)
(121.36902285292868,31.249402503643353,32)
(121.39934443394452,31.27832914017188,36)
(121.38384553719196,31.247700855803796,45)
(121.445333609727,31.246204116673066,26)
(121.3632537838556,31.309100454284025,19)
(121.46261060237252,31.252678230193414,1)
(121.41619204127221,31.296064923039943,36)
(121.360950935404,31.242580314056667,11)
(121.40980186417725,31.235678656580237,7)
(121.40633299193696,31.245519490808668,6)
(121.37217211486279,31.26348291582414,26)
(121.40622060822035,31.228225161344252,38)
(121.41299635335967,31.246292902500844,16)
(121.38364961087979,31.285322663804813,5)
(121.40677074180415,31.245107242206682,74)
(121.38936635544988,31.25598250114972,16)
(121.4574984747434,31.273863616998373,1)
(121.44296442410142,31.26253453882846,12)
(121.40208825312456,31.231840779351298,3)
(121.37598797840307,31.300511880998044,36)
(121.43349027397583,31.249156453742756,36)
(121.39818929845181,31.23589047164244,28)
(121.41229928091775,31.259502931189292,23)
(121.39090501177874,31.2372342011896,186)
(121.45119829935791,31.27472431329691,2)
(121.43342935543829,31.249098500123587,37)
(121.38158033634096,31.278421208401458,23)
(121.37837012045091,31.276265879836174,18)
(121.39163905986345,31.23170219901726,19)
(121.39229728295841,31.24021948952518,28)
(121.42067789373823,31.23468246404942,37)
(121.42007980912481,31.240659396038083,123)
(121.37792535202793,31.262713652171648,6)
(121.40665480455314,31.266255540069224,30)
(121.38294190269248,31.232249414906217,9)
(121.46029012859586,31.255089569175176,36)
(121.37076666552474,31.272230748492188,20)
(121.39193203388906,31.274756016205572,37)
(121.4314784866006,31.265868091950924,19)
(121.36477389244921,31.312767319771798,36)
(121.38037154343702,31.286183132852774,11)
(121.42614344201239,31.239299547391834,36)
(121.41285681880258,31.24626387338388,24)
(121.42266065683539,31.238573932465645,3)
(121.36881411641983,31.314032677544002,36)
(121.4326788674107,31.244681571886026,96)
(121.45975179858313,31.26931788793285,2)
(121.45417149810959,31.252309402975868,37)
(121.43868847488821,31.23929378470079,14)
(121.41984645793423,31.23429177809448,4)
(121.42123981142768,31.25008002847227,29)
(121.37709302285148,31.27187158254118,17)
(121.43095645794253,31.235074344797383,37)
(121.45320757429495,31.24956912911309,1)
(121.36249128012518,31.28262293478516,18)
(121.45561194296451,31.247038695894336,8)
(121.4594326138963,31.258239237342387,2)
(121.40530436238912,31.26177355899524,36)
(121.4167306787047,31.26075009663311,30)
(121.38423441867636,31.256251368129305,10)
(121.38301544866412,31.246874985999987,7)
(121.43041655133422,31.237946162201542,20)
(121.36409319828921,31.309899947526034,11)
(121.39053545705944,31.26902993415406,10)
(121.39238971448903,31.255899501435586,33)
(121.39296878241838,31.252034158063314,34)
(121.43939863557395,31.245395908192627,26)
(121.36420471372026,31.3099040603183,13)
(121.3674121715133,31.232339926035934,1)
(121.46264313649003,31.258808675722747,1)
(121.3935981670559,31.274556176853217,36)
(121.39652917423837,31.302594535541576,26)
(121.40665186650536,31.23257064338458,25)
(121.40708177480273,31.25449546691565,9)
(121.42136447851085,31.23590659177856,4)
(121.44926860981683,31.24200835323692,17)
(121.43644384520697,31.25393469481873,12)
(121.44405419244396,31.2466894547612,10)
(121.41016940586475,31.230884656000296,2)
(121.41443410975141,31.24787800031377,36)
(121.4233608431764,31.236203355105623,22)
(121.38677014936373,31.243103914232446,3)
(121.42798857379302,31.262776900650575,3)
(121.40479765374303,31.231209912888062,36)
(121.46339456129952,31.254293114768412,3)
(121.44908677283787,31.24695684896187,7)
(121.41103235227237,31.243759362328667,12)
(121.43147759292988,31.232671320773086,8)
(121.40002658146271,31.25925793101959,25)
(121.38013298012795,31.25790358842428,3)
(121.39516198527852,31.260775888809754,52)
(121.46209370121714,31.248912760593576,5)
(121.41272602094219,31.256700713262944,36)
(121.40939138450123,31.23111181105072,10)
(121.42906622726066,31.234311895458635,1)
(121.39530707339571,31.2614325217853,30)
(121.43019090590893,31.251743262097957,25)
(121.42033127367917,31.274926082494243,125)
(121.38942742840695,31.256223650875256,36)
(121.45510027507399,31.25282873492532,5)
(121.4258741351301,31.256861968715096,11)
(121.41541825377237,31.24445641296517,13)
(121.45808478290957,31.264864648886704,36)
(121.38267164934936,31.29035415500606,8)
(121.3685689541903,31.309352893761552,11)
(121.4305165746448,31.233846189904973,6)
(121.43650135841433,31.253975105891897,8)
(121.38402557351843,31.248934883963273,1)
(121.40636081954999,31.276334064863615,15)
(121.40208673504753,31.237375304334773,9)
(121.36793269738034,31.2350825042273,49)
(121.40712538614103,31.23858338466383,5)
(121.37640528864344,31.236640349216483,19)
(121.38102915446437,31.254061041853614,35)
(121.43583782546249,31.241797231093678,26)
(121.43646774475593,31.23691524476385,5)
(121.42414814341902,31.259292015409684,36)
(121.40495853991793,31.229729246779513,4)
(121.37998804999947,31.269220541389814,37)
(121.38941240004308,31.25604456186615,1)
(121.4404497480622,31.247106071164723,4)
(121.40590150874353,31.242625537252323,36)
(121.37336280387359,31.25048280814008,32)
(121.38262777376563,31.23287754906477,36)
(121.37829949921526,31.258688339924376,13)
(121.43823755887753,31.267699385467097,13)
(121.33317953492582,31.30050854465111,12)
(121.43964344887802,31.259462859859504,12)
(121.41873317648931,31.25406078896119,29)
(121.4414743307683,31.26113585880718,37)
(121.4526113952336,31.279545165115422,41)
(121.40309496499148,31.29486796910495,36)
(121.40357294278859,31.280022486886008,6)
(121.45202517982236,31.24752955117926,8)
(121.41783347456635,31.24958754024395,3)
(121.41130475063535,31.226122270167703,1)
(121.41626367047175,31.269339962210246,1)
(121.40395284973687,31.24609755175618,2)
(121.38644926838526,31.26276213743244,1)
(121.40989198631118,31.242939961486453,36)
(121.44638742333942,31.244833652523507,13)
(121.44169914719375,31.255473319697206,10)
(121.4534714261171,31.255108038388208,30)
(121.41140625923676,31.24370827018731,55)
(121.4194988865737,31.23680091303728,96)
(121.4541666797534,31.252459462734997,23)
(121.37642981135734,31.2799711715038,36)
(121.39126064526951,31.28533238206628,1)
(121.40747053137795,31.251837296603014,7)
(121.40457230175797,31.261847523701174,24)
(121.42202796782126,31.247575403411176,35)
(121.45440147512105,31.269976551941813,7)
(121.37804387545198,31.278419404058003,16)
(121.45382930778439,31.252119009973555,18)
(121.39560478966003,31.267714353274886,16)
(121.37388194289127,31.243136201726156,5)
(121.38754708398675,31.250082065300347,7)
(121.39318983187475,31.23939365261107,25)
(121.3835158820912,31.24761990011309,16)
(121.34958716808518,31.29083842395207,20)
(121.42520557046026,31.242925557176857,19)
(121.425772280559,31.267478219336425,24)
(121.39116877067687,31.231262561728013,13)
(121.38257128035735,31.251180633736425,52)
(121.44433029651296,31.26881434265327,10)
(121.36344991044164,31.30896157660428,32)
(121.42458106778697,31.24016022085917,20)
(121.3997566348537,31.232039214294595,6)
(121.39075153528663,31.290903088338094,21)
(121.40031891194428,31.23365116243388,33)
(121.43582758892418,31.235149272999816,33)
(121.43568086982724,31.25558254334759,34)
(121.38410268984597,31.238009139564625,2)
(121.4251887663625,31.24300605355784,36)
(121.43985251949768,31.26736012104256,36)
(121.42844796018458,31.261588787146,7)
(121.37617364396844,31.249461188041813,14)
(121.41063737012817,31.22798704482026,36)
(121.42339413123663,31.262769080300103,11)
(121.39182723251413,31.26913823906164,8)
(121.42998645423386,31.27969399554655,1)
(121.40275282839887,31.260177234394927,7)
(121.41023779394685,31.235479749307913,3)
(121.38211079429483,31.25350512962482,1)
(121.43734427911568,31.247647898698645,5)
(121.40446079858009,31.3020399777642,16)
(121.42423999798811,31.258604646977645,13)
(121.4279491313692,31.23521107004475,21)
(121.43807701346806,31.25838160920905,9)
(121.4368413453206,31.2391277539103,7)
(121.39906744780981,31.233463681232674,7)
(121.45152118454003,31.274944997515767,12)
(121.42587218058947,31.267497143167873,22)
(121.39316010170437,31.242723134297705,1)
(121.34504589341772,31.299223809884005,14)
(121.43749320950099,31.267057503999883,32)
(121.37631251822462,31.255464637632635,20)
(121.43678865692725,31.25321810198973,36)
(121.37936832749448,31.2892507992878,16)
(121.45120499810359,31.26557823176159,1)
(121.43326799372346,31.265268722550083,36)
(121.39797863798708,31.241433475493007,1)
(121.44987481345528,31.253667556116277,1)
(121.39955812258256,31.26202952255111,36)
(121.44743036019125,31.242490370270932,1)
(121.38652904922488,31.293789032302946,19)
(121.45478267427595,31.264063504879783,15)
(121.36527718171827,31.24640502438453,18)
(121.37261514232665,31.255941236424654,4)
(121.39382623012004,31.273578896641226,4)
(121.45823010255921,31.27288172833207,36)
(121.4314847875998,31.26254829957964,7)
(121.45928659164971,31.265585202856975,10)
(121.41280222643837,31.232122519900436,7)
(121.35325403631832,31.290860046008202,21)
(121.41145784289624,31.22761193100813,8)
(121.39534420254505,31.291165230150245,18)
(121.39947256780762,31.232855356278932,4)
(121.45374717132627,31.271288427524123,28)
(121.4279908499554,31.263133590914556,4)
(121.38294352807036,31.250926814691198,9)
(121.4480826137758,31.25456502689334,16)
(121.40103859227106,31.261850875979178,36)
(121.34978577995476,31.281448976094104,4)
(121.44756517391438,31.259800227016527,36)
(121.40127458575003,31.272468447187855,2)
(121.38663765938679,31.23065501607169,2)
(121.45427610239763,31.273688366938995,2)
(121.40178456247915,31.236244724003896,1)
(121.42872932794232,31.260855345860968,6)
(121.38041760265922,31.286208191658538,30)
(121.38378862388448,31.22968504347018,5)
(121.45200105462776,31.27482534395077,3)
(121.38868654493359,31.274638650160703,1)
(121.42284471649832,31.283030521382653,19)
(121.43403222500417,31.257520474746663,16)
(121.37291349545026,31.248125145341874,1)
(121.4349414985687,31.255321699229608,33)
(121.42196845406599,31.264052630538984,2)
(121.40967749832379,31.24246297989731,37)
(121.4213653890231,31.246354295608437,4)
(121.42070576400496,31.242362023571356,12)
(121.38931456697705,31.28187641607893,36)
(121.36414560557316,31.30976085385351,27)
(121.42150156223428,31.26450974723948,31)
(121.44252810809806,31.26533392213573,5)
(121.42555537699923,31.23865216859022,14)
(121.4192106948358,31.254348988333607,9)
(121.43957763106027,31.272863064103788,9)
(121.4447317101791,31.245002587155668,2)
(121.42138003526188,31.242429531003186,33)
(121.43309676681132,31.251176342894965,19)
(121.38496935000303,31.2809534927498,21)
(121.4104449758574,31.249484006238625,28)
(121.4476768892991,31.262963812632346,2)
(121.445394115446,31.243228680286606,24)
(121.42049661178658,31.234749394109805,6)
(121.42330028511184,31.240657416295747,36)
(121.43326209622842,31.254882241791584,21)
(121.37964828091795,31.224563488988046,3)
(121.39278831960826,31.27110325776327,37)
(121.39285014079209,31.259498220016475,14)
(121.44684954505335,31.258238809708242,1)
(121.45993290957914,31.253098494508293,9)
(121.45277979088088,31.24604660568141,1)
(121.36422211618056,31.30972906271752,4)
(121.40818789358194,31.256470299771742,2)
(121.42534393173746,31.2470957140065,2)
(121.44336855650577,31.247094744764926,1)
(121.41172863993177,31.287712955501892,36)
(121.4154418449461,31.266788203083838,36)
(121.42875973395542,31.250721371287245,13)
(121.44686631771314,31.279002575289688,5)
(121.41672819967192,31.23248034109126,22)
(121.45622205895934,31.267361750585,23)
(121.4475005820518,31.262915683810405,35)
(121.36553807273859,31.25136832084264,7)
(121.40972850301277,31.254072121967763,36)
(121.42604493839669,31.24382666840492,7)
(121.38308757932893,31.249644387720178,25)
(121.38741305470663,31.238168080954974,2)
(121.45857220144728,31.27275192998658,1)
(121.38002790838402,31.283806801551112,19)
(121.46360058943273,31.261275665577543,9)
(121.43395738738431,31.23287087857251,2)
(121.38284241839175,31.23948260970257,15)
(121.39003891927656,31.25718020171593,13)
(121.36870694945382,31.314161574729724,26)
(121.43733894992874,31.25375336809187,3)
(121.39683879436663,31.266987392519155,49)
(121.45500155686598,31.253277134817345,14)
(121.38026859859849,31.296412928249186,22)
(121.34886235861613,31.291010838975794,24)
(121.35325233464822,31.29572903481979,30)
(121.40537691009837,31.30234218008961,20)
(121.44628870283319,31.244852035177356,37)
(121.39714498987973,31.24932008009853,19)
(121.40238885913136,31.25976838784689,36)
(121.36422401651055,31.309487963484255,30)
(121.45116559118604,31.25244838346334,2)
(121.43015649069284,31.248944089209225,4)
(121.37601595165616,31.265243503364687,3)
(121.45892913450301,31.259695587200632,22)
(121.45733463376716,31.268422082544735,18)
(121.37410647674932,31.256180968344093,18)
(121.40291298633552,31.235347141677273,35)
(121.41858098550493,31.23071482824135,31)
(121.36490601103439,31.312932034860083,13)
(121.40214462122772,31.269194250356467,27)
(121.38935635171313,31.256037517804966,2)
(121.39049194371853,31.22773907460208,12)
(121.45597506534716,31.252373720474484,9)
(121.36389179341242,31.30512804187747,36)
(121.43766636314798,31.266104493736517,2)
(121.4148785189566,31.271627453372187,2)
(121.40146489745355,31.252515924048506,36)
(121.4287774381738,31.25036217556563,34)
(121.42216023579574,31.274799043850756,2)
(121.44001505391807,31.258702868024738,6)
(121.42479532829901,31.245497446002883,12)
(121.3642815283015,31.295521801619053,36)
(121.38045602215489,31.290481954676483,37)
(121.42136431297752,31.23400672544631,16)
(121.44077217997524,31.24480675098701,35)
(121.39286297188555,31.255044414637055,18)
(121.43156980318527,31.24795211244727,15)
(121.4197169332084,31.22724261012607,1)
(121.39941015239899,31.241473027213704,30)
(121.4299181565446,31.262198092617464,5)
(121.36827384058326,31.25210863799839,2)
(121.36898242201703,31.314338028927622,10)
(121.44483136653766,31.254822762177387,36)
(121.43344434985814,31.249278562117205,36)
(121.38079492957796,31.257149328237254,26)
(121.38249583797055,31.283634222134545,36)
(121.43242951275707,31.271396471557747,46)
(121.42033520772594,31.235403999774046,37)
(121.40543266743911,31.242238976943298,18)
(121.40501312825955,31.247893468404932,6)
(121.37697888377107,31.27207053291741,11)
(121.41967437670182,31.266378039569947,30)
(121.376374643373,31.267417856816103,31)
(121.42088350734794,31.234304075689703,36)
(121.44974400582994,31.246881724286617,5)
(121.4060646380392,31.230070477596378,23)
(121.42962636469476,31.25635196789954,4)
(121.36435123416636,31.309548178008566,31)
(121.39685307443132,31.228976759980764,25)
(121.37411385255571,31.272691316680298,37)
(121.41469735230544,31.29172976019304,25)
(121.41581316408926,31.238071442814775,1)
(121.42221181105543,31.258965275651665,35)
(121.41755418378182,31.24701865556185,19)
(121.44048716357022,31.28121871348085,7)
(121.38301654882187,31.247213485497685,3)
(121.46188301272133,31.248733593099185,10)
(121.46001519333639,31.273038059294127,2)
(121.39265615386583,31.247302879808267,36)
(121.39100882404355,31.268961225992516,8)
(121.40084896119365,31.278182717900346,13)
(121.34877284782073,31.303303905243585,36)
(121.45948453012207,31.258062656611067,3)
(121.41076226463368,31.24207365233868,2)
(121.41983854950475,31.241728943613072,14)
(121.44115392178571,31.252040984538162,1)
(121.3646024684236,31.312584200209113,32)
(121.39314501650045,31.287759336912483,34)
(121.45016139666902,31.25854494714453,9)
(121.41091793935088,31.22449430973009,4)
(121.39625846227973,31.23823182987548,2)
(121.3681087870377,31.295132466703606,461)
(121.41087642916865,31.30084205060293,22)
(121.36554947751837,31.290415769826666,7)
(121.4303047349005,31.239946884167967,32)
(121.45672772698951,31.269294090763914,3)
(121.36498230542254,31.276942423967036,3)
(121.44272412134178,31.273924350192967,2)
(121.42670443700746,31.254408044143286,36)
(121.42813028406684,31.266332113219367,17)
(121.41207841008644,31.258936838360746,54)
(121.42318678996402,31.24530158195641,2)
(121.43454935278314,31.25619626808006,36)
(121.3802645020843,31.274810374128748,37)
(121.40421189698723,31.246236647061583,4)
(121.37135911387232,31.250950791780728,12)
(121.41820859917134,31.246572194156247,24)
(121.39911342023771,31.232942458429896,4)
(121.42564099961731,31.239812204148276,6)
(121.3642687220828,31.311804263360084,7)
(121.38820592139072,31.269466943511585,36)
(121.44632230902207,31.241630546934527,29)
