(121.36146020908065,31.292423265714195,26)
(121.34640534708352,31.27963609142441,30)
(121.38799640066627,31.251256574231725,4)
(121.41072171226466,31.22397410101906,12)
(121.38802328682192,31.240603069487083,18)
(121.38383666053981,31.22950100368508,6)
(121.412588752205,31.225711256055877,12)
(121.38798397578762,31.25762612808439,5)
(121.42035547697665,31.235886262529355,81)
(121.40640844916216,31.239279691178265,36)
(121.38889425094759,31.270942561718908,23)
(121.38785584819074,31.259407801478318,3)
(121.45508184832336,31.252787604117213,67)
(121.42534405631419,31.248525348620525,27)
(121.3470358194379,31.30916208993623,18)
(121.39883884007467,31.232474662514793,4)
(121.36092633955168,31.305529547557917,14)
(121.42297382274842,31.236621606670933,28)
(121.46037373585648,31.253143529561065,29)
(121.44773985295217,31.260381167650024,26)
(121.4491983973418,31.247913230636044,10)
(121.39941390000185,31.271551524868613,8)
(121.39244068497925,31.232174919391685,36)
(121.36791358518197,31.233072583294188,29)
(121.43156682742574,31.253359364809885,5)
(121.4232172147402,31.250476857122763,36)
(121.4374918390728,31.279761456289872,36)
(121.39762277777668,31.301617043621004,30)
(121.43322941407689,31.235054423587417,1)
(121.42370804562249,31.27646363382068,5)
(121.39253436514424,31.299399877167154,1)
(121.38001262146821,31.280729525447544,3)
(121.43086699642623,31.274060128948694,38)
(121.44322816099086,31.271534938168564,3)
(121.38260154330546,31.2785732904245,1)
(121.39055231537792,31.290194668418234,17)
(121.42446835052695,31.253641305939265,1)
(121.41795020485516,31.251729604615566,25)
(121.36370014447188,31.30916070440895,7)
(121.40364576069032,31.234133110702622,24)
(121.42608628662033,31.254837016255497,2)
(121.37790438296872,31.24475989375673,18)
(121.41651445314886,31.233940277388545,4)
(121.39304751021568,31.22804155068962,18)
(121.38931232030883,31.25610851646029,53)
(121.44231335095346,31.238987878362142,4)
(121.40566188769317,31.244607052898424,20)
(121.45176122678907,31.260172064658512,7)
(121.43610086362452,31.238735556337797,30)
(121.42531508871147,31.260029407916523,30)
(121.45427298782874,31.260777886225753,36)
(121.41747036329392,31.25339102580613,4)
(121.38458906642266,31.25933102985033,33)
(121.41101256268826,31.242098196360114,37)
(121.39043822355082,31.290189587798377,34)
(121.43360328261531,31.23218637826023,34)
(121.40548390668334,31.25565552615251,60)
(121.40077849088455,31.265306481282693,22)
(121.46298818868347,31.253589730771605,1)
(121.39048831616357,31.267018664173452,15)
(121.4364462185772,31.25344165202238,10)
(121.45888380319923,31.266030406671288,7)
(121.41127184812368,31.286478093398678,1)
(121.37272130900051,31.255990395932102,46)
(121.45322743072857,31.248460598622845,36)
(121.41004435183027,31.2598180820186,5)
(121.44498785318457,31.27548232370785,19)
(121.39743889088956,31.25804932732763,6)
(121.41440370192574,31.23628861594098,37)
(121.40890292390444,31.234674531656246,3)
(121.43266232920561,31.282353571845682,20)
(121.40920766675164,31.232154351716982,36)
(121.37875787246298,31.25606271172248,3)
(121.40251756523404,31.2457801731127,8)
(121.44791554020699,31.255062598922578,15)
(121.4369029988068,31.247758539878205,2)
(121.4015954692837,31.260560526283093,37)
(121.4504009603739,31.255205850430023,9)
(121.38297699356687,31.290314436016423,20)
(121.4232033359212,31.263185398107574,36)
(121.43077861192721,31.256892898285116,12)
(121.45281066866197,31.262839700796413,15)
(121.37227330143892,31.286861788198134,36)
(121.46365502824442,31.268099455596676,36)
(121.41264218173059,31.24678036808764,36)
(121.39687759029056,31.234760424039703,34)
(121.40779917199386,31.249235115421254,1)
(121.40185213122444,31.250735297476563,23)
(121.4306785189844,31.242892816918292,14)
(121.4134023753679,31.252379606703354,1)
(121.42268491679403,31.26471242173659,5)
(121.41183268437103,31.23837878355619,1)
(121.41834139930612,31.279581286418672,25)
(121.43365714392104,31.23892067418141,7)
(121.4089922644753,31.276361208741598,3)
(121.33975431072844,31.287673960309103,34)
(121.40451224085879,31.237994554155264,18)
(121.40945148754079,31.230482559091207,18)
(121.34079517520321,31.30544392849581,9)
(121.4451431632536,31.245830630946926,22)
(121.44658018880645,31.257781194127553,35)
(121.38915221668563,31.256496567467288,17)
(121.40946708151345,31.26017023967062,12)
(121.43179287794669,31.232462448890985,60)
(121.44270724654628,31.263482258448935,37)
(121.38714561734052,31.270518013454286,28)
(121.38601902904942,31.23043138984323,27)
(121.42390406605173,31.255828696546565,20)
(121.41494599280922,31.22925723528258,36)
(121.41815416626191,31.22976260609495,7)
(121.39475524439096,31.244157657380143,12)
(121.43809403374081,31.28187550030085,13)
(121.39273405377122,31.26848612026154,10)
(121.44384134619895,31.255176544376013,11)
(121.34337801523934,31.294889650881412,12)
(121.42530531940693,31.272075053062878,75)
(121.42761587875613,31.24612257784392,2)
(121.39736657148667,31.277711336451304,21)
(121.40520764230402,31.28797347792358,14)
(121.43784801643913,31.254075047553787,34)
(121.42707353820006,31.24023015073383,2)
(121.36253209389294,31.286017726346863,36)
(121.45865486702289,31.271385175380015,2)
(121.39977115633951,31.250069377077455,4)
(121.40907564954465,31.254696463301432,54)
(121.42524708079952,31.24483936216635,36)
(121.37396235495082,31.242571475672886,22)
(121.45050498550853,31.274204969595058,6)
(121.38568468626644,31.28976835388386,36)
(121.44401472499807,31.25089521948354,6)
(121.37565873879939,31.291620973670007,36)
(121.40475525215581,31.231470854925327,98)
(121.3691204065725,31.230853275539626,19)
(121.39721475834838,31.257750804774055,12)
(121.44454305152277,31.267599746903798,37)
(121.37218910132381,31.286056351415663,37)
(121.40601996483485,31.245307384393318,36)
(121.36645033460518,31.3092354281449,36)
(121.3485473724419,31.28420987126129,2)
(121.45035894983297,31.258512562014957,6)
(121.41094835038878,31.243521270395636,7)
(121.38341998479528,31.284501512349774,36)
(121.38388802044341,31.270445185049432,13)
(121.43020585236633,31.239873954195133,36)
(121.44845354752673,31.247931004190722,27)
(121.38015814813413,31.284690300307307,3)
(121.36444594739312,31.309437789208662,8)
(121.37878884158106,31.26674834633323,37)
(121.3895232100749,31.236698948455363,36)
(121.40050439153718,31.261411542322584,2)
(121.41007155170813,31.260407895780865,78)
(121.41232123097826,31.246227199388173,36)
(121.43416261978783,31.27568404664535,33)
(121.45183746079339,31.280246927119453,8)
(121.44592010732616,31.254116617426856,23)
(121.3905444297894,31.25748199406315,36)
(121.44530229317445,31.24184021590164,12)
(121.42562683705147,31.260712444967297,36)
(121.45660371958638,31.27809238067236,1)
(121.42562719972727,31.264872230706498,1)
(121.44514460584566,31.264767538919692,11)
(121.45029071708905,31.258329294396827,1)
(121.43562182108104,31.234183095711227,1)
(121.44272316775944,31.262958704841296,31)
(121.42596948070381,31.26394520587609,63)
(121.37555093219648,31.250206793159215,37)
(121.38992849160265,31.28253792888938,13)
(121.45562262189283,31.245975067274582,1)
(121.3666307953424,31.249248002390384,2)
(121.39450721627773,31.247732358499572,37)
(121.4220602127921,31.262143749955946,37)
(121.44629870490657,31.24482743697726,3)
(121.42116430137287,31.278014181269914,4)
(121.4542871799588,31.254094946456377,36)
(121.40886125428602,31.225837710972737,13)
(121.38574966729746,31.286844582632025,18)
(121.38002790759958,31.283797797878716,8)
(121.42531385316504,31.245853185461783,37)
(121.39952811344263,31.262050521903298,4)
(121.35376168994637,31.288315791985355,25)
(121.43786298272968,31.253970981421297,26)
(121.42954264716452,31.239617517658278,19)
(121.39161463341806,31.29588164003308,15)
(121.34734364980474,31.28169437016021,5)
(121.41502544058432,31.294355691730317,5)
(121.41598611133522,31.295697861051806,16)
(121.38967212375151,31.26183725847104,23)
(121.4592715828161,31.263713564271693,2)
(121.42444688598887,31.25442407867343,8)
(121.41025458433467,31.24457885306778,34)
(121.42246915870497,31.231009614921668,3)
(121.3985939606123,31.241878664847285,5)
(121.43654504988986,31.25329445753242,38)
(121.38344800168825,31.261358843860734,36)
(121.39655818722477,31.239054371359085,99)
(121.43032068979518,31.25112885632563,49)
(121.41266477153556,31.26793179095134,4)
(121.4325459035825,31.25271412111466,14)
(121.36760849747851,31.24956456362184,28)
(121.4032998978904,31.284540452791465,43)
(121.42764051753677,31.270060663848415,8)
(121.44364515028236,31.269805717164775,34)
(121.38288490793626,31.290530433397816,11)
(121.40418066334573,31.232131267281808,7)
(121.4183230830645,31.25292194378043,10)
(121.41069170478201,31.242027060701584,37)
(121.461766997128,31.257591561149315,1)
(121.36034731390421,31.287882191057015,24)
(121.38725624414012,31.246732451271647,47)
(121.38887993688142,31.27895889331708,18)
(121.441504288434,31.261278874713092,1)
(121.42581608194502,31.2427883970283,19)
(121.42271446003734,31.249403428815768,17)
(121.4425619220634,31.245161163864328,3)
(121.43697351002419,31.266390550943697,36)
(121.42248387138149,31.22785515012712,32)
(121.39276771762611,31.297668124833763,36)
(121.45548832841608,31.252966994125725,4)
(121.35093065074214,31.283812722525347,15)
(121.3844761940113,31.227681755232137,17)
(121.40289202244846,31.250139177739573,36)
(121.40560054886775,31.240760322887095,24)
(121.37177979901894,31.232283559076034,41)
(121.43787496055837,31.2539429526896,36)
(121.42119430879232,31.27803218749668,5)
(121.41531542933662,31.27720502744307,3)
(121.37369877765305,31.244376524771642,12)
(121.42396372734444,31.241109125956285,34)
(121.40711945858229,31.239412759753893,2)
(121.44346764472407,31.250298005231045,1)
(121.45380046293482,31.276116340781464,3)
(121.37565946775429,31.29999028146888,37)
(121.38618928801462,31.254450315786624,4)
(121.40224242236201,31.244843699629996,56)
(121.42801109818848,31.24710436713488,28)
(121.41441757400814,31.235665852350042,16)
(121.35105483707324,31.28575399915399,36)
(121.43190690534288,31.23509246691269,14)
(121.42078528470576,31.25704781223703,1)
(121.38282823483331,31.249059878260248,36)
(121.42347804775197,31.262667975166814,36)
(121.38400830983039,31.29227719959518,72)
(121.43823677429161,31.25868351871302,11)
(121.43339142839392,31.249318642340768,14)
(121.40480571404066,31.243364429375937,35)
(121.44610008542789,31.243192136918694,4)
(121.37691749913371,31.26861500438551,15)
(121.44821191927784,31.249776688440154,36)
(121.39091621242146,31.25045927694706,36)
(121.40002739332343,31.30474092078603,36)
(121.42289472480653,31.236586621573576,5)
(121.436288675727,31.278782654301242,15)
(121.3904580825693,31.25396139445056,32)
(121.38044078859008,31.288014946652137,37)
(121.43051775662009,31.243276158667374,17)
(121.3716399551324,31.294212896752708,36)
(121.4009070712834,31.24485038695771,3)
(121.37274501653795,31.263724768067895,33)
(121.36718059917321,31.24761408065665,4)
(121.45728867878427,31.274635488493914,1)
(121.39928043917078,31.232426278259158,36)
(121.36459268490414,31.24724584245686,35)
(121.40899260395541,31.242594108261894,6)
(121.40367998951481,31.285587527894897,1)
(121.45438660121467,31.271011018453088,2)
(121.38707197968846,31.273297832954224,37)
(121.39929996733552,31.272813016824735,35)
(121.36669127748603,31.242063888694226,4)
(121.3741637040246,31.27370127046253,51)
(121.37855986028146,31.27040463926791,19)
(121.38816491770304,31.251602675694222,33)
(121.42908588323525,31.247494503237125,36)
(121.38895192098929,31.232111516320533,37)
(121.42323321866202,31.250682936447383,18)
(121.4490059636087,31.24711406690063,4)
(121.40513034326683,31.227045939996678,2)
(121.43251425396394,31.244764634806323,37)
(121.41061806528647,31.256895985541654,111)
(121.40258466839795,31.223849184631906,36)
(121.42181711544812,31.27022935640953,36)
(121.36913115624029,31.25223359125735,29)
(121.38294696023735,31.290322410152857,36)
(121.40002157968911,31.25480232411708,23)
(121.37127368470914,31.31296814511597,36)
(121.44828069916161,31.260445226630384,8)
(121.41526283780172,31.28394593366402,5)
(121.41535153722643,31.24462049867733,36)
(121.45211127736009,31.280304651272914,36)
(121.3728885896123,31.244759657248494,36)
(121.35272333699191,31.309028098341503,32)
(121.40988308399562,31.25959082727921,36)
(121.43648523236723,31.265775935821576,36)
(121.40377717534943,31.250127315025605,37)
(121.40019414060433,31.294068974601306,33)
(121.37819250381253,31.298925092539392,16)
(121.37556323403996,31.23851270066616,3)
(121.44767762960275,31.244795429599197,29)
(121.45252946508688,31.275878768358158,7)
(121.38613443281828,31.233750010221865,36)
(121.4372154850431,31.247621060438224,36)
(121.38645219727898,31.29635298295092,13)
(121.34427955357135,31.28265911196548,20)
(121.4183380648643,31.24135679470659,20)
(121.43095390973217,31.262888302546198,11)
(121.44283534158362,31.2444244034612,36)
(121.39645206389937,31.227572372917198,4)
(121.39286327695292,31.304413747280606,11)
(121.442950355266,31.2470894097654,5)
(121.43682483543756,31.269466939115265,36)
(121.42293064181618,31.275425769574206,5)
(121.36797373546953,31.314332596258996,36)
(121.44125533018583,31.266864984353365,26)
(121.397071346553,31.276759818093833,19)
(121.42770980617283,31.25133352060062,36)
(121.39612157967672,31.28041230486494,1)
(121.45868544530825,31.255927483710945,2)
(121.37888794608256,31.266468337057752,33)
(121.38672684414259,31.289222372030764,33)
(121.4393549946994,31.237040330554336,36)
(121.44637712120314,31.244846650694182,22)
(121.4459514631759,31.24773040476573,9)
(121.45612133647315,31.271222527141166,36)
(121.38599225203423,31.267785892552805,8)
(121.43211417131283,31.28343163508628,1)
(121.46180555692104,31.26120379321408,4)
(121.39641275405667,31.23511875074411,27)
(121.43476485676011,31.250847372953515,95)
(121.41041461707877,31.24530315323189,22)
(121.41137187272778,31.232184221158725,8)
(121.37847497064396,31.2322447770083,1)
(121.33983850158867,31.287695127942488,36)
(121.43336725080891,31.242924743364906,9)
(121.40638712693789,31.245668131161562,37)
(121.42320480350389,31.264584632659805,24)
(121.42198372088076,31.25579405113964,8)
(121.45488518907368,31.250679745558315,31)
(121.42860839939746,31.265540112237044,37)
(121.39757131277617,31.23923174486229,37)
(121.44499824963124,31.245817506961863,26)
(121.4443635981818,31.24585789153292,15)
(121.42591974497552,31.245147900259816,32)
(121.40259973243697,31.234636410702965,12)
(121.46334286101624,31.267618982752737,1)
(121.43751289380047,31.275957459255956,36)
(121.4529754406337,31.2753500995691,36)
(121.3622515822793,31.241408759837586,16)
(121.448912426396,31.261579569802677,9)
(121.42214732128787,31.26095328869655,49)
(121.40983937322248,31.25959271818601,28)
(121.38736774471043,31.257918917388604,14)
(121.44884383258135,31.25303097764822,36)
(121.42902610016961,31.260631315376653,35)
(121.38795883039313,31.22976867830853,29)
(121.37757596496469,31.237177374925288,2)
(121.41171593644998,31.23851514985914,24)
(121.36407749622094,31.30952724657427,30)
(121.37936832837471,31.284908708675854,34)
(121.39253736960445,31.268888041889635,36)
(121.38477082532776,31.27732581728359,20)
(121.43507283381369,31.28250097273456,130)
(121.44437972315468,31.243108831245628,21)
(121.43744336610082,31.235568130011,2)
(121.42396373266172,31.24117015343268,36)
(121.45204725524945,31.245714905782073,36)
(121.34682011147707,31.287976326850075,37)
(121.39103697265425,31.235966752906585,8)
(121.4543965299958,31.247450798512343,25)
(121.42782593332964,31.276750561831477,1)
(121.37116428549078,31.272095228306753,12)
(121.3551688210599,31.279759732723083,5)
(121.44636111786347,31.244782648005504,36)
(121.41845163169901,31.23719685666988,2)
(121.35451825877452,31.288548194499494,15)
(121.39719873450287,31.246091669510857,14)
(121.45761403618965,31.276833707040556,1)
(121.44769356332526,31.24442323485484,23)
(121.38897238791982,31.257152607273014,36)
(121.38396605069524,31.24386765063684,14)
(121.36033155963777,31.240254272931914,36)
(121.4295046113844,31.238205245866396,2)
(121.40172959025139,31.305483841170076,17)
(121.41814017636072,31.25271094264754,36)
(121.40737206718073,31.258699208637477,33)
(121.43589953183718,31.23576946297231,1)
(121.43976716143926,31.24715528080866,36)
(121.41515047316999,31.238092701878454,1)
(121.4116019295815,31.239090256066866,41)
(121.42033692234583,31.255073778624354,15)
(121.43333074626437,31.251979888178923,26)
(121.4566077395472,31.255414723771867,36)
(121.3936029118462,31.26012004916429,36)
(121.39447766161904,31.296753669150558,15)
(121.44579149494072,31.267040414797417,36)
(121.44999958438073,31.245035302902142,36)
(121.41233696712622,31.254717943081612,36)
(121.41746146463521,31.251443711684594,36)
(121.45033599768722,31.258468586133098,3)
(121.43466455929592,31.260520001594184,2)
(121.44590732350996,31.27926934127204,6)
(121.42812601737664,31.247675512495295,15)
(121.36911261005446,31.314025094172905,36)
(121.4247644172713,31.246176773491012,15)
(121.3763772298215,31.297125018365023,25)
(121.39181723237077,31.253405269427326,18)
(121.45700963747952,31.268389228325837,2)
(121.41448170559117,31.27185268302306,1)
(121.42336310757516,31.26218285115361,36)
(121.4488119394779,31.241960116534642,35)
(121.43781543919886,31.235353725034994,12)
(121.45857739054907,31.269177472756855,3)
(121.45892180319366,31.253715840728322,2)
(121.36456666426875,31.30941260326343,17)
(121.42070317473578,31.27822280607055,1)
(121.42624232639234,31.239149394500195,36)
(121.42404918809487,31.25028200419308,4)
(121.36712197720033,31.276204286013673,21)
(121.39198657508989,31.269116927000507,10)
(121.37570665516424,31.271741571137184,13)
(121.4378467850175,31.239916751949046,3)
(121.36497252034941,31.313260541917447,36)
(121.38563243544188,31.262582360439428,26)
(121.38616794743277,31.273756557538782,2)
(121.43661397089053,31.253638517572174,7)
(121.45952960693133,31.256958621182118,36)
(121.44847105595848,31.25777972859288,16)
(121.41796512455414,31.250911236790795,33)
(121.42879730702988,31.259904225878113,2)
(121.43780164682968,31.24895785728124,37)
(121.44212923762777,31.239252429028706,3)
(121.39237785424541,31.292014585064468,35)
(121.36883716399261,31.314139750203385,36)
(121.42296547680183,31.26242624333303,27)
(121.40159673003397,31.273122799602827,9)
(121.39030670740402,31.27401387140563,42)
(121.41471228550448,31.291037478180968,19)
(121.44460187685951,31.243957334894713,9)
(121.44302543377033,31.246962579083096,45)
(121.43459505062054,31.253505035192198,13)
(121.34092383214534,31.28651669881441,42)
(121.44023663849035,31.285029727454774,3)
(121.3837233534629,31.26190133763263,14)
(121.43744451263078,31.25219477272684,37)
(121.385160695333,31.259653683397875,23)
(121.38646855982438,31.300327556641456,36)
(121.45496366093435,31.253403268005126,3)
(121.39601067187431,31.286736433945396,24)
(121.43303542583737,31.277939322849235,10)
(121.40403673648746,31.244663923196928,1)
(121.39282193485357,31.25642042093846,4)
(121.45919045239054,31.265028758036927,1)
(121.40507230652003,31.260409332423766,12)
(121.43913975640135,31.249544719915725,68)
(121.42769175225803,31.25048416277102,15)
(121.43448054123161,31.245721733669168,12)
(121.36806486297803,31.314031613690805,36)
(121.42407941287999,31.250190088103352,37)
(121.39553254503144,31.29796625209596,22)
(121.43347441184953,31.239005929694255,36)
(121.34053256340034,31.296937934820594,35)
(121.4270474192944,31.245642331038077,3)
(121.4373181701433,31.269899464847324,3)
(121.4520130949244,31.2807317856433,1)
(121.43203025998262,31.283151614782184,28)
(121.44196758368241,31.254804038895013,35)
(121.44381135424271,31.254599340702605,36)
(121.41583030679,31.251265332547906,37)
(121.38494725944716,31.291659811010554,37)
(121.37427440746076,31.230271852747393,15)
(121.39640404810436,31.274139670910373,36)
(121.39332334231936,31.299400526190656,36)
(121.4224021119302,31.229830118376313,6)
(121.41102178625886,31.27378206701628,31)
(121.36850671254045,31.2922508092573,25)
(121.42392435820666,31.236462053010516,22)
(121.39070358156856,31.268925004737902,4)
(121.415186608371,31.285650138924535,2)
(121.40890294291799,31.24567415085736,2)
(121.38149597240034,31.29836916078091,1)
(121.41372293319377,31.23632887339083,37)
(121.40362973480691,31.24533716706422,36)
(121.42287742180255,31.2838312730369,2)
(121.3698001616355,31.252505278549542,3)
(121.38631003692551,31.296035180618915,132)
(121.42156256399775,31.284494438056857,7)
(121.44043804712895,31.25501515429549,23)
(121.37238847628966,31.2868299262582,36)
(121.38375857629428,31.229516937805453,6)
(121.42821241094569,31.264780885272994,36)
(121.44403452759141,31.243878335945073,22)
(121.4092921676091,31.238028021086453,2)
(121.39587613353186,31.224026020718952,6)
(121.44399191851102,31.24395512812238,36)
(121.41123029504081,31.243630268626596,29)
(121.44480356496125,31.27943026774969,29)
(121.43751998857707,31.240156728047097,36)
(121.4131438548111,31.233439218144404,3)
(121.44601213387152,31.279555280075897,4)
(121.42215932419232,31.26028619248483,32)
(121.36518305686167,31.288615422151558,36)
(121.4104845197676,31.26726471043909,3)
(121.36497222030387,31.313271441857367,5)
(121.37043365806463,31.272107921335312,36)
(121.37607209820871,31.30052698772582,18)
(121.37970640374787,31.231347873915094,6)
(121.38160753715019,31.268864238940424,5)
(121.44234783485746,31.239543975936183,3)
(121.46004798897239,31.269073125268047,14)
(121.44779401514899,31.25394898008787,27)
(121.3935873891352,31.288649950799808,36)
(121.42605567915437,31.254761610099273,35)
(121.44371226974633,31.251420105498813,36)
(121.42178542979553,31.232609666854,3)
(121.35542784888106,31.303593794156246,33)
(121.42134905973212,31.242433552695363,20)
(121.38567849039883,31.262675440510087,36)
(121.40740381965544,31.232178463818816,18)
(121.43489273043737,31.25490928130256,24)
(121.38144751417957,31.270792890223753,25)
(121.38279463644332,31.231000378418955,21)
(121.42588643533192,31.259124540610653,8)
(121.38871213070612,31.28287437535531,13)
(121.45160688618918,31.256007093841923,17)
(121.43601786564207,31.234424279632744,23)
(121.4259306969604,31.239713916018665,68)
(121.39947409113446,31.262022492334445,37)
(121.36456888098033,31.249413235140487,1)
(121.37354346735506,31.308507973618028,7)
(121.4034388636034,31.304453774922507,36)
(121.40514457349263,31.264333644631925,1)
(121.42765266603224,31.237527399677035,7)
(121.38170955471739,31.290655318805555,37)
(121.44541692521767,31.263759246255397,31)
(121.34887027774197,31.309832542198077,32)
(121.4519121302411,31.249080977745077,16)
(121.438222307114,31.264520051936017,1)
(121.40890223920701,31.22681891922375,3)
(121.44272413378503,31.274067409994284,6)
(121.40232913109638,31.264211187765504,27)
(121.40717682764064,31.300933692399806,36)
(121.43990618281067,31.273139302450467,19)
(121.42337909742042,31.262228859221157,34)
(121.3648022350978,31.25025709181117,32)
(121.39441650507564,31.295391098451322,18)
(121.39131365719129,31.229897157575564,3)
(121.42341485066201,31.236838604288927,6)
(121.38274694768194,31.281306558134688,36)
(121.4016715228973,31.25906282835713,24)
(121.436661867344,31.27625911799297,62)
(121.45187412472097,31.255438359868865,30)
(121.45191723020996,31.24548588513478,3)
(121.43884809313356,31.260868243369178,19)
(121.39645046256926,31.236948254517962,8)
(121.43559354666117,31.23865325768361,3)
(121.396970004417,31.25046751255471,2)
(121.44025534289503,31.25907479729751,15)
(121.43856593371791,31.28174534956412,37)
(121.41979395928423,31.23160798439113,1)
(121.44907027159523,31.247595909565028,19)
(121.41254754222602,31.24612600900662,37)
(121.40154845886386,31.248444140861952,2)
(121.42580059407388,31.23701280260288,5)
(121.40398406557786,31.23367169344646,3)
(121.39885884466547,31.23365166419764,2)
(121.40677988004164,31.262769623857775,3)
(121.4370343804182,31.266023313151084,36)
(121.41239547796583,31.22637715557166,3)
(121.41898524710346,31.236683344652057,10)
(121.41150382177135,31.227501871017267,36)
(121.42227852308108,31.244835012814598,36)
(121.41003154209227,31.230189945794898,19)
(121.3803415639851,31.286846369731304,36)
(121.36558421123969,31.252029680699756,28)
(121.43932429539466,31.23775717646996,36)
(121.4459047100434,31.249189474070352,36)
(121.38864002035899,31.230799799789242,34)
(121.38859451344896,31.25402106791301,11)
(121.40000342697475,31.286633935927345,13)
(121.43435237645852,31.264611142694438,7)
(121.42262802049899,31.25388977765307,1)
(121.40665481703921,31.266398600977816,7)
(121.4250867319295,31.26482465463096,21)
(121.4126018556745,31.246408119815623,36)
(121.39219702397595,31.23807245686354,15)
(121.45758244368179,31.269078523550775,1)
(121.35151507546378,31.296343103858558,36)
(121.38925125557634,31.25596540918812,40)
(121.44933482732038,31.258051934917336,197)
(121.42602956677399,31.239383682770434,8)
(121.44953078900217,31.258792698374346,15)
(121.4097814804996,31.231174891959697,11)
(121.4341828222439,31.257158246573418,26)
(121.40968024041342,31.22804040714337,36)
(121.4125430464082,31.256338601023064,24)
(121.44280664749112,31.25879877873371,36)
(121.41490534060398,31.23533753720808,26)
(121.37965438004231,31.299256523182386,37)
(121.41226939072646,31.25934397110827,19)
(121.37887433624279,31.27765954583927,8)
(121.42390535314627,31.25386566757613,37)
(121.38597328120605,31.2338589220209,31)
(121.34510549872111,31.279543658353003,36)
(121.43697237066765,31.27724155260815,36)
(121.42375231524183,31.250219042778298,36)
(121.36470098245454,31.311810313441843,36)
(121.45597099235363,31.27102987365044,23)
(121.42516295971011,31.239631254512048,36)
(121.44371179032468,31.245901660385297,36)
(121.39732336190848,31.26575476742913,26)
(121.43641625509694,31.253319637807785,30)
(121.42944887995064,31.24902327942955,8)
(121.43367196989381,31.237166861626566,17)
(121.4471538789576,31.257915136252404,36)
(121.37697868115221,31.26974255260251,17)
(121.38773148012741,31.251137130082757,21)
(121.45239874207155,31.252532032581996,11)
(121.42880944586963,31.250267582255773,13)
(121.38940327736451,31.28272993248484,34)
(121.38843688651035,31.2828781670827,4)
(121.45397579747564,31.273322821443294,2)
(121.38473978224862,31.27720774028234,12)
(121.44566155467335,31.253200656138652,17)
(121.3768302898922,31.23304422558359,5)
(121.43733029331628,31.2590259088635,36)
(121.42938630579035,31.246730937408827,10)
(121.37127448479437,31.313159344794528,23)
(121.38110503497127,31.281510994010212,27)
(121.37303477878253,31.25590476437645,15)
(121.44280438954644,31.26285650898958,3)
(121.38459326841283,31.26160101310791,4)
(121.41476026142662,31.23371584740553,50)
(121.40426616897932,31.26074101210706,36)
(121.42504525427229,31.257154028338203,39)
(121.38929433166936,31.256415637038497,36)
(121.41200839180354,31.247041632997156,36)
(121.45033158156816,31.2650674349615,37)
(121.4278830188881,31.256000404896213,2)
(121.45899891550266,31.251260356264623,3)
(121.36408539689856,31.311043944028786,17)
(121.3902334654303,31.231295689030034,9)
(121.44985903311569,31.263405212912147,4)
(121.44850008870868,31.247382106842014,21)
(121.43377202520516,31.251076376894773,36)
(121.4211213573104,31.25529239308518,2)
(121.3996587945058,31.280775438787042,5)
(121.4107294771916,31.267350708303482,17)
(121.40218413167112,31.264598323254262,36)
(121.44725700609911,31.25740048091311,36)
(121.38669540731819,31.23036875345855,20)
(121.45171429116213,31.245607151952402,24)
(121.44493114668293,31.26606945159137,4)
(121.45528188481538,31.252850634735932,25)
(121.3919469399574,31.253498462557392,30)
(121.38941243291184,31.256421726203975,36)
(121.41374983982209,31.234343782746613,36)
(121.4304880898451,31.2466677048785,3)
(121.38882605908341,31.280902653326883,21)
(121.45061149016784,31.259783635903048,14)
(121.42832525405116,31.26446664342818,13)
(121.40738778228899,31.266137490313483,36)
(121.37417107416448,31.22818476082108,34)
(121.44633321207942,31.244832843020596,19)
(121.43650012864595,31.25338455616231,2)
(121.40896645816339,31.273254909650877,6)
(121.41226936087354,31.259001823005764,16)
(121.3922276886838,31.233966608044526,24)
(121.38216650362611,31.283899046659403,25)
(121.4245201254139,31.25397992584643,25)
(121.4065606894435,31.279550130210005,1)
(121.38092780775828,31.26987696921692,37)
(121.43355966492227,31.254773843151735,30)
(121.43648533557902,31.266961440516475,25)
(121.42429138611041,31.240677680355294,36)
(121.40887613613206,31.259329418660084,23)
(121.4183302765834,31.253611205480276,12)
(121.42455202592181,31.25082900375403,12)
(121.4570790944225,31.250234448868316,14)
(121.45969483690901,31.263955731463454,4)
(121.38833897839895,31.296411528062816,36)
(121.45358717454155,31.266907894936203,5)
(121.3603484080854,31.30858284439223,37)
(121.40959681361558,31.243638098802155,2)
(121.38694085512212,31.286975642977318,36)
(121.40517376644726,31.255056636347536,8)
(121.4023136679244,31.270403814884787,7)
(121.4372181423768,31.243535495342236,42)
(121.42266772404969,31.22794406314835,24)
(121.35387767308924,31.30848890575533,3)
(121.41253570854073,31.229509570316917,17)
(121.44421487746891,31.258174240364568,4)
(121.41314859131809,31.261439404948263,37)
(121.40533039156448,31.232650970320048,23)
(121.384681683928,31.26180793898618,36)
(121.36417650958775,31.310731655194086,34)
(121.3957617729159,31.2320906940787,11)
(121.45632314788747,31.246310172752665,36)
(121.38864931512552,31.262670859907384,4)
(121.4041182754251,31.26064273710257,28)
(121.43849591881325,31.26531400964112,35)
(121.387016196968,31.22515645150693,15)
(121.43772483455203,31.23708417297139,8)
(121.37914728346759,31.29926484227851,6)
(121.45590722605067,31.252272817795575,36)
(121.38242569532731,31.271156024522874,35)
(121.42320379636591,31.268464648454238,5)
(121.43562451228891,31.26510976658504,7)
(121.41004199183796,31.260271778333948,9)
(121.3965353756754,31.302567436806978,69)
(121.34310361502345,31.303094551836292,1)
(121.40725425042108,31.22559142549428,28)
(121.36129825908327,31.28497000756166,6)
(121.45006171107327,31.25959158715399,36)
(121.4270857497624,31.241857477268514,9)
(121.4580164523488,31.26770788390834,5)
(121.37865769398978,31.255513360744963,11)
(121.42324922068849,31.26232699620985,5)
(121.45524630381122,31.268814329884588,22)
(121.39472177810003,31.2963876532971,34)
(121.42305837259312,31.26215506022339,66)
(121.44877063982945,31.270673547422746,1)
(121.38162109542827,31.24059589927446,36)
(121.44504414149512,31.245630346758883,31)
(121.38488525357437,31.280859378615688,37)
(121.42713976557289,31.27804245782198,1)
(121.40559968649178,31.2308678200014,20)
(121.40996580449858,31.24278807712564,32)
(121.40200646750536,31.26057770903707,8)
(121.4245128678082,31.260052061137202,13)
(121.43835262124887,31.261760116983115,5)
(121.34343580341539,31.29233655289746,29)
(121.34971582575842,31.290866393507095,37)
(121.41971927561673,31.25411771963561,9)
(121.45200727289121,31.25568611297091,7)
(121.36664517396008,31.241787697051148,16)
(121.42425341374012,31.240587669142695,31)
(121.44712029809904,31.248769305017454,28)
(121.44003377663357,31.241930034306616,26)
(121.43524890172841,31.240071242618104,36)
(121.39940053694284,31.290365249071293,18)
(121.42407861786825,31.241067019455976,72)
(121.44686712187575,31.241775441904252,19)
(121.39738314758178,31.260147912839532,2)
(121.37431348291584,31.23047899696388,36)
(121.42527718814931,31.244791868468845,20)
(121.3740207617859,31.25660765503132,23)
(121.36881278774635,31.252663645132174,36)
(121.38499174232322,31.292842526878996,16)
(121.40993539700641,31.242841770700178,36)
(121.399528110126,31.262012505555326,37)
(121.42718114799935,31.24856378072105,36)
(121.42245369674811,31.260315553701815,29)
(121.3812150141732,31.24333442526655,2)
(121.4182227800988,31.237281010487518,3)
(121.39452149402558,31.2486485339672,4)
(121.4048316490522,31.239441424227312,2)
(121.41315149179009,31.246404734727378,22)
(121.44756608425395,31.27028170296459,18)
(121.37810176185349,31.276227561213542,10)
(121.37542893476434,31.2375805320657,6)
(121.42627330044822,31.2392214003393,25)
(121.38064450428813,31.258869967549224,14)
(121.44239407373028,31.241853041224886,33)
(121.38004266120276,31.28075356742811,29)
(121.42315031555933,31.262420107911268,21)
(121.4348826057699,31.249801029467896,13)
(121.43257224746462,31.232980837073626,14)
(121.37857448990964,31.254417789346906,33)
(121.39271645762258,31.23882311442414,23)
(121.4367265911593,31.2398532340365,2)
(121.41958200798906,31.22703759133439,1)
(121.4549118181947,31.256054571851706,1)
(121.45638047012586,31.26874193561702,7)
(121.42394498528442,31.263464788442352,26)
(121.37266021315001,31.255962304267264,30)
(121.42160388607432,31.246257603571394,16)
(121.43137911612912,31.23719048968962,31)
(121.37485750097059,31.287137811911617,29)
(121.40282296539512,31.22392754510185,36)
(121.37768063879147,31.258280460198865,20)
(121.34718006726175,31.303246945055584,7)
(121.42289730501442,31.249170967264785,36)
(121.43793188386705,31.25413996070756,21)
(121.40912199678922,31.244093499342004,19)
(121.38366133361795,31.262458518692974,6)
(121.43823732291685,31.264988231205447,4)
(121.42785781887392,31.27196274663833,37)
(121.38166312436101,31.286344535075827,1)
(121.43013916578502,31.255554841921825,1)
(121.42520176917994,31.239514562739604,36)
(121.39320726137036,31.267147832480596,24)
(121.4315087975305,31.246963740266114,19)
(121.40801867972085,31.242413090083975,36)
(121.42160969825032,31.252097679400613,36)
(121.351773361397,31.285942349104783,3)
(121.39714513965019,31.251037838668086,1)
(121.41192128726556,31.24573337895546,2)
(121.33952479198037,31.287637511691695,36)
(121.41233428958431,31.25947473855936,21)
(121.4276966746369,31.22902519454806,82)
(121.4175057659701,31.23225906637646,1)
(121.40444035334126,31.26044880317967,9)
(121.39146442572773,31.23741369199985,37)
(121.45113615807831,31.26969287427645,30)
(121.45605201967182,31.254064301473438,23)
(121.43743819741007,31.269380488952134,50)
(121.39715444464959,31.257495281961706,122)
(121.45938438500443,31.253339816632526,19)
(121.37855057332374,31.287150774367575,28)
(121.44986572520979,31.243217739184804,32)
(121.44689425464223,31.26125524241692,37)
(121.37804194180156,31.290708403106045,36)
(121.40188871839892,31.27328183318114,32)
(121.44939723550425,31.242010574907557,30)
(121.3727097837227,31.296201090587733,29)
(121.43074598794354,31.237788442865686,16)
(121.38304299667122,31.255021707637184,5)
(121.43694316018855,31.257044885601218,31)
(121.39234253797324,31.24277666770177,35)
(121.4362874573646,31.26479177471365,12)
(121.3655253610159,31.27803169018578,36)
(121.41427236937413,31.236589187884157,3)
(121.40482614752308,31.243869314556118,5)
(121.38046014319357,31.258066440965564,15)
(121.36170476594134,31.293563107370062,15)
(121.41258395101748,31.225764154955115,7)
(121.40089302122416,31.255794214228704,17)
(121.37363936800107,31.26372191623468,36)
(121.42588553663188,31.2450881933274,8)
(121.44126083792266,31.262489766343457,29)
(121.41924270275247,31.254137395436473,23)
(121.42980193844906,31.246591381923448,3)
(121.45598918966613,31.25155311276837,5)
(121.43376926492476,31.282434189354564,12)
(121.41922944362086,31.24077806577788,5)
(121.41907216144935,31.270731215808475,1)
(121.41318029869295,31.231266169377587,14)
(121.4172322715737,31.247751184300142,6)
(121.44629680451739,31.244849636603377,36)
(121.45461176805124,31.272772493891942,64)
(121.36823124130257,31.292136372120467,36)
(121.37543412521053,31.253721818644358,37)
(121.46403662739722,31.2620200605927,13)
(121.41416046782999,31.25619608511408,8)
(121.4005445167917,31.29347074790252,12)
(121.3937676694976,31.251098641642947,48)
(121.39852554151587,31.277393179953346,235)
(121.39804648297691,31.261670833893987,7)
(121.37075212464728,31.277787044642103,36)
(121.43769521350707,31.253456985924586,4)
(121.42274735972518,31.28184555288493,46)
(121.34909768109492,31.28571447755268,36)
(121.38827792707737,31.296453497461773,35)
(121.41243737279831,31.259710089851996,22)
(121.4092356247372,31.24380572347634,3)
(121.42320326699753,31.26239505882326,4)
(121.42571875990139,31.26089144530989,7)
(121.45022093004388,31.274146784700466,50)
(121.37618728310419,31.300792228866133,36)
(121.39611253413463,31.273066851210064,37)
(121.37848363314562,31.268942936794655,26)
(121.34358550034133,31.29519215733475,13)
(121.34719362114626,31.286154198320954,25)
(121.4126788233678,31.231336375581073,2)
(121.3763274572437,31.254522243759396,4)
(121.44117551109419,31.259819682860268,175)
(121.39037729130682,31.291529082015536,14)
(121.40211879278075,31.287109777609114,12)
(121.38910111640584,31.278811997770735,29)
(121.4140486348336,31.291961064252366,4)
(121.36560091105449,31.30934732525961,33)
(121.44891222248359,31.259230555859034,9)
(121.36418681102012,31.310708956429476,36)
(121.41286912174219,31.23829919111834,12)
(121.39714021932679,31.26617953073985,37)
(121.37550185446248,31.24948903821446,16)
(121.38232768772063,31.28386119122009,20)
(121.44246979918397,31.28197747946671,34)
(121.42398030424373,31.25935917266775,36)
(121.40492814229081,31.236672421147603,8)
(121.45493427693631,31.27117196757074,2)
(121.43097671571631,31.261001466325947,1)
(121.41813788760814,31.226453084147433,36)
(121.39903888600902,31.244475678707857,9)
(121.40259572996962,31.2594033612691,135)
(121.40019183372335,31.2849218952476,19)
(121.45266877390333,31.245596706088275,36)
(121.44668919554013,31.283240232911385,37)
(121.40933064793681,31.259200613244023,36)
(121.36522690658403,31.278870589846175,15)
(121.39552414309925,31.29800065039982,4)
(121.37667398405013,31.27805767040789,19)
(121.41407492042296,31.236252247190304,14)
(121.38011522950521,31.263249295208244,72)
(121.41037321730062,31.297898259765145,35)
(121.43598123960751,31.258323196702126,19)
(121.39054914890265,31.25388642429749,14)
(121.43387778807227,31.23847320774217,20)
(121.39952811946495,31.26211955158411,37)
(121.38960570856328,31.26919134689219,36)
(121.42407861551473,31.241040007292103,10)
(121.41192667371583,31.272927834059942,10)
(121.43092507801224,31.275850813788043,7)
(121.43578291515048,31.249580812559675,33)
(121.44119213459253,31.264462716349133,3)
(121.39481819576066,31.26611928072535,25)
(121.43671279386875,31.253405284671764,7)
(121.39035268006296,31.261795721936515,23)
(121.3946409427723,31.282754212597286,36)
(121.37936862674532,31.29323189068569,5)
(121.40922480644184,31.245250275934765,21)
(121.39875239883219,31.2294546201505,26)
(121.3622741921568,31.251604421858886,5)
(121.39882883527409,31.260720604726675,19)
(121.39813375414204,31.228722099573062,25)
(121.44653720465783,31.258347399964926,36)
(121.43311707628136,31.280266991158555,14)
(121.42469696011338,31.25165825481522,36)
(121.36654529729202,31.233657865894617,36)
(121.36703502122174,31.30905700052145,8)
(121.42826603767789,31.25999468431227,2)
(121.42376991958507,31.250445245999984,25)
(121.38108526540817,31.25406615101823,3)
(121.44410134904847,31.261034663541235,9)
(121.40720884861649,31.232440586316663,10)
(121.40127088986318,31.290845799051365,36)
(121.40869889278159,31.245846308221218,6)
(121.43989573222514,31.28217800059064,3)
(121.37512109264766,31.258522527783377,10)
(121.3465888293844,31.28059982461303,37)
(121.44662123550076,31.260706274824997,38)
(121.44338482131526,31.261980231376103,17)
(121.42508991763657,31.27844137750507,36)
(121.46128579776877,31.260792757699072,2)
(121.42396373858917,31.24123818405797,27)
(121.4311073048989,31.26969103479823,34)
(121.45166120943708,31.267142035236887,8)
(121.39239236319868,31.23168842027427,3)
(121.34037465699352,31.298755539077405,9)
(121.46343453695474,31.25991734475025,35)
(121.38386053787394,31.26071083158546,28)
(121.43318782781418,31.273535311395033,36)
(121.40862184299337,31.24486815549299,29)
(121.442188618005,31.264060585611098,24)
(121.45297623506794,31.255602636871927,29)
(121.41222219730179,31.245508902193187,14)
(121.41561960351989,31.23830546677899,8)
(121.40074266432194,31.287118800837476,4)
(121.45262746030026,31.255471871374322,36)
(121.42521458685822,31.25314049017259,2)
(121.34937994220172,31.281757372886037,6)
(121.44025541546448,31.259909158201786,36)
(121.41907455497751,31.25234529858373,18)
(121.4183230404887,31.252433729352234,37)
(121.42512502741273,31.268639246416374,7)
(121.44884287295287,31.241971065063044,35)
(121.3647357287695,31.25227351264377,26)
(121.44106900944708,31.258778196580828,39)
(121.40446092185681,31.30345052483339,25)
(121.38624603283905,31.23997628641884,1)
(121.41100136146433,31.243784378990977,36)
(121.42902651204818,31.26535734324761,11)
(121.45464777081676,31.259783524039182,29)
(121.43001458048899,31.234023494611417,3)
(121.4025016814812,31.235680619415064,13)
(121.40004638351974,31.263047111731534,36)
(121.45029065486449,31.26485141961715,7)
(121.44148805174899,31.246738530392086,38)
(121.45860130115314,31.251734829881226,4)
(121.38881657610061,31.253600717207938,26)
(121.39397771725238,31.24891568599573,11)
(121.42536622404192,31.250700292250084,5)
(121.42009223636488,31.256661615528394,4)
(121.41991765864793,31.260088202977055,4)
(121.38709508948133,31.242679099796693,204)
(121.42429384936045,31.263375029804372,1)
(121.35956922170362,31.278184634160468,36)
(121.3632315974773,31.249447282918972,35)
(121.44702374219519,31.253202307183884,23)
(121.42456625827484,31.242183143368916,36)
(121.40003419844845,31.257462419777188,37)
(121.43930389569519,31.261829927986582,36)
(121.39553630283291,31.274039983745187,36)
(121.38389307333944,31.279522918959607,3)
(121.45020092248396,31.2608698065851,11)
(121.41701862178729,31.238951336700413,3)
(121.38301465043236,31.236490306767276,36)
(121.41010295524661,31.259975642246946,4)
(121.42439371689844,31.27994355049539,3)
(121.4420910083083,31.24433398098409,27)
(121.41850364009173,31.237256703963318,26)
(121.3886488749034,31.257619678437777,27)
(121.41894135433309,31.26050892597398,36)
(121.34915196730608,31.299263975264378,36)
(121.43971251017453,31.238583513920144,19)
(121.41853690113292,31.25235958783849,22)
(121.40839311617941,31.279257375020176,39)
(121.42030598478124,31.255532997571162,11)
(121.44610313461743,31.258739318269253,36)
(121.38094151409686,31.243303418735533,17)
(121.37231875818527,31.313198289378988,20)
(121.38931232248842,31.256133527360763,24)
(121.42445110763724,31.245011928584333,48)
(121.38751629702573,31.26056446931786,31)
(121.43687806329696,31.23592344367461,13)
(121.41012457787217,31.244232716414622,16)
(121.4419597601619,31.241874629699605,2)
(121.37244690280133,31.25615611056628,5)
(121.447853557569,31.24827966760443,36)
(121.37950376845106,31.232292902117006,8)
(121.41088739527223,31.243881442160017,16)
(121.3693868260304,31.311314455864803,4)
(121.38439835117285,31.29939237128365,1)
(121.46303765691758,31.25544445089187,12)
(121.42937950168444,31.267788026796143,2)
(121.38566279079684,31.235912461435355,2)
(121.4572334108167,31.251852498444496,33)
(121.37653697384192,31.280125361892235,27)
(121.39233007272507,31.27197534587381,27)
(121.4292294472286,31.252640663146064,36)
(121.42949633217079,31.246467960218403,9)
(121.44133780568252,31.263727180437378,25)
(121.44856697183765,31.253273413690486,36)
(121.38330445292424,31.279873507142927,36)
(121.44934812095792,31.2805537606649,10)
(121.4617218454835,31.261891280738283,13)
(121.45957500490816,31.254769021195802,36)
(121.39815982798956,31.242115275171102,1)
(121.37700789899037,31.23312484797872,1)
(121.36371464215915,31.29555703504787,11)
(121.44192422356522,31.26940369800431,36)
(121.45142344164081,31.246029047192003,1)
(121.42598147878913,31.24698213063022,1)
(121.36801980789318,31.31427163933087,36)
(121.4531680945496,31.265981336742723,8)
(121.37959096181815,31.267766658327634,36)
(121.38672310662064,31.270308677429625,6)
(121.37050257542704,31.247053683631005,27)
(121.43711617998025,31.253759902589746,36)
(121.42275456990885,31.249389037182286,30)
(121.42360914266791,31.276553744988284,12)
(121.43766667081812,31.269638993115667,3)
(121.41309924795705,31.249239340796287,37)
(121.43891182001947,31.260769473226492,23)
(121.3903720474578,31.23137520174451,6)
(121.36275623499112,31.245549138448148,36)
(121.43017649391417,31.237543114473993,19)
(121.38558436805711,31.274076069723126,2)
(121.4025768736931,31.252387891643494,12)
(121.3614547473741,31.30857345955554,37)
(121.45950760267249,31.25522252128042,20)
(121.38594622176505,31.267968930619762,9)
(121.39564795063777,31.234855903833168,2)
(121.39074527776856,31.268113755510893,1)
(121.39208310096471,31.239904214005048,18)
(121.36462877297821,31.309381910553153,27)
(121.41842300948831,31.252786833817243,7)
(121.4101006376471,31.255483880591424,7)
(121.40706471493283,31.24234007855066,33)
(121.4555490920461,31.25198043445799,33)
(121.4093262466867,31.27591587898668,20)
(121.42775082107346,31.229091448430154,2)
(121.38280532810175,31.245748684031593,8)
(121.44976083528135,31.260683733433197,2)
(121.4361790813159,31.23707077456849,36)
(121.43911455177002,31.254640005651478,3)
(121.34298308327277,31.280815860410602,36)
(121.3906063601175,31.290213713105494,34)
(121.40933758005507,31.231359974312593,17)
(121.39045772669566,31.24987759793119,5)
(121.40522694469355,31.244866894613892,4)
(121.3926871865386,31.247428954537828,34)
(121.4417605093238,31.273954847604337,8)
(121.34132171129568,31.286400400363533,19)
(121.37283155911312,31.252306793895862,18)
(121.43896853828944,31.24128783427445,3)
(121.42435441566815,31.26461714690772,6)
(121.34904273616527,31.299291789072846,36)
(121.42818043232593,31.26460684123129,6)
(121.44259296815677,31.257846702623063,4)
(121.42462419145008,31.242049037465527,8)
(121.44598900420303,31.2545516901061,36)
(121.42310433370707,31.262168032734802,3)
(121.40715853190403,31.263191233413565,25)
(121.42303538968177,31.262122062533592,32)
(121.37709075705322,31.245827303646625,17)
(121.38979206121756,31.287179594079596,25)
(121.41704355739279,31.25324523666983,1)
(121.39108706883103,31.2682461031477,1)
(121.38026450208439,31.274810674128066,36)
(121.38197894981799,31.234059294552736,2)
(121.37910225627984,31.266846734363412,33)
(121.35080620750901,31.29610569931119,36)
(121.40992349395592,31.259440335979384,29)
(121.37787928985017,31.262706596689465,36)
(121.40735356670116,31.229256120634705,30)
(121.4350051656505,31.23888601299131,29)
(121.42324923342603,31.262473058969633,20)
(121.41362243064705,31.28934957896074,2)
(121.40489216375144,31.238671038077158,36)
(121.37266312957988,31.289495359349107,11)
(121.40398471529821,31.267432840292503,33)
(121.38672613497445,31.23085938904277,56)
(121.45904280609162,31.259349187858238,4)
(121.42281968545888,31.24386576113518,36)
(121.40422190047735,31.260664158184728,36)
(121.38968970430246,31.291280496769154,32)
(121.43750591657263,31.257976215830194,17)
(121.42715300826003,31.280986660186922,16)
(121.42996083232636,31.23614951933362,37)
(121.42190936274034,31.262676035798474,37)
(121.43853462608872,31.262701836874257,37)
(121.38942742186806,31.256148618178607,9)
(121.42842248006755,31.245415223738423,36)
(121.41081727257436,31.230831532475776,2)
(121.38569151948667,31.262857529995568,33)
(121.40569115961955,31.236238281329797,36)
(121.40893616626404,31.260425964572562,6)
(121.41843740414774,31.271647492746975,3)
(121.42734913358468,31.25050548710189,28)
(121.38758921304405,31.28403697592671,36)
(121.40893307380661,31.224962054565204,16)
(121.43748820876175,31.26915949899782,32)
(121.4391523163277,31.271170564264583,1)
(121.40408543528886,31.286975957619397,1)
(121.36114851645273,31.280128691190267,14)
(121.42660436241187,31.278297039674673,1)
(121.38561447280135,31.28304365600109,37)
(121.43192970555336,31.263791622751263,14)
