(121.34872914644833,31.29716101669063,33)
(121.37658413524844,31.269145639891967,31)
(121.41770522295701,31.25028308500789,27)
(121.45466274728923,31.247477916999653,1)
(121.38157961266153,31.293093160603462,27)
(121.4013337993472,31.228852230108973,34)
(121.43374021264371,31.244327068482583,2)
(121.34760052045428,31.29795965094767,9)
(121.42566578672734,31.27917498241685,44)
(121.42429524970315,31.263368830106394,1)
(121.40231365753351,31.270284764680348,37)
(121.38942797503454,31.262495364317427,8)
(121.40454287793955,31.265509113996508,22)
(121.42520176917944,31.239502962761165,35)
(121.43542340708424,31.23718892713138,18)
(121.44201019298568,31.25480434674876,19)
(121.3655553175057,31.276921274938868,8)
(121.37086379784898,31.24891982720833,13)
(121.42964914715566,31.246420359940466,29)
(121.3689266962877,31.284016081943022,7)
(121.43040418077034,31.24649571638711,36)
(121.423762617799,31.250515544352595,36)
(121.37229466861145,31.25273591753523,11)
(121.43853991933028,31.238773425724503,4)
(121.43159594364496,31.26142597630224,13)
(121.39030464734155,31.25038271490088,20)
(121.37778122099101,31.274929656325888,36)
(121.46067821448324,31.256562340621734,8)
(121.41121511653277,31.241542334218305,3)
(121.36930777487866,31.28785393766888,5)
(121.38550354459238,31.276834265386302,19)
(121.4391138879412,31.27697204449472,36)
(121.43650010487974,31.253111436355844,21)
(121.3800113300714,31.231378029296387,15)
(121.41121736265703,31.267289597369956,14)
(121.37652413260739,31.231993707799045,8)
(121.43733041450884,31.26041851092089,4)
(121.36131482949413,31.308574844764223,36)
(121.41670895275094,31.22937009624064,3)
(121.43512683778167,31.233446475913848,25)
(121.39017084665747,31.26722260533581,37)
(121.39003461475471,31.28253964834841,2)
(121.4073910721641,31.245526738311515,21)
(121.41572703202914,31.289923488054367,36)
(121.37642679254407,31.2365963525603,14)
(121.42227435254243,31.260207316585078,36)
(121.37584901251184,31.291664220667606,2)
(121.41072449161699,31.228086662775155,21)
(121.45402165822337,31.270878405453978,1)
(121.4227008909904,31.264572350642887,15)
(121.45118279228804,31.260209838194996,37)
(121.41716208802596,31.27944501003661,3)
(121.44176311636569,31.264758971672205,36)
(121.3875158759208,31.25920914113664,36)
(121.39023566212528,31.257969936229532,35)
(121.41010014568931,31.22775722320302,8)
(121.3821620252154,31.232463747503385,28)
(121.40891760753176,31.231064877510203,3)
(121.42118103671434,31.24067987084393,2)
(121.38579449176115,31.284308591963807,16)
(121.44390916617247,31.243136103443554,2)
(121.43560897354429,31.258658010252972,14)
(121.38272952107903,31.25364580160283,28)
(121.367614119362,31.31425004873115,50)
(121.3739797562026,31.227781333561474,36)
(121.42461219825422,31.241996023097805,36)
(121.44630440530284,31.24163534378516,22)
(121.36497222029642,31.31329884179493,33)
(121.36411490127742,31.309940149922884,15)
(121.39898933403059,31.301298431254512,27)
(121.41029065420949,31.245457240166314,36)
(121.43899733840615,31.245434621334233,32)
(121.45350213299793,31.252579869024945,24)
(121.4306197869317,31.2680388561031,31)
(121.45878451335292,31.259695904077727,4)
(121.41770161204131,31.233591830295865,7)
(121.4600782606239,31.261610871939524,10)
(121.38658149473024,31.28683728862634,36)
(121.38987190804303,31.28040421482584,28)
(121.38934337557582,31.256438683065593,30)
(121.42869871612675,31.263267770140008,14)
(121.36754066365745,31.252811896116985,5)
(121.45580846191368,31.267218256205975,1)
(121.38239246052325,31.245902048957127,2)
(121.39750298148992,31.235793157483325,36)
(121.45883251280108,31.259878148751184,1)
(121.38377837264198,31.28440381127302,15)
(121.42864992087382,31.264960542109513,26)
(121.37704850433441,31.278111131578573,36)
(121.37556803040326,31.271744850425552,1)
(121.44035983080859,31.253024004483592,2)
(121.43233999074542,31.265918464256195,72)
(121.42512224975978,31.239601646162512,32)
(121.43602623549302,31.246099953463947,14)
(121.38676113710078,31.262616331004757,1)
(121.39667144071419,31.245711272756477,36)
(121.3857476994146,31.289502565454555,8)
(121.41301012989025,31.247544613241566,37)
(121.42390279791775,31.241278248284885,36)
(121.34097795119496,31.286493791430676,36)
(121.3765041036733,31.249567337788655,24)
(121.43382744206126,31.274491043202786,36)
(121.41487633193721,31.246559602026647,20)
(121.39567672628935,31.23209565547304,36)
(121.44276826414352,31.242075456306605,2)
(121.41265717032294,31.24670333007623,7)
(121.4101619527654,31.25555499320979,24)
(121.38804449276032,31.231554091157374,19)
(121.43703159932689,31.234056194669492,21)
(121.36859154940915,31.300258089201158,37)
(121.44953856665617,31.253158578284385,14)
(121.38687478793028,31.286934571866738,36)
(121.36581238113288,31.24250822757615,6)
(121.36587583472658,31.27639453365935,5)
(121.36793376793653,31.29245307341503,6)
(121.45393372017955,31.27391935393208,10)
(121.40730074972838,31.258705693902407,28)
(121.42242008846456,31.26028114677471,37)
(121.40056763819325,31.286929219811576,2)
(121.41750639525672,31.239479352648342,15)
(121.45320896737347,31.245628630919022,1)
(121.38367050508273,31.229503862581375,109)
(121.45964502965077,31.268715870008464,41)
(121.44205244220257,31.263163841829083,33)
(121.35014966220552,31.287179630427328,23)
(121.40315344340145,31.24824486542742,36)
(121.41093348999455,31.24508397188201,35)
(121.41244821779162,31.25948346234917,33)
(121.39583080772394,31.23205471054424,6)
(121.43274350177634,31.248933927063355,8)
(121.44042994406689,31.258048093967364,8)
(121.42323421851236,31.262150931421395,35)
(121.46053648366839,31.25527109606012,4)
(121.40185599621304,31.26395197539232,20)
(121.3873249790484,31.22675277957598,16)
(121.4607236064056,31.261308279744988,6)
(121.39237251240854,31.230749222969177,36)
(121.43058637278328,31.256454930490413,13)
(121.39019935399335,31.259363126715673,12)
(121.42089701289643,31.26486332042109,26)
(121.44462482823826,31.24392128076114,23)
(121.42817997943604,31.25941060652176,24)
(121.40747265611397,31.276183717104246,6)
(121.34757346607852,31.28175848308835,36)
(121.41479942752407,31.26775088457654,1)
(121.45391266637276,31.247046598250044,6)
(121.37476426443295,31.2894660152235,33)
(121.37956854434564,31.27479258935306,36)
(121.36440144118518,31.309445684042,23)
(121.39192406883343,31.25235365894134,21)
(121.42516646108895,31.24472454573984,36)
(121.43407904395178,31.279151585615,4)
(121.41822495813403,31.262259049613963,9)
(121.45214050739727,31.2658933223808,30)
(121.3859761539383,31.247815692317644,24)
(121.45024437154514,31.2488975625592,36)
(121.38300525928396,31.25853119816298,1)
(121.38367559328043,31.242267661224304,11)
(121.44668185848306,31.257822921235853,6)
(121.398744060319,31.287833005503256,36)
(121.4414058004253,31.26508965985604,10)
(121.45820567783726,31.256771629019493,31)
(121.38562718137412,31.247857131301032,7)
(121.36509751214822,31.276966607500015,8)
(121.42849956227354,31.2473810250812,36)
(121.38247235749226,31.278145986844326,9)
(121.3918042106887,31.2350782725043,68)
(121.38562207436215,31.28315275709413,1)
(121.37523528944799,31.25889582937695,31)
(121.39900744093872,31.245130932997743,34)
(121.36839372714111,31.30933977127044,7)
(121.4327070971252,31.25300859333782,1)
(121.40650877430325,31.254459445099737,25)
(121.38996784765126,31.232865601756924,27)
(121.4295895328664,31.246484647741227,20)
(121.40992319388306,31.259235736319724,36)
(121.43125035158651,31.24943111680801,30)
(121.36792065792385,31.314471572339446,5)
(121.38649275440098,31.233376142647394,35)
(121.35400660725635,31.293111136943903,29)
(121.38493353345271,31.231643407711264,8)
(121.38107678213922,31.24450009425397,14)
(121.42403266176079,31.241084062217777,15)
(121.38195296763996,31.280612487795924,14)
(121.3879733735748,31.25731012682974,36)
(121.37693252186602,31.268639032136637,36)
(121.41318249635984,31.240946615497933,19)
(121.42194087034872,31.260656746271813,1)
(121.37694781607492,31.271782375581804,17)
(121.40429925948973,31.284644037853024,7)
(121.42056273386893,31.231873248621934,30)
(121.39562050813952,31.27585278062942,36)
(121.4534257863438,31.246488326682996,17)
(121.36596276886792,31.288616615174462,29)
(121.43591429678686,31.267755521230466,6)
(121.37443211451169,31.247276740410747,36)
(121.40616994559367,31.302306210139463,2)
(121.44613616670223,31.282854422630855,22)
(121.3894274159395,31.256080588528878,14)
(121.43339213191562,31.25739918602423,27)
(121.43899683200641,31.239610006525528,36)
(121.41111650462919,31.24572722658926,14)
(121.33866195583505,31.300475972722424,16)
(121.40690315722975,31.304651133977806,13)
(121.41121529222796,31.243557238696255,36)
(121.4022606398861,31.270220726743194,10)
(121.4454184834725,31.258212254694246,36)
(121.40854729396197,31.295768615250825,7)
(121.43804445762234,31.239904474227167,21)
(121.43723205625069,31.265955018762906,15)
(121.39162456638809,31.268904170920894,7)
(121.41300033990912,31.249914665854305,36)
(121.37804138583601,31.25047787223056,23)
(121.40830334761324,31.238852471202836,1)
(121.38809859209601,31.26004130364743,34)
(121.42168530889454,31.248322962791324,4)
(121.42494072354941,31.25163905188186,36)
(121.45995430349998,31.26981954965813,10)
(121.4101844498764,31.231420900316248,9)
(121.44708256626208,31.241720979480444,23)
(121.42308934528641,31.26215103622048,21)
(121.41739349658654,31.251367709748912,19)
(121.41148966705067,31.248621442603557,36)
(121.40530221967187,31.237206695159212,14)
(121.40906228210584,31.24420058674628,5)
(121.40251731748796,31.24293890257442,37)
(121.42794874576407,31.23078204241455,5)
(121.38672672171475,31.287818806451575,13)
(121.41252743793609,31.297108703162962,25)
(121.40112149235917,31.24896327185553,22)
(121.42451960625463,31.27887824621177,2)
(121.38608908954042,31.241821629983495,37)
(121.41265036769107,31.246924628962837,36)
(121.45329867623869,31.27624739986149,2)
(121.42246459942653,31.260224156146823,20)
(121.37414001799134,31.228065666777532,27)
(121.45086112921365,31.25064617031263,33)
(121.4004497677133,31.242986427191386,11)
(121.38525710020986,31.251665284462206,37)
(121.44189294408186,31.26553210183663,3)
(121.41154894970927,31.2291006008209,19)
(121.37516458208063,31.228874311696675,41)
(121.43381483763443,31.26094521883626,36)
(121.41796322433144,31.229111399891373,36)
(121.3642449193357,31.30975786527604,2)
(121.43530270118512,31.238141133354627,10)
(121.39806132026497,31.24825797928297,11)
(121.37403047096348,31.281229753577335,37)
(121.4304873217641,31.23784574231221,19)
(121.40678304146024,31.246047735732244,32)
(121.38350546687049,31.25597778108527,6)
(121.35971179216214,31.287843017693863,1)
(121.40811814277035,31.247803492208092,24)
(121.37660431734892,31.27149785239993,3)
(121.39457346934596,31.25947830253015,35)
(121.40214272890445,31.23715321549045,6)
(121.39187092598905,31.231329392269977,36)
(121.43856851147575,31.273511373543947,7)
(121.40342389612324,31.304854927321202,36)
(121.41464875519196,31.261760334801952,1)
(121.42863493766464,31.264952553219068,20)
(121.40495879497264,31.23265559128324,8)
(121.44892764037408,31.25292577848202,63)
(121.398435385214,31.247158632091754,36)
(121.42088841018622,31.256905734037552,36)
(121.44141989705678,31.25501528502939,6)
(121.44054463924155,31.25689142091808,12)
(121.42553685116513,31.241127128869447,29)
(121.40797281435106,31.25873053272611,2)
(121.41980494306596,31.27059548101755,2)
(121.41489456303415,31.28366043304694,3)
(121.380047763744,31.257901674699124,1)
(121.40302261194444,31.248163139060516,24)
(121.33966012846547,31.29793240622692,36)
(121.39133887532799,31.28957894921426,36)
(121.41588378284264,31.277633086456547,5)
(121.3631406685738,31.309233941346594,22)
(121.43672931062521,31.25370795053068,8)
(121.35091602820634,31.28157659513846,36)
(121.39682755725755,31.23466735985917,5)
(121.42359787734031,31.250424910356685,36)
(121.4396980808062,31.24484835285423,36)
(121.43682873884367,31.26636173150831,37)
(121.39934123696376,31.231856832131285,66)
(121.3557455419444,31.286190344602286,27)
(121.36349581662775,31.30913768137234,12)
(121.41789806043992,31.272631615596136,1)
(121.39261308276444,31.29940019198611,37)
(121.3646952906044,31.27886908646452,24)
(121.37699359196826,31.268481036638942,18)
(121.41072739208622,31.243450275762502,32)
(121.44519010782945,31.260097455446008,7)
(121.40999443067373,31.24228285980931,2)
(121.46308307359489,31.261710062136416,22)
(121.4021720071422,31.260337742914654,36)
(121.39174210036396,31.265737336808467,3)
(121.36317107458069,31.302320660418538,10)
(121.4254979979345,31.26107470828649,36)
(121.41031771765387,31.269161539260704,4)
(121.41599807108673,31.26095849130952,32)
(121.43341649588771,31.239027007682672,36)
(121.3759730060211,31.301072081391688,36)
(121.41368834640485,31.26420368794374,7)
(121.4117356032245,31.260076405282028,27)
(121.4223032211073,31.253070643127483,30)
(121.45200264818375,31.252315710641405,26)
(121.4364779768617,31.26457931270154,32)
(121.38918474440628,31.27371494135302,20)
(121.39785198728848,31.30282060228078,14)
(121.44014163803644,31.271633325310603,2)
(121.43025129148343,31.2475426796464,36)
(121.38698105362495,31.231372630241587,5)
(121.4307466946668,31.245906092219627,10)
(121.42310955673847,31.243676521718353,36)
(121.38045103422407,31.233187325287652,8)
(121.41501270680715,31.229112809548447,3)
(121.41958349542608,31.235970139506485,2)
(121.44126672718474,31.241327934064465,45)
(121.39231214859313,31.238553746136017,19)
(121.45245135802685,31.25609018390392,3)
(121.41991881364771,31.27332683421296,25)
(121.42368978599265,31.250386469274392,10)
(121.39584702447549,31.245922988984088,33)
(121.41887065333104,31.229021896845325,14)
(121.37911624278966,31.254979635115443,34)
(121.45907374354859,31.25956521337736,3)
(121.38490009617244,31.267386763701026,11)
(121.4538004762994,31.27627040483595,7)
(121.39062137572739,31.290255740235825,36)
(121.42409489583669,31.25588957790261,36)
(121.37411406466404,31.275129335885843,36)
(121.43535009329591,31.255298679285087,18)
(121.42498463954628,31.239699691617588,28)
(121.39024688420179,31.26917094608954,2)
(121.44366636615972,31.251506217685368,14)
(121.41394724717651,31.26417859916431,9)
(121.41341118016655,31.2382313253764,1)
(121.41183886692352,31.251936649785332,36)
(121.34208653450582,31.292598798532836,14)
(121.38086156515179,31.290999586723917,37)
(121.40204458885394,31.24728574567435,2)
(121.43757298066335,31.248490962699133,36)
(121.45870074975738,31.259896173808205,2)
(121.38477470036523,31.277100023006675,6)
(121.4409460875847,31.235849449304798,1)
(121.37357029362184,31.264055971295594,36)
(121.45236843552084,31.259693214413115,22)
(121.42238718032648,31.259933940596472,8)
(121.44145909442416,31.25487627637177,1)
(121.39496761843252,31.27222749716254,141)
(121.4438114019689,31.255148580762057,12)
(121.3942714495827,31.29578617683208,33)
(121.37035445494232,31.233675891239194,36)
(121.40210339070796,31.260447028849217,10)
(121.43698616952216,31.23976684974019,6)
(121.3852595840563,31.280171429688817,18)
(121.4090207718883,31.245069476462234,19)
(121.4150692168061,31.26912032868142,5)
(121.36884110188579,31.287853076878786,37)
(121.43767490051258,31.241576384593692,2)
(121.40299040406533,31.250590727769186,16)
(121.40028878058077,31.232256515214306,4)
(121.45487268739896,31.252741339840124,4)
(121.4335043604663,31.238904848511137,25)
(121.40146764075676,31.231175058049146,23)
(121.45466177299427,31.25843752872597,5)
(121.41920749402367,31.25403698826341,36)
(121.43376447108969,31.244440028810423,21)
(121.386283016775,31.255175231160102,31)
(121.39436638429359,31.24764193174742,2)
(121.42485604953302,31.242972267835157,4)
(121.45020651033413,31.26101593104927,17)
(121.42544400644768,31.26055452858074,7)
(121.40302784122665,31.24776014841876,8)
(121.40538271929462,31.242872257653758,35)
(121.38722941967035,31.231466645855495,59)
(121.44844194824873,31.259666580485494,23)
(121.44895335119435,31.259152868401255,18)
(121.40123948378579,31.26946373677276,37)
(121.39452729436132,31.25779354809419,2)
(121.44123012350917,31.265126942705013,4)
(121.44876755465638,31.259419901625257,25)
(121.41244807485683,31.23608318385291,1)
(121.43214155300183,31.253846076061812,2)
(121.42934477595954,31.26025327209987,29)
(121.40471602021759,31.25796766440906,5)
(121.44513636182431,31.24584962970174,15)
(121.4129261058451,31.269867307675803,1)
(121.38310556662555,31.24752329985409,14)
(121.41052837813032,31.24282102525722,27)
(121.44179429519826,31.267471079348347,25)
(121.38606269042394,31.283492490143136,10)
(121.4557249495592,31.276116326611856,13)
(121.41183698770243,31.242174299230225,16)
(121.36317237403586,31.30491805468535,24)
(121.41080341104515,31.26820810181441,3)
(121.38656296924925,31.293274400476076,37)
(121.40665310061149,31.246725035489792,23)
(121.42913309395976,31.262019807786416,3)
(121.38766240484435,31.273307738073207,1)
(121.36155886814738,31.286353983400353,15)
(121.36691091834801,31.31426603489136,35)
(121.43689505222571,31.273266345370594,1)
(121.42915242834594,31.249860452740457,9)
(121.44916389336451,31.258937304424062,21)
(121.44681942328644,31.267605883523085,8)
(121.43612527565112,31.23685066270332,52)
(121.3772080345345,31.27019901236974,36)
(121.35492520193512,31.28774468771056,36)
(121.41599667043053,31.244899442374845,2)
(121.45642644630556,31.269800286495688,13)
(121.43035251376111,31.23383722536599,57)
(121.41192048718666,31.26155114804397,157)
(121.41205664111264,31.272967822279597,1)
(121.38212505896159,31.244855316748716,15)
(121.40389404114988,31.286968368611518,45)
(121.4368885260909,31.253544112230063,6)
(121.36407016601493,31.248015620501892,47)
(121.36414910580338,31.31069585212839,2)
(121.36497093158391,31.270944835979172,36)
(121.39872448981379,31.24698766095571,13)
(121.44039886127749,31.25895207112157,33)
(121.42529649211342,31.241516257193968,26)
(121.36494844976946,31.244675467685365,17)
(121.37272129873983,31.25587234446341,19)
(121.45415763921874,31.265055956669432,16)
(121.39154964763054,31.27366756168341,38)
(121.45757887631456,31.267820119660616,6)
(121.39534405786605,31.24754845169241,10)
(121.43661459298288,31.260786625480712,36)
(121.3905918967791,31.296499203574704,24)
(121.4365777111752,31.284403581572192,2)
(121.45025933539617,31.248868521589348,2)
(121.3856612398066,31.237007085972273,18)
(121.43700657589245,31.263465185696724,18)
(121.42366143694008,31.269010543102514,1)
(121.37235042225728,31.286882897856884,8)
(121.43529440690321,31.235181967296633,36)
(121.44401202440699,31.250832819111984,22)
(121.44662096570671,31.257599930144547,3)
(121.42723706534737,31.246056869128246,25)
(121.40935363572474,31.243492477078178,16)
(121.42518276453664,31.239508358828342,4)
(121.4531974274795,31.247601276904152,2)
(121.44132193457096,31.264874695602312,7)
(121.42898621337724,31.275613800665596,3)
(121.36332709376747,31.30907796254543,35)
(121.38146253465486,31.270821917768448,25)
(121.44417703006074,31.282033372155652,3)
(121.41775140035678,31.252625094451837,22)
(121.3767344994412,31.271520015121713,18)
(121.407582950783,31.233767187550423,8)
(121.42812998205646,31.25088344264476,29)
(121.45933320439173,31.272746258455275,1)
(121.40671772256296,31.242389098374783,17)
(121.43557204169171,31.23863695351669,23)
(121.3921995478653,31.26702917531355,3)
(121.39644256042122,31.240124746784932,61)
(121.40261204265961,31.23955439760426,5)
(121.44168914179349,31.24065134528449,17)
(121.42332416630549,31.262460999183585,36)
(121.43867705248864,31.23591378269673,21)
(121.40764643436071,31.258720965265265,36)
(121.40449201462788,31.30447092271768,8)
(121.41262056031444,31.247157622285965,37)
(121.41687311424711,31.233223038864423,30)
(121.36961302679693,31.272951110293054,31)
(121.42409361046464,31.241141041323136,9)
(121.41587414604571,31.26112461208397,20)
(121.40208350297976,31.257662313153933,13)
(121.42251765558164,31.26010055659469,11)
(121.41690234574666,31.227157486271167,28)
(121.41145947322136,31.273349828367504,30)
(121.39226087329772,31.270256579727896,24)
(121.41799509984084,31.250833187712807,28)
(121.39530139271052,31.291410221378214,16)
(121.41410564971284,31.246573864063205,17)
(121.42227457277028,31.244303478138487,24)
(121.42130433367215,31.247189270520604,39)
(121.45942129142945,31.265305790293272,21)
(121.38240739629543,31.244964645581497,2)
(121.4343366051962,31.25550122560464,5)
(121.34112226606324,31.28640402669462,5)
(121.4442138665384,31.246538126203717,7)
(121.42565738063809,31.241751252553403,36)
(121.39128468410216,31.276390523860133,33)
(121.40987138111082,31.259598224830935,20)
(121.39040278276556,31.239540942008706,2)
(121.41977043263792,31.241555029701914,9)
(121.40675781693977,31.260663378064283,30)
(121.40043255260515,31.22910410685151,34)
(121.3907036010229,31.26914809910963,12)
(121.38522085428673,31.297507873601056,2)
(121.42073091940335,31.235428771872524,11)
(121.39744114706683,31.226543882928812,5)
(121.37499883600952,31.242685326783246,37)
(121.4231193451482,31.26244914274388,36)
(121.34695331776425,31.296731814131196,30)
(121.40921134021383,31.23182277233879,6)
(121.39820823156509,31.269446211622498,18)
(121.38865492307514,31.2339733962618,1)
(121.41223826566804,31.244464947575537,36)
(121.34608356461021,31.28112960315552,1)
(121.42263364871121,31.284047533010725,4)
(121.37950479589001,31.244107253098854,4)
(121.44507695929858,31.278748530087885,5)
(121.39504685230087,31.260627043790777,15)
(121.37873191619225,31.244994591662774,36)
(121.39140782396316,31.227395913608053,36)
(121.44260740386899,31.251678982668775,10)
(121.4022995792695,31.269424398557163,9)
(121.44726446934538,31.2443889790949,36)
(121.43108457411009,31.27243821611535,14)
(121.39578039172547,31.2620320106979,36)
(121.44866461356607,31.252025564494094,24)
(121.44384054880892,31.245998494820608,30)
(121.35082123809639,31.296092720959912,32)
(121.42354475607189,31.237082619312297,11)
(121.40990688985819,31.26028613085994,32)
(121.40095891754336,31.261259997035243,17)
(121.40304583968343,31.23210350586558,1)
(121.42279270832563,31.274830619301326,4)
(121.43053576475192,31.2665623174262,3)
(121.37290379359787,31.235315416774853,36)
(121.42640313071226,31.238830110905905,37)
(121.41190638379015,31.27242682351879,4)
(121.41147189743758,31.23258224126935,1)
(121.46394222233711,31.256582829222346,4)
(121.44187725643836,31.25730558225782,12)
(121.41369342638087,31.261317719189385,18)
(121.39803541034733,31.306729180896863,50)
(121.43357412674673,31.248837212935577,2)
(121.36435693496429,31.30953217870315,36)
(121.42700722458443,31.270200299242596,11)
(121.44105258102518,31.255207926069424,7)
(121.37400225148477,31.28720678686074,36)
(121.44802048360594,31.253963450821978,24)
(121.37021316026757,31.2305206368998,36)
(121.42964211099805,31.246326426558774,4)
(121.36881286777304,31.299683177176757,37)
(121.43759534285817,31.276007760947742,5)
(121.39570568872107,31.26020426398634,32)
(121.43794792304918,31.266366219234715,23)
(121.41544478921963,31.27074667776418,3)
(121.44183011709347,31.243221434571335,1)
(121.4180490686184,31.25084616694283,33)
(121.437246047073,31.254637112124293,2)
(121.42564090218706,31.238693698583216,5)
(121.43648805535688,31.25394690336644,26)
(121.4158682941063,31.251330346266865,32)
(121.38403371605573,31.227666340406426,10)
(121.38128178552314,31.299170255822027,37)
(121.41620313078846,31.25135122109825,36)
(121.43278799213773,31.23840960515707,36)
(121.42902487342143,31.246550143504926,36)
(121.37974918378902,31.245003918176455,36)
(121.45290795811233,31.245803050692352,4)
(121.43953074536739,31.25635828117702,23)
(121.39630026185014,31.25044840723608,2)
(121.40894615313,31.27636719916011,23)
(121.41772118004683,31.249897907244716,17)
(121.44807077404987,31.26376620929637,32)
(121.34004754511481,31.292887129227353,36)
(121.39279419039173,31.258098703222604,4)
(121.42251576729653,31.238437971937547,10)
(121.45547492186266,31.270926749362896,15)
(121.42679166372629,31.238190480235556,12)
(121.41948882933897,31.235730636387526,12)
(121.37132439296835,31.31327385137726,29)
(121.42119430780629,31.26489421343207,14)
(121.35522963472692,31.287744092239933,19)
(121.40914602932259,31.22474993704743,16)
(121.40987788281551,31.245639353369253,36)
(121.40922942321146,31.24381652216846,1)
(121.36976963042959,31.232701026799038,11)
(121.42734581402804,31.252075511327373,4)
(121.39195214430949,31.229154111661416,1)
(121.42086171259572,31.245645297258058,15)
(121.40388091907285,31.240850827607552,9)
(121.44640042603888,31.244835854798254,14)
(121.40469999802903,31.24674392780696,4)
(121.45705220695207,31.26883687202531,42)
(121.37891867939635,31.262941864407136,7)
(121.38436220869939,31.2292543771568,19)
(121.3842850010802,31.271432350792665,102)
(121.39540758015465,31.300974800276425,15)
(121.4439653127948,31.243817823574,14)
(121.39458848127106,31.259510324290023,30)
(121.40650670057688,31.230677771562114,1)
(121.394615181305,31.30174569641988,16)
(121.46126709479678,31.260960054841277,36)
(121.45940068751163,31.263922089969256,2)
(121.4096440250951,31.259487177783996,33)
(121.38757405428264,31.282377285921697,27)
(121.43067661683791,31.262306168785248,19)
(121.45053412815257,31.26510707009084,4)
(121.38829294594024,31.296514533152752,36)
(121.40576287514115,31.23920561537987,115)
(121.44704515856161,31.24172047298154,34)
(121.41354615741604,31.261445545523138,20)
(121.4250081377308,31.24567435433771,36)
(121.40589021785418,31.24826669473798,7)
(121.39103928631006,31.25103650404761,27)
(121.44007373490541,31.260501958012533,30)
(121.44129255163926,31.28281324345859,1)
(121.39727417170025,31.239216615967038,37)
(121.40264142026125,31.25039365749263,5)
(121.3871306502049,31.282538993699266,8)
(121.39589111984532,31.22377491080372,2)
(121.42684378573388,31.228758119276502,15)
(121.33438973101909,31.29405631661956,5)
(121.40247458057286,31.24492113447365,4)
(121.45524699700835,31.276809681585522,7)
(121.41254534220806,31.248276056334443,2)
(121.34343480347658,31.29199015365045,9)
(121.43471208347029,31.24439885751582,4)
(121.3448578820423,31.299324700656136,29)
(121.44428970791462,31.25986578394387,1)
(121.4259902634903,31.25729799179662,37)
(121.42400968545168,31.241113092797463,36)
(121.41354237342246,31.252446631500867,34)
(121.44163404464767,31.261210646795604,14)
(121.37266023314949,31.25619240455474,9)
(121.39011360215102,31.240161020123917,10)
(121.44205436188754,31.285231060764442,36)
(121.45750426349467,31.268499107405646,8)
(121.43065023613563,31.27363017961146,26)
(121.43347449159245,31.239922343733515,6)
(121.40591907041849,31.2236184811233,21)
(121.40680310060401,31.30399487974438,5)
(121.43648353790756,31.246305448601763,6)
(121.460617309151,31.255764129650167,35)
(121.38934116116812,31.231016301750767,19)
(121.38939604869613,31.25216885341537,16)
(121.38894207318351,31.29137298489917,36)
(121.42208251347128,31.25433934910865,36)
(121.40616059303849,31.24364811949956,50)
(121.3650650411733,31.284676616961878,26)
(121.37218648844188,31.256008704962778,36)
(121.36442234409682,31.309452486443938,20)
(121.41868111682759,31.24441298981822,13)
(121.44850911254989,31.270869260719746,21)
(121.4098265700694,31.259448115808596,1)
(121.45343880846693,31.26219630422494,34)
(121.458214225201,31.262303270524384,34)
(121.42452105311986,31.25080401704988,20)
(121.43804454148004,31.240868909127705,4)
(121.38295812646038,31.24611769795177,4)
(121.38932634469329,31.233271324801606,17)
(121.36313606795537,31.30922984084297,3)
(121.46058824056615,31.26559943943916,1)
(121.40332362403093,31.301938782411547,36)
(121.40442530962498,31.23919751378556,36)
(121.39333517568183,31.242222010952847,16)
(121.3848057316498,31.256076003121365,11)
(121.4333710302119,31.244835009121456,37)
(121.36965716131321,31.252477743643603,34)
(121.46045925294091,31.27327197320491,1)
(121.45353960300793,31.24751155427009,1)
(121.34494066691335,31.30887098554566,7)
(121.38959063204781,31.29140647564877,1)
(121.37828605695722,31.276812012062358,11)
(121.3868703002886,31.269906529510493,4)
(121.40335316534603,31.28518012347196,36)
(121.44145309301344,31.25444427606835,3)
(121.44542292123313,31.242127087400014,30)
(121.38923854216513,31.27933500964207,36)
(121.40610137044538,31.246527966594783,7)
(121.36852353029244,31.312856824747943,6)
(121.37379789864892,31.244067512331267,4)
(121.43038282124462,31.235601328264064,7)
(121.45468980905763,31.258895223511637,4)
(121.39754099587302,31.235755155644075,24)
(121.38026670251196,31.27479457451787,2)
(121.38615407054904,31.286808916040584,35)
(121.39722053810516,31.264829949189703,36)
(121.44808202461148,31.247777035692703,5)
(121.40896235733021,31.259412136382444,26)
(121.37223844471764,31.3131977781398,36)
(121.35511408629837,31.28410942064575,38)
(121.42003112864239,31.25493089617158,27)
(121.3878655476301,31.296411158535925,37)
(121.41444201171316,31.247956101818648,11)
(121.36701942380934,31.23723318721443,1)
(121.42876463707161,31.2656136439055,37)
(121.44134490998137,31.26507274529457,36)
(121.43667149742389,31.253948038894258,36)
(121.3924727590405,31.238349591271394,36)
(121.4081250519077,31.24769248581273,1)
(121.37717851482229,31.2876871966924,22)
(121.43004646689572,31.267340031840597,9)
(121.37579674588426,31.300946820508834,36)
(121.45754026978562,31.268493412713894,4)
(121.42803177159873,31.24248118176392,1)
(121.43416148894016,31.26270155675011,24)
(121.40661310633621,31.304060902479357,35)
(121.42170781298124,31.262358894414234,36)
(121.44190817152506,31.258529920965714,36)
(121.41380060960365,31.244778157083484,8)
(121.34859402639766,31.302204112938202,31)
(121.4305488882151,31.245238003556263,36)
(121.45957525674201,31.25767928933426,3)
(121.43774770997193,31.237185651162584,4)
(121.42536846980414,31.26500250067167,7)
(121.41160470457064,31.24938675846972,36)
(121.43786299682961,31.254133052388557,29)
(121.34390592936708,31.29187347425108,15)
(121.42723507772395,31.25989569269152,15)
(121.37655813864043,31.23258571176551,3)
(121.4116213682884,31.268499032015477,27)
(121.39192743881163,31.229238806880936,31)
(121.35387623175681,31.29186141286738,36)
(121.4464610710363,31.254999073683546,28)
(121.43042060993827,31.251654983568844,31)
(121.44871366106807,31.24779690360328,33)
(121.41104735287486,31.243805380274225,17)
(121.4231043606656,31.262477165585757,36)
(121.42886806082817,31.2567513819187,5)
(121.42075247497831,31.234268748411,2)
(121.3915095415903,31.225713150512465,1)
(121.41746338383594,31.272423418076603,1)
(121.44493095775448,31.263895523097702,37)
(121.38624602396632,31.293321175229647,4)
(121.40242643024976,31.244459565498133,19)
(121.44267623190422,31.251194660934917,36)
(121.36736277361727,31.296297969990203,29)
(121.45487681276892,31.25937156026242,34)
(121.37707770686403,31.26847713312329,20)
(121.37647637400568,31.297194163190788,11)
(121.4072315257023,31.25168023078774,7)
(121.42487883897286,31.240810277589905,2)
(121.38771923036312,31.282848594459303,15)
(121.41352659439639,31.26637066008871,3)
(121.38297700211461,31.290412475331593,24)
(121.40544349809669,31.22472567732801,3)
(121.41001106645365,31.261065124664224,7)
(121.36859697337657,31.251446923735738,1)
(121.4270503628566,31.237931131852495,37)
(121.38562958559703,31.229852786818086,29)
(121.42944576124042,31.262511707174088,36)
(121.43327719496615,31.256258824942773,8)
(121.36535478438013,31.251771223966156,3)
(121.41477090411023,31.24113721100204,1)
(121.4292172335164,31.264771904262886,67)
(121.37812479741983,31.27628461099668,1)
(121.4472763358939,31.27133328966933,3)
(121.42695963966634,31.23998214093575,13)
(121.3893837001768,31.28272781529339,24)
(121.3764199912988,31.23666175139862,13)
(121.4410300205587,31.236818763821258,17)
(121.37807298129208,31.290687429899286,6)
(121.44821400083072,31.254901750406663,30)
(121.36445908980562,31.23905720230481,36)
(121.39124029741863,31.295282158717807,36)
(121.38217910362603,31.244644276294046,37)
(121.4346646878694,31.261996637741955,7)
(121.38156249565905,31.26900325200541,26)
(121.40280425884193,31.287427939956736,8)
(121.42918469118139,31.246644027084873,11)
(121.43463522514958,31.279118892639975,3)
(121.36423015854639,31.244600344639412,36)
(121.38390242516637,31.260390708461426,18)
(121.39297496907025,31.257210348212446,1)
(121.3978262949178,31.226207881917876,12)
(121.38577801876849,31.267585622806322,17)
(121.38948047401254,31.256230692596915,35)
(121.38774922152709,31.28242844641888,19)
(121.36676851828123,31.251976323792544,184)
(121.40247374388989,31.259405149157153,35)
(121.3713969394543,31.309929676603076,6)
(121.37735203372353,31.25642727669042,25)
(121.45524648376937,31.2708902063382,27)
(121.36848825985449,31.25280624902626,36)
(121.38855199163373,31.28290626666449,15)
(121.38374356449559,31.2295709485939,29)
(121.41675877140838,31.239061500807548,2)
(121.38931046097537,31.2571518686847,26)
(121.37516684600155,31.254923017704222,10)
(121.4370172596027,31.264322609791034,36)
(121.44034885017545,31.258934061784682,15)
(121.39198428212198,31.242812460441662,7)
(121.42354595236937,31.250810763478214,19)
(121.36831028961277,31.314194024632364,29)
(121.3645959675414,31.312478199694848,13)
(121.37936862675613,31.293180690797215,27)
(121.37107852059056,31.25332105587291,6)
(121.38433091583096,31.24927639491957,14)
(121.42736699744748,31.251112286238826,36)
(121.39654830253569,31.27479512836984,1)
(121.44299826696437,31.281562080536176,6)
(121.37716063131317,31.254794342449223,40)
(121.41113084270134,31.238175829880692,1)
(121.42294555503547,31.274579405963134,9)
(121.39804749214406,31.26177087733094,37)
(121.36115300784115,31.285225879996442,5)
(121.41761854385685,31.23045518473396,4)
(121.39242969058756,31.278248021562685,14)
(121.3961070669366,31.24479560825463,17)
(121.43142654856918,31.2658000366571,18)
(121.43004754658112,31.275037185920503,1)
(121.40914880338161,31.244068304952954,19)
(121.38932506222915,31.270198444488447,28)
(121.43937012847542,31.23887614104079,8)
(121.42756175004398,31.248799537901675,37)
(121.42025615385018,31.257073501676853,32)
(121.41471269992736,31.237616909270564,78)
(121.42282729247184,31.236024658025475,20)
(121.42403302004678,31.24519590572764,36)
(121.43801572439264,31.25389973994571,8)
(121.44061768973275,31.268242962912133,37)
(121.41593300373997,31.269721102683025,21)
(121.41089893466332,31.279614898825567,4)
(121.42822740568543,31.251668761042218,10)
(121.43343378270289,31.24259959721575,2)
(121.3838248076005,31.270524074118903,26)
(121.3718833225329,31.24846300036773,28)
(121.42518546519588,31.239504059393738,8)
(121.36584579571739,31.276551554236924,14)
(121.385174880102,31.292885158503413,21)
(121.38185057045402,31.24293818395447,2)
(121.41358727052983,31.239990070014272,3)
(121.40597308622355,31.23524984618011,35)
(121.38504525190812,31.267429912040154,36)
(121.42611347333357,31.239303574888595,36)
(121.45265399174619,31.25279191756479,31)
(121.36725434985647,31.300935437218445,36)
(121.37231343043837,31.264603580879516,25)
(121.40709654698371,31.251887322681128,21)
(121.39526800826094,31.272381885415676,42)
(121.43793188038562,31.254099943187423,16)
(121.41886450778227,31.232035857989036,13)
(121.45918659183573,31.24971265492734,2)
(121.42542132643193,31.26854466392399,1)
(121.43168595185335,31.262887505551685,36)
(121.37856338448664,31.245194564736174,3)
(121.43014386580877,31.24764465775387,16)
(121.40007473858694,31.23259360646396,33)
(121.385727095089,31.289742861341317,36)
(121.41097395336773,31.273413223549685,8)
(121.3871534042545,31.2274825401474,27)
(121.3736522984303,31.255486204232003,36)
(121.36506646145357,31.27701758191093,1)
(121.40424288700103,31.24607657955336,28)
(121.36152756298155,31.283508777068366,24)
(121.42281280505955,31.24176026303913,19)
(121.42152505324232,31.243938113709593,30)
(121.42880116895718,31.276875760537198,26)
(121.44192946733257,31.2490341872001,10)
(121.40266802643002,31.25408785558838,2)
(121.41977360007361,31.26972140109622,8)
(121.38610515242779,31.253854983476913,17)
(121.38336148926751,31.29104309715538,20)
(121.42697447076702,31.23822833457021,72)
(121.37839797899667,31.251206182032117,36)
(121.3936482866768,31.24112269531269,32)
(121.40813507593383,31.233711545754748,13)
(121.40619670275872,31.253705105473973,36)
(121.43915141027165,31.260758127365747,5)
(121.40968163205197,31.244003670039703,36)
(121.41856807097055,31.24307350497675,13)
(121.38301574867761,31.247127785537188,13)
(121.38282794189543,31.245694383068123,6)
(121.42640558386253,31.235994348537332,2)
(121.3921904226923,31.27714141545374,36)
(121.39050694394484,31.24925603474261,1)
(121.44307944541778,31.246908589027804,7)
(121.4350069126215,31.281888570626794,15)
(121.42465021487482,31.24260226541514,4)
(121.46108915649846,31.25715867232554,25)
(121.44317946692884,31.2466226077718,8)
(121.38958708742406,31.250756370438392,2)
(121.34168848920038,31.285929898900118,28)
(121.3556937751191,31.308798105027005,1)
(121.37438599046479,31.23510220425304,33)
(121.43569680570339,31.24565748022765,5)
(121.42856865881049,31.260871865696807,13)
(121.44093303065185,31.25789327575053,36)
(121.44626295426289,31.260444781392938,31)
(121.43746043935468,31.263124499666908,2)
(121.41034672792622,31.257885702729354,36)
(121.40428013655065,31.24461273263288,1)
(121.40987788296468,31.228182186464203,1)
(121.41775135306867,31.25208285612591,37)
(121.38402994703732,31.2831361823933,36)
(121.42843787488097,31.23867818096082,5)
(121.42973026667435,31.24693527541016,30)
(121.41179614901812,31.255056211545273,6)
(121.38528971597684,31.26984415130367,6)
(121.41751250803874,31.25227505368515,20)
(121.43189798316895,31.24635131291724,4)
(121.41113133207261,31.243788357583018,1)
(121.437037777963,31.236394742039934,36)
(121.41025464252759,31.24524615112015,11)
(121.38092965210936,31.29104567592875,36)
(121.37269128281348,31.256217455844,36)
(121.37408023981122,31.243169466783534,12)
(121.36881150463539,31.284008916865893,4)
(121.39159834489291,31.2812467339076,18)
(121.43505237769999,31.253607512071884,17)
(121.45930041756861,31.25779432469477,1)
(121.40126645274367,31.248038898795212,12)
(121.43240702644448,31.253819531995838,4)
(121.42061925977302,31.261305312439294,26)
(121.40124378376423,31.285251205243046,17)
(121.38890347701178,31.230859547307077,36)
(121.454513483106,31.250188773690823,15)
(121.38283835060577,31.243374742833495,1)
(121.44390938897678,31.245701250398323,9)
(121.4042959371277,31.246574807811257,17)
(121.41296626707921,31.234776549196233,21)
(121.41989666495876,31.25820492436268,36)
(121.39195504494668,31.229202912108978,8)
(121.44122332288946,31.265696680629482,35)
(121.45439983182314,31.251018371168172,8)
(121.38026859861787,31.29631172847003,27)
(121.42020670743292,31.25153630406459,21)
(121.38902400046103,31.26676989316556,10)
(121.4370125772622,31.26345758686975,26)
(121.4589625348718,31.259717167673305,4)
(121.46024510806612,31.253463958156885,28)
(121.41397654961867,31.244854137419328,35)
(121.43182936692152,31.24640019909446,5)
(121.39731305956157,31.265242066455095,36)
(121.41337514743654,31.2594646562155,5)
(121.40813565450765,31.247735087924077,37)
(121.39154218786305,31.256978436338706,2)
(121.44582462237413,31.246302328486134,7)
(121.42624233231793,31.239217425254576,36)
(121.34844999186102,31.282222883634265,3)
(121.41078843705336,31.244114563139355,19)
(121.41260565661564,31.24639242064008,36)
(121.42643416887755,31.251107567885644,37)
(121.33458599259136,31.294513516299542,36)
(121.39799301646525,31.256590614264365,4)
(121.4502600108472,31.25763809057895,36)
(121.38795287705906,31.230367949529295,19)
(121.45513185695992,31.25113761485587,33)
(121.38902464044786,31.27410998766881,6)
(121.4031723932126,31.230839526765994,11)
(121.43933109707473,31.23853627634271,8)
(121.41393250762825,31.290175642207867,30)
(121.38152609547237,31.299369583503513,15)
(121.38634932779163,31.25308585385705,36)
(121.34347540558564,31.292235954806614,32)
(121.36178817644408,31.2849617817713,18)
(121.36810395994206,31.314389803932283,6)
(121.39644996243052,31.237177153975352,2)
(121.42643370688141,31.245805217468835,10)
(121.43600244191973,31.24403312748783,3)
(121.4548584943776,31.271534275493696,21)
(121.46206462618593,31.270191033041183,4)
(121.44368163429648,31.254925693557375,36)
(121.41012834442485,31.266791164045916,4)
(121.37947743112039,31.27482450376173,22)
(121.37383973265152,31.247301248235804,3)
(121.38842305786208,31.29645761095991,12)
(121.42811103793365,31.24771554444256,1)
(121.38100530992803,31.274567017903472,36)
(121.40338178515256,31.269312548621556,23)
(121.34577084983167,31.278320381605095,23)
(121.43937040914435,31.254682354015095,29)
(121.43648415601386,31.253409588137018,1)
(121.36854025524129,31.28785603803627,24)
(121.4249418702542,31.26479275783982,19)
(121.3776967303018,31.27059074112267,8)
(121.40508843075253,31.23981986087767,7)
(121.39085071418873,31.292059617839826,19)
(121.41350273756618,31.23352915901171,8)
(121.36801481500805,31.24760647960829,3)
(121.36492071310917,31.312941536562665,35)
(121.39402278344998,31.24405822129107,15)
(121.3980782581184,31.24745963148024,6)
(121.39438538533754,31.27636237698,14)
(121.37680121209065,31.255644293585025,19)
(121.3492290000298,31.297737515567885,5)
(121.41318490031753,31.26147011248318,12)
(121.40992462859957,31.224817070665992,1)
(121.38648436000894,31.24869927974386,64)
(121.43587354201148,31.258376549041046,20)
(121.41443521004385,31.248642699077436,31)
(121.4392944763133,31.252856482958524,4)
(121.39935804092096,31.231844035489335,27)
(121.44365575563404,31.28298299369058,36)
(121.40058675006804,31.262931318694363,2)
(121.42947280566383,31.252484212821706,13)
(121.43558754977798,31.26405980908358,9)
(121.37409905027965,31.2752193545062,22)
(121.43794378624655,31.24758709569392,5)
(121.41146623375212,31.25504927567509,29)
(121.45330289762454,31.25880288288213,8)
(121.4454341718803,31.254996827792638,2)
(121.41057333713964,31.23098664328985,6)
(121.41595940506446,31.25311009273439,15)
(121.44385489375155,31.26344346718251,33)
(121.453328103759,31.270470921857047,2)
(121.37247693237721,31.2559650665582,6)
(121.42157926353053,31.268609928115186,1)
(121.39102055657433,31.231331623154563,5)
(121.37331186972828,31.27516133068474,37)
(121.43587111426878,31.258589274759597,16)
(121.35396898009785,31.309871590327607,11)
(121.42307434734414,31.26202499280616,29)
(121.41208712840546,31.259471686931473,24)
(121.34379394508743,31.295007472382018,14)
(121.45238852053266,31.245611861050225,18)
(121.4430775218329,31.242328965333776,36)
(121.44183049388997,31.247557369297567,22)
(121.42410002246707,31.25434983815365,19)
(121.35968155159713,31.296691435091734,1)
(121.37421629601963,31.25535388601596,13)
(121.40442054928549,31.244478530546157,1)
(121.36184644569813,31.240610852564178,1)
(121.39223123348054,31.27463339747308,19)
(121.45788610390376,31.26264912872786,31)
(121.38749037047725,31.259402036193034,10)
(121.37709304949747,31.272177711105755,41)
(121.396494957879,31.229722945893766,37)
(121.3963888497347,31.22355276829627,40)
(121.4019235707816,31.231476280289783,6)
(121.4112452851047,31.243557233123166,36)
(121.39740798289363,31.251811612059644,3)
(121.46235309099285,31.259401636197634,8)
(121.4319508987152,31.266155986046094,27)
(121.41023859192659,31.244631879037915,36)
(121.34695791729392,31.29916340878918,36)
(121.38515575651407,31.22591955115024,19)
(121.42609748303563,31.239225553301292,21)
(121.40166019679891,31.301185160731563,36)
(121.45125132492505,31.274642732956192,1)
(121.39014363975814,31.24031110891914,2)
(121.45928647460669,31.262919190701204,33)
(121.39219654460224,31.232568949298766,26)
(121.424121905936,31.2503629191043,37)
(121.36921179836912,31.314309339683103,11)
(121.39867789826715,31.22893746536668,19)
(121.41325141008241,31.243667818797555,1)
(121.39021563383939,31.274017809506187,36)
(121.35513755273297,31.288952421431475,23)
(121.428450082455,31.26271071661771,1)
(121.4246136151211,31.25825320309768,6)
(121.42166945559379,31.238395523894212,36)
(121.4224403373908,31.255711704612388,36)
(121.36882399922547,31.287853074663555,33)
(121.406311840013,31.26670772418206,7)
(121.3751466520546,31.287099054688788,7)
(121.446335312517,31.244839343377176,36)
(121.4314185689261,31.242696223637427,36)
(121.40524974970184,31.257919173696756,36)
(121.43783303682058,31.25402604664905,36)
(121.43286713798618,31.27297258691691,2)
(121.41316129446648,31.26143450761508,36)
(121.36065151271309,31.313531149513814,4)
(121.44819634839229,31.254324717439093,1)
(121.39154527207803,31.29233618760994,31)
(121.3731627400383,31.230169394562985,35)
(121.45373089563363,31.256160978039983,37)
(121.39786191413783,31.244613279350588,2)
(121.39847917427274,31.23304928303949,13)
(121.4062506151486,31.238750147462415,1)
(121.39253932587481,31.22724670901653,6)
(121.37236546710453,31.30865700612449,36)
(121.43602625185426,31.268676385745167,19)
(121.37883490717638,31.26681342509014,33)
(121.43789393486783,31.254006954651633,36)
(121.39687105830717,31.25164799011322,6)
(121.42466540811682,31.244984320071563,12)
(121.4109012376178,31.230640430379232,32)
(121.3895873704788,31.254004798015508,16)
(121.45344323860493,31.275183668434387,6)
(121.39780497308617,31.276323140230765,35)
(121.44969869983578,31.25805979606681,1)
(121.45519238783511,31.256740255794885,7)
(121.3886348778481,31.280756448642574,36)
(121.45527677228004,31.26356302957734,4)
(121.45298672212097,31.279745468211452,12)
(121.3853867240595,31.245803802890205,15)
(121.39090702005122,31.237673440986622,37)
(121.38878139138795,31.256801065247274,2)
(121.35549791066443,31.296222934608895,13)
(121.42059574137427,31.255166663564136,13)
(121.37411394246222,31.273724749442312,2)
(121.43399165580365,31.238843238214727,6)
(121.3484317666433,31.2800669658014,36)
(121.43220995120164,31.248005423303788,9)
(121.45385932381514,31.25313539618334,35)
(121.38394533206385,31.270559994576423,12)
(121.4632067010158,31.257784119118558,1)
(121.43745837458349,31.240296415948272,1)
(121.37227265045071,31.313198582923004,11)
(121.44043425210947,31.282524301030705,2)
(121.40771884137574,31.30132883665785,4)
(121.38001262425702,31.280761538606434,18)
(121.38525389809705,31.283043593286916,36)
(121.45525937585441,31.246990826301523,11)
(121.44551653009992,31.2495372877582,25)
(121.44989243980663,31.25212264480206,2)
(121.42921273526714,31.24753439513112,28)
(121.36801270894019,31.237430509532345,10)
(121.4192834127356,31.252469107153278,31)
(121.44237839420965,31.246627105133005,14)
(121.41307050488692,31.263531574209814,35)
(121.4080116239632,31.25405444994851,18)
(121.39674179225956,31.260810925888098,15)
(121.44606474515876,31.253359037892064,22)
(121.42067295833922,31.276453450852394,1)
(121.43247204139014,31.251181549939194,2)
(121.41614208539902,31.250480862189516,37)
(121.43472757475683,31.279146942779118,18)
(121.3794402130914,31.28435939292303,2)
(121.41514880810122,31.238148999597747,14)
(121.45584199194734,31.271567685077784,2)
(121.43350748864665,31.274830476271166,21)
(121.42477936093621,31.24569554708906,25)
(121.42520146910432,31.239493462716837,71)
(121.36486477628247,31.250165779452956,25)
(121.44947564671318,31.25535583570439,4)
(121.38363844447349,31.229521826981617,29)
(121.42756586830686,31.260030541181585,35)
(121.38760330090922,31.27341660032243,35)
(121.43241586931819,31.250279196821825,5)
(121.40986678010088,31.24310275593416,23)
(121.40374321183106,31.29643269000566,20)
(121.36582375091932,31.27648049196163,4)
(121.38154834032295,31.290393050215922,36)
(121.4599857829629,31.253262448702014,18)
(121.40741778452086,31.266175506023856,36)
(121.44629760468112,31.24484063676016,24)
(121.40154143990023,31.247033519294018,20)
(121.43583036480285,31.26704832888703,36)
(121.38400474611937,31.259457827834233,36)
(121.41097214224641,31.25265932018728,17)
(121.4453463650654,31.278146828774428,26)
(121.36458995417239,31.24633566574814,31)
(121.43839579059892,31.258115262442583,1)
(121.40995980291297,31.258211245948356,36)
