(121.43742260421055,31.264310058938346,3)
(121.45163901725961,31.269867982102518,8)
(121.43444545820535,31.23269888867479,36)
(121.40460053114562,31.241510576133543,5)
(121.43631645438595,31.253807982570063,37)
(121.378097486087,31.29888307778645,69)
(121.41678918863673,31.23256452993897,34)
(121.38683921776065,31.234829094980675,6)
(121.386265288653,31.253591004172062,54)
(121.37762432817375,31.258351822169985,1)
(121.37212427664981,31.243149939416796,36)
(121.37587348487357,31.29669724752128,19)
(121.38372551125612,31.2565698171978,31)
(121.39722233831138,31.267066344991164,36)
(121.37241582817768,31.25584693519528,36)
(121.36348711544244,31.3091479803687,36)
(121.36693852306384,31.27459835019662,35)
(121.3863145178503,31.288805766292167,30)
(121.43236994062887,31.250378292740553,1)
(121.43827556009418,31.241076171107792,34)
(121.37710883500188,31.26946158576328,9)
(121.42913182037253,31.247401416391757,14)
(121.37667933633472,31.24570777234152,36)
(121.35276692412069,31.280074700649035,9)
(121.38235743061938,31.28051184918279,36)
(121.41100084653594,31.237878718437916,36)
(121.44033009969232,31.246321084169395,8)
(121.43033814646904,31.279535961459676,3)
(121.42647172992348,31.246527506152404,4)
(121.38592365237496,31.27317510496273,19)
(121.42575095769135,31.240605469980952,37)
(121.40987997709756,31.23685942470273,8)
(121.4389970330049,31.241922048288178,6)
(121.45901206597647,31.24988911662938,4)
(121.38114847690683,31.25837555245602,18)
(121.37597297281522,31.300690932817965,17)
(121.43853520976907,31.269408694200724,13)
(121.42336310443446,31.26214683567019,35)
(121.4035164298331,31.266691902487956,2)
(121.35831702866406,31.279061746633246,36)
(121.36589889002065,31.27656663936991,36)
(121.40611765437536,31.230238557168416,11)
(121.37832987789706,31.262584054230437,4)
(121.3936688236982,31.270233753038863,26)
(121.41036330247852,31.24243416049606,36)
(121.40843149412173,31.25212538463968,6)
(121.38768036969368,31.29633398130934,25)
(121.40139635468309,31.246503248443652,36)
(121.42286099588998,31.267341417789744,19)
(121.37980331757664,31.254395242683984,3)
(121.38050210066687,31.290730102639195,29)
(121.35239125740881,31.285715991961396,22)
(121.3793896927054,31.233096145861904,7)
(121.4186246510637,31.279768715820914,4)
(121.41228164416404,31.22789688624594,32)
(121.42515858107984,31.240978127498746,36)
(121.40617010000364,31.30407289448938,23)
(121.3644136428749,31.309487685357553,36)
(121.39645206289853,31.237335854074644,4)
(121.44225427517851,31.28581336381424,45)
(121.44823052655536,31.255052484794668,15)
(121.42264507044872,31.243165011854554,9)
(121.40391562724696,31.2448712268818,36)
(121.42495482746938,31.241522537338977,3)
(121.37241479082775,31.244133752192916,12)
(121.43294475684792,31.249328869362326,1)
(121.43373811730537,31.251306669758932,36)
(121.4523570215364,31.270222810216584,21)
(121.42320332492817,31.263059344035476,20)
(121.43380291803356,31.250201543618232,15)
(121.45334401656046,31.26990465113309,36)
(121.3722354442148,31.31319747772096,7)
(121.43147754426373,31.23211206443049,3)
(121.45895064347674,31.25468736151337,31)
(121.38025860095064,31.274786773225195,17)
(121.39593316606606,31.22381511059063,2)
(121.38385412084445,31.230037561570665,16)
(121.44246286995816,31.253910189613283,5)
(121.42902209839428,31.260446106194927,5)
(121.45172363209308,31.27918470953591,1)
(121.38831866296634,31.2355876234957,14)
(121.44908657121528,31.244632812860818,15)
(121.40901587067553,31.24567657427538,27)
(121.40471061879909,31.260477358319115,4)
(121.43716720954266,31.24728604704496,19)
(121.44129098306186,31.26478470415396,1)
(121.38237753694234,31.24713437818452,3)
(121.3982373737068,31.259464954933925,35)
(121.40225472754268,31.250698478742418,28)
(121.44857897590194,31.259524704110166,36)
(121.4054160914529,31.22445817221366,44)
(121.39444487092712,31.276458434283526,36)
(121.45746678026242,31.246500964990695,6)
(121.39305436442176,31.258043833780487,30)
(121.45689699007163,31.25521902585185,16)
(121.35568726178174,31.284308480996664,36)
(121.41796397150407,31.237685321823097,3)
(121.40986107857121,31.259667322552488,36)
(121.40357065771167,31.241743215319804,4)
(121.38755818488104,31.259349948394707,25)
(121.37005359315499,31.287785436352998,987)
(121.3714522295958,31.24926650806142,16)
(121.44456747453319,31.24397264691947,4)
(121.39553575276385,31.26773532855858,36)
(121.37822944601702,31.23280896864824,1)
(121.39285204121455,31.25952862031315,36)
(121.43786301902412,31.254388164044503,36)
(121.42651848155701,31.25570851220773,27)
(121.44225685313202,31.283296937788084,21)
(121.4573834176817,31.25138630759956,18)
(121.38483660203913,31.239484477537925,10)
(121.42524518011064,31.24267456582067,37)
(121.41210721450558,31.24532784756041,49)
(121.43588784292152,31.275017177863663,53)
(121.38491515194947,31.267845972089077,36)
(121.43635572487221,31.253395378736887,32)
(121.42686062016404,31.25000470586465,23)
(121.38890618738469,31.235632090638383,5)
(121.46272314868821,31.257761688224825,19)
(121.36500225597712,31.276934057707,38)
(121.40821855163732,31.264038566101956,14)
(121.40870581564457,31.244653053359233,36)
(121.40086339480355,31.26159507721815,35)
(121.43826628273207,31.24212816850547,36)
(121.4269205235526,31.23816735514603,21)
(121.40007730214401,31.261993668558123,36)
(121.37151002546483,31.249889575535846,34)
(121.40120546432878,31.24836802946117,20)
(121.44176324948515,31.266289624594492,25)
(121.40628410181945,31.245732209850104,36)
(121.41347657261635,31.26142127360342,20)
(121.4221709247823,31.232384847533673,15)
(121.38367237441176,31.283340121051438,3)
(121.39252239078611,31.242744422922616,15)
(121.4417630554639,31.26405867216944,8)
(121.3741606566222,31.28114988459417,35)
(121.39857635760848,31.229127686012554,24)
(121.4364484462579,31.253906495763626,35)
(121.37722304996059,31.270141005337756,33)
(121.38192198189569,31.281194695876327,10)
(121.39180768265332,31.237417914989464,36)
(121.41496324163994,31.269311169360645,7)
(121.36170402282741,31.28500366561051,28)
(121.37907830740902,31.256286163302295,14)
(121.40090840349846,31.29080772636659,9)
(121.44096498329716,31.2436472053973,1)
(121.40213950032124,31.244851866946817,14)
(121.40729374835168,31.245661617964085,26)
(121.44996222807713,31.251479231360307,19)
(121.4231043169563,31.26197595013888,26)
(121.38386033127767,31.259918611516515,36)
(121.43090797824016,31.251530412459,1)
(121.43687152028839,31.25316596898689,36)
(121.42349211266982,31.25209636953655,7)
(121.34933659977375,31.3020203826001,24)
(121.45396061329595,31.270782784857786,1)
(121.42676004953958,31.245845771707554,37)
(121.41978633835097,31.243907160391274,34)
(121.3713391109439,31.24950419205588,22)
(121.46045750303408,31.253049300346483,18)
(121.41956698198264,31.236709596234647,17)
(121.45986807892032,31.255198077851617,15)
(121.39642547003741,31.22453251092713,3)
(121.43979783719283,31.255526924923807,4)
(121.4248791022082,31.243831634530235,1)
(121.37045055460707,31.297046269022694,21)
(121.36008528108547,31.289786760146864,24)
(121.45842244151214,31.256284096396286,9)
(121.45196444034589,31.24925538590588,31)
(121.4136038035794,31.23096185851343,23)
(121.385214485553,31.29105680822007,36)
(121.39569301302625,31.223798827320174,10)
(121.45216848260033,31.260209798655268,5)
(121.41787949485027,31.2316436060591,2)
(121.38102114805898,31.283977916008634,9)
(121.43585531354842,31.274792540667516,91)
(121.40345301651169,31.22982536171241,36)
(121.43796261516286,31.263112808269515,20)
(121.42890326609515,31.2319964351392,15)
(121.39441579412143,31.259825116724848,9)
(121.39569348500429,31.26891224389349,36)
(121.39678173962369,31.231812628924246,2)
(121.42816001206482,31.26000166266383,38)
(121.38941239184776,31.255950520869007,37)
(121.38026400198791,31.27481087404684,36)
(121.43297361141084,31.26761606565545,19)
(121.437248147499,31.234275518065058,14)
(121.44915270428181,31.27082406832724,7)
(121.36785866400741,31.237134259306856,36)
(121.34870817124818,31.28946728884582,37)
(121.43607805839387,31.238828551734912,6)
(121.42656294743455,31.23865689304487,22)
(121.36065152236006,31.313642191260758,35)
(121.39957537755326,31.287801274247922,8)
(121.40991589208319,31.25928703470017,37)
(121.3826970347363,31.236975332708962,35)
(121.39285644258906,31.256403827478916,25)
(121.41286907908116,31.234965988305177,2)
(121.36950090531258,31.2878542630213,36)
(121.44403262835095,31.248877526435045,35)
(121.41744703239382,31.257855522474237,36)
(121.40650985710032,31.238528970158526,22)
(121.41637105312718,31.251436189238145,21)
(121.3665145760679,31.23749156596904,1)
(121.4197024167469,31.24414031247139,37)
(121.40525997980588,31.280341371727964,36)
(121.42735081292474,31.26977280824389,26)
(121.42170763102781,31.24075556498429,6)
(121.44870417092447,31.24192229570843,1)
(121.4228624387007,31.283877302448943,6)
(121.44232846296076,31.257571300135126,36)
(121.42687619901871,31.245367632702315,9)
(121.4110008507226,31.237926740204003,23)
(121.39530694958779,31.26001290948567,37)
(121.39903866331896,31.261568613703083,36)
(121.38377384928769,31.232465306988612,36)
(121.40138402064188,31.23392103600007,37)
(121.43685725247784,31.24983151925314,36)
(121.38215230610213,31.293305821296684,37)
(121.4106432936731,31.242120692776314,1)
(121.43678965004337,31.264629044064492,10)
(121.4171483041456,31.23918641651463,9)
(121.36216187861723,31.24488380643868,21)
(121.44243382327004,31.264229704416383,36)
(121.38959642020433,31.2763600811173,13)
(121.34666470125077,31.286975620686178,18)
(121.37297936977801,31.313292782335832,36)
(121.42134272720652,31.25117474578685,1)
(121.46010120025012,31.250534313306947,36)
(121.35100843231771,31.28219946825613,25)
(121.39418736413874,31.295409982551718,21)
(121.42313435320716,31.25123225025035,36)
(121.37739137588457,31.27125767061299,25)
(121.43347500354416,31.24580498269757,37)
(121.34639064610299,31.283473637730037,36)
(121.39428017717033,31.22374908304064,7)
(121.39752251536729,31.23353622954821,11)
(121.38641606951799,31.233365329457854,152)
(121.38653666782297,31.267968449403984,36)
(121.43798778960107,31.254117874026615,25)
(121.42373583092674,31.2513788724955,22)
(121.40612607109058,31.246694871297056,1)
(121.41176570151478,31.261293924216968,4)
(121.37706598123722,31.271818528743836,36)
(121.45940718584444,31.255401806736405,36)
(121.41795350631166,31.28816548915809,7)
(121.43313182877957,31.249713121578335,5)
(121.43255706021813,31.243155581885087,3)
(121.39554635191476,31.26250952853114,13)
(121.38129994650079,31.243295784973633,3)
(121.41854843168518,31.271610616070028,19)
(121.37960058362866,31.230988757709113,34)
(121.39060636666557,31.29028874320345,25)
(121.38545727318555,31.262775290010406,14)
(121.46190302111174,31.26424656699602,53)
(121.42040487086837,31.255048727110495,3)
(121.42211322246362,31.262750975116596,35)
(121.3681631334685,31.292212305312024,40)
(121.38876590403859,31.291202784386815,8)
(121.3990987660288,31.24845244180488,34)
(121.44122904607913,31.265219214125988,51)
(121.42585519579683,31.25601421552739,21)
(121.39649196563477,31.30256192836689,21)
(121.40425391898377,31.228148166424795,30)
(121.37350920516788,31.264091908793553,54)
(121.43357018127595,31.271475898140746,21)
(121.37256101347738,31.25214595609912,22)
(121.4430591178768,31.2423927618642,1)
(121.40443085200191,31.23970724187172,12)
(121.41010473883661,31.228221633553748,1)
(121.41119229896553,31.243572249663814,36)
(121.34506914461147,31.29955062581442,18)
(121.36873688569075,31.28785306339413,37)
(121.37408302187123,31.27516531182159,37)
(121.45416168425027,31.270882427372886,1)
(121.34900616972739,31.290949548065147,4)
(121.43493838657768,31.263217822646098,4)
(121.43519797074225,31.26292537196363,25)
(121.37528248986683,31.27193444800996,17)
(121.36417030849225,31.31159705251136,21)
(121.45265784729115,31.24924107198231,5)
(121.42081619291547,31.264856803561592,12)
(121.39326755476426,31.26734951366295,57)
(121.40760922555624,31.24557268327081,36)
(121.45704787544523,31.246795990705007,13)
(121.41121530252234,31.243675291570458,25)
(121.43978530467604,31.26820510676909,86)
(121.36913904839803,31.287853715613014,36)
(121.36497282038484,31.31328384189957,14)
(121.4341237088888,31.259834329848402,6)
(121.44846365273666,31.260042083486017,15)
(121.40737171903329,31.253946224083784,16)
(121.39146588356806,31.254145150571887,20)
(121.40628920158835,31.292414217130705,3)
(121.44750395687763,31.257894022731087,15)
(121.43669980481612,31.253294253158153,11)
(121.40569371202058,31.25403922780069,1)
(121.41893372472538,31.228508278968143,28)
(121.45192126310226,31.279599053657826,2)
(121.4460214123036,31.282969666489947,17)
(121.40560119917431,31.248217656672725,36)
(121.44199084976475,31.255050423635534,1)
(121.3926774260138,31.23827246093577,1)
(121.41007213069949,31.242502199785086,28)
(121.38013961327735,31.24430402372185,28)
(121.42418100254235,31.28093612350528,4)
(121.44691163105843,31.24177604965425,22)
(121.38530041118679,31.231728360141645,6)
(121.422744181936,31.24540894602208,36)
(121.41587830156585,31.251471404457256,24)
(121.34921273568794,31.29507943796868,33)
(121.397660540833,31.26075914362831,69)
(121.41649934765978,31.23264068912134,6)
(121.44867653149016,31.245377894105086,1)
(121.42539391695828,31.247663787162747,19)
(121.42269999583841,31.25430690988352,24)
(121.38752466882596,31.244024807142804,37)
(121.42999975885643,31.235859347216998,12)
(121.38739271248498,31.23445337571325,9)
(121.43552335548806,31.238589225059965,8)
(121.36806539225678,31.249429460003554,2)
(121.39009936580148,31.260552009070224,36)
(121.43776403428888,31.252695557578807,33)
(121.42168260459509,31.2346180417273,5)
(121.39905475873181,31.26003549583493,19)
(121.36771382659707,31.296298614062355,36)
(121.42912915281705,31.274098934433052,17)
(121.41707141926408,31.23696041072485,11)
(121.42734581135798,31.22920955386083,3)
(121.40903237474231,31.244989179023936,29)
(121.44194613084885,31.257326484992685,7)
(121.40030499159815,31.246092774064383,36)
(121.44653617965777,31.257680186617883,25)
(121.4103049881656,31.23056727082387,2)
(121.40986948064607,31.25911642538428,20)
(121.43489485219271,31.27927263430494,1)
(121.4120796041535,31.272618670775035,4)
(121.36497282040534,31.31321004206769,35)
(121.4051287689284,31.255126663230897,37)
(121.36094505401535,31.278743892808173,27)
(121.42395038356891,31.24849243516614,18)
(121.42166920828384,31.23555723496298,36)
(121.42352522544047,31.27663984296376,5)
(121.4553344788684,31.276453166350716,36)
(121.43717740847559,31.246037406988368,9)
(121.39697230609704,31.276852814355053,37)
(121.39508214818937,31.239492385039785,2)
(121.33852428973434,31.29357578625959,19)
(121.39060448350318,31.268701842666164,1)
(121.45282421480695,31.246478517263363,4)
(121.44392724879886,31.278939506753886,39)
(121.42300544020001,31.2624032048544,15)
(121.38357769491228,31.256178723102142,2)
(121.37407685939812,31.30912874923243,14)
(121.43913034714764,31.282560324637434,1)
(121.36857435796179,31.297833220301357,13)
(121.43386736822121,31.244423839575155,20)
(121.40185426455247,31.244099282923727,10)
(121.37398222443288,31.256187096071123,2)
(121.43646917465682,31.25335258281396,33)
(121.38816901349283,31.269482136845248,29)
(121.39099265051661,31.255634489021624,19)
(121.37561254144467,31.25793118627173,36)
(121.3943433164664,31.247869093408834,1)
(121.38924965151611,31.232159307569503,22)
(121.38939642609266,31.256499748483083,1)
(121.44880063964547,31.246959596958877,42)
(121.40991829267242,31.25965163448159,37)
(121.40111937475095,31.292889994971,1)
(121.36814903762924,31.31441087618998,7)
(121.39470220596583,31.244082596171605,22)
(121.42192883864963,31.245172399671723,36)
(121.42519859732488,31.241615381785447,1)
(121.37936832748257,31.28931019915906,21)
(121.36423414128508,31.290485812238682,16)
(121.37434280457711,31.26825273328922,11)
(121.46014506668423,31.24990361396022,18)
(121.38290091932735,31.290452417661463,36)
(121.37707085076933,31.293241297421453,36)
(121.37890474269535,31.275379106930508,36)
(121.39776430297486,31.261052457289342,16)
(121.41005154701122,31.231263947933822,10)
(121.42641721782672,31.228527387812562,35)
(121.42545841308919,31.242454545699005,13)
(121.41746105461525,31.24674163023738,2)
(121.41813162767635,31.26025795103373,10)
(121.3858006106114,31.28837437711498,36)
(121.42670965971539,31.253154378818465,4)
(121.37541105842347,31.253332620004876,33)
(121.44608703836074,31.245761638879607,8)
(121.41445531565637,31.272306657002648,3)
(121.37184084937178,31.23176640286833,42)
(121.39899795501627,31.246406435838338,26)
(121.4109322502149,31.230863527647077,2)
(121.39278452908307,31.235635655241193,27)
(121.34025794350809,31.281899563549793,36)
(121.37868969454279,31.26654414929521,36)
(121.46379889285615,31.25988649179352,5)
(121.45819795630649,31.258719758715042,18)
(121.44941638488578,31.273828844566584,27)
(121.42637340920733,31.25313251131609,19)
(121.42856328854502,31.265755802631993,12)
(121.43395239313855,31.274914798313983,19)
(121.4123589958605,31.273061716812055,3)
(121.4163631093566,31.238925252512004,19)
(121.45647867711047,31.25115148728242,15)
(121.37311179288197,31.31091730649913,4)
(121.36401480462955,31.247621475165268,13)
(121.46313630418001,31.25454482787704,24)
(121.45603839139525,31.269463958858704,16)
(121.4112302893702,31.243565239499837,36)
(121.40402075180906,31.244865010944125,30)
(121.3825859579907,31.27205355939781,36)
(121.43636192298294,31.235178713494353,12)
(121.40837955773326,31.26426165262475,14)
(121.45018091831813,31.2600728047508,2)
(121.42591621277973,31.25692255958972,27)
(121.36712673492418,31.309024711981685,33)
(121.40187246130421,31.280694005017246,4)
(121.43181334355558,31.246389148488873,5)
(121.42349319665423,31.264528761432345,3)
(121.39035958978256,31.28135274756837,31)
(121.43237628012041,31.277296814164515,29)
(121.42579811496964,31.241843881377868,26)
(121.42520096898477,31.23951296257744,36)
(121.37853020560658,31.27482345881827,25)
(121.41275815605913,31.269821331536452,1)
(121.38925126307404,31.256051446695206,10)
(121.38656379033246,31.255980300047106,33)
(121.43707388650589,31.238001146087743,8)
(121.40086353565201,31.261793805384805,20)
(121.41205111696581,31.289845750173956,19)
(121.44528740023809,31.24470148131622,1)
(121.3721712006918,31.235996147378437,1)
(121.42385141638044,31.259292241282,32)
(121.41830664148246,31.23628051382112,16)
(121.41238500213915,31.25949204912202,36)
(121.42259465291626,31.25999751472996,2)
(121.3838156030715,31.28544894090417,7)
(121.42391935857376,31.25934121113003,37)
(121.39770689301044,31.302494418253403,45)
(121.45279141971588,31.245522257940188,5)
(121.41836901779905,31.252498734675886,18)
(121.37740660743589,31.273683705724842,24)
(121.38925233854718,31.268389749805145,11)
(121.38430100221555,31.283569727834873,20)
(121.41869603561375,31.243590613973517,6)
(121.44306722990413,31.28264441441755,1)
(121.37044485983645,31.272240022555568,29)
(121.3658588075008,31.276424520819017,6)
(121.42891185121482,31.256226517494042,2)
(121.39546013403522,31.244950147083863,3)
(121.40141244425153,31.258948717320436,36)
(121.42868387857345,31.26493049632229,3)
(121.41354073892316,31.233701226735185,12)
(121.45810406120911,31.247863433461237,9)
(121.45282905951876,31.24482276902088,26)
(121.43097798979964,31.275621661667067,5)
(121.38750710464778,31.268427243803405,16)
(121.39989929307957,31.239648762362556,16)
(121.3712888870559,31.313592245791522,6)
(121.44618288002762,31.241637022445612,25)
(121.38579840995102,31.289595574114458,36)
(121.3901005433769,31.274057745434124,36)
(121.43880277968098,31.24453796520359,82)
(121.44335950578365,31.246973639863732,7)
(121.41123028718918,31.243540228296173,37)
(121.40319268312669,31.279982970698434,6)
(121.38007817301775,31.24089761444094,6)
(121.39400613050724,31.2251936062359,1)
(121.41140640545628,31.245385019700382,32)
(121.3650843428427,31.28861511051375,36)
(121.40841009047452,31.25893835931461,35)
(121.37319261508343,31.228207528310246,36)
(121.42231586277495,31.26022412519318,23)
(121.41858804049225,31.253685859301587,37)
(121.43342432481477,31.280406077137464,50)
(121.41223832513462,31.25848860780964,9)
(121.36387676473058,31.305111012267968,8)
(121.38114307669113,31.25407836045437,36)
(121.35376173579877,31.28884500516671,4)
(121.38938138245013,31.256145583220363,34)
(121.45115128279153,31.248088555437352,36)
(121.41284122953124,31.259512904170705,37)
(121.36392957595758,31.309066130711937,11)
(121.39227388202286,31.235806475622663,36)
(121.41800249565155,31.260364623781026,2)
(121.4378629896926,31.25405101647005,21)
(121.40007733443868,31.262363827681916,27)
(121.4191987918729,31.25411868628586,25)
(121.44945847494385,31.26144875457596,4)
(121.45573367540695,31.25246526414627,36)
(121.43133285149125,31.26252276913445,22)
(121.39584581838295,31.23208273053659,4)
(121.3836470823489,31.27124323971085,31)
(121.42326499497061,31.24394395349471,29)
(121.45884474742861,31.252686716486235,1)
(121.38064768229978,31.243982300304662,20)
(121.44639342458572,31.244834153574395,36)
(121.4359839393277,31.25332070663552,22)
(121.38516054163651,31.28086362646079,7)
(121.33968482942775,31.29784960712513,19)
(121.37858938126554,31.284007887264515,5)
(121.36793247200013,31.24943724313116,12)
(121.43860845687503,31.239381769308775,22)
(121.36660965491104,31.27112541411484,36)
(121.45051799986128,31.251713290897584,36)
(121.41910157642971,31.25279448137071,17)
(121.38890074411755,31.259827632501135,1)
(121.42737739315992,31.230900625799176,1)
(121.41233250510224,31.249407608545845,1)
(121.35259159721053,31.28050256920441,18)
(121.42297444721403,31.262176129416186,42)
(121.4577696071129,31.260104262101752,16)
(121.44142077065709,31.265061625075624,31)
(121.38934334863582,31.256129548385044,13)
(121.43783258897109,31.248877779376475,17)
(121.44968400122411,31.274017063474222,2)
(121.43965341795999,31.25930677786196,10)
(121.42035405171102,31.27960518793267,10)
(121.3889113787096,31.23088854868135,37)
(121.39140714471377,31.229958239621357,2)
(121.36578266543,31.253248511530344,19)
(121.33436299003087,31.29169422068793,27)
(121.40978596842166,31.25517366710915,25)
(121.42791242751068,31.234859428005784,37)
(121.41798264095512,31.279854577410333,24)
(121.38992862684107,31.230699580094416,36)
(121.36441664329412,31.309483885713146,35)
(121.43576944240326,31.266861327617885,2)
(121.38790217854574,31.280316700802143,36)
(121.39849253382457,31.276852474551056,36)
(121.41856164237126,31.238108213583658,11)
(121.43671377951567,31.264730187878744,21)
(121.38268586191843,31.281123423328925,13)
(121.40853285351645,31.282906597350017,9)
(121.45189651663111,31.25946903737922,25)
(121.43841810622112,31.243014354787125,32)
(121.35573348651398,31.285830178074303,21)
(121.41882676039805,31.252855654838612,20)
(121.38926600009225,31.24139696698439,15)
(121.39287625257622,31.23519556306976,18)
(121.4060505668849,31.24073133364873,37)
(121.40946188041295,31.242813772355678,241)
(121.43073560986709,31.26669314100149,4)
(121.34598623330749,31.2889070957501,36)
(121.37316274099396,31.23018039962898,11)
(121.41497128628099,31.292318900399057,2)
(121.36829011797984,31.266526897212504,21)
(121.43677467423271,31.264633065655353,2)
(121.38925594896234,31.258614255782366,37)
(121.40590412751264,31.22428078902933,36)
(121.37776469121677,31.257584254293512,16)
(121.38225985278427,31.29814484080737,7)
(121.36646118967394,31.234096942874974,6)
(121.42923544604717,31.232746801252784,5)
(121.38906614442672,31.23354025565276,36)
(121.39556425765586,31.247179662760978,9)
(121.37998564590829,31.287359102258975,188)
(121.42847114344848,31.276585613089388,1)
(121.40271780218784,31.25948122912782,14)
(121.40898104704904,31.259120396407106,2)
(121.42519906851764,31.23949046222694,36)
(121.4437288708446,31.270175168964958,12)
(121.41148915499961,31.24274982434498,36)
(121.38387820153478,31.292664232536794,4)
(121.46079284209604,31.265668413377114,25)
(121.43976700470256,31.245352477864905,1)
(121.4392807534929,31.267241718602033,3)
(121.43780405524862,31.27663173521756,30)
(121.41249568545096,31.229104393184894,1)
(121.425218873689,31.242719060308143,36)
(121.462870350193,31.25807598566613,1)
(121.40961363370916,31.243902632659655,25)
(121.40557803921845,31.246398846996758,18)
(121.37572856979469,31.30003438225516,21)
(121.40550048713837,31.240121028150806,42)
(121.42277705618774,31.26720842067691,16)
(121.37485989532611,31.31405885270423,15)
(121.4215824807972,31.246325098982574,3)
(121.44511955828109,31.245845226719073,31)
(121.39286254782976,31.261658282105063,3)
(121.38354619896039,31.250877369924616,25)
(121.45360157248547,31.245793386192364,1)
(121.38322541211303,31.246914752325157,1)
(121.38461064570686,31.277211624827835,37)
(121.4255078441278,31.241528522141852,26)
(121.45434918366178,31.27666445956,16)
(121.43675871338462,31.25331918606303,10)
(121.44639642520849,31.24483365410119,36)
(121.42086190166809,31.24781426229745,44)
(121.35313792393733,31.295265727013245,23)
(121.3813963960507,31.293117983795106,13)
(121.38144923517648,31.29054400977713,36)
(121.38120021140739,31.236216487033694,36)
(121.40811868984127,31.25407525729884,35)
(121.4379291504678,31.255999977307635,12)
(121.38992639474752,31.25715558114025,36)
(121.42064805876228,31.247786381310096,2)
(121.35162940041037,31.30145125542646,22)
(121.41346356939185,31.261393370937128,36)
(121.40912089651826,31.24409489911104,4)
(121.45706600593381,31.271863802075746,13)
(121.40385194047514,31.23583491613601,2)
(121.36712583472318,31.309279411293744,14)
(121.4131758906054,31.24544063200781,8)
(121.43202672382486,31.242559197940412,22)
(121.42657690506954,31.246215233410837,36)
(121.42397870957275,31.24106309384431,36)
(121.39403773164933,31.242092711014745,31)
(121.38064090458863,31.232677353099078,31)
(121.42090959225594,31.26759682474035,10)
(121.42397874513753,31.24147127757183,12)
(121.37375040558045,31.22766999196267,24)
(121.39867915486606,31.24335602370565,34)
(121.44415375972524,31.25544515241791,4)
(121.41243061362238,31.274822228255715,3)
(121.42567098647999,31.2400082676076,18)
(121.41612626052182,31.291041243027912,31)
(121.46005246519984,31.251648590582278,36)
(121.43041513063554,31.247558512691455,14)
(121.40518213371958,31.247217380871895,1)
(121.42580058623146,31.236922761712357,5)
(121.40695120207428,31.305170334372995,36)
(121.45166671024585,31.244066701761337,9)
(121.45295473653793,31.256036471720318,28)
(121.37816400095906,31.287098413886092,28)
(121.43716214634007,31.254223043770057,36)
(121.4099992127318,31.242531184564747,36)
(121.38996379933513,31.282304935853595,36)
(121.40984325905266,31.251487973297486,8)
(121.42299230666548,31.28364811641629,39)
(121.45696634438143,31.272841424476194,9)
(121.42775296023856,31.265114459565275,3)
(121.46339064819564,31.255169507255818,19)
(121.44574814506711,31.241323028724118,2)
(121.43369732717213,31.236664820258856,50)
(121.38418180121143,31.272791389099343,1)
(121.42742933089944,31.250340140864093,2)
(121.39437066891247,31.29759294254514,26)
(121.36312628596176,31.240044090882236,28)
(121.39952550279087,31.23210921334233,31)
(121.40165652782665,31.259163868607494,37)
(121.43024434140312,31.24603567836031,16)
(121.45551962763717,31.25730582526974,2)
(121.41021552375723,31.243801510844648,36)
(121.43994390926231,31.270759247179658,4)
(121.45470585610084,31.271395529562895,20)
(121.40858066372864,31.24687038174219,5)
(121.39915391428421,31.23003972955827,9)
(121.40821695949326,31.245788590927663,3)
(121.38536102371633,31.262648954718884,27)
(121.4269594795155,31.238143309455584,15)
(121.43083878546383,31.248300058667677,20)
(121.38863506135654,31.28286031114426,8)
(121.41716330803469,31.24308341227985,42)
(121.42873783057456,31.26533723898222,114)
(121.38525549842069,31.283086993472264,37)
(121.43960219783271,31.27870506067511,37)
(121.43784802079098,31.254125069454926,18)
(121.45462792815458,31.247013132501046,2)
(121.36710853214845,31.309236809239824,36)
(121.42742633459848,31.265244816437477,7)
(121.38513124516085,31.28929002552609,18)
(121.40741581734765,31.24362665239049,33)
(121.44779269480799,31.2483638134905,33)
(121.45398858749606,31.248246978372023,1)
(121.45587208355836,31.272646646751657,5)
(121.38364456123414,31.242292643188055,19)
(121.42866181227883,31.26555662308278,26)
(121.39070085947135,31.237690309160598,36)
(121.46022932869256,31.25552089362369,25)
(121.38785234744364,31.259412900841017,6)
(121.44992193939292,31.258624429398257,35)
(121.45513185799936,31.25461260843315,30)
(121.4139519901377,31.244891205099254,24)
(121.36197432081667,31.24078819813922,13)
(121.41164151806288,31.240138631249966,12)
(121.43308390684646,31.260395562236273,1)
(121.43041905856498,31.245309171816235,4)
(121.44339229514948,31.266360277867673,13)
(121.44308702671132,31.254778244125493,8)
(121.37985474869609,31.254671181375794,44)
(121.40165635990658,31.257239033602147,36)
(121.42390780677212,31.241432313838498,22)
(121.44560181600663,31.26629642044651,8)
(121.42221204984497,31.26170345778012,36)
(121.43243890073671,31.251000488923495,1)
(121.36421691492043,31.31170825761536,28)
(121.45669342910327,31.277359887534057,3)
(121.42640233214102,31.229659923366775,18)
(121.37784036950887,31.252122868631606,7)
(121.43766435536195,31.24302740155872,14)
(121.37047056933486,31.25353232466076,36)
(121.37127478472763,31.313638443754996,3)
(121.39637513820713,31.250874829436427,5)
(121.36394279414242,31.28100952247548,37)
(121.3740431553712,31.254351371541997,10)
(121.41708769654933,31.25170499760612,7)
(121.39600807190625,31.25693891581943,37)
(121.40318897706949,31.23750457340053,1)
(121.42285846385045,31.238296667454946,5)
(121.41123622577705,31.28094771807424,30)
(121.42773656204531,31.237409268303463,31)
(121.3955672688464,31.27345075242623,8)
(121.39843874636419,31.232041584353457,39)
(121.38929730250297,31.256051480574776,32)
(121.41203926029573,31.245632998877927,14)
(121.4322269834805,31.251086501211113,23)
(121.38195205019896,31.27008210098431,4)
(121.37344034954687,31.30892305789705,110)
(121.44597409031606,31.266677949015218,2)
(121.43307023352692,31.241893706677413,16)
(121.42848008781982,31.24782975107947,26)
(121.36480366106694,31.250092654832272,36)
(121.44001568015774,31.235135505128184,2)
(121.44170196895615,31.26177478557769,36)
(121.40144929102641,31.291454269855837,7)
(121.43147686000229,31.2701278175249,2)
(121.42573542075503,31.237071208632976,10)
(121.39202974260392,31.236233517610767,2)
(121.42317375029842,31.267635318498776,2)
(121.44028591737579,31.266287850339438,6)
(121.43119391894115,31.26585533483554,7)
(121.36512756025562,31.276906627819454,36)
(121.38711575690512,31.283926548225498,36)
(121.44081825339089,31.258080529321244,62)
(121.35082709731624,31.30589054732307,36)
(121.44847217350416,31.270650235264704,2)
(121.37423340197725,31.242517315068206,24)
(121.44295759592657,31.242260043595998,28)
(121.42979640595414,31.259883995598916,11)
(121.4093889624578,31.24390775511369,36)
(121.40946875860517,31.24508817869368,36)
(121.42176935806691,31.24965549753755,25)
(121.42531454183401,31.25375567820411,16)
(121.38528953577448,31.26777627611344,36)
(121.43682589098047,31.233628273321738,17)
(121.39620873630096,31.2747976192353,2)
(121.41008703437332,31.242479102929124,23)
(121.4224352922173,31.260357949790297,34)
(121.44104344820013,31.264972158808362,4)
(121.42555788379548,31.248992378863523,36)
(121.4463475150535,31.244846345504264,26)
(121.43177726033908,31.28434311585432,3)
(121.41386558039615,31.290537550943988,36)
(121.4256954154526,31.278920120043438,1)
(121.44855441251525,31.25245925266817,20)
(121.42728044366478,31.25319673399854,36)
(121.3448413810338,31.299387599727424,24)
(121.40037320610418,31.24829877421378,6)
(121.40911189430544,31.244105397222942,24)
(121.42627330646093,31.239290431541267,27)
(121.36314226878922,31.309232341528684,36)
(121.412383206039,31.257613194002264,35)
(121.41947225341524,31.228996558518208,4)
(121.43987992748312,31.23524475340424,10)
(121.41591857818209,31.252245402876387,31)
(121.41199797428962,31.299485584207268,2)
(121.39600003136175,31.267994660886895,13)
(121.44105900254203,31.236643235690117,13)
(121.45993291174291,31.253123505482584,37)
(121.43444930674784,31.242503331650123,36)
(121.39162246589436,31.269113870096216,11)
(121.41080237647152,31.243454265178332,32)
(121.40641846160082,31.26234986414318,3)
(121.410123143272,31.242470210457018,27)
(121.4269055425395,31.238200383473263,13)
(121.44124611189675,31.26532700389036,9)
(121.41056336376329,31.28855951386715,14)
(121.41596312181169,31.295688866652487,36)
(121.3971504732831,31.266306456490128,29)
(121.39938176700421,31.2472279932059,1)
(121.41463258682475,31.248294456561442,13)
(121.40253720580353,31.287456900987735,36)
(121.3722462641053,31.28691277333144,36)
(121.43310064073995,31.23557981366581,26)
(121.42365934891816,31.245061127300524,10)
(121.44268033588521,31.242012593391816,29)
(121.40040675887215,31.277442288910912,7)
(121.36646203817803,31.243878365703893,15)
(121.37202696449154,31.264342092351118,4)
(121.39730835841692,31.265794664411327,36)
(121.44252311733004,31.24656585114388,12)
(121.41172165396826,31.283520259569215,1)
(121.39879482977351,31.232205654333423,6)
(121.34161322026638,31.296361929565144,36)
(121.36896737902806,31.314129929725418,36)
(121.41524893599677,31.232439089514127,36)
(121.36420771418446,31.309726361067334,24)
(121.37191272014115,31.263572612133824,27)
(121.43763680460133,31.28207821132973,24)
(121.40517317417817,31.24826664754171,18)
(121.43866137105492,31.23926832664274,1)
(121.41122930629244,31.232289128957884,2)
(121.44638912369234,31.244835552818138,14)
(121.38534459422516,31.290759804417846,14)
(121.42881109525283,31.24619719616661,2)
(121.44776978661484,31.260352101786463,3)
(121.45319804030548,31.254671392637217,12)
(121.39806613772186,31.303452930505184,29)
(121.45179122856278,31.245837096083832,2)
(121.4121898036137,31.229419610607344,5)
(121.37280545838023,31.25623161023907,1)
(121.38416747928935,31.280757682296162,36)
(121.37774434761846,31.271191813620636,48)
(121.45209474538377,31.255901101739635,11)
(121.41199265235774,31.272891804564868,2)
(121.45114348263097,31.25298244516619,51)
(121.39308938681603,31.223572330455227,23)
(121.34890795826041,31.303089314106447,9)
(121.37903087510993,31.232805563486377,2)
(121.45075402847672,31.269687599824962,13)
(121.37807171912047,31.276195513861165,36)
(121.39540622299334,31.2624990295653,36)
(121.39203898194394,31.27897689358845,2)
(121.41313688815096,31.245044834276566,22)
(121.36875303507645,31.314264678464774,5)
(121.3810075151033,31.299870246939822,36)
(121.41443060888376,31.247925699489308,32)
(121.37768058038648,31.25760916884307,35)
(121.4515711860565,31.24572006047497,29)
(121.45824241424309,31.26796904840378,15)
(121.42492268427077,31.22805241802207,27)
(121.41189460715361,31.249150593407297,37)
(121.40403575411045,31.233395827962838,2)
(121.44319516778943,31.261782449927384,9)
(121.40911569465123,31.296341393463262,25)
(121.41224090825038,31.288077995601164,6)
(121.39890885638759,31.23383667373125,45)
(121.44652605440709,31.254100959747426,5)
(121.38566518227907,31.289374251325643,36)
(121.43812702296715,31.282379661246406,19)
(121.39738822219928,31.239174644276467,2)
(121.40808673977527,31.231687217080786,31)
(121.45504904916805,31.271796994737628,13)
(121.38892605109545,31.291279935688962,11)
(121.36414040485892,31.309741553300427,36)
(121.43707148895967,31.2540631159702,36)
(121.46032087246172,31.253085622568896,21)
(121.36422781642686,31.311730258819406,29)
(121.44302928410285,31.282436389635006,22)
(121.378201915658,31.276467774259075,20)
(121.45883039932004,31.259765833902545,1)
(121.46385332479075,31.261465828259094,3)
(121.40175552734081,31.25886676282164,20)
(121.43955484903923,31.262291207973913,36)
(121.45108928053689,31.25837011542252,12)
(121.42284586713428,31.265717737444774,37)
(121.44177748626761,31.246346912439165,25)
(121.4118784926905,31.236322840806764,27)
(121.44603064909587,31.244830289861326,36)
(121.41546166630852,31.29544752114473,28)
(121.41837800473398,31.252412692308543,12)
(121.39316312934125,31.27744612852333,19)
(121.42400099821542,31.254790816789438,38)
(121.42953856064402,31.23856804717174,2)
(121.39353688813434,31.22589566987943,2)
(121.42752285239878,31.238010738571774,29)
(121.43407163525247,31.26288074252602,19)
(121.4013355293729,31.248698208221523,21)
(121.44226564124413,31.25852651011793,37)
(121.40903697587432,31.244951780050474,34)
(121.37215642473879,31.2558105790641,20)
(121.46051687232563,31.260880751991166,36)
(121.45491181906353,31.258965566427193,71)
(121.42432442633637,31.264417084630047,2)
(121.43337720950184,31.25029586412856,1)
(121.3963972465326,31.274146169574635,33)
(121.41439449962633,31.235566215370483,1)
(121.39418713239775,31.29275592863217,37)
(121.40734036786502,31.249908448195267,2)
(121.44243930522751,31.239836484945823,20)
(121.36468769760303,31.24943634889078,1)
(121.43147198319222,31.253384714404138,2)
(121.4483448276397,31.24913822812291,23)
(121.45179642667254,31.244257536248234,10)
(121.37847597083082,31.232248577157627,6)
(121.43159388362578,31.26070666847919,37)
(121.40761006769988,31.24659097178521,8)
(121.40968048403859,31.230835695923147,3)
(121.36711257211725,31.241720387775963,19)
(121.42843348287178,31.27997405112872,37)
(121.36524177409898,31.277038854265456,7)
(121.43548909994922,31.26187927336273,1)
(121.38989708808036,31.259135271734838,23)
(121.36850589882549,31.282892029133794,4)
(121.45219968443642,31.24561423060423,8)
(121.40628490053737,31.292462816144923,7)
(121.40749864600288,31.23022856621349,18)
(121.41882057809786,31.23811097988086,2)
(121.38978636065414,31.282392803163507,36)
(121.41144789160055,31.270577162345315,6)
(121.38274531868441,31.23211870139576,13)
(121.43741819106353,31.259950503133247,19)
(121.36202072852866,31.28000208414968,2)
(121.40452643402891,31.263422194919443,28)
(121.40086849584335,31.264063273274523,14)
(121.38463527983343,31.231000093282898,4)
(121.43671377324523,31.264658157093134,15)
(121.43651509126225,31.25322646712851,36)
(121.43799277917186,31.25409285619066,31)
(121.4257903144717,31.254878455229875,26)
(121.43698593140343,31.23702860986527,2)
(121.45051765744815,31.247765545828273,22)
(121.43935746148107,31.26540582661426,1)
(121.40606600655173,31.245767591671868,37)
(121.4588303872824,31.259626773781466,22)
(121.38787834211371,31.270966790317203,26)
(121.44853850088778,31.250703239879027,21)
(121.45137115341272,31.267644986934144,2)
(121.43935600734015,31.26166933814996,3)
(121.34666570210082,31.284570026201592,18)
(121.41074019545391,31.28812364841883,9)
(121.36649925908817,31.234137017133456,5)
(121.37088193563201,31.27322632180902,12)
(121.41080346114315,31.24442770069977,9)
(121.3428897785277,31.280567057199764,36)
(121.39847833185986,31.260979604104715,20)
(121.42994471743394,31.24243092718968,36)
(121.4017730519529,31.276290162090486,3)
(121.4129535464401,31.240641539378007,19)
(121.39828138718188,31.244862197356216,26)
(121.390001014018,31.236174936825925,2)
(121.34089375763786,31.286432608142146,36)
(121.45948452925629,31.258052652269676,1)
(121.4423715716956,31.254694813426887,1)
(121.37649100091156,31.281171737588643,19)
(121.42253451851822,31.281883528209494,1)
(121.44351362559722,31.25109628348045,30)
(121.40071715741308,31.29943506992278,9)
(121.37652749290842,31.26323725452213,36)
(121.39201471603765,31.247540589902925,36)
(121.3407634719945,31.28650039019389,35)
(121.43932807799553,31.28336537079912,20)
(121.36497282038815,31.313274341921225,15)
(121.44233373510107,31.24958248637509,5)
(121.41119230550856,31.243647283270757,10)
(121.42401127575938,31.259359149097424,36)
(121.42485688536037,31.244353982490317,27)
(121.45346154643333,31.246472362821343,27)
(121.41083321844364,31.226283588769796,3)
(121.46334175507755,31.25482547116464,7)
(121.4007534686866,31.261441755508116,32)
(121.46007844555413,31.263747789501345,1)
(121.44852896586904,31.25978059511142,27)
(121.36395531535067,31.252135263587085,36)
(121.4144187061389,31.256034981345834,6)
(121.45269659087415,31.270350122653554,2)
(121.39661489668191,31.275680808759027,22)
(121.449484554185,31.24301735674118,1)
(121.44411500521178,31.24590500594799,2)
(121.41842298854954,31.252546728358162,17)
(121.39988157329238,31.242935035867237,5)
(121.40031005921898,31.304147956610326,5)
(121.35818735880243,31.285807291587187,36)
(121.3977042521329,31.248679076352914,34)
(121.36282562469319,31.245816088282535,18)
(121.40818548935661,31.22889892890341,1)
(121.37688092888884,31.25022523660247,65)
(121.41491763040939,31.272270153930297,4)
(121.44227993419773,31.250714070258777,17)
(121.43253187323653,31.263611866197532,32)
(121.43393428888326,31.27955492667701,3)
(121.44499930476911,31.25796485125955,36)
(121.39930740961968,31.231970078070614,10)
(121.42231616285385,31.260281125145635,4)
(121.36067538380853,31.242230715499804,6)
(121.38949759439585,31.268928157198953,34)
(121.40738540276351,31.238859507083877,36)
(121.40345008079922,31.261107056897888,36)
(121.45957550756411,31.2605775439793,4)
(121.44982484741516,31.258537748178256,1)
(121.40695794596273,31.242676429437687,6)
(121.42605677838567,31.245322328142397,4)
(121.4284816699136,31.273976470040573,24)
(121.40712744741734,31.23928670275762,9)
(121.3648831354579,31.27701730541547,31)
(121.42677579250831,31.239473074638234,21)
(121.38571949350957,31.28973096003957,36)
(121.38649955902518,31.27416962989785,36)
(121.44631040654949,31.241633744840808,20)
(121.40584628449395,31.260516051788386,27)
(121.3837886114385,31.229541977536307,1)
(121.39727775133663,31.265459559103064,23)
(121.44389559845587,31.246242706556068,21)
(121.46344441879447,31.257743919848195,47)
(121.4442241684681,31.245723866718745,36)
(121.42263604026061,31.24384022300401,37)
(121.45476178805214,31.247221564952262,23)
(121.38374516750925,31.270980221379233,26)
(121.38645015283826,31.24869977372035,26)
(121.39584241876449,31.27335916356395,36)
(121.37065718420483,31.245644092001637,36)
(121.38862252991979,31.282903621142278,106)
(121.4209719297776,31.24252097882154,36)
(121.41077266277681,31.246663703221586,36)
(121.44392963124126,31.26067471754439,6)
(121.43479378727865,31.253867948536993,37)
(121.42393376790771,31.24125921626405,11)
(121.41282642495146,31.245653119365887,3)
(121.42154003864543,31.24390608963952,31)
(121.38090518569263,31.27453790191134,23)
(121.3779959842506,31.280404168057732,11)
(121.38299121637125,31.281203753087116,6)
(121.4236849219525,31.26917772335821,1)
(121.42417783061454,31.244560510974875,27)
(121.35422743150914,31.288676428190545,1)
(121.41550902576611,31.246300256674534,36)
(121.39267015488231,31.235716676921108,35)
(121.36757264213531,31.23783145320811,6)
(121.40497348903997,31.229129971833746,2)
(121.40268427376355,31.23055831035419,37)
(121.45657849488427,31.2511916021721,10)
(121.36386936762825,31.30926412339919,21)
(121.37633749493517,31.289313863278835,24)
(121.37457091346769,31.254139939614774,12)
(121.38850376328755,31.257817653804892,36)
(121.3916948389184,31.251660207885408,6)
(121.4379089199233,31.254118983114513,21)
(121.43658182281051,31.239878436723636,11)
(121.37724208119647,31.270202053168312,36)
(121.42352896040663,31.250352696195367,2)
(121.37606912619967,31.26639105606461,12)
(121.43882588681558,31.254264251564653,36)
(121.4098117219007,31.245271220968277,35)
(121.4076504586289,31.22701037644656,2)
(121.42234106887442,31.25888113302942,26)
(121.41879418130868,31.234513457682375,10)
(121.45558765883223,31.259608682963112,36)
(121.40521767652758,31.23104787561475,2)
(121.44764828583658,31.25567235178248,30)
(121.39061952807009,31.269076011269917,36)
(121.36721082418914,31.238070845174246,15)
(121.35112399854142,31.285938196763894,12)
(121.45803741561888,31.24770027025159,3)
(121.45061702162783,31.254539344180575,3)
(121.3900418403334,31.26272792176709,34)
(121.388484779306,31.304097641003498,36)
(121.45730224409996,31.246842950026775,23)
(121.37490790349145,31.27140576599001,37)
(121.37970035110355,31.27064799463539,36)
(121.37509495901898,31.303440934910622,36)
(121.43951094665407,31.28414872417602,5)
(121.37479224818188,31.254279275095925,8)
(121.42455425306188,31.276369946068844,22)
(121.36518367883016,31.277126803487764,36)
(121.37466586720915,31.28740928315421,36)
(121.40411642409362,31.28679989033832,37)
(121.44158089748288,31.247495781007434,82)
(121.43618198506584,31.25412724363242,12)
(121.45776232844781,31.259572994200663,38)
(121.41971762688783,31.235204267907072,3)
(121.4080876424743,31.260686652618222,32)
(121.41348387442795,31.26147987501628,6)
(121.401111954831,31.248713452657867,1)
(121.38932836092965,31.256417662903175,16)
(121.42769062325173,31.237522362244224,37)
(121.39195269056344,31.27072658499851,7)
(121.37947466999307,31.28452105727368,5)
(121.38494053178296,31.29277821816229,36)
(121.45388335340455,31.265649764028648,15)
(121.4240786413163,31.241336140606684,23)
(121.46127469580966,31.26030575709459,61)
(121.36396138054634,31.308293536097207,36)
(121.34719502521087,31.30238463824622,37)
(121.4279501675138,31.24710842619984,6)
(121.40618797892861,31.230380119457358,1)
(121.42096892846165,31.23453489308516,2)
(121.42607661705676,31.2634422392487,36)
(121.4116385833851,31.230026717515347,23)
(121.40080716799932,31.23482883656283,37)
(121.36810308400888,31.304322972494003,22)
(121.3875877737562,31.26753010684446,31)
(121.43612507597561,31.234554617296073,3)
(121.4432408662586,31.282488219344145,23)
(121.39061934623739,31.25737570809779,7)
(121.39684199615674,31.274040586797927,36)
(121.37045076705685,31.247133476503656,12)
(121.40383888229623,31.25812682566895,32)
(121.44441147706523,31.24652979781269,7)
(121.39973905053822,31.249265808219857,23)
(121.44580591080103,31.249178637769493,36)
(121.39281793395577,31.256437220150172,37)
(121.43390315865992,31.266085316268207,36)
(121.37243354036326,31.286768960546706,20)
(121.42397872020726,31.241185148798873,72)
(121.39211597552536,31.269273461996075,36)
(121.38279079289016,31.29043930539463,36)
(121.42634104868786,31.25505626824579,31)
(121.39055082046725,31.27305964090338,36)
(121.39808034166927,31.22875248900835,36)
(121.45006987632448,31.26872903807708,30)
(121.446392824461,31.244835553466704,24)
(121.3776292104447,31.245659018146732,36)
(121.38213519494042,31.244751574202517,10)
(121.43644621640077,31.25341664105549,20)
(121.40906110589866,31.259905729083847,36)
(121.39074874422842,31.258903745596776,12)
(121.43710209467415,31.247256534545105,13)
(121.37127938550937,31.313530444628913,14)
(121.3724335425395,31.286793970669684,36)
(121.3856651822722,31.289412151244353,36)
(121.37692888460646,31.22681147115897,36)
(121.37063564035394,31.25130156944241,36)
(121.43157130527669,31.24333775308252,37)
(121.44288135464252,31.245576845417553,34)
(121.38443850405848,31.23171257780673,17)
(121.37261513380527,31.255843193675734,10)
(121.3850715696971,31.229477071504455,30)
(121.399895566321,31.24901890892313,21)
(121.44333826524608,31.243080000225902,36)
(121.40709654296936,31.251841302432734,13)
(121.39039073803686,31.2735867511618,34)
(121.42286053475195,31.262054158077124,23)
(121.44208983583043,31.257000120492172,23)
(121.43144215294465,31.261500176980334,18)
(121.42303541847258,31.26245220442486,19)
(121.42854188445048,31.274013382239644,4)
(121.42163868367709,31.240730598958915,20)
(121.43647805305565,31.25391540148668,6)
(121.40233966968096,31.241468344933672,2)
(121.46169006012296,31.252513727784365,23)
(121.41781414857442,31.25337889784162,2)
(121.37944021561886,31.28438840473901,13)
(121.43337454904231,31.23895502460883,7)
(121.41407617993669,31.252519502785695,24)
(121.38939603370265,31.251996777744036,11)
(121.3985008419635,31.2979329408263,24)
(121.41780628577402,31.26313863271464,37)
(121.44617967826989,31.266791644956932,1)
(121.39730375738168,31.265435164241918,13)
(121.39330796947945,31.274494985221914,19)
(121.38766839040186,31.227787534222898,19)
(121.4628829516039,31.260531671691854,10)
(121.42942947161275,31.25896619397425,25)
(121.41446061490421,31.270715211354542,15)
(121.44532660123112,31.24313916846684,6)
(121.45334300430922,31.25584499473429,3)
