(121.38195094941446,31.257441687539398,30)
(121.44345471945365,31.273834148733656,16)
(121.44848725792046,31.261611584571085,36)
(121.40975202578164,31.26010574325623,37)
(121.44094648303918,31.24040051117415,29)
(121.38005185975152,31.281760724974433,30)
(121.39588583228077,31.239522939994973,5)
(121.43183638170494,31.247179474579692,8)
(121.41244713892912,31.270220371768385,8)
(121.39194159663917,31.2812139397855,36)
(121.43967036019059,31.281924287164806,18)
(121.40536033489573,31.295772604935067,18)
(121.41534173479427,31.244626496612575,36)
(121.37304982382918,31.256160895393798,4)
(121.3631373681315,31.30922794099228,13)
(121.39609010734621,31.23388266941548,36)
(121.36076486415533,31.293894120533217,36)
(121.42591374546532,31.26303526502592,36)
(121.40079930238335,31.23934703930197,29)
(121.40989008572492,31.25901332987196,7)
(121.45410401503187,31.256379321177622,29)
(121.42440727715892,31.263292053448776,18)
(121.40721133406996,31.260939264725707,4)
(121.38207806482677,31.234047388228724,10)
(121.39014724262125,31.25928231730907,36)
(121.38392492461271,31.300377318253656,5)
(121.38993989408999,31.28253173099257,37)
(121.39644806264616,31.230789665967713,2)
(121.45870074196289,31.25980613489463,7)
(121.40527767567897,31.299741159110702,32)
(121.34887048260903,31.28691858021884,37)
(121.42161769076085,31.262662175040678,36)
(121.41871179342422,31.252391511255787,4)
(121.42680675557723,31.23942902728421,26)
(121.44996410546995,31.273110526988308,7)
(121.378370159303,31.276712065191365,7)
(121.37486096933915,31.238395289779902,4)
(121.38025277679071,31.233052053749308,9)
(121.42644009228464,31.238834080547917,2)
(121.38856699965969,31.282845253172287,3)
(121.42313627554036,31.273275723973192,2)
(121.38052015102777,31.277128910594012,30)
(121.45202415904302,31.274737147861277,36)
(121.38406965549551,31.238026116616833,2)
(121.39590462929347,31.267272191254882,4)
(121.40756911077126,31.247063182837397,3)
(121.44439783288364,31.26179550494681,16)
(121.41624212077029,31.251461253590147,27)
(121.45798605083675,31.26500992442435,20)
(121.40749856987993,31.229355163810126,17)
(121.42512533943018,31.272216754826662,3)
(121.46062488704754,31.251703583887295,51)
(121.44384054203046,31.24592046004317,37)
(121.41292419749149,31.270909747766897,30)
(121.39495351796302,31.247298344923582,35)
(121.4539125746607,31.245988127094556,27)
(121.3655703067765,31.27649311961753,43)
(121.38271404060234,31.248323440830887,36)
(121.45538103234418,31.258012419343874,22)
(121.4280759903441,31.248525667348343,6)
(121.36909658210631,31.314008065317566,36)
(121.38051252481067,31.23796156368572,22)
(121.43665987322726,31.253352331447765,5)
(121.4052402912449,31.226606827420582,11)
(121.45934259604103,31.2498772400417,1)
(121.40118657361393,31.23405549610462,36)
(121.45178700506777,31.24520866449956,24)
(121.46354327594271,31.25754979564647,31)
(121.37657357592592,31.263456402920493,18)
(121.40842922657302,31.24565235272584,17)
(121.43889852624186,31.25990878625528,2)
(121.38566518227883,31.2893701513344,36)
(121.39063119382793,31.23067505836238,18)
(121.43400984991104,31.264314431627124,36)
(121.39284584025779,31.25604712620075,33)
(121.40335178993318,31.269426592034147,3)
(121.41160864438467,31.294518709298277,10)
(121.39417602017652,31.280937232428773,19)
(121.41887291111772,31.25399001834311,15)
(121.36866796952611,31.30935290652906,36)
(121.43886705918455,31.239684224196225,3)
(121.42192156574228,31.262576238534287,36)
(121.39541804788188,31.22440200998916,1)
(121.4257546310337,31.236901790835102,2)
(121.42714576286467,31.229163512969613,4)
(121.40115316203939,31.287110983181893,16)
(121.3921373057747,31.23627736347196,52)
(121.46243695222404,31.262711991120334,11)
(121.41188467821193,31.245722471333895,26)
(121.44711217236842,31.24177958451612,2)
(121.43914926892771,31.23613321288254,16)
(121.41341187758147,31.246229918266486,20)
(121.41598307696147,31.260941489965234,19)
(121.45970587812648,31.268829783299836,6)
(121.4619189492228,31.25777705068803,3)
(121.40153401793414,31.242215364304776,10)
(121.45884533823006,31.259512691688524,1)
(121.43061955311069,31.265355714715035,7)
(121.42333316079927,31.262489004645186,31)
(121.44649894648092,31.244842872038735,37)
(121.4214956585056,31.234922602206534,4)
(121.38754472416369,31.301849033087535,36)
(121.44616797694628,31.241721119674228,20)
(121.45107109698155,31.27460292444908,1)
(121.42999102920291,31.247400727312574,34)
(121.39818875010593,31.229597589412602,1)
(121.36879911801859,31.31433777087276,11)
(121.42617439723442,31.239153454779508,15)
(121.39059194385663,31.231378854838223,31)
(121.45292345044503,31.251891717726217,7)
(121.43854953596788,31.26195549513648,34)
(121.40800913031963,31.304834184424376,36)
(121.40230493994964,31.24450550101375,93)
(121.38723592462962,31.24119887285155,9)
(121.41006916181429,31.22787928383753,9)
(121.3634719133783,31.309144478664695,36)
(121.40678172283727,31.258670386937013,19)
(121.36952701497799,31.253242898795776,28)
(121.40404197273021,31.304642934631445,22)
(121.34113830570159,31.28644807470804,6)
(121.39190497003452,31.29726937300239,36)
(121.40601817000288,31.224717997909515,11)
(121.43893723741562,31.254579747989826,5)
(121.39583167434735,31.242000226243988,36)
(121.4492712606534,31.26872296280867,7)
(121.38814131064754,31.249466172900096,37)
(121.44004146512152,31.256151841676928,36)
(121.4367450142401,31.253806753383437,36)
(121.39069698606936,31.24609807614658,2)
(121.40061920569066,31.258866475268427,36)
(121.42234201440482,31.262529724305924,34)
(121.40856117957794,31.283486535577925,1)
(121.40028974181139,31.25475559287341,19)
(121.42445068692243,31.254444479421203,1)
(121.38722584040512,31.226236459805445,13)
(121.42313491088217,31.257629048879277,34)
(121.364972820394,31.313252141971798,44)
(121.44488577339067,31.272225131513203,36)
(121.41823957444477,31.233258656160437,1)
(121.40544919665936,31.298747031356967,14)
(121.44569258227853,31.260522801165248,33)
(121.41106946222718,31.245116962746028,33)
(121.3841956090341,31.24385492332411,193)
(121.37376828485296,31.24902668131019,7)
(121.42752362505416,31.246881721566055,10)
(121.42823960852601,31.250818065135356,24)
(121.36436123551714,31.309697878823144,26)
(121.4444425857343,31.24848361469709,25)
(121.34683910589673,31.309211678986543,5)
(121.4245349943777,31.238816649988507,3)
(121.43126823385313,31.24709318529763,28)
(121.4444187145412,31.265485664854697,6)
(121.3786178879707,31.27750890571193,36)
(121.39561336891322,31.247221772159644,2)
(121.38393634062959,31.2590713161379,9)
(121.41569913565334,31.2371200556151,11)
(121.38156219855233,31.26559180300929,36)
(121.43553323239152,31.236738349399815,1)
(121.37368840469475,31.25527050987408,36)
(121.36546773579391,31.237359954554343,5)
(121.38186522620731,31.23877832525536,5)
(121.41087145958235,31.27437004124309,1)
(121.37173025833724,31.273050384962154,24)
(121.4051290648142,31.258518139070027,15)
(121.42179703499635,31.2623155130926,24)
(121.38297700621405,31.290459494183235,22)
(121.42122016304442,31.242473652987826,33)
(121.43787990228846,31.253367693716292,36)
(121.43527988916586,31.240465381352138,14)
(121.38245525998083,31.236837643475027,2)
(121.40375315483513,31.2384640957105,10)
(121.40213223288562,31.288811364659793,20)
(121.40979596008503,31.236506274633026,3)
(121.4131437455477,31.232185644045575,37)
(121.41093339917367,31.24404250635976,36)
(121.3894790013054,31.231174351234166,6)
(121.44237825129534,31.244982371888618,30)
(121.38193382658886,31.24475808208741,13)
(121.36885250365947,31.28785337835545,36)
(121.45597526292228,31.25465472044296,24)
(121.37370820061275,31.287375544028084,9)
(121.43440317015772,31.240157332090284,26)
(121.38291593105428,31.29039140775856,7)
(121.38680605130844,31.233283361555912,12)
(121.43720104420416,31.26524275663475,3)
(121.43328691154917,31.2515463799424,36)
(121.37243170481445,31.231084867573344,36)
(121.44534040414466,31.24318387083604,36)
(121.38649263632414,31.232019521254056,26)
(121.37362351982836,31.25422478491103,12)
(121.44385860105878,31.269970872330234,36)
(121.36835333595623,31.250962393495126,11)
(121.38571839270375,31.293205052382838,36)
(121.44356837056331,31.260865455853793,1)
(121.4251835972459,31.241445317487138,23)
(121.41021866690791,31.228146457388824,14)
(121.45475930952048,31.266611395399472,2)
(121.39173915924385,31.231987394117073,3)
(121.44799285666294,31.2578341070453,14)
(121.43804642507031,31.262522439171768,4)
(121.40438476194745,31.301723846176642,25)
(121.4045537570045,31.232688566105494,1)
(121.43672890891659,31.266489918536653,28)
(121.45172729776046,31.26016572721998,6)
(121.39722233830987,31.26707904496523,27)
(121.4047143178805,31.227452171763076,19)
(121.42403500664368,31.255684822123087,2)
(121.41620704073824,31.296144948523647,4)
(121.45602260561904,31.271474840000625,1)
(121.39834472429403,31.232863564233735,34)
(121.38428119755297,31.287105616879728,8)
(121.40193671176603,31.237523338826882,8)
(121.3970152292133,31.24131545318543,37)
(121.43689619566639,31.24388044376888,12)
(121.41433355722705,31.23508361450466,2)
(121.43675922600251,31.259209752684193,35)
(121.44001470448963,31.258359841095988,1)
(121.38607649689456,31.26962974518411,25)
(121.44265383381429,31.257621509012363,11)
(121.3976726670714,31.254237460948094,1)
(121.4119822165255,31.29076513416876,2)
(121.40006840432214,31.28711836604792,14)
(121.408536054873,31.247201200912098,36)
(121.45238146519132,31.255783990579786,3)
(121.38948207380736,31.274581521439803,27)
(121.4578119106156,31.24788529080454,1)
(121.42225865044078,31.281223172096684,9)
(121.45891275776457,31.25485951987914,15)
(121.4272188941122,31.246124662564366,14)
(121.41621651750768,31.232932940609075,36)
(121.43918097551871,31.25635017384367,61)
(121.40909428996353,31.245042891765998,35)
(121.37270400885284,31.229777621192724,36)
(121.4142875700909,31.23501960020486,9)
(121.42260073154745,31.243583616143194,19)
(121.44867822648878,31.24191233839205,18)
(121.36843952163602,31.314373275516715,9)
(121.40768334340159,31.25873777285954,36)
(121.37038073584324,31.234048482931108,6)
(121.38563431572553,31.284154389982955,5)
(121.39092523426977,31.25834732368155,4)
(121.35021557009517,31.279438452267513,19)
(121.39889612640599,31.28789008220694,37)
(121.40962838611948,31.22962014237654,16)
(121.42717154399222,31.241517642485597,21)
(121.41921746217231,31.252362228614533,5)
(121.42147836191506,31.235590374389904,36)
(121.36497092967558,31.27795712068578,1)
(121.4459722814385,31.245851875637218,22)
(121.42528352102663,31.253165444791914,2)
(121.39320713747152,31.265727227833622,36)
(121.46357295645076,31.254685972331547,13)
(121.3835354764363,31.23691082495265,8)
(121.40982629451324,31.240398032907475,9)
(121.41460565229838,31.247931136132458,29)
(121.41664335754483,31.24013947779068,37)
(121.4533044942311,31.246065806584166,10)
(121.43097001743384,31.264360916367323,2)
(121.36618723643899,31.251678421715187,7)
(121.44481750033093,31.26752726110431,13)
(121.4019294508286,31.303314048693277,33)
(121.40881873862863,31.232440516848126,12)
(121.36721786854477,31.23306158733143,36)
(121.4053343926432,31.230137975916623,37)
(121.41827896296624,31.236753526684225,5)
(121.34205583302239,31.292622697331755,13)
(121.3858570221726,31.289497684571224,15)
(121.36505144886566,31.249355491588943,21)
(121.43713309614213,31.26458256582426,36)
(121.42477903858199,31.241995890849235,36)
(121.38241079071368,31.28393930520276,36)
(121.43711617214598,31.253669863133954,37)
(121.37970637761268,31.27086509257449,35)
(121.44200909094658,31.246638961666584,82)
(121.38793529895011,31.304292289670354,18)
(121.37228481077946,31.234916428628683,12)
(121.40223051624002,31.28034093722452,19)
(121.45368552216691,31.262116648323214,8)
(121.36497222029915,31.313289841815422,36)
(121.45376848557757,31.252481291610387,10)
(121.44039886588031,31.280859029033774,5)
(121.41266920678427,31.247164532191412,26)
(121.45156836348993,31.247417824885066,3)
(121.42894882216022,31.25639455440757,1)
(121.44911827090989,31.241978564721375,14)
(121.36315228003309,31.245490083852623,25)
(121.42637219660583,31.239214311540362,25)
(121.44184918185888,31.263844331615296,3)
(121.44252622725791,31.282332141758804,4)
(121.43280712222553,31.262743594734758,6)
(121.42264870464676,31.28483384275996,2)
(121.39721459327143,31.25585798107214,37)
(121.3963832284974,31.267922807285785,31)
(121.40969711958516,31.238155034670513,22)
(121.43691875488877,31.256723461143537,22)
(121.40979706297904,31.237420452281636,1)
(121.4362393125569,31.23931763237448,4)
(121.40997144674682,31.242421925255204,2)
(121.45543544320846,31.25278002156063,24)
(121.40166450557726,31.2817401278264,21)
(121.41827007433331,31.25244876261735,36)
(121.36549980186486,31.249019226756648,36)
(121.38787836191206,31.27119388591188,36)
(121.33805074502916,31.290807993043256,46)
(121.40273068704539,31.235191440514427,1)
(121.36991300414664,31.240509749695608,19)
(121.3942801742953,31.223716067649118,4)
(121.37489380737625,31.287104117332795,37)
(121.42432512550215,31.272433480786717,25)
(121.44000160323577,31.24999834353197,3)
(121.39323493483928,31.2287398129085,19)
(121.37909934904995,31.233429980768566,5)
(121.4172344596672,31.272833012099774,8)
(121.45662760358955,31.25112080965343,1)
(121.42126660255234,31.24261544011222,36)
(121.37188217364566,31.269345027594397,13)
(121.39830958884386,31.301745486329686,15)
(121.41635605869065,31.251412184903895,6)
(121.37732445893518,31.29625478615338,16)
(121.39004636233146,31.2610111696906,2)
(121.42035324771027,31.2703923462997,2)
(121.40987738278731,31.234149575165453,3)
(121.38314519938139,31.290497671645948,14)
(121.37571029283359,31.27414489368992,37)
(121.42368395335292,31.22931095887095,2)
(121.42620437496589,31.23925447468676,36)
(121.38022615168782,31.28375699241997,3)
(121.41964130148243,31.254295878501033,21)
(121.38829293878126,31.296432500787144,7)
(121.42761049634886,31.280889202531387,7)
(121.43516964966211,31.244766963609553,30)
(121.3685377603836,31.266343784513346,36)
(121.41044792327234,31.267801728563445,26)
(121.44806771512361,31.2553624021818,2)
(121.36768343421252,31.249473311622033,33)
(121.41338883866516,31.245690684452917,9)
(121.42545273103869,31.24498560432219,36)
(121.42407862004742,31.24109203071821,6)
(121.3907186633193,31.269726353697482,15)
(121.4368425738872,31.25325104482263,68)
(121.37202880968279,31.28555893852122,36)
(121.36932316357458,31.281862757399093,36)
(121.38261758171251,31.290289075991446,28)
(121.45298624267593,31.275342501306323,1)
(121.39513188079722,31.248425199356276,7)
(121.4232641981628,31.26221993929578,62)
(121.34716703089047,31.30190921406026,36)
(121.36678429907263,31.25181119483184,37)
(121.44857115641996,31.272919009831025,1)
(121.44332549303434,31.279859858279558,1)
(121.45258738516605,31.260352197799456,5)
(121.43027578971837,31.263093107238966,21)
(121.38902309851929,31.259451911771716,21)
(121.39711315416874,31.228423616147662,3)
(121.40004530788569,31.250715746548984,36)
(121.3775216932227,31.272878501362946,36)
(121.40064364428734,31.23823267929585,8)
(121.46071719306828,31.257525672030763,4)
(121.37755172762296,31.2728075061719,31)
(121.39210428148793,31.287705685270875,25)
(121.45946094057682,31.25054841900193,6)
(121.38265488330391,31.270286883566442,36)
(121.35112434392023,31.28843669418267,18)
(121.45749716227702,31.26857730621284,11)
(121.43355836525512,31.239842208155235,14)
(121.40533166821196,31.294689115721578,36)
(121.43491361027183,31.233943064807324,30)
(121.37862738304712,31.252390959889897,4)
(121.39009685143057,31.269087918700016,15)
(121.46148295021695,31.25375952987077,6)
(121.41082481637724,31.223780891651625,26)
(121.4271162906721,31.237923068887405,13)
(121.45110413072146,31.245533438170806,5)
(121.44923170694089,31.258943515863027,9)
(121.40656357020174,31.23851028124734,3)
(121.41799539344507,31.251784438862884,11)
(121.3556839806407,31.287153653412595,34)
(121.39316167138476,31.260731059097132,10)
(121.43203026251192,31.28318062663603,32)
(121.43930924182582,31.23897427288806,31)
(121.37214505714302,31.29784099784061,36)
(121.4084596342634,31.233431782363308,1)
(121.3659934189532,31.303810703702982,37)
(121.39206774049222,31.23589138583428,2)
(121.43850975575337,31.24075521074181,1)
(121.44351364645966,31.251336389276766,37)
(121.41712877854206,31.253323654373943,5)
(121.37703196865327,31.272209653299825,1)
(121.38266749241019,31.242629856037972,24)
(121.37058375350928,31.230494130760817,7)
(121.371767496889,31.2636084350938,36)
(121.43508153472072,31.24443841511826,9)
(121.45466177178429,31.254360536309658,5)
(121.37045855003366,31.230461945419517,72)
(121.39882831889643,31.244545609098765,44)
(121.44815108723168,31.251700245557597,2)
(121.42161849094957,31.262549075426872,36)
(121.38589792445511,31.242126602922863,9)
(121.38248784560213,31.28354822163955,23)
(121.41719739447151,31.228849214879478,23)
(121.44636441856136,31.24483284849261,37)
(121.37544424225341,31.289428834913032,19)
(121.39141702544698,31.231448407463407,1)
(121.34684929709353,31.279461833543678,36)
(121.45751628162148,31.247002981299243,17)
(121.40955153142038,31.231153856862107,23)
(121.45674031987335,31.277468833491337,2)
(121.3645582694212,31.239080363397637,25)
(121.45488400394493,31.266611139864242,9)
(121.45407421180788,31.269320938316252,36)
(121.38206286982806,31.23200743947874,17)
(121.39728665501426,31.24851599485831,1)
(121.44633621191112,31.24163244936938,15)
(121.43118121809806,31.24686705413134,13)
(121.3907516595333,31.292326657348145,36)
(121.43492357747535,31.26515266924495,37)
(121.40235738980851,31.24417142273033,37)
(121.39017704929896,31.2580985251982,36)
(121.45861696110758,31.25981031963033,1)
(121.3856474578769,31.262664408757363,13)
(121.45574597329374,31.26720967876192,5)
(121.46129458414057,31.256984130456175,20)
(121.38324769509516,31.24803632277718,8)
(121.44104647990112,31.253920371954152,3)
(121.44554997674801,31.269413990759492,53)
(121.39543873421692,31.291079907337153,19)
(121.4377522689658,31.269796548498654,35)
(121.41197802455606,31.242734715783353,36)
(121.41249926336337,31.270126524593934,8)
(121.41467721472118,31.23277744639991,3)
(121.43317062123533,31.259426325435957,3)
(121.39697205787715,31.274008629657743,12)
(121.4630837103457,31.26907420423761,7)
(121.41962700728716,31.268649408381012,10)
(121.3658147241639,31.27635442618054,36)
(121.40115286172806,31.290746275549843,36)
(121.43535120851325,31.245371492418894,1)
(121.44949077940004,31.252691703017486,9)
(121.39113777237318,31.255743633346285,21)
(121.40901617075679,31.245119675411026,36)
(121.41009933740327,31.24277430492295,14)
(121.37378775020534,31.300097003901058,11)
(121.3810345624537,31.265566251112407,52)
(121.45275618096804,31.255748738616568,10)
(121.4109729047631,31.261399121628887,24)
(121.35095532407352,31.28224139095163,18)
(121.42411019709789,31.259504136290897,21)
(121.37696355736114,31.26855703372046,36)
(121.37041335477942,31.272165918483502,17)
(121.42087690722613,31.248007338698212,4)
(121.44788555424893,31.27201186286751,36)
(121.43175264206718,31.248885324500975,17)
(121.35956902174625,31.277955434646945,28)
(121.4595594355257,31.247729953074913,36)
(121.38026400198774,31.274809274050263,1)
(121.45709375994005,31.24681089967436,6)
(121.44687662771057,31.257189915206975,18)
(121.42576290634629,31.24147787480588,36)
(121.39705390190234,31.24881881958632,9)
(121.41207807265212,31.255069155957532,36)
(121.45983556640691,31.269207655193583,14)
(121.4405432449584,31.240853318360834,4)
(121.41105307280476,31.290545908699194,6)
(121.40844568225458,31.24283225571497,36)
(121.3704250662569,31.2338357003809,36)
(121.34198452535371,31.30546846491718,55)
(121.37936832758776,31.288787500291857,14)
(121.3898061683088,31.25896295544357,19)
(121.45293144724134,31.2489882739658,6)
(121.41150938573995,31.297104390428963,36)
(121.40359565006983,31.24476296200726,22)
(121.39466076126044,31.296616711761676,36)
(121.39285454178464,31.259452320939825,2)
(121.40453972801045,31.243845617458902,26)
(121.39459161436038,31.29541420044593,36)
(121.42746202478155,31.239216340158436,36)
(121.41080579179588,31.27114029809377,4)
(121.42076362177816,31.25522358585527,2)
(121.37693442727574,31.290524053107415,33)
(121.42305476517127,31.248310632795864,1)
(121.41001761718005,31.25556096317004,37)
(121.44582163263532,31.257841409972873,24)
(121.37254510402025,31.24521141268774,6)
(121.40455488033788,31.277159192880934,17)
(121.36313656802236,31.309232540892573,27)
(121.42269735726568,31.26608959319646,18)
(121.3835038403186,31.283334392459768,27)
(121.41957538585366,31.26517614363827,14)
(121.40952137312247,31.24075622989268,9)
(121.3906630520945,31.24024743967767,7)
(121.39886502392936,31.24484201260776,2)
(121.44643120714768,31.244359420015318,14)
(121.38148029642298,31.290821152471082,36)
(121.41048113697144,31.228478501780256,2)
(121.41993202761994,31.252973096033106,7)
(121.39378000987575,31.25992206330224,24)
(121.40375988966758,31.244859295214802,6)
(121.44211526851264,31.268249313395835,8)
(121.40809714517287,31.24244639016198,15)
(121.43115590941319,31.26258513346871,3)
(121.39284474247296,31.236373765144062,34)
(121.3894962082573,31.27598711730611,10)
(121.38299202373686,31.29046551111441,30)
(121.43636678687632,31.235575767793403,23)
(121.36079649999472,31.310214129383162,33)
(121.40620051819467,31.27450700727835,66)
(121.41323068607808,31.26622968342424,6)
(121.39628165137691,31.238962066804227,12)
(121.36716473694277,31.237973734273908,12)
(121.37526746402663,31.271885409051773,43)
(121.4032184129579,31.23097059469931,2)
(121.39134951049309,31.231734894357974,36)
(121.43666359561215,31.253940137379676,36)
(121.43985391562136,31.247096959331557,2)
(121.42658599538028,31.2394862479097,6)
(121.35259201157345,31.28528752509416,29)
(121.38158941086853,31.23315048629398,2)
(121.42816118967974,31.251564047729964,9)
(121.39781701214639,31.24596986705471,36)
(121.41372843446672,31.231568483455113,2)
(121.37157084436511,31.294184793570523,36)
(121.43090434942032,31.262002683984427,19)
(121.38977766612497,31.23120560568262,6)
(121.43769953218919,31.2547905354565,13)
(121.44606592080768,31.26689288324476,36)
(121.3863015639798,31.23335096986509,15)
(121.44085583970455,31.242623647757657,9)
(121.42099057923144,31.233765852147123,36)
(121.39410342887197,31.29675746898537,36)
(121.44147433581414,31.26119388381014,3)
(121.40607057146904,31.23399611957059,26)
(121.42095310875843,31.285337169114452,3)
(121.43984442690787,31.26322819005953,17)
(121.37637155028315,31.23184713564299,17)
(121.38764260011753,31.276616927593686,4)
(121.4074692911721,31.25081974418046,10)
(121.46092263745652,31.257510201851844,3)
(121.4078009939544,31.23844146764942,1)
(121.41090392226049,31.26142414431416,33)
(121.45208310246753,31.25969677317381,8)
(121.4341221096256,31.26643721693772,37)
(121.41666172152723,31.260823157867275,17)
(121.42775156870795,31.23767837644749,45)
(121.40818664296096,31.24213195591885,7)
(121.3649711296271,31.27823922009105,16)
(121.43667487916142,31.253693461197912,27)
(121.40430962246249,31.244339608189033,16)
(121.40240566782334,31.27016673357146,10)
(121.35355599785699,31.296768802968177,1)
(121.39380905792142,31.248780204962646,1)
(121.43892334045256,31.266965110716257,16)
(121.39534317395824,31.239394814840566,1)
(121.43148137684508,31.27611832259538,34)
(121.40932428396313,31.25087776276574,5)
(121.41238126451644,31.235350284506417,37)
(121.45802277503164,31.251405941302288,6)
(121.42116663395257,31.24739988744726,31)
(121.38436652565179,31.27882707033067,36)
(121.44112971742517,31.246894143978512,8)
(121.41684767451773,31.2957625262532,30)
(121.43307882276459,31.263700172988308,1)
(121.41671312220662,31.231339000650863,26)
(121.3855840647858,31.29323572888338,36)
(121.42789735897112,31.24862014679091,17)
(121.44908117682684,31.259078590178454,2)
(121.35103942378437,31.281345173300565,11)
(121.4091316991753,31.24409240135738,17)
(121.40992749490059,31.266189423455927,8)
(121.44107758858559,31.255448672848757,36)
(121.43825929875105,31.253657296324484,7)
(121.38576860373918,31.28964636879765,15)
(121.39187342799877,31.291321993005965,37)
(121.38170258164345,31.279571807235236,37)
(121.40968364046849,31.26702471625058,17)
(121.4164479686086,31.250919929563825,37)
(121.43575201412766,31.238693980361838,11)
(121.4431244631441,31.282141530294055,6)
(121.4620491539271,31.264256546153383,7)
(121.42617620629335,31.25991463542763,16)
(121.42860707561746,31.26616109578455,15)
(121.42219590554872,31.24843767257864,23)
(121.38011200370941,31.283692844820465,16)
(121.44064569358244,31.257183889072927,6)
(121.42318825789226,31.26213996003927,3)
(121.39750172047574,31.256904155467364,3)
(121.36451645724165,31.309428897399002,66)
(121.37614418604866,31.25435395169493,22)
(121.38299201911408,31.290412489856344,27)
(121.37580902892434,31.25798513138358,2)
(121.44008777503277,31.28223203660379,36)
(121.43625550381819,31.25327983055614,36)
(121.39336819964491,31.265202097076397,37)
(121.37130337788035,31.247577824110017,1)
(121.4213687431815,31.284805690049424,1)
(121.36523187703249,31.239960732451795,143)
(121.41593206853686,31.28346196493562,36)
(121.41783345250796,31.236205534433743,26)
(121.41819413137041,31.252570854267837,36)
(121.4134118737427,31.24618589865905,4)
(121.42056253096851,31.275761429157754,22)
(121.38659310668405,31.247794724065386,17)
(121.41530732685477,31.263186253530048,22)
(121.37007503436448,31.31230378237632,36)
(121.38967977015191,31.269184397390802,22)
(121.42536339266877,31.241136031127976,2)
(121.41975742942958,31.241709626693357,1)
(121.39220630078694,31.229456958630916,36)
(121.39966189499772,31.237190975483177,3)
(121.45083332423768,31.26059937999305,6)
(121.42874248855667,31.238314721819133,9)
(121.41822205186475,31.22892418558175,36)
(121.43784801461136,31.25405403835458,46)
(121.45952954531215,31.25961022771132,5)
(121.37598548139451,31.27183425721011,31)
(121.4271521956781,31.271669787821352,22)
(121.41166449861633,31.235737619444254,3)
(121.44952078747428,31.260538693417292,34)
(121.42345434378306,31.268933144942924,11)
(121.40230143830593,31.257681774346768,36)
(121.41246738538243,31.259958189877707,8)
(121.44041281155701,31.236656512516515,5)
(121.42311999198273,31.26986530149047,2)
(121.34428781515665,31.280864686670846,13)
(121.41724801361325,31.24489490506495,31)
(121.3775667490338,31.272820528902614,36)
(121.3504895229979,31.295926063599186,36)
(121.38796307506928,31.233644472460927,25)
(121.42560306744171,31.24225964041214,19)
(121.4270514705236,31.250646818803432,27)
(121.4554530976287,31.26725590197879,1)
(121.44358413566998,31.263279518502447,14)
(121.3798396155228,31.29919015303842,14)
(121.37457431291148,31.234487058467845,2)
(121.36419091185465,31.309733459119567,35)
(121.38206665333901,31.280201557961966,35)
(121.38183432089427,31.240286975475595,37)
(121.42641878989468,31.246577574550603,6)
(121.40740277502445,31.245626640534066,19)
(121.40274724582588,31.24757168444383,1)
(121.38833964808589,31.28228754068723,37)
(121.38245326714694,31.24286975339217,16)
(121.34555942049221,31.278702149552416,26)
(121.41690732332798,31.247254319606256,228)
(121.38656136890708,31.2933105001161,6)
(121.43244235335803,31.244775721688303,5)
(121.40853558034331,31.276138653205415,3)
(121.37305352222832,31.235595190976824,14)
(121.36730039825473,31.30058636791767,1)
(121.38293094992389,31.290412430739455,22)
(121.43624151898321,31.26467378420583,3)
(121.43076371554467,31.257862335572252,1)
(121.37055679582372,31.231480547305445,25)
(121.34321021283988,31.289892345834414,17)
(121.40621678391638,31.29236320233609,37)
(121.40844983160746,31.24693355451735,36)
(121.45274122963853,31.255902835341026,37)
(121.45201293688024,31.278911035423555,3)
(121.40899306506299,31.246092968741312,36)
(121.45816709548471,31.24787906898609,4)
(121.41132227009344,31.243597236560152,36)
(121.42513905387383,31.2396830494807,27)
(121.39462643859923,31.247278981649202,40)
(121.41083599684887,31.273563309970402,1)
(121.36414940609373,31.309782254241075,7)
(121.38667762037147,31.25275198286709,9)
(121.42247540117742,31.249425279055075,16)
(121.34598707463525,31.298635961226083,24)
(121.4463828898321,31.26254848070851,3)
(121.39205106760168,31.228298893868683,50)
(121.4170727005063,31.251655982753224,4)
(121.39107104308057,31.275858253561807,11)
(121.45926707484072,31.26924492938106,3)
(121.42488569411626,31.261177656487284,15)
(121.42679377885665,31.262465195649554,24)
(121.40825798479035,31.233811739901086,81)
(121.41387680537157,31.281655912613893,2)
(121.42974637308602,31.26559104328118,13)
(121.41158180477191,31.26192723461826,36)
(121.39919726521956,31.242270717005447,1)
(121.40299087204133,31.248194334601614,37)
(121.46104288334215,31.266994445194374,6)
(121.43099086660338,31.251475299336146,16)
(121.34931295437089,31.295133640020257,36)
(121.44560326756603,31.28299538936722,8)
(121.39193091110708,31.227509453145085,3)
(121.38476789935555,31.274856926570195,36)
(121.42150950376642,31.248962360856797,24)
(121.403340388275,31.25040469912669,10)
(121.34409037926967,31.29245500985699,35)
(121.39446253795877,31.295443143571575,29)
(121.39385501205825,31.247913846494487,1)
(121.37865713372582,31.249073530244107,9)
(121.38349940479605,31.242340527394408,9)
(121.43040132735477,31.247673709690932,20)
(121.36964020569546,31.23023371502467,11)
(121.37267533412589,31.24556473987946,6)
(121.42370492707003,31.27134972324437,16)
(121.44112540174034,31.26761285877955,26)
(121.40197451079682,31.24658441852521,36)
(121.39419624569423,31.247621599294913,2)
(121.34476678259186,31.281058738118293,47)
(121.44272257567489,31.256147759202552,14)
(121.42178653177837,31.254449626056743,36)
(121.44151928641537,31.25873274869375,34)
(121.45754596603452,31.25098078061159,36)
(121.40668403034803,31.245918676908275,36)
(121.42323266104947,31.244285094479267,52)
(121.38020659038322,31.23156732426987,11)
(121.43013816256718,31.2340530816885,2)
(121.38996819326177,31.25980859541236,17)
(121.46180555510401,31.26118278416218,5)
(121.45316650277785,31.24762134731402,1)
(121.43562985865266,31.258996926956407,36)
(121.45358629714835,31.256788541527442,36)
(121.38672367756803,31.25289508402002,23)
(121.36475438972197,31.31270031764652,13)
(121.44621092862936,31.277198459273347,1)
(121.45503302294739,31.27104170986649,14)
(121.41621307396669,31.28708612650167,4)
(121.38193293287586,31.2486705016238,36)
(121.37153619237162,31.24121629190656,2)
(121.38188546087306,31.298674674777793,23)
(121.4110473550559,31.243830391471604,46)
(121.43524838333634,31.234111536823068,9)
(121.37771239865924,31.278035867694772,24)
(121.41692324801434,31.231685383429834,1)
(121.3815443571768,31.244344546242523,7)
(121.41106463926012,31.270050794254246,3)
(121.43789386010513,31.253147577953307,13)
(121.37300928317107,31.277938564610935,36)
(121.3963747412971,31.27453626439521,14)
(121.43784428822177,31.261222582557554,10)
(121.36741217436506,31.23814617098082,3)
(121.42131019532032,31.23217492157346,5)
(121.383662272368,31.283324619368155,29)
(121.44504254413553,31.254607396839155,4)
(121.43766583394222,31.260023885069423,4)
(121.4222130374376,31.260320203602536,37)
(121.42910102712366,31.249351311561036,36)
(121.42574090136307,31.245064063579772,31)
(121.4232342248811,31.26222396281669,36)
(121.42463545895824,31.24523945766903,6)
(121.43227699323705,31.233467995787482,1)
(121.40966192964773,31.243575212451972,1)
(121.44104666135175,31.25600728391114,27)
(121.44795280905153,31.25361084149265,3)
(121.39405551766464,31.275195698483703,36)
(121.42557324121731,31.253266249931986,11)
(121.36818009054652,31.314418923509606,17)
(121.39047623077043,31.28992250685519,18)
(121.38244146116573,31.279746617175384,22)
(121.37601830316794,31.29225766100929,12)
(121.45261158427435,31.25646833724203,6)
(121.3810677904381,31.256225259277784,59)
(121.39588049826445,31.274093171643347,36)
(121.43238040291189,31.282582439925694,30)
(121.4002141628482,31.249549902319416,3)
(121.3920717089017,31.281411102638483,36)
(121.43428049602382,31.236812177630597,1)
(121.45895253317045,31.259711166253773,10)
(121.41474538663873,31.23613678776276,60)
(121.42732248870449,31.268204744407367,6)
(121.42245687640597,31.2620464374654,7)
(121.4472103242872,31.279058263345938,7)
(121.41077085485207,31.225925273351738,36)
(121.39777666935663,31.24489579803233,17)
(121.44891264378909,31.264083644659898,31)
(121.38589367012547,31.227750045255767,37)
(121.40451023554876,31.24970422050757,28)
(121.36373994989698,31.309228308769143,7)
(121.38597854481755,31.29426575417801,25)
(121.44091867677102,31.265012363805937,6)
(121.3630070089437,31.24543183236195,36)
(121.3510581396231,31.283985799604928,2)
(121.46083285001473,31.269826411014872,16)
(121.41125184316935,31.284941092367536,14)
(121.36416147298488,31.249660488220794,2)
(121.39556295197238,31.298356057141753,3)
(121.41477956426594,31.271660501589764,4)
(121.43719141506725,31.247293951695568,22)
(121.39052145313296,31.280587745148075,10)
(121.45226350363403,31.270163595254562,1)
(121.3903423354249,31.246449998016065,5)
(121.39040173452727,31.227503437539244,36)
(121.41334964186568,31.297013375400944,24)
(121.43802341442317,31.261963230508027,3)
(121.43166389774574,31.255052536123898,1)
(121.41919967175825,31.24316715587182,2)
(121.4073574639394,31.24558213126731,3)
(121.3793686267573,31.293171190817887,9)
(121.45060335083402,31.269466791940925,34)
(121.43086199565249,31.251052250916548,29)
(121.41849982230279,31.23452122213612,6)
(121.37599219659516,31.29145530929994,4)
(121.4063391152285,31.245769321090748,36)
(121.44081880903367,31.264469281513314,5)
(121.41033178594785,31.258517979209188,26)
(121.4113224366409,31.24550709026135,30)
(121.45766464416151,31.25078343874162,16)
(121.45496361612084,31.252886041071577,6)
(121.4564928555795,31.277587705539283,9)
(121.3641703087441,31.31067395461306,36)
(121.42666395958618,31.240023421966438,36)
(121.40619586630439,31.24411485867163,36)
(121.40094580351065,31.24279397661402,1)
(121.38931231438036,31.256040486807912,104)
(121.33445169144784,31.291560521831215,23)
(121.3919534414259,31.25331966413358,36)
(121.4345658353415,31.262009765274925,37)
(121.43783466022056,31.240955086981515,36)
(121.44139057821022,31.262220453406893,3)
(121.43491949346254,31.255337394884233,37)
(121.43137136064495,31.26252067686992,10)
(121.43991063159636,31.263230639834486,9)
(121.40175953105228,31.239626231539308,2)
(121.40434130764841,31.239290546118784,37)
(121.36489330925633,31.31287123350948,5)
(121.39244416285496,31.272076458461513,36)
(121.44711137205265,31.2625542148391,8)
(121.37485798074128,31.273128427224652,12)
(121.44714074518481,31.279035108143656,11)
(121.4500307686588,31.268990331057605,8)
(121.42806560837253,31.253663211541635,6)
(121.43794158775839,31.257986875860382,34)
(121.43848214486034,31.279109822275636,14)
(121.3854354412901,31.249911093772443,11)
(121.42942838057692,31.24644169357446,31)
(121.46019142968507,31.255516976644046,36)
(121.401251498193,31.248608147446454,21)
(121.45204528019575,31.255703119094164,27)
(121.41097136968385,31.243801391852415,31)
(121.42821143450023,31.265037996054737,26)
(121.45262641361975,31.243397530646227,21)
(121.40058198426175,31.279386142098456,36)
(121.42988630230282,31.23403223080534,4)
(121.44841234491733,31.282618315711705,2)
(121.3788813443569,31.244909515410658,7)
(121.42710097905416,31.268550517540717,2)
(121.40762829333114,31.226248723932656,36)
(121.4383575865584,31.243922146090537,1)
(121.39068297979577,31.29662131397005,22)
(121.44051646448808,31.25491286916243,28)
(121.40777038351965,31.284675202933695,1)
(121.40540198559408,31.28696884613577,2)
(121.3893123100212,31.255990465001805,13)
(121.42093752227639,31.244118568123653,36)
(121.4183670618075,31.2300596361012,55)
(121.37245970300941,31.230567666449936,30)
(121.41012293940005,31.225437144413668,22)
(121.43877662645325,31.244437488606604,18)
(121.38864081905024,31.24050088081518,17)
(121.3530271051704,31.28750418480447,12)
(121.4578149153688,31.24684136860193,5)
(121.44579950008907,31.241824954582498,6)
(121.4314923894093,31.26257110106112,30)
(121.4515772652122,31.24742292632701,36)
(121.41221626023585,31.245941440150936,19)
(121.36432983611593,31.25035705257132,11)
(121.39455953970479,31.271854571671742,19)
(121.43678867390229,31.253413187552958,35)
(121.38659207741253,31.235973410635918,3)
(121.42108231288219,31.242978966937162,13)
(121.4375889076238,31.25784930846914,35)
(121.43700235031946,31.253616992347194,11)
(121.40513852254043,31.2617307433475,10)
(121.39353717713709,31.286598093614657,37)
(121.37451889128582,31.27778794673741,50)
(121.42135018252596,31.25531325663598,7)
(121.42276163253881,31.26220429258415,21)
(121.34878154901662,31.301645109607424,1)
(121.45686584475779,31.247716451445005,9)
(121.42932796825089,31.2326323202366,37)
(121.42313923537917,31.284295274744427,2)
(121.4344210087798,31.26155074551608,46)
(121.44512115861733,31.24584092701184,4)
(121.39951347312595,31.287117955534544,19)
(121.4364691743086,31.253348581058955,14)
(121.44347953604516,31.266423625173516,3)
(121.42206452188067,31.25535841333713,2)
(121.45204635780846,31.255377087895653,11)
(121.37877382271579,31.266756333057717,14)
(121.44286680812917,31.250469039764177,35)
(121.45931749134479,31.26405460914146,17)
(121.40610298842438,31.234076316420335,7)
(121.41706286218452,31.25328134064499,5)
(121.45453742619291,31.254127285355214,1)
(121.41628656656044,31.245366533201366,11)
(121.39482099931895,31.29824043412105,36)
(121.38570152198311,31.262769500913453,34)
(121.46217767426303,31.262798625752108,5)
(121.44281957519188,31.282422442649207,2)
(121.41384830101809,31.264365709398866,2)
(121.42674692746488,31.25213374528902,37)
(121.37100826753995,31.240156106416975,11)
(121.41589773255103,31.245057552302082,36)
(121.44507393617009,31.243956548848594,36)
(121.3780592062433,31.293483530174964,5)
(121.42144514988976,31.284674295654774,36)
(121.40777698797136,31.242599454690453,29)
(121.4300484773608,31.279181115796852,3)
(121.43793211165077,31.256758103569272,3)
(121.45776470772009,31.264724452746844,1)
(121.40090618301379,31.23466078633184,36)
(121.46111156952979,31.26082173388567,1)
(121.44113107183028,31.26247195519677,3)
(121.4018401296252,31.23124453284626,16)
(121.3888365823657,31.240723746791815,19)
(121.44864060849306,31.251136562055162,70)
(121.3870359336574,31.24088700237871,2)
(121.43527770268216,31.279935049120166,3)
(121.417766344641,31.252086850701506,36)
(121.44404242931861,31.24405093705427,22)
(121.44313423778262,31.258659545470064,274)
(121.42956065533215,31.24645942379607,9)
(121.38823388842907,31.245841501274622,9)
(121.38453848530008,31.24177223832161,36)
(121.37693250062229,31.26839492875584,2)
(121.36911294431054,31.287853712208346,22)
(121.41809387176266,31.237435144519345,2)
(121.40795781876348,31.24396078645735,1)
(121.42520126905619,31.23949916266498,36)
(121.3988689923819,31.240611857838967,4)
(121.38354541135324,31.241829341356564,12)
(121.35391449300128,31.293974320370342,63)
(121.42435363594848,31.25567428448612,36)
(121.43003663882509,31.23799275396254,9)
(121.4194361498697,31.241157060559615,69)
(121.44273937392806,31.256022509988078,6)
(121.36484361146837,31.278838103840794,36)
(121.45672124604403,31.25303644238787,8)
(121.4131923231391,31.240559585502943,29)
(121.43340450153741,31.273301959035113,34)
(121.40981098713242,31.236844426454134,2)
(121.41766212342036,31.23155261168669,26)
(121.3405342634664,31.296951734842626,27)
(121.42983330059144,31.25118638525436,36)
(121.36349704646608,31.247077323655557,5)
(121.38470258821916,31.26178834262599,35)
(121.41021976697499,31.267054582548866,36)
(121.45464834926864,31.263006886057394,3)
(121.41213734639355,31.235472396662573,36)
(121.42097538610845,31.242885992253683,27)
(121.36440174690624,31.288614030896166,29)
(121.41774633210028,31.260316470217564,36)
(121.40323361576556,31.233266650150366,34)
(121.40997640711194,31.242543879798017,22)
(121.39648596177507,31.22982098702068,12)
(121.44234716737712,31.259129800647205,19)
(121.35544275578701,31.284161003900845,37)
(121.37812780132265,31.276283613981423,10)
(121.39481747716347,31.2578797373591,3)
(121.38323128178769,31.23285997325544,26)
(121.36909391737022,31.28337705608301,12)
(121.42907222445245,31.262684153578427,3)
(121.37424238577371,31.253615299669992,36)
(121.42611379037952,31.24294321361532,22)
(121.38549075216834,31.253284296521684,36)
(121.41790890112186,31.23856795298889,17)
(121.43345727189542,31.242724761577673,39)
(121.37904881105163,31.262518826415477,36)
(121.45317126949845,31.247292183197256,2)
(121.36829426238226,31.314190000315442,36)
(121.42697446780458,31.238194319162098,3)
(121.38007947807709,31.25511973935843,21)
(121.36489526532908,31.24363792348117,46)
(121.38240091871673,31.285512202254623,36)
(121.45198196394702,31.27839388184599,28)
(121.44093160243254,31.241464012715813,2)
(121.40550574969238,31.300409436666875,36)
(121.38598454885224,31.288925608117392,36)
(121.40990388912192,31.25969553139965,14)
(121.40066444869048,31.26149162138684,3)
(121.36506645832583,31.276981566969354,35)
(121.3812450238119,31.224260468331543,27)
(121.4112141884637,31.23089649239605,6)
(121.4074177836477,31.266165501762934,17)
(121.40829679391268,31.254277508529967,25)
(121.39671268191587,31.282646088618396,7)
(121.43724543520251,31.24760401254541,6)
(121.40588954450122,31.22907300973591,5)
(121.41116940149381,31.273082868382577,21)
(121.39647829134583,31.22604121205456,1)
(121.3995731315433,31.262069544585604,31)
(121.38735799377615,31.261046149039544,23)
(121.39094817376473,31.273516101730078,21)
(121.38103498103213,31.233284416072888,37)
(121.4109332403983,31.242221690008876,4)
(121.37536465827698,31.24948887116065,36)
(121.39866237542172,31.25605885032272,28)
(121.39840921556355,31.262226087954,21)
(121.37863058118316,31.289125429803498,34)
(121.3903241060678,31.289897391435733,23)
(121.37049384052976,31.290791989369506,28)
(121.41802010001798,31.260356127484805,15)
(121.43734360294852,31.2398734176721,17)
(121.39824147677179,31.25697296545629,4)
(121.4497573002023,31.258554705765096,11)
(121.46337436796401,31.257875977009025,6)
(121.42204451696665,31.255593408718607,2)
(121.3872134855739,31.268264116296073,4)
(121.43607939195805,31.238627136201448,6)
(121.44035992798139,31.24632345578589,30)
(121.41067661675443,31.280274121405792,8)
(121.37736653293665,31.250435667185474,5)
(121.42141172923682,31.262127169977568,11)
(121.43037632387465,31.265326971171593,166)
(121.4359573116943,31.23426870400208,4)
(121.3990686980208,31.247806144868804,36)
(121.39320371739332,31.28248483935384,37)
(121.36414070461561,31.310786750957206,36)
(121.43641453564574,31.23840791783216,2)
(121.44014119322715,31.266521162877854,3)
(121.4051808328147,31.261693852083965,25)
(121.44815838913148,31.253306743840145,37)
(121.40247375384021,31.259519198491155,31)
(121.38934669231698,31.241832837153158,12)
(121.38652354447409,31.23061490214332,36)
(121.43755704038217,31.237398007706354,2)
(121.41902624911317,31.253955850497338,1)
(121.3869393586759,31.269813547227667,36)
(121.40296082814582,31.247757135309875,15)
(121.39895104521172,31.232119854323567,36)
(121.42975257195901,31.246477880780674,1)
(121.45583207579216,31.25989829973737,6)
(121.44788327419322,31.245751489984457,14)
(121.41249836461824,31.259828126182608,20)
(121.4382683824066,31.25128568244566,26)
(121.38605939550575,31.2571733923031,36)
(121.40516722851994,31.287064897824376,22)
(121.39852204251044,31.25625172222504,18)
(121.41804918046402,31.25212873173385,1)
(121.41098633857901,31.24348324675044,37)
(121.4419398776284,31.254790733810832,36)
(121.42103740263637,31.25507735196127,4)
(121.3532035318883,31.289675144772804,37)
(121.41049987262213,31.25988554604327,36)
(121.43677162614334,31.284872998902436,36)
(121.43960079814714,31.262621283368123,36)
(121.43988170020134,31.255635850252727,20)
(121.45423236216723,31.252442338116694,31)
(121.42180236729004,31.28442725333872,6)
(121.4213012893844,31.23661505449705,18)
(121.46103288171601,31.267000443813888,10)
(121.38431304779152,31.285482746780282,20)
(121.416303068986,31.251221122695217,28)
(121.39054889851083,31.251013161780925,12)
(121.40287785440714,31.25971035768217,12)
(121.38457366419192,31.248131748438418,8)
(121.37073384634343,31.240334815897963,5)
(121.46226307494467,31.254041634173475,5)
(121.42894138484859,31.262743307927515,3)
(121.38656166896104,31.293370100040903,36)
(121.38554475828494,31.28332494325461,9)
(121.39911814562313,31.287111844401405,17)
(121.37984932891737,31.245220122441427,20)
(121.4549865509957,31.252784949561228,2)
(121.36001718511471,31.247271145911025,16)
(121.4229292990064,31.260031237136932,28)
(121.36899744436141,31.314309039155482,4)
(121.38904620472742,31.251238732670057,4)
(121.37359828913958,31.255500296444815,37)
(121.44927061117376,31.261241767614496,15)
(121.413464369293,31.245468901961647,17)
(121.44412895028498,31.254760232897063,3)
(121.37748235680118,31.258113159794235,9)
(121.34876794944445,31.29705901931415,4)
(121.42126740442325,31.264793197850995,36)
(121.36583075869328,31.276428480778936,36)
(121.42310595588468,31.24403812029207,2)
(121.39195360025363,31.246724188511905,36)
(121.41026617853105,31.24255834004648,37)
(121.40978148056095,31.22576890209406,28)
(121.41822411213451,31.25255983445504,25)
(121.4251084479818,31.23659438453988,34)
(121.40916102992996,31.22477894914376,19)
(121.41268017227013,31.24680837106104,25)
(121.40908208697545,31.24414589096041,5)
(121.43120121653794,31.237620989342535,14)
(121.45158137360268,31.274464976434928,1)
(121.43315057939738,31.281547676007484,35)
(121.40986918056801,31.25971262414804,36)
(121.42662081567647,31.245609443563726,23)
(121.38628981357863,31.28327327374599,16)
(121.39371017941929,31.250910090732315,17)
(121.43278711818941,31.267050582469277,98)
(121.45468715680539,31.26433778957633,1)
(121.41791428690921,31.28678244051042,30)
(121.4170532802985,31.23257740900535,6)
(121.44638962302572,31.241723058568567,14)
(121.4558468300192,31.257492225924718,1)
(121.41675980462716,31.25091179285188,23)
(121.42983639203807,31.24643479782981,2)
(121.39195661952027,31.281350005128367,23)
(121.42314806687936,31.2512877153486,152)
(121.42871096102537,31.231838799686447,3)
(121.38932983691102,31.273348895031894,25)
(121.41228407715292,31.25946602808514,36)
(121.3788889457918,31.24490401662274,28)
(121.43898462241704,31.25378678260277,20)
(121.41831797287192,31.24124762642591,19)
(121.40540562010627,31.287554323685985,12)
(121.38067588999934,31.232775427417607,36)
(121.36402593290762,31.246244765976574,28)
(121.43777911448608,31.253900065380673,4)
(121.43060877789823,31.279232551923826,2)
(121.4293294916473,31.246347750841338,2)
(121.42580056740977,31.23670666354433,1)
(121.38628208221864,31.2625178913312,9)
(121.42288472560486,31.274523546626646,14)
(121.42845363257638,31.247577156403317,23)
(121.39823557476225,31.26410104993168,23)
(121.42417868066322,31.25431382515226,17)
(121.41055947152228,31.243963532402606,17)
(121.39952407562774,31.2871179576423,36)
(121.41186187279686,31.275114008838155,15)
(121.44077391314896,31.26473946428245,26)
(121.33509088293961,31.300562213479644,17)
(121.42888968592001,31.26549353591433,3)
(121.4022451138211,31.26423217943263,36)
(121.39555395293094,31.26937821597871,18)
(121.36917372464497,31.314183239110086,36)
