(121.41353874584769,31.24523843986094,15)
(121.36499732935673,31.276910433341307,34)
(121.42615842755384,31.23931153995852,32)
(121.41047165055161,31.23156403477096,11)
(121.39732166156347,31.265222768178,37)
(121.42492522730755,31.280704957482282,12)
(121.39065616161338,31.248623365814773,30)
(121.40382283892315,31.246190575365745,4)
(121.3722137405784,31.31319797468572,28)
(121.4189570309679,31.236810168480787,37)
(121.38576420109061,31.300115545448072,36)
(121.37828445246556,31.250689940797585,4)
(121.38957486113235,31.282715949577206,24)
(121.43358945591928,31.252863970851877,4)
(121.39443026205078,31.292508961026822,72)
(121.40552731705648,31.26039882566023,36)
(121.43981272699614,31.23998299628171,7)
(121.4102533489277,31.230408425163244,17)
(121.39997910544771,31.272469809227534,3)
(121.38197965469398,31.253235580030974,13)
(121.45464543983329,31.276411751170873,3)
(121.37240144883039,31.263253118186515,3)
(121.45782457039678,31.254675804641167,18)
(121.4559084976042,31.26694916391077,2)
(121.38494728919989,31.292000947284194,37)
(121.39513194259081,31.272563164674132,24)
(121.37251564836296,31.263529385806702,1)
(121.43262355668774,31.259465633128247,26)
(121.36435043402875,31.30964417769803,20)
(121.45723714599679,31.27408694311727,1)
(121.42301475459759,31.239774640568164,6)
(121.4025177494904,31.24789311298076,11)
(121.44377945627915,31.24357150926785,15)
(121.4031908852412,31.247918246422746,28)
(121.42622734544913,31.239189425507156,6)
(121.41097350528035,31.26828006143207,1)
(121.38610356315753,31.235602829022646,37)
(121.41778946278198,31.231326565514205,2)
(121.39023021219066,31.26904272802865,39)
(121.43114672868796,31.26097626596713,73)
(121.38781428015139,31.27093272538384,36)
(121.41280860001083,31.24071561037945,26)
(121.35180386106593,31.2794127335129,36)
(121.39618484503644,31.264722354022382,36)
(121.43880840505211,31.265467635552536,36)
(121.4061487790306,31.23165821096849,1)
(121.42471951858005,31.238817904921778,17)
(121.40242822526639,31.265037561016594,5)
(121.39056530501833,31.25553115437485,36)
(121.37001649530845,31.24959096799911,12)
(121.38914382459174,31.259464133663492,21)
(121.39105178623814,31.233692725770617,36)
(121.37416748731688,31.256297076953434,22)
(121.43714823548646,31.266460346724493,28)
(121.36868999200385,31.23507076962538,8)
(121.38319647822425,31.283969939105944,32)
(121.40237726183791,31.299948834481945,5)
(121.38074547945504,31.280155063620615,11)
(121.39945797496262,31.249288932039022,36)
(121.45093763043096,31.25841442386421,1)
(121.37127308445096,31.31362784354598,30)
(121.43689774980832,31.25707467677351,10)
(121.37265890963161,31.22942840165918,36)
(121.4122921792844,31.270698907566803,36)
(121.386864776268,31.286911554282355,29)
(121.34288828625401,31.293050833601534,25)
(121.40924426907362,31.296394805601697,27)
(121.38353047438765,31.24274473824758,20)
(121.39540598139227,31.259728835812677,8)
(121.38912327690007,31.268956894517398,26)
(121.43570417219168,31.2385973793634,10)
(121.39967157940352,31.243857583582663,36)
(121.37398705606566,31.256099051218637,2)
(121.44221926275485,31.264285398981094,9)
(121.44093139542983,31.239081938295936,7)
(121.42866432357192,31.258307663960835,27)
(121.46258214273472,31.269535563470924,36)
(121.40349549819756,31.254341125775586,37)
(121.45527569044367,31.251077602633558,10)
(121.43672851046955,31.253859050093016,36)
(121.39559335880492,31.299811959918582,36)
(121.40716131598505,31.244987191946358,3)
(121.43445578590695,31.257159900341474,1)
(121.38954381079444,31.262386600495173,12)
(121.39175661570188,31.260050906048114,11)
(121.42511574818285,31.23971644460707,13)
(121.43707219809744,31.264628667182336,29)
(121.43396378023479,31.262750816912206,36)
(121.41884929800578,31.23490885817036,2)
(121.46336096462305,31.257862749994626,2)
(121.37635275630113,31.246043531657474,4)
(121.37298779085678,31.230310661070956,19)
(121.4316536020741,31.24691756045701,1)
(121.40766278175096,31.266265538951757,19)
(121.41172373845187,31.252131425376007,7)
(121.40330756450108,31.289841999623683,23)
(121.40913469991318,31.244077802008103,32)
(121.43302565007035,31.251068128970076,1)
(121.41010853959513,31.255569082068728,36)
(121.41920879436552,31.254352487929264,25)
(121.37220377794215,31.235980806923386,1)
(121.38010757637578,31.232827796720553,37)
(121.40322090277684,31.259523336280054,27)
(121.41068827464694,31.24200963564793,2)
(121.4104848324114,31.254490862496855,93)
(121.3932415010447,31.281102682614755,4)
(121.43695670202905,31.256813449712414,37)
(121.41129127478784,31.243565228084933,37)
(121.43778025626179,31.26702072800097,26)
(121.36118272078153,31.280160194707367,36)
(121.4549678274831,31.252808586510845,7)
(121.37388061467252,31.22784623836042,19)
(121.38288489110262,31.290337355985372,22)
(121.42521177250416,31.248045948855655,11)
(121.45225131786981,31.249255164323326,13)
(121.39721551155088,31.266385517514088,37)
(121.40244003709824,31.254486223984113,6)
(121.40347032064307,31.23046036402251,2)
(121.40987328157739,31.259856724716947,25)
(121.39594136071017,31.22622807530367,13)
(121.43366792625574,31.23659960873372,2)
(121.38682136975585,31.236774965791582,3)
(121.41114929743735,31.243439197928417,1)
(121.39321222249936,31.23222040089842,6)
(121.43735996971716,31.24438842465349,37)
(121.38841376469442,31.277553464023,25)
(121.45118186471966,31.267522867570104,36)
(121.42343533781815,31.25486496817842,33)
(121.41317069914396,31.231758440729408,1)
(121.39219519506634,31.254513006980964,36)
(121.41534974821434,31.25096363884309,1)
(121.43789882640628,31.264328416924773,1)
(121.40972653315131,31.23148198746297,18)
(121.41171970931728,31.261243912261563,36)
(121.45137542550813,31.245156797501576,16)
(121.37696383938213,31.27179740062948,29)
(121.40720839161781,31.2271971706594,21)
(121.4366748441658,31.253291284875065,68)
(121.37846295899081,31.277005682434723,4)
(121.36901074919174,31.28302279475148,7)
(121.43954158933064,31.281989500281714,20)
(121.42928439578714,31.25609309065557,21)
(121.42714945611505,31.240234084115986,18)
(121.45248583509789,31.27895412931825,8)
(121.45620374271698,31.255253503802038,8)
(121.42275469174453,31.2531195612586,10)
(121.43672679307853,31.253651374044036,29)
(121.3827669503503,31.24659072291054,3)
(121.4482801641711,31.25428254810818,2)
(121.43206122230171,31.283197598889334,18)
(121.41772140600833,31.25248904901544,10)
(121.40051683282267,31.2320124685495,2)
(121.39667910149018,31.230291289582077,7)
(121.41205267076097,31.227447730554573,5)
(121.43781660628345,31.24877475565583,41)
(121.38652777488642,31.247013922531607,16)
(121.37434282289766,31.23446524736563,13)
(121.42628828919742,31.23927141000334,25)
(121.39003541823116,31.259161897033124,21)
(121.34845797619742,31.2818427424405,34)
(121.43615662603024,31.252909796887618,36)
(121.39073657434564,31.24025336410009,36)
(121.40778537278084,31.25019256339064,2)
(121.4058674932387,31.239967980784865,8)
(121.41755178233325,31.228897489004105,2)
(121.46168466571909,31.270175896852386,36)
(121.38812558990679,31.30563595644984,35)
(121.4159226121031,31.266732994366865,2)
(121.3859484908267,31.293992619915308,22)
(121.45789982585875,31.247842503732613,10)
(121.37134289599169,31.31335385373487,21)
(121.45819239920307,31.24768107891415,64)
(121.40595015900696,31.224620949622707,1)
(121.45126609913245,31.272436781139955,1)
(121.4081546589236,31.260265667320805,30)
(121.39658159281468,31.259456270019086,5)
(121.39785198833731,31.302832606935546,7)
(121.40754092987531,31.25395338378427,6)
(121.41050165795092,31.231693040774157,42)
(121.40322105858775,31.261309107066335,1)
(121.36582875522983,31.267105446097005,16)
(121.4300060309286,31.233801355441166,45)
(121.38768939761324,31.296558076901757,36)
(121.45248324564102,31.270244530486107,37)
(121.40516093760422,31.27994620112021,31)
(121.37980988947804,31.240734068697485,35)
(121.37944085129018,31.24030341354201,36)
(121.3824104263602,31.279758591496996,1)
(121.4299765984982,31.233690381452256,6)
(121.37717789235724,31.28053928360238,20)
(121.43704696091706,31.249083025682914,13)
(121.44475765416911,31.27940533376417,30)
(121.36787456864039,31.314340457098975,36)
(121.41869475627531,31.22891093804573,1)
(121.4174080969189,31.24688171715483,3)
(121.45268640395207,31.260165214030792,4)
(121.38906923260929,31.26898486622633,21)
(121.41329672149992,31.23251175150548,1)
(121.36288901770669,31.28267557735648,36)
(121.42591471304262,31.239710928215974,72)
(121.45241753307539,31.270152520091973,12)
(121.39569372710105,31.23199661824879,37)
(121.4366924022056,31.2539005430289,19)
(121.41592941438493,31.253049077868972,36)
(121.46290795355971,31.254833185526838,19)
(121.41873369740085,31.242854741563416,6)
(121.44728280424978,31.248683859149498,4)
(121.4063174099408,31.245639916878,7)
(121.42208136360053,31.25146488784838,16)
(121.36874179573124,31.25169624187922,4)
(121.39523069944788,31.266824090658194,2)
(121.4185372011818,31.25580009425385,26)
(121.43724690544157,31.26450037766556,6)
(121.42636060901799,31.27818320525158,1)
(121.41698764181209,31.238987366781995,10)
(121.37658986836905,31.2780675752821,7)
(121.41823065187509,31.253516184802876,22)
(121.45586223276531,31.26257138895842,36)
(121.44825053227267,31.261455476223148,52)
(121.42585661032071,31.260781281813635,14)
(121.37729494331495,31.271313513024328,36)
(121.38770001868365,31.23467472279563,6)
(121.40983827295226,31.25958891796472,26)
(121.36484224182173,31.246282104862427,157)
(121.40977928272109,31.228705702742435,21)
(121.45004757990554,31.2692157311062,5)
(121.33176096057493,31.3035382812234,2)
(121.4233168484989,31.247284370534928,38)
(121.39316532610773,31.302611227994863,36)
(121.41375144025207,31.236044079890604,36)
(121.41776553686496,31.260323074227703,28)
(121.36855405188503,31.309352891842554,36)
(121.39419754449689,31.24004851514362,19)
(121.35221983832572,31.29676765415863,20)
(121.39616754684526,31.238454784789408,7)
(121.4044609285017,31.3035265542598,36)
(121.37684863819184,31.27130505879174,2)
(121.39938023276868,31.229626024416856,4)
(121.40974545008581,31.258861900097187,20)
(121.40622389293374,31.255877055912357,36)
(121.43988033892734,31.239978900486456,8)
(121.41830207276669,31.2526558375109,36)
(121.38485262270481,31.240696911448577,63)
(121.41078760272686,31.234545238652842,5)
(121.37003038969748,31.236577154406422,36)
(121.40448270498976,31.266584540608285,5)
(121.38467171052739,31.277211680282363,36)
(121.36523327605171,31.24427662364507,36)
(121.41117640530936,31.233281593278956,2)
(121.43717779470961,31.25047737598154,37)
(121.38421561438632,31.236770940992823,63)
(121.44186080317249,31.24026605795884,22)
(121.46324306283367,31.255195863566975,6)
(121.43782245743735,31.240880784778273,29)
(121.39014612379714,31.268814572598984,2)
(121.44494823587983,31.278965835019466,1)
(121.41070770876176,31.234320078717406,2)
(121.40658005190592,31.280547521206092,36)
(121.43513624040719,31.253480351159585,9)
(121.40742425972878,31.26016492797388,35)
(121.43561525168029,31.238689361852803,36)
(121.39918737334233,31.300867330978743,31)
(121.42175202389001,31.262334803675095,2)
(121.44636651821381,31.24166655462127,36)
(121.43017649800225,31.26716805846423,6)
(121.37804103679969,31.280318183826672,36)
(121.4557747994064,31.27809211911483,12)
(121.3803603239476,31.257872425205903,4)
(121.37946329416562,31.284952659428882,36)
(121.42735581640726,31.251685514115845,6)
(121.42702042115201,31.23822829339061,36)
(121.44141376524993,31.267919711748753,8)
(121.39465754033205,31.259707445795076,3)
(121.39151485261998,31.28778934329644,37)
(121.39563296795895,31.299265668739135,36)
(121.45182251886214,31.28051606686244,2)
(121.39315844709562,31.223727443185627,36)
(121.38770144664228,31.251072077556785,1)
(121.42217280864718,31.247109098383607,5)
(121.41797853384102,31.232766072580283,9)
(121.4459161275026,31.25423535237024,26)
(121.41183415592663,31.25525228914596,16)
(121.42471427199987,31.278334634419807,21)
(121.37972281552686,31.287154833378153,5)
(121.38465359703622,31.24165028815622,3)
(121.41600117249463,31.296482164855625,6)
(121.42354546722053,31.245244293701088,3)
(121.3830181491605,31.247115785965413,36)
(121.38209390897444,31.232040485617368,8)
(121.42251577514197,31.238528012700762,14)
(121.42168555981071,31.25120123505944,2)
(121.38026050131359,31.27480687348958,22)
(121.39968711845367,31.232021300505096,3)
(121.43772070558107,31.282518277028803,36)
(121.44652035497587,31.261106145675868,15)
(121.37547989580857,31.25032638140419,9)
(121.38048705387628,31.290405956910806,7)
(121.4124673857316,31.259962191606792,37)
(121.45470581272863,31.270895319022937,11)
(121.36248820104011,31.240200820258053,35)
(121.4163165826809,31.23426050648192,20)
(121.45306815334196,31.25871414574135,11)
(121.45834242884408,31.259701078454036,3)
(121.40161205176423,31.27676332136241,1)
(121.41542395693763,31.295413613308526,36)
(121.43665873014571,31.240212485986394,14)
(121.37308520319598,31.247942738906005,22)
(121.41116130248723,31.24352923607834,14)
(121.36158484675474,31.239336863715085,25)
(121.38955809302864,31.26258549764959,1)
(121.37849944039046,31.27798773886823,14)
(121.42186030428684,31.284239138288292,11)
(121.43505236307078,31.253439438389762,17)
(121.43789642228747,31.2825830626576,13)
(121.43241627108164,31.25489322375923,25)
(121.42790022456168,31.234870025493958,8)
(121.42716439127547,31.239676819069476,13)
(121.40321795982993,31.231943309988342,36)
(121.43282312202273,31.237339645594123,33)
(121.38215468048136,31.286088925190406,36)
(121.45897402567614,31.25979853326013,13)
(121.40584051586765,31.224164090928,1)
(121.39107775231294,31.26752466324442,23)
(121.41016605377695,31.255458994250876,36)
(121.37085092172717,31.287854443398054,23)
(121.36506647057614,31.277122625482917,10)
(121.43685205807535,31.239887431407134,10)
(121.42141088195277,31.252410946076882,22)
(121.40532090846882,31.279473018676217,19)
(121.39988385961902,31.300906500295653,36)
(121.44089247815619,31.285135794848397,7)
(121.43895246352201,31.25747198761338,2)
(121.44286808479724,31.26515641674322,1)
(121.33776856591464,31.293950168006347,24)
(121.36515755323609,31.288615419141614,36)
(121.43472673888098,31.275102112816008,2)
(121.44379566764027,31.25784878257459,11)
(121.37834714738999,31.276924127329988,12)
(121.37847896196178,31.27715138463572,37)
(121.38845189060027,31.28277113483534,36)
(121.41213206092726,31.27301030033217,5)
(121.42845856514253,31.2801963531272,36)
(121.4478957358448,31.253793897871297,12)
(121.38914034417981,31.292508585976584,36)
(121.41482237580907,31.235331563406394,21)
(121.43117778833759,31.276279720213413,1)
(121.3721652488449,31.244988815559914,3)
(121.42612551630161,31.241576280575167,2)
(121.40741778268725,31.266154497075814,37)
(121.41433318577103,31.287833600171115,4)
(121.37564029946002,31.25234246378143,14)
(121.39164200528401,31.26550217227737,2)
(121.42709557711403,31.229479226776128,1)
(121.3992652227767,31.230008162321877,8)
(121.38258580651635,31.270314827686473,36)
(121.41064340263375,31.24337025346509,36)
(121.3947749300945,31.29776322275175,7)
(121.40753047593041,31.2397639131197,36)
(121.44590642545049,31.25413125085284,37)
(121.43308597947433,31.23923148799418,36)
(121.38545189424745,31.230890708901207,13)
(121.38009792986227,31.29453619123253,19)
(121.44653617962949,31.25756618683151,19)
(121.41228157057903,31.227052495428012,11)
(121.34663491845721,31.280470856109286,35)
(121.3913682688701,31.270895280119184,35)
(121.3844133648257,31.299364374084178,13)
(121.37975090459148,31.26899190378909,9)
(121.39001339772585,31.238756314932967,36)
(121.39070016758562,31.23142767470755,36)
(121.43313311306653,31.26446153557887,5)
(121.42989701577461,31.248820274476607,2)
(121.33120572122834,31.296744300694613,35)
(121.41307307214873,31.231722146108844,2)
(121.40992479427582,31.259584335966316,27)
(121.42287413455949,31.24614118062214,36)
(121.38911063974594,31.252072773620405,53)
(121.40406886488739,31.232039782749112,36)
(121.43532942990949,31.28193418392452,36)
(121.42742673529156,31.26984076761567,21)
(121.38002336436175,31.231683824098965,16)
(121.454807877517,31.25943601742942,1)
(121.38141921956213,31.29077707250462,25)
(121.38188395874211,31.28144275947738,35)
(121.41048513258647,31.228229012678767,22)
(121.36417220900495,31.310682854811084,10)
(121.41104736822938,31.24398145909117,15)
(121.39241736581405,31.254543379508785,25)
(121.40279922277315,31.229703938430056,5)
(121.43659197916465,31.25377552382232,17)
(121.38924535056431,31.23231010649268,23)
(121.40195257231117,31.23587859504353,7)
(121.41083456502366,31.25715730957304,36)
(121.43935660601909,31.254515751716102,37)
(121.36382946242071,31.308282121088908,27)
(121.42284421026426,31.24671445712261,37)
(121.37936229466642,31.27494642922717,11)
(121.38861911440316,31.240403177090418,35)
(121.3665946324002,31.271165408902338,25)
(121.4534866413773,31.246494207676122,20)
(121.41121404729276,31.2292767465601,17)
(121.3831406002038,31.2376950890019,27)
(121.39816195754247,31.264156635318848,14)
(121.3642110146344,31.30975406138392,24)
(121.44885823762903,31.246551086296435,14)
(121.38484201151898,31.29269900131362,23)
(121.37522024096604,31.25858667706229,3)
(121.38690464341383,31.227498781656134,3)
(121.38125183311989,31.300130600614043,6)
(121.40189474142436,31.25049090654303,2)
(121.41267397404454,31.283380461882693,36)
(121.40984097378887,31.237795360696545,5)
(121.441377655295,31.258623922644613,19)
(121.45665880911366,31.25106681442044,36)
(121.44650762857464,31.26251324989255,1)
(121.37205421491225,31.30896916193104,29)
(121.44406948003694,31.25033704701501,37)
(121.38420788993042,31.245632490792083,28)
(121.37044886045098,31.272364222825473,10)
(121.398828837616,31.2337506580731,54)
(121.43641626406387,31.25342268299717,36)
(121.46169298940562,31.269964527921086,36)
(121.41845214149312,31.243045495463328,36)
(121.42313436218961,31.251335295647987,3)
(121.37486136698408,31.25449145331874,36)
(121.44097092661487,31.257483040521098,26)
(121.44199358538107,31.286500670235046,1)
(121.40860668692692,31.243061347893782,24)
(121.41912067150521,31.2369797023971,36)
(121.42334805602522,31.261439542304693,4)
(121.423119348289,31.262485158216492,4)
(121.44676111042929,31.283253545439923,3)
(121.37239906550923,31.235823991651365,1)
(121.40371119893231,31.28489206100481,22)
(121.43435218853782,31.262453217910206,7)
(121.40698583070608,31.30092669000611,7)
(121.45968967628578,31.25448464262664,3)
(121.36512757120282,31.277032680118843,8)
(121.44849315862952,31.259766389033857,23)
(121.39467084712985,31.305197770756447,29)
(121.42284568643085,31.26364585190751,3)
(121.427884874871,31.277290461721865,1)
(121.40992919552262,31.23723088010749,36)
(121.44190700433545,31.255042549796734,23)
(121.45784018033086,31.25064499985544,2)
(121.38854999116205,31.282921271270826,8)
(121.41078823971894,31.241851548213475,4)
(121.4307788000756,31.28235371474095,9)
(121.38945706926124,31.25180974001123,36)
(121.45933125663072,31.250243570779613,7)
(121.44842449413349,31.250162475643524,12)
(121.40743768967593,31.230701785113876,22)
(121.46181255209248,31.261368848340865,4)
(121.41109238244196,31.268447161581246,1)
(121.42709111690115,31.270007142389993,14)
(121.42284557309479,31.262346294287113,5)
(121.44828167635728,31.271698020343074,1)
(121.36434933392142,31.309477077950742,27)
(121.45454696265324,31.279660297150112,3)
(121.38827393394224,31.296573541722232,4)
(121.40910679305084,31.244111696152324,37)
(121.35956902192336,31.277347235990156,29)
(121.43789395114361,31.25419403656181,36)
(121.43776416527845,31.25420121775664,37)
(121.36057364421059,31.280179631381188,4)
(121.44998578893814,31.258534271120507,1)
(121.39289927243756,31.235241597735516,36)
(121.42076617770192,31.28451795156119,3)
(121.43541288305053,31.277120092671307,36)
(121.36523375886718,31.277026837249707,3)
(121.37042369724112,31.24434319335788,11)
(121.45863247479113,31.247736142453416,22)
(121.43087426393957,31.242840585155804,36)
(121.36047672856985,31.292645093637894,7)
(121.44894335181378,31.261499478810013,7)
(121.42320514462828,31.28391707288016,1)
(121.41505050221552,31.237917658461757,13)
(121.43259811535513,31.244495418614534,24)
(121.37736855224051,31.273642644582196,1)
(121.36250364137224,31.251888906812823,13)
(121.38861037781037,31.252301325633905,29)
(121.4255868419526,31.23737914788319,29)
(121.4260266698382,31.2341588426361,13)
(121.45189821360086,31.279026305913483,10)
(121.40530445676606,31.228451686120536,37)
(121.43713214147711,31.253612816699924,9)
(121.39547743799902,31.244950950419852,37)
(121.39291500432962,31.232037142210036,19)
(121.46204823941186,31.25368096648983,18)
(121.44116230411448,31.265787327233504,12)
(121.4260745116965,31.239282598727357,25)
(121.40442017102944,31.23209878532527,22)
(121.42987550085826,31.242420813205186,36)
(121.41326822096899,31.261471429911122,9)
(121.40715986344509,31.232596658157988,13)
(121.42086090083978,31.236331102497765,15)
(121.42494400660969,31.24376450159491,25)
(121.43100669577115,31.26391623215965,29)
(121.38284685081346,31.290371332670613,36)
(121.44236333322657,31.245602672134574,2)
(121.42991972954529,31.280243686318627,4)
(121.45243690525048,31.255439231436377,3)
(121.37897458630643,31.23063809010725,1)
(121.45926046087736,31.2546861872362,27)
(121.39651329963115,31.224057222651293,45)
(121.37000751231979,31.275315100922448,2)
(121.37364227860334,31.29717167216631,1)
(121.40888673873833,31.25934082083672,36)
(121.38566169057191,31.235891261285644,34)
(121.39806315493578,31.26929209115723,34)
(121.37701661823904,31.268420037694593,3)
(121.45584346946974,31.271282653833122,4)
(121.40751560231739,31.258762438153486,18)
(121.44649345683405,31.28317093616767,3)
(121.37415657173345,31.234168490972504,8)
(121.45665972574302,31.268283152231636,13)
(121.41498276783756,31.270603901779186,1)
(121.39805465472033,31.252391468740296,20)
(121.39599031178642,31.225361696079503,17)
(121.39667323488626,31.266285241298803,24)
(121.43572072967781,31.246354460259322,1)
(121.44761000380396,31.247444730446865,37)
(121.40447532380067,31.296586844385303,37)
(121.39908232426397,31.231979006323616,38)
(121.37960553436406,31.262637485267305,35)
(121.4257433241679,31.27909510882629,10)
(121.38936748483951,31.268939066890056,8)
(121.40550479225716,31.232146400918,7)
(121.41321262908401,31.231119135658034,5)
(121.41217905103014,31.245939332383546,37)
(121.41853482730147,31.253699648135463,37)
(121.4505782254758,31.24437091832888,36)
(121.4172797454219,31.26494265205343,37)
(121.41413255623496,31.244755774223286,1)
(121.44411714396868,31.27051668128946,2)
(121.42910207482105,31.26137656161804,12)
(121.44778881407281,31.253887179307107,3)
(121.36438403874737,31.30949688191426,19)
(121.45727017328278,31.268271850391866,4)
(121.41908710831154,31.270234998539046,22)
(121.36340270399745,31.309111070956405,36)
(121.41798018897722,31.25175260009465,11)
(121.44543229392902,31.244864352423132,18)
(121.38870654799784,31.282885636369592,106)
(121.42703544389624,31.238675482412877,12)
(121.45427126684336,31.25243125435477,4)
(121.41377306711225,31.26136344337132,14)
(121.39195726677772,31.228523344947046,86)
(121.44561587472498,31.255811876261593,10)
(121.4612941511171,31.25197694009022,12)
(121.37016708303558,31.230487558499913,13)
(121.42232422166724,31.230345409206336,6)
(121.39948899305323,31.23110379397429,17)
(121.41083940338314,31.24385443820003,29)
(121.41038364724596,31.245580281482226,37)
(121.39285264175345,31.256271227030314,36)
(121.4080310499702,31.25418648464684,33)
(121.42506854066865,31.239503535278363,36)
(121.45279412269335,31.256108820815207,36)
(121.34835644349087,31.287490547541214,1)
(121.37904938191126,31.269076621609592,24)
(121.3966069948651,31.27557340744197,12)
(121.45569783737486,31.252206567340494,35)
(121.42210501254242,31.281261140022796,15)
(121.38018558273058,31.295686216418947,36)
(121.42835801903561,31.250742649401527,34)
(121.4322554426421,31.242879084300334,25)
(121.38990313334882,31.282692175516964,5)
(121.35327113630568,31.2961552353098,5)
(121.39708210643984,31.259929532049725,28)
(121.4061391060536,31.29270843264578,9)
(121.38290151909061,31.283409990615915,6)
(121.36492201365226,31.31160773975164,32)
(121.44139506124432,31.268396307370768,17)
(121.46026275072903,31.25302736358534,49)
(121.40717059721838,31.22954525578793,36)
(121.42299230919761,31.283677128255146,3)
(121.34902566744451,31.302818622074444,36)
(121.35645419488205,31.311969638960235,26)
(121.41020046215289,31.287869436494418,28)
(121.39227501610056,31.229378271660494,37)
(121.43588424642286,31.266645088023715,2)
(121.41002471901598,31.242565889802542,26)
(121.41147752749565,31.2813544222971,1)
(121.37130999052252,31.313595848676016,1)
(121.40804283152131,31.25870944725297,56)
(121.39325314462917,31.265454138120337,8)
(121.38584708142793,31.26750364776322,2)
(121.3788747820137,31.287774156671016,36)
(121.43317428832789,31.271591919412195,36)
(121.43904969115205,31.239027668061823,37)
(121.44197580716003,31.25424109288078,2)
(121.40560575883957,31.300445457227024,47)
(121.45839603784826,31.2540632995322,3)
(121.4522284918912,31.25245992271998,4)
(121.35515267874841,31.29005489021678,34)
(121.38186969892763,31.290138273037737,37)
(121.42059476022007,31.243912686758613,27)
(121.38279790303125,31.258017226629015,36)
(121.38086108274902,31.285464354646617,4)
(121.41073771617619,31.23167408996066,21)
(121.42739310365423,31.23924941817845,15)
(121.40990228873123,31.259101232236805,26)
(121.3920876420674,31.291978390435784,36)
(121.39583080519628,31.23202569723694,4)
(121.44019405503778,31.277476688224706,1)
(121.38942710950548,31.252564049755257,16)
(121.3893391652765,31.270253546941774,33)
(121.3763570065751,31.237338623445783,23)
(121.43800865764761,31.2644733276615,27)
(121.4461144657583,31.241540710594478,36)
(121.41332779896346,31.244990389074918,10)
(121.44245269753186,31.24137263661446,1)
(121.40895915672763,31.24613226163207,9)
(121.42853879626728,31.262049401679693,1)
(121.43573955393052,31.26761268524894,9)
(121.4021481022164,31.247459863583718,231)
(121.44798115422782,31.257625505425175,22)
(121.38674531827458,31.22752206783321,4)
(121.42099442648096,31.27788508613193,39)
(121.40432623907265,31.249994327699135,32)
(121.4181818392091,31.242815594970185,11)
(121.45749176133285,31.26857640541945,9)
(121.40737277932183,31.266097473493666,15)
(121.3830761081176,31.290343543367896,1)
(121.40654006411108,31.25777789214444,1)
(121.45928573723872,31.254399498673127,71)
(121.41054154638245,31.26739614887037,30)
(121.40385620338397,31.28469200017085,17)
(121.43770326517641,31.254201301092152,36)
(121.4062775987561,31.29242531472007,37)
(121.42773737109147,31.246698442493628,1)
(121.40740277974356,31.26611448027647,31)
(121.38444566221963,31.231741990394738,77)
(121.42983141257024,31.246786027510133,22)
(121.40004751187031,31.27597657481902,24)
(121.3940899108392,31.256511755506626,36)
(121.45897691263953,31.253973848135093,36)
(121.41549343313706,31.23942317729001,1)
(121.37228931660604,31.286751764694007,29)
(121.41509917465127,31.24561354392398,36)
(121.40089932666982,31.23223707307386,223)
(121.41894232899888,31.2654798105881,36)
(121.42273886749656,31.266191301631256,36)
(121.42286063587169,31.26321365601711,15)
(121.43496380489286,31.26191729112682,33)
(121.37026401324593,31.285523551183,37)
(121.43714804947302,31.26432343490829,18)
(121.4239787170692,31.241149132584233,15)
(121.44692223825403,31.261665814772947,31)
(121.43958867694694,31.239786954398152,30)
(121.36484120231239,31.311356730853824,36)
(121.42704573860243,31.229145492502216,5)
(121.40139995302988,31.287736764070598,17)
(121.39737384316184,31.246379870783787,7)
(121.36056699971792,31.309465476401414,24)
(121.39787869861144,31.253528231950494,4)
(121.43122912458774,31.24731747702446,1)
(121.39776236534236,31.252255480657873,4)
(121.4002960581482,31.28884800789204,11)
(121.3649758303529,31.27801272113902,27)
(121.4221265164766,31.26481177688236,37)
(121.39975423497893,31.23956668026099,14)
(121.41613995505537,31.22604179470246,9)
(121.42908580036901,31.24654308017987,14)
(121.432502050247,31.262633534168675,31)
(121.44407642055316,31.27277669827436,3)
(121.3990986361419,31.246962780426216,36)
(121.35100843448255,31.282224478496946,25)
(121.45994270006526,31.260581304846557,6)
(121.42061416285675,31.24288613464552,40)
(121.42518416488626,31.23958325897845,9)
(121.45980385115813,31.251752769421913,2)
(121.44353632264429,31.25133513217454,21)
(121.43552260146588,31.25468698279253,3)
(121.36964204163696,31.232576898805906,1)
(121.42924701232998,31.262645963728076,21)
(121.44855047331859,31.271576576499797,317)
(121.407661038245,31.24548779413883,37)
(121.39723243990098,31.275097130507348,35)
(121.40549543006854,31.27197392670902,1)
(121.34866202798797,31.288953999015195,15)
(121.43381683402268,31.237993063326435,7)
(121.42162289204676,31.26269447606233,37)
(121.3742279771019,31.272185247744915,37)
(121.37271070030079,31.306728187336926,21)
(121.42570184487612,31.23874166933143,14)
(121.41838406139738,31.253104993278193,36)
(121.39221343601695,31.242669539746554,37)
(121.42261573882116,31.250542314295362,15)
(121.41311791505467,31.27986342650214,10)
(121.4264103431982,31.252819341756425,1)
(121.42930628782614,31.25626390314633,46)
(121.44375839753121,31.26539909400509,7)
(121.45661780182917,31.251057908302,7)
(121.36558053134007,31.290405812204064,36)
(121.36499733300568,31.276952450776072,30)
(121.41992537098157,31.241633761937663,15)
(121.42266645017094,31.247726032076717,3)
(121.37739158201322,31.27362566409558,1)
(121.42961636097016,31.24645998456458,15)
(121.43601467365468,31.245184259950914,1)
(121.4368896903346,31.26692088838747,10)
(121.40121367685364,31.281196007580846,9)
(121.37701745587248,31.27804306719266,22)
(121.44314089559676,31.257465669297297,15)
(121.4200100142066,31.25470198588507,37)
(121.45478316935805,31.24729763597466,2)
(121.37940474442227,31.240308307778896,14)
(121.3860558638137,31.288453621625138,29)
(121.42604431490108,31.25959861167097,13)
(121.41170393345045,31.231257661017388,48)
(121.38441728692271,31.2524778854621,15)
(121.38743015747451,31.260855422475288,1)
(121.38296231369353,31.29418096432679,24)
(121.3643227301765,31.309638474513854,4)
(121.38011259560875,31.290485592106556,25)
(121.40936750108212,31.230501576645175,19)
(121.41752247361221,31.25194590426045,37)
(121.3837315140109,31.24812683554682,3)
(121.44150270597068,31.243074871095047,3)
(121.43483801292356,31.257212353570296,33)
(121.42299063108378,31.264443089997606,35)
(121.44857217509826,31.26169029889588,26)
(121.4116236139341,31.287629933739492,36)
(121.42222093939809,31.260480204938634,17)
(121.40136861258246,31.30014839917439,36)
(121.43862344670148,31.281763260485047,13)
(121.42542452382119,31.241829604398333,36)
(121.44812910057136,31.261307871400476,39)
(121.43281278557328,31.255583070930243,36)
(121.41013920180724,31.239950790392076,36)
(121.42478196696655,31.243695868237772,36)
(121.38060171496882,31.29637645200057,36)
(121.3907557747591,31.26782891186444,13)
(121.43292567705772,31.244667118050124,3)
(121.4226132364502,31.264982477853295,14)
(121.36529077330152,31.284535843915638,161)
(121.36859154009754,31.300151047399517,26)
(121.4104295769034,31.24487596025016,36)
(121.3583629888881,31.27756420361225,33)
(121.44035483446574,31.28246028627643,19)
(121.3868804359868,31.293856055348005,26)
(121.40710095370564,31.242792881726622,2)
(121.36459424730626,31.295786469229032,36)
(121.39052345538259,31.303528903093216,4)
(121.45798670246884,31.272533108921028,22)
(121.40332645577539,31.242715947180187,5)
(121.39068298302695,31.296658328567613,25)
(121.4263893631718,31.279010231740934,1)
(121.45363224800131,31.257490754915324,24)
(121.45665070791217,31.251833411802238,12)
(121.36493380922184,31.249127424764627,9)
(121.4297859800234,31.24690728674335,90)
(121.44647294108832,31.244842567487233,6)
(121.452990343643,31.275999500703225,1)
(121.40385221616455,31.238997350934625,5)
(121.41586828346149,31.251208292493597,20)
(121.40413605691074,31.248184503321983,16)
(121.41720259709085,31.251292764206116,16)
(121.44640592718125,31.244834455764746,36)
(121.39900905426549,31.287117855421283,36)
(121.44752925766673,31.282859994818928,35)
(121.41123831086816,31.23236616259811,9)
(121.4108322764839,31.230913567676016,1)
(121.34230514078129,31.30574387633977,19)
(121.38737126993924,31.23773748977039,59)
(121.38931107452582,31.2418091854856,20)
(121.43656098617065,31.252852242436127,25)
(121.42247192161004,31.26270871167865,34)
(121.4450869514056,31.24585092090343,35)
(121.36494212271064,31.28861489380144,36)
(121.3897852140043,31.250304313598033,6)
(121.40224322405277,31.24256668020493,2)
(121.38243852581913,31.246041156379917,1)
(121.40709779682926,31.266211524459628,2)
(121.43780025978161,31.279107408324315,19)
(121.36455846252113,31.31162689727567,6)
(121.42581601932996,31.241799885147717,1)
(121.38692172082027,31.251193499754308,37)
(121.3948545500967,31.24698597014056,37)
(121.45886925684326,31.25901677702566,2)
(121.38317331212252,31.268455612174492,8)
(121.45486969882958,31.251184485089542,29)
(121.39104148562468,31.287732008535244,36)
(121.40605356999872,31.275151270167736,3)
(121.42175449529998,31.251092141615747,36)
(121.4573875365603,31.247735228740563,4)
(121.3501732637638,31.288387029264303,36)
(121.41499224890715,31.271419971255227,4)
(121.410623466605,31.276110048486522,1)
(121.36493771581534,31.294121329432915,31)
(121.40222252012263,31.24597248151185,30)
(121.38229324404954,31.244733429443368,10)
(121.40741534061917,31.238159189578184,15)
(121.39811227720249,31.304818475707112,20)
(121.43928223007715,31.284204779109135,2)
(121.4074567858328,31.266207518972788,36)
(121.40466450842845,31.242461184255614,5)
(121.42436912623319,31.249998780207854,16)
(121.40990829021129,31.259044833595855,36)
(121.42509944420887,31.23982414104087,29)
(121.41772013166192,31.237872524440636,32)
(121.4199304201339,31.234531839389252,15)
(121.3942857669418,31.239492032449725,21)
(121.3786893625121,31.262729518917133,35)
(121.39123695743775,31.256993243221046,14)
(121.3765148155402,31.244126868327566,1)
(121.43479620091294,31.281581707179146,36)
(121.4372304586926,31.2475960291658,32)
(121.38216310550861,31.244880365830223,2)
(121.41801009629776,31.23620987141143,21)
(121.38640815418609,31.227428335039875,9)
(121.43786829285243,31.256954595243773,25)
(121.39471542294271,31.22351220335115,19)
(121.42449904870602,31.261974900938895,29)
(121.45614627829528,31.27127249591317,37)
(121.36497202976106,31.278213420253213,7)
(121.40728717626452,31.247692467295867,14)
(121.39517804423018,31.27342154754008,2)
(121.38430830010267,31.23097211836549,21)
(121.4030110063706,31.299454532394304,8)
(121.39274451806993,31.26225546832134,2)
(121.43035721544737,31.23474346767315,26)
(121.39623631615267,31.24686759154004,5)
(121.3873268471287,31.248209511734814,24)
(121.406152468506,31.283272207847897,4)
(121.41332908070456,31.259684847494814,9)
(121.37186135004899,31.248704066754648,9)
(121.37257608177565,31.255933182028123,36)
(121.3849706502362,31.295863502294665,22)
(121.36401398779276,31.308300042093656,25)
(121.43127990662805,31.244770012052353,5)
(121.37619824309809,31.254137921722094,35)
(121.4372535322176,31.26307413406508,400)
(121.45588286920326,31.247147704710898,36)
(121.37808674275617,31.276237548353652,21)
(121.39237386357063,31.246259243545218,30)
(121.40580849922908,31.228594784785695,37)
(121.42193701265343,31.23746459757635,2)
(121.38569550289574,31.262620431689907,33)
(121.41134430026541,31.2325372210176,8)
(121.38299201222354,31.290333458164294,72)
(121.40222910237115,31.264143138000918,12)
(121.45669314998621,31.274139547178127,36)
(121.4360112512602,31.246013934516093,10)
(121.43082192856014,31.253599683350338,3)
(121.38216550002122,31.272381281496205,9)
(121.40455788106502,31.27715559350124,30)
(121.44926891144462,31.247910842539955,22)
(121.44291179513358,31.282314759705226,113)
(121.37680336536712,31.28038778378,25)
(121.38962588672138,31.25956124355367,2)
(121.38477250325224,31.25786456277109,36)
(121.43771686946408,31.23843626045597,19)
(121.40909619044388,31.2441327939118,31)
(121.39921579833023,31.271242329026283,36)
(121.42236877579619,31.25999463664903,31)
(121.37127398463446,31.313480844000843,21)
(121.37481679375085,31.28736540542387,82)
(121.44852455202928,31.241819575482186,1)
(121.44379478472862,31.247687320554597,10)
(121.43747622725536,31.272455438356943,8)
(121.45505122000124,31.25252086777618,1)
(121.43791086024129,31.276412497466577,1)
(121.39938387379313,31.27137944263474,13)
(121.4456255640057,31.243177921383666,36)
(121.38942608226365,31.283057335950335,31)
(121.4157268997997,31.22601947862148,18)
(121.44034471122643,31.242157199524836,8)
(121.38071227182606,31.2437343730147,18)
(121.38807664811158,31.272396546828162,35)
(121.37740659855287,31.273581663036694,1)
(121.3991439896438,31.242828471780626,26)
(121.4183369036221,31.228031715551083,37)
(121.3807293002519,31.233300135054645,2)
(121.41571942924693,31.26589743455935,7)
(121.391953750902,31.248452956229624,16)
(121.37861542564774,31.28756578431446,36)
(121.39274640017685,31.226434457807304,1)
(121.4211509993178,31.239986577154237,30)
(121.44855349067866,31.241835530225835,4)
(121.41068018067887,31.230247849515322,36)
(121.39581081454297,31.2666900172794,14)
(121.43363462172348,31.244034002069704,7)
(121.3922773360949,31.242865376677383,14)
(121.41218958424756,31.226902447130968,1)
(121.42604047440298,31.245223024972766,36)
(121.40498388601546,31.238005458108812,31)
(121.46118690458268,31.260477477124837,23)
(121.39546253486726,31.242344352685148,27)
(121.42280470356991,31.247387582578106,7)
(121.45199415932436,31.246463137123754,16)
(121.45579292444647,31.257032138180694,36)
(121.40630140604327,31.24555101375931,7)
(121.38908164048235,31.227592531609023,21)
(121.45937518045771,31.255411002183212,36)
(121.3851118076685,31.25003543690779,36)
(121.4415036588336,31.25403772952829,4)
(121.41222078912739,31.25228790470648,14)
(121.44653729337352,31.259368842426362,37)
(121.452499251443,31.27980261478687,8)
(121.38964123529591,31.2519319272858,4)
(121.38939140840755,31.256345677721967,11)
(121.36454419938556,31.250113270908926,5)
(121.38183894507361,31.29338153761294,36)
(121.42474107635263,31.242010927796116,32)
(121.4049507771392,31.257841212656057,19)
(121.37883490186402,31.26675239913841,47)
(121.3846566992244,31.277264688644863,28)
(121.43674490860629,31.26677801994572,36)
(121.4583427000094,31.26009503984698,14)
(121.38463150969456,31.23099993601126,3)
(121.40207218421395,31.244863253346274,21)
(121.43311847605125,31.26838722409981,19)
(121.41621745478459,31.26660282023229,37)
(121.37490984281372,31.238084454257095,24)
(121.41106231569024,31.243418204193983,37)
(121.4119063835796,31.2456912759249,36)
(121.4303352614792,31.24642675778606,36)
(121.43410170302963,31.25553693363286,27)
(121.4600318014788,31.254890059076022,26)
(121.43138678205233,31.235446362042858,28)
(121.39747436192914,31.26326129001073,18)
(121.43846770347959,31.241022507863786,2)
(121.3806562847259,31.24467273407473,12)
(121.42900173051578,31.244596294667478,21)
(121.45456141275835,31.273740808623423,30)
(121.39128405422458,31.29210992675893,25)
(121.41835318747974,31.242869466787067,46)
(121.45511525616722,31.25303579500985,36)
(121.38513579547069,31.279841010384352,5)
(121.42409360619345,31.241092019250868,24)
(121.40325176195309,31.25784561439257,32)
(121.40362402328007,31.237185497297002,1)
(121.36518065725701,31.276939721363544,1)
(121.42290030487447,31.23901988694468,9)
(121.39662000132896,31.240798579976197,36)
(121.41970501608036,31.27394221393523,50)
(121.41404468256734,31.246678929910725,13)
(121.4174614470116,31.25124162266431,37)
(121.39644616221904,31.230674365820192,3)
(121.43487938415274,31.25537428694634,35)
(121.40214334294214,31.24419638947287,36)
(121.41100753939898,31.2458402964202,23)
(121.45403166010027,31.270930406922798,106)
(121.42395076471149,31.26432433157782,13)
(121.4141836480306,31.264066616417512,5)
(121.46119865179942,31.254761378456436,1)
(121.44231751006798,31.25813325860124,11)
(121.38044486438456,31.24398629848278,70)
(121.37992856755521,31.281322679052682,20)
(121.44730853381331,31.28066748564534,6)
(121.38436330401773,31.241841109087154,31)
(121.44689657240569,31.271170256000513,28)
(121.4287578174532,31.24229350171068,33)
(121.37243355594524,31.28694803301277,33)
(121.44750053391729,31.280109738399876,9)
(121.4258537767094,31.239727987460167,34)
(121.37893403274745,31.266777519520158,14)
(121.42476569424892,31.260827196096766,21)
(121.39473880743559,31.227768192149842,21)
(121.4136224301752,31.266304625414794,1)
(121.40784413656283,31.247523379227207,36)
(121.42500766921894,31.240296942641724,1)
(121.4049036922421,31.3002903418359,36)
(121.39584814564418,31.232064078271403,9)
(121.4463831224468,31.244836051765397,32)
(121.44159912312563,31.245528319682982,43)
(121.41032748091826,31.235213513561124,6)
(121.38682425017186,31.26984146396242,37)
(121.41236899801935,31.24468257446722,26)
(121.41186546145136,31.27030574478955,1)
(121.40714336393157,31.261262404403254,15)
(121.41810152020855,31.260258544727108,21)
(121.37366570430403,31.26714140809259,15)
(121.43180688380482,31.24957942003454,1)
(121.42515045717364,31.24468684250644,22)
(121.38775992966762,31.24450911127337,1)
(121.4247111058695,31.24201995564092,17)
(121.39898472934858,31.24854244252729,12)
(121.42163895946902,31.2668140269027,4)
(121.43643223274678,31.25335163088802,17)
(121.42690691595283,31.25396540717801,5)
(121.42297247656985,31.239569161898455,25)
(121.40896485812912,31.246110062857415,24)
(121.40958181035025,31.234405342676965,3)
(121.37157219190341,31.309664809940408,18)
(121.37869152874637,31.28760688571687,24)
(121.41734751853264,31.25132171070316,36)
(121.38347781731805,31.24736074892327,37)
(121.4289432069601,31.272188317427375,6)
(121.42934557524207,31.25346348516375,29)
(121.43688014366964,31.245731394520785,37)
(121.38835204859674,31.27413448811491,28)
(121.41166511250955,31.24277880194291,39)
(121.43763631436491,31.27644888856319,32)
(121.34444923417381,31.293198972442877,36)
(121.37440101416597,31.235121231687703,12)
(121.4359015186809,31.244098207726704,28)
(121.3703775593115,31.278188701017694,36)
(121.42267185086979,31.264779290440146,16)
(121.44415399470373,31.258149329265745,23)
(121.44859660482437,31.271059517078566,9)
(121.39570758504857,31.299821981985517,36)
(121.41772187239563,31.25783638468075,25)
(121.45231078074481,31.249098199414764,5)
(121.38784094823319,31.238845740318272,2)
(121.37654478482698,31.289327114389764,31)
(121.40584521162015,31.24821767069582,7)
(121.42729407302338,31.237650784512713,16)
(121.45844244877514,31.26832307670323,15)
(121.39125300210844,31.268843338237826,8)
(121.46176581534988,31.251397610011026,12)
(121.44470360015205,31.26607183112913,1)
(121.40953524561364,31.227847334337692,4)
(121.42399587909294,31.254651112539346,8)
(121.397393077809,31.269042774376786,48)
(121.45110542891584,31.26050100675349,5)
(121.45188322742112,31.27878523539211,4)
(121.4064386315703,31.229895409785083,36)
(121.40415443098897,31.28682090365639,1)
(121.40668910544045,31.30404789875628,6)
(121.4054834049348,31.300175535385264,37)
(121.423089371547,31.262452165638198,20)
(121.39035690828733,31.26908096651616,2)
(121.37220913980819,31.313197774043097,17)
(121.40237031917637,31.243328047743702,2)
(121.45235317871999,31.256327783110933,17)
(121.40130380166295,31.232049823471314,21)
(121.4232866217212,31.255841160534494,36)
(121.43789392807903,31.25392892047583,5)
(121.43172794470077,31.240508607797228,12)
(121.37558623676044,31.257887982437452,13)
(121.42696227161572,31.270183332319366,3)
(121.42695569879818,31.260799683505972,25)
(121.44491541426414,31.257296700961707,36)
(121.40215017323355,31.262873077130877,1)
(121.41152518926974,31.22588633372637,2)
(121.44477055919937,31.255645222599142,27)
(121.4329563522429,31.241430630809656,23)
(121.42465111084157,31.25325172796571,23)
(121.37169838229723,31.263532310714464,35)
(121.43849541561595,31.27082445726964,7)
(121.40997299843862,31.26021076103917,2)
(121.45375248640313,31.274061425169016,4)
(121.372988087782,31.243374534549904,30)
(121.41282223138401,31.231520525210886,10)
(121.38238565364138,31.29418340146387,36)
(121.40357996774353,31.240597597907573,59)
(121.42160822160096,31.235155091623163,8)
(121.43134938785576,31.251331848335305,2)
(121.4096417618679,31.302683224134302,10)
(121.40894945539213,31.229362090957636,4)
(121.3690081034785,31.25257388042285,2)
(121.45150118175513,31.278827986774683,15)
(121.4051063368895,31.23958091116349,2)
(121.36505044141802,31.277114598021818,13)
(121.44512656801281,31.28001346358213,36)
(121.43341553392942,31.2623893154267,36)
(121.43828838559645,31.244403699048725,33)
(121.42175453760125,31.251577355357192,21)
(121.3776786187597,31.249464917980465,36)
(121.41697379418449,31.263568201780522,8)
(121.36610440217162,31.266796839136262,8)
(121.38735124541915,31.231605767237514,36)
(121.3800116595689,31.244235796970226,20)
(121.42640346342714,31.251040988691493,36)
(121.44645063645282,31.244808163644514,17)
(121.40917210892147,31.25944637984311,36)
(121.43493149305672,31.236794431564856,13)
(121.42332961183307,31.254859246242297,37)
(121.42384863889528,31.250332162535077,2)
(121.39785999027595,31.302813602713154,5)
(121.43118304725505,31.26786618032109,20)
(121.42153876111816,31.24071265603513,26)
(121.3690808673709,31.23692499364639,12)
(121.43875548186621,31.265320647569073,26)
(121.39125536228102,31.29589341036512,8)
(121.43961377599885,31.2396661466969,36)
(121.38248458588967,31.246121237417277,1)
(121.42390311305593,31.244894869950276,4)
(121.43929532550003,31.26261872238439,2)
(121.43494559668513,31.238872330541216,36)
(121.41196849894295,31.245789788703792,29)
(121.41179384857601,31.22867335329078,35)
(121.41700326920899,31.263490339308838,50)
(121.39918263024644,31.24652361355202,36)
(121.3712909680416,31.231542567453705,35)
(121.38652845451199,31.286971298399934,10)
(121.4110773162689,31.243464222134357,41)
(121.41384561949671,31.233619098944274,3)
(121.44378089408448,31.260119790311048,10)
(121.43506732279178,31.2532353301158,10)
(121.37560854137293,31.24413078487952,8)
(121.38867908017912,31.259670589990805,10)
(121.42129831069998,31.246884438680027,37)
(121.37611518712409,31.266347092471605,15)
(121.4463977254786,31.24483395432848,28)
(121.40224464740541,31.233963340263976,16)
(121.45622082268892,31.268181033386284,1)
(121.45977287339021,31.247774499557103,26)
