(121.44116135320171,31.254852606461334,28)
(121.4333018147775,31.249864786044025,36)
(121.39412171142362,31.24251258279157,30)
(121.41116506076087,31.286592617440352,19)
(121.42449285181388,31.26881712576783,5)
(121.4364698092111,31.260643754455025,20)
(121.39485568714073,31.260027687191254,4)
(121.39593865888918,31.24115289585987,21)
(121.33918182770205,31.297007598410158,33)
(121.3991837989182,31.243898577575948,13)
(121.37528483798755,31.298906401824215,30)
(121.4293954844937,31.232903833438034,20)
(121.41230215432307,31.2910991955694,32)
(121.43027434612587,31.24652086324372,7)
(121.40717242224403,31.250476700764583,12)
(121.40284925465632,31.287276887139086,3)
(121.4503361925773,31.260714557399357,8)
(121.42788882638686,31.272037352830015,36)
(121.40458718807922,31.279200695312458,36)
(121.4481363832319,31.247784750237386,31)
(121.4265480603329,31.239771409973045,36)
(121.431639307194,31.254787047193094,2)
(121.38359510432993,31.283642328283577,3)
(121.40981159478487,31.243813569388593,15)
(121.43926360416908,31.239602893290286,19)
(121.37855822555106,31.251620543934802,26)
(121.41765291765333,31.25789544313007,5)
(121.3707401303467,31.31260580453862,36)
(121.41665982229485,31.239044535853132,3)
(121.4417784257969,31.257155669326767,6)
(121.4090359756288,31.24492027990361,23)
(121.40993029563175,31.259557737162833,35)
(121.4287223268742,31.26561713528669,36)
(121.41919389065862,31.254117585262605,11)
(121.4560936140054,31.269797494538093,1)
(121.41336644531401,31.26135565068879,36)
(121.38598895395448,31.229914125952746,36)
(121.42009403637918,31.275436962830337,21)
(121.36821804229501,31.313129493252287,20)
(121.38632282741682,31.29357277256357,31)
(121.46000171282112,31.264469269522927,12)
(121.43528119885495,31.255516059407917,5)
(121.40368999472634,31.232082636657037,2)
(121.41347515552151,31.272586301673744,6)
(121.39747551265961,31.267277204326778,4)
(121.37407557140048,31.256123163984782,17)
(121.38315139916614,31.23657076073994,91)
(121.43599807709938,31.26672497510969,2)
(121.42393385921442,31.24403449206706,37)
(121.3712777150374,31.263457717228693,17)
(121.38724131331841,31.287108833846766,18)
(121.43081512709327,31.2546673799653,8)
(121.42286230048263,31.28229365526125,16)
(121.43921414561588,31.28189593269816,13)
(121.43451751883939,31.237774980015672,3)
(121.45410401650598,31.256396328585907,17)
(121.41156575335083,31.238366833314778,3)
(121.37039135758909,31.2467493693284,37)
(121.43791117875676,31.247095290357922,238)
(121.44454474853832,31.27530622173674,3)
(121.45936941827499,31.253267818083902,9)
(121.41766724294976,31.25025909248248,37)
(121.40329336064048,31.230217260495913,8)
(121.40984587482451,31.25963291945873,16)
(121.3709025143407,31.244940110334994,24)
(121.38412559720749,31.230448938182608,43)
(121.36566684166665,31.24608517351918,32)
(121.38866032071812,31.25715365078778,36)
(121.45590879275244,31.270354605834914,19)
(121.34890465798439,31.303157113744774,18)
(121.40523564680554,31.244866596396175,37)
(121.36238842798717,31.25188472445032,2)
(121.42934629594025,31.24490193271495,13)
(121.44396291840188,31.270014074211538,85)
(121.3728877752133,31.23538442748162,8)
(121.37733671874217,31.25304077887124,11)
(121.36501434360542,31.24939428714971,31)
(121.44902256322791,31.25213279315549,37)
(121.36711423299471,31.30925830989955,24)
(121.34207217885991,31.29561649656452,36)
(121.38949650640306,31.25644679838388,34)
(121.45249537233663,31.27682015173363,1)
(121.42622980394442,31.267399796709203,1)
(121.34200302848593,31.2956583834448,36)
(121.38731476485742,31.281849861215075,13)
(121.37686699845045,31.29815600165357,1)
(121.40549067143132,31.267461803799755,5)
(121.44200696626122,31.256731131846614,36)
(121.43644615885674,31.252755350870657,6)
(121.45967464051664,31.26513728223909,17)
(121.41637415844409,31.28701823073494,36)
(121.43382011831432,31.275713471858623,27)
(121.33942659539629,31.29952905089696,36)
(121.42831429799374,31.264825807441735,4)
(121.39200182854934,31.271897108389407,16)
(121.40706329339453,31.22603263141633,5)
(121.42456808913762,31.263188368010674,30)
(121.39158476212486,31.23458023256554,36)
(121.44728279738924,31.248604824129277,36)
(121.42693650922907,31.23820035582783,21)
(121.44448871902092,31.251061678521257,12)
(121.45670920778123,31.263761120117145,26)
(121.42587113315739,31.245428589723844,37)
(121.39538221125926,31.291129437557238,36)
(121.37425520661111,31.228281911240284,31)
(121.34363961965666,31.29518825660069,6)
(121.37396975327445,31.255226050542376,36)
(121.41110457593439,31.292327934081385,24)
(121.41406050031992,31.24466002461292,37)
(121.38026050131644,31.274792973519165,29)
(121.41265446891722,31.263197698159452,36)
(121.42310611145422,31.282545584088087,1)
(121.3685388550252,31.287855737856834,22)
(121.44158852364396,31.265749662548952,17)
(121.43062660296238,31.248598184745042,22)
(121.41425109918453,31.252382387075343,9)
(121.40666724319485,31.225418343213555,6)
(121.43152681789161,31.253119357240013,4)
(121.44212191932462,31.263662550684234,36)
(121.41443170885745,31.23580902270432,13)
(121.44990196647989,31.258423379460712,32)
(121.36956552955459,31.232541388802552,11)
(121.43920860051912,31.282731801082527,8)
(121.38631532359017,31.254837237527795,36)
(121.45243637224125,31.249291529497324,12)
(121.37601422082201,31.245341814772956,5)
(121.41809385632882,31.237258064164298,3)
(121.36964021706854,31.230364775340306,36)
(121.37694754319672,31.268647053103127,17)
(121.44259708326105,31.259257307808312,13)
(121.42829327370609,31.241341521507348,29)
(121.41112088943379,31.233910534457127,2)
(121.45977344555925,31.250148268086082,7)
(121.4345949589216,31.25245157280563,8)
(121.42522317474099,31.242729961175552,37)
(121.38379690186196,31.27096356844644,33)
(121.37766023035937,31.249938198459002,12)
(121.37011399830652,31.230499491118383,36)
(121.44617010277283,31.254438128471982,7)
(121.40311783553875,31.235749182416747,4)
(121.38814350990926,31.257300857380223,37)
(121.38838715825327,31.240573935034124,11)
(121.38945856385166,31.268957141052788,35)
(121.37941951378708,31.230597031951298,36)
(121.44776973993821,31.248319834891344,7)
(121.4053346692273,31.28687613252576,1)
(121.41924643384462,31.252258167061566,18)
(121.4113049155921,31.22801514696054,30)
(121.42511004678792,31.239708543444607,36)
(121.40964644676205,31.280015767996744,29)
(121.37238068316988,31.25215053079108,15)
(121.46222285745056,31.25253913113476,5)
(121.41755880404179,31.233044401317766,11)
(121.37214184366725,31.250222301450098,11)
(121.39379181961864,31.246172036933917,9)
(121.44509215249805,31.24583142186527,32)
(121.45182253484153,31.280700142559372,1)
(121.40843167137378,31.25415727613735,4)
(121.43706928936432,31.258891906466125,37)
(121.3969022916335,31.26561805714412,10)
(121.40338262032822,31.278879546617524,36)
(121.42140974394191,31.239355126819266,36)
(121.4240786140329,31.241022999633017,36)
(121.39627652259475,31.235615423325708,6)
(121.43691940889128,31.26423770407978,36)
(121.42285039572484,31.27486260783143,36)
(121.40362685474375,31.301714852769308,19)
(121.38119992921142,31.23297200661799,2)
(121.37704778153737,31.269807660757174,28)
(121.36418363361405,31.2395029841202,6)
(121.4345619072081,31.237022758581983,18)
(121.37808829813872,31.29409480599634,37)
(121.44168862016936,31.243304208626213,5)
(121.40978048333373,31.242477974380414,36)
(121.4017802143045,31.24667469096905,27)
(121.43066274788126,31.245287905517863,4)
(121.3823116656569,31.283821159033426,11)
(121.37353777824757,31.257623183312237,21)
(121.4271192408546,31.280497978685233,36)
(121.36840564397211,31.251064399976435,50)
(121.42287750073784,31.28473564149814,2)
(121.3792539037018,31.299301559149693,14)
(121.45599439655666,31.271010877230673,7)
(121.3775667497305,31.272828532257282,27)
(121.3378820593968,31.298882870419078,36)
(121.43469370899346,31.25126292777816,4)
(121.41474968870557,31.271776119726137,1)
(121.38116638532007,31.23329120639021,4)
(121.39296114007684,31.25619997706445,37)
(121.4386277388747,31.23749634476692,53)
(121.4328891148695,31.231574037701776,2)
(121.35597020472102,31.307520431942315,6)
(121.39125296555365,31.268424160750126,19)
(121.42539901820054,31.247629588279494,2)
(121.4412145255814,31.25793887071074,14)
(121.42396681513783,31.276524464117074,22)
(121.44412624731046,31.24450795131993,21)
(121.44368328570121,31.273922817244515,10)
(121.39051913459892,31.25399745229393,37)
(121.42519986871504,31.239510562354813,37)
(121.40924842788613,31.24379322615787,17)
(121.38231179583798,31.285314767058242,11)
(121.4273642551071,31.252089171127363,6)
(121.4285146155687,31.248192370823755,29)
(121.42630326956919,31.239225376245106,4)
(121.45566235301885,31.246708866074467,1)
(121.43851799205756,31.266579518163475,7)
(121.45044096916592,31.258586850759244,11)
(121.45592423425217,31.27587888871398,14)
(121.41034269739764,31.24242085623308,10)
(121.34873862059489,31.29391512029863,1)
(121.4398273844162,31.239438733700958,4)
(121.37507622505116,31.27230435059644,13)
(121.39950942656762,31.231301837601958,36)
(121.40502649153835,31.22910496500656,11)
(121.37345551399889,31.257058806818137,36)
(121.4218544707963,31.264548351767356,2)
(121.38260278375078,31.29280406668016,3)
(121.39547470864575,31.267624251538308,36)
(121.37919042739445,31.232981875764942,11)
(121.43466232702673,31.234869614262482,5)
(121.34109220516588,31.286476999674953,48)
(121.36914265251858,31.31394310547834,16)
(121.41648413196464,31.23007651770973,5)
(121.44405473216587,31.252902200725284,34)
(121.38299754502245,31.247156782416138,24)
(121.43828847324559,31.244740308360694,37)
(121.42432508040773,31.282604829506074,2)
(121.36375465255432,31.306876915778368,1270)
(121.39232734688433,31.24562138056344,110)
(121.3679356909658,31.31455962688579,4)
(121.37267960051877,31.294624427724735,14)
(121.44634519669759,31.242195598366877,5)
(121.43397477337447,31.255564808528053,37)
(121.39055084262907,31.27331374732624,4)
(121.41002711946415,31.26622064411836,2)
(121.41085524088474,31.230562402309545,10)
(121.34288222675666,31.29848714297862,29)
(121.37233477542519,31.252345823958233,19)
(121.38556186119206,31.287156638059713,14)
(121.44321815692588,31.26323015214212,37)
(121.4357308824628,31.257747946855687,3)
(121.4093082918194,31.250942793047752,36)
(121.39706766741494,31.23457141942012,36)
(121.42673084690989,31.23954714787587,36)
(121.39122492604763,31.29115950796422,20)
(121.39509002684646,31.250864807894924,1)
(121.38452345695138,31.23099357408392,37)
(121.36706556455282,31.237944576891973,4)
(121.4079578496478,31.244314944903902,35)
(121.37229545427518,31.31319778611663,36)
(121.38942974248721,31.28276386367431,5)
(121.42259779066994,31.228029151404076,17)
(121.35174456811015,31.30060112803261,15)
(121.43542763750956,31.274563009590626,41)
(121.42006219717953,31.255968330985894,3)
(121.38438174373263,31.281144038321834,29)
(121.40793000413267,31.245637549443604,36)
(121.39352235307172,31.288726944846253,25)
(121.45396332050463,31.25633449164787,37)
(121.41295307982021,31.235289113687617,37)
(121.40362685475465,31.301483153256846,33)
(121.38295084084926,31.24292726507594,37)
(121.39926882419051,31.271307374164646,31)
(121.40167175402458,31.261711971868117,9)
(121.43032130825736,31.24782429325834,32)
(121.38578920804457,31.289541572622184,8)
(121.44857002135048,31.259847445453186,7)
(121.43021738330378,31.2470221737696,23)
(121.46290935532909,31.259374977306774,36)
(121.38136516324886,31.29087405608195,33)
(121.45748803399691,31.273086413943187,23)
(121.37313283372643,31.243301320082438,1)
(121.42786743916885,31.260616421877486,9)
(121.38240696526715,31.240011422008635,16)
(121.43482370223012,31.2534037078798,33)
(121.42406423958953,31.259504171455507,36)
(121.39230152084859,31.28881825652701,67)
(121.42698945494907,31.23823232296512,37)
(121.39407773991006,31.24881470525834,4)
(121.41714858392562,31.265693432089677,3)
(121.37265089520285,31.229403379700422,6)
(121.41812313080962,31.229140334572868,36)
(121.38767261506767,31.27628285095623,3)
(121.42900312325207,31.26058331731605,1)
(121.40079705020374,31.290836855900892,5)
(121.4205963002118,31.261574442301118,34)
(121.3821654940077,31.272312252528078,1)
(121.45504392678279,31.27945661595936,10)
(121.41731547119073,31.23910927384212,7)
(121.42847090381512,31.27383746772147,3)
(121.42356044882382,31.245187257139452,36)
(121.41344238358694,31.24069042759682,28)
(121.3893663917186,31.256398682505296,32)
(121.36887779678464,31.251524235810358,34)
(121.42232629955531,31.254189117601214,9)
(121.39291683033181,31.25299354873196,37)
(121.40992589455506,31.258248638822614,37)
(121.41675834133325,31.23412725832424,37)
(121.45886030761463,31.2596117017433,2)
(121.42115127573591,31.26483547354053,36)
(121.34713372620524,31.309240195198868,28)
(121.42778237929846,31.247370699609572,14)
(121.43739059323418,31.25211481057711,35)
(121.44719393454871,31.282494437198316,9)
(121.4404017398835,31.25884814031033,5)
(121.43833583815066,31.261312517060034,36)
(121.37924551739931,31.244717243081265,6)
(121.36430292690821,31.31153246792109,22)
(121.41018442127434,31.23109274956551,8)
(121.4256576696168,31.25914974383981,36)
(121.39530670644078,31.257224701109635,11)
(121.39564157179194,31.281288808278777,2)
(121.39761885975237,31.25673152781412,3)
(121.385843840733,31.23029017409852,30)
(121.3885048033254,31.269749763797854,36)
(121.39834011924628,31.301884425866678,25)
(121.46043472935582,31.254954185983483,36)
(121.43367440126343,31.244453069906033,36)
(121.39450055779969,31.295403147943283,19)
(121.38443169865062,31.280011618499262,13)
(121.43186603033615,31.23212864317219,21)
(121.42433942444192,31.234752255932925,7)
(121.40856149349064,31.25225743433746,8)
(121.43453482330548,31.261346517896932,29)
(121.4489118642905,31.2551037614027,36)
(121.39725569839787,31.25798492354123,1)
(121.38473839563638,31.26129501297312,6)
(121.3989280297173,31.2980911556514,37)
(121.389546729662,31.2828367891421,10)
(121.41610152403365,31.264042318280513,8)
(121.42627327421901,31.238920264174208,36)
(121.44687915366512,31.254452107819827,13)
(121.37264519198486,31.25598329387161,6)
(121.37807171711702,31.276172504295314,36)
(121.42374881379598,31.243903953953502,12)
(121.42333313846515,31.2622328945907,36)
(121.39365056721267,31.26728214366522,4)
(121.42431507621437,31.264841862446644,29)
(121.38154833116666,31.290288008090258,11)
(121.40165749857815,31.27028862261208,25)
(121.37988475379623,31.257849179584017,15)
(121.45340812370559,31.280339858756484,12)
(121.44439972741127,31.24311883481926,1)
(121.3777684534099,31.300790075850475,35)
(121.37377390852302,31.313652180670353,20)
(121.42316220751091,31.284206221856557,11)
(121.40110858163652,31.272959611151247,9)
(121.44899048264341,31.264188547291443,6)
(121.45932287167479,31.25551299457451,19)
(121.39102376686995,31.268171901758663,22)
(121.43678751309487,31.24006925078142,36)
(121.40979106131786,31.25959980812695,8)
(121.3860225730008,31.271123328662494,36)
(121.39529097730465,31.260436084244084,3)
(121.45158486732932,31.24973822332884,34)
(121.38095614229778,31.243591151328634,26)
(121.45667101700582,31.269557181791278,10)
(121.4119128732833,31.24996974165134,3)
(121.44509725357368,31.24583002277611,36)
(121.38926960731607,31.282780753232,36)
(121.41526450006488,31.238988065694418,4)
(121.38511105561736,31.24139758569809,10)
(121.42134816164129,31.232126875222345,15)
(121.41657007377077,31.259725623106096,4)
(121.37283713980692,31.263525802340936,35)
(121.43415294003758,31.279192513011086,1)
(121.36450476391722,31.278939264181236,2)
(121.42169860917555,31.242805929809077,4)
(121.37953946600433,31.285812091216467,24)
(121.4048812964345,31.227016986555352,30)
(121.37277538697819,31.255937443060372,30)
(121.42788365903476,31.271496254033963,1)
(121.43882837735377,31.273567530922804,1)
(121.40762232863575,31.250976875483538,30)
(121.42136835007855,31.255254268444848,2)
(121.42252941736614,31.283086324750244,1)
(121.3944775486634,31.295460158282808,36)
(121.4192885344708,31.242270705022893,10)
(121.37327867790312,31.250491704273735,36)
(121.38429590183975,31.26104350101356,8)
(121.39791840060282,31.26467598634616,3)
(121.41653591828212,31.25086486818131,7)
(121.43395679687941,31.262825857545273,36)
(121.43090667147824,31.260736218136305,12)
(121.36497222029408,31.313308041773972,3)
(121.41289044585156,31.262174039010056,20)
(121.44164913603127,31.254523312226954,98)
(121.45956161154223,31.25461333003622,33)
(121.36717021760501,31.30107036765734,36)
(121.44631610852795,31.244844439999547,37)
(121.37621375195879,31.246047001118335,37)
(121.39415594598964,31.29084414798214,20)
(121.44613009602888,31.260909109306866,53)
(121.37922730175649,31.28400208818059,12)
(121.36532227961155,31.277817962416243,36)
(121.3671117326214,31.309257209591415,27)
(121.37242985280099,31.24435588009512,36)
(121.45045209179857,31.274054006282576,5)
(121.41620158223976,31.233589247042524,18)
(121.43769721449672,31.242027907873286,26)
(121.42362093267492,31.23989183473222,26)
(121.46239817394158,31.252750951309952,3)
(121.4319294477617,31.26083235096145,4)
(121.38623752297694,31.27957103078835,30)
(121.45547350157398,31.254537713357514,3)
(121.42696490107694,31.261172384678314,36)
(121.3550530261663,31.284845615596307,22)
(121.42617200526345,31.2345091718948,37)
(121.37570885555803,31.271741571466233,33)
(121.4110011599969,31.297087484398787,18)
(121.40225663434235,31.27016770354537,3)
(121.43648509449733,31.264192259424423,7)
(121.41636996021518,31.238901593796474,25)
(121.4405288899842,31.25835309659534,11)
(121.39293029071425,31.235206600199913,30)
(121.35311862213771,31.295181625714278,5)
(121.38945150270051,31.291272320947556,1)
(121.41553135144676,31.238201713719175,1)
(121.42513905387408,31.239682249482264,8)
(121.37499203593723,31.271527921007724,37)
(121.3834610014959,31.23819162009761,5)
(121.39639344562092,31.274483368140423,30)
(121.43559594716066,31.238341058721527,37)
(121.42892696443728,31.257729156468848,36)
(121.45122730498517,31.274672418152186,1)
(121.36352630540648,31.2378992502325,36)
(121.40109208118206,31.25581327454033,12)
(121.40067927023597,31.289489913850126,55)
(121.41700469788934,31.251199812194248,12)
(121.40576096207353,31.245401413368143,13)
(121.40173440405165,31.23622500202723,10)
(121.4114095407317,31.281312418316716,1)
(121.38878201144897,31.30373972862611,25)
(121.4051640272964,31.29896127244611,16)
(121.37658901834958,31.268301485423255,36)
(121.40935384243177,31.234395362603248,17)
(121.45154036319258,31.265675986429027,1)
(121.39603670749356,31.229619688280124,7)
(121.42861350063625,31.26561281313586,36)
(121.41090505742069,31.274429660417855,2)
(121.4196889357396,31.270805887301474,9)
(121.45354001988262,31.252321679714235,14)
(121.43017591267687,31.251606217322674,4)
(121.39190022963511,31.24291745440799,36)
(121.41168572743447,31.226955581283672,2)
(121.38424824962958,31.24263836130372,20)
(121.39781611387424,31.304455220474374,2)
(121.3605309974423,31.24093089904519,10)
(121.4228583190685,31.236634913570217,5)
(121.4556919667957,31.27793565006719,4)
(121.4511388858053,31.26760861708143,57)
(121.44673422275874,31.25177018330134,53)
(121.39880070787547,31.256085977611136,17)
(121.39163812098555,31.255384803933868,3)
(121.37223525265037,31.286976784761364,36)
(121.42340043093212,31.273294825204186,33)
(121.36137315381723,31.249440581231134,36)
(121.4052053598726,31.26435988262816,3)
(121.4159838251014,31.269515149643738,31)
(121.40890250845787,31.229908346633206,41)
(121.37680232491573,31.268434793063346,36)
(121.46130892087452,31.250005513146515,1)
(121.39690416374368,31.274829366910804,37)
(121.42129520903383,31.23219894216934,7)
(121.43290210946634,31.23777804355693,3)
(121.42368900541504,31.24142947707406,36)
(121.41324264720892,31.231445277228357,12)
(121.37375240212481,31.313842991726464,35)
(121.44764478568872,31.257882847062692,1)
(121.40117537095105,31.234005093953698,11)
(121.46235274348692,31.257624987464773,11)
(121.42846765239591,31.23652117386834,31)
(121.39181911444234,31.23170478186715,5)
(121.38574592074924,31.286509102267672,1)
(121.41422080150875,31.248832830592782,31)
(121.4164531322271,31.252957244553123,27)
(121.33503637113236,31.296051339887793,36)
(121.42312526282505,31.2686441771649,68)
(121.41305176272503,31.232027596328113,2)
(121.43690458384182,31.265972464751478,7)
(121.36752974970611,31.31164594647724,24)
(121.40375376614612,31.24547524673015,21)
(121.42499881959235,31.23962312063371,26)
(121.37134830850012,31.265598459396383,24)
(121.38176389953163,31.248654773690944,20)
(121.42214282018394,31.246959051984486,37)
(121.41068730234383,31.23085656536405,39)
(121.38408065665936,31.28710538256569,37)
(121.37683335960723,31.26834179009688,7)
(121.42581484098858,31.2285399093842,33)
(121.43684137055206,31.23941788504454,4)
(121.40392128622015,31.23968567145423,36)
(121.3468342619496,31.27943279404532,16)
(121.3920473654652,31.229171229431607,5)
(121.4088181450934,31.225630374540835,30)
(121.43942383011806,31.24799615118687,3)
(121.39115356735071,31.23108185926029,1)
(121.40660507982912,31.25450695876345,9)
(121.45732218460152,31.24689645044383,36)
(121.46182019949094,31.25754417564202,1)
(121.39171207751387,31.277205139631388,5)
(121.42904870110168,31.232222664284635,37)
(121.43547069469977,31.24156063313239,3)
(121.41656084719267,31.238735438312524,5)
(121.40224964768998,31.248291313398298,33)
(121.44978914011232,31.269024132092856,35)
(121.36978745141589,31.253374317413783,24)
(121.43320030395023,31.24479585560408,37)
(121.38325041682545,31.248623753058997,15)
(121.36889826598035,31.31414683888826,15)
(121.4445273341001,31.259004086058816,37)
(121.40589000356479,31.24580960225054,16)
(121.37220030748718,31.230616348926006,36)
(121.4104416431666,31.229448032502304,2)
(121.42665232154654,31.22978157922849,36)
(121.39829038928829,31.244848399156908,7)
(121.37434153066052,31.253603418606854,36)
(121.37872957990535,31.287623934931688,36)
(121.42439030805915,31.240846679718906,35)
(121.4149065144075,31.248800586578838,37)
(121.41853490629465,31.22947428070092,29)
(121.3708219326655,31.285810427323277,34)
(121.38550392651301,31.281215073911724,3)
(121.39849436701506,31.22370697277522,6)
(121.38405507009365,31.300419455892865,5)
(121.40216126246695,31.231750753581892,5)
(121.43134177529211,31.26238930244568,6)
(121.34130765983005,31.297772910747682,25)
(121.4174470348373,31.257883534635585,20)
(121.4406334896702,31.25145589748165,15)
(121.37844296526393,31.22935467774737,28)
(121.41747670977523,31.242890902472666,36)
(121.39265562209246,31.241200150301488,6)
(121.45838111484005,31.266415639289878,2)
(121.41310690778538,31.24536961902782,36)
(121.36640287171122,31.26622303555065,6)
(121.38705109610669,31.24258777940819,17)
(121.41039744796471,31.23185807034003,6)
(121.42380324533262,31.233899976497252,37)
(121.46036051396602,31.273228176257195,1)
(121.43118381207665,31.23539338991879,1)
(121.39278452604312,31.259871706886315,21)
(121.40898427622794,31.29610271405146,34)
(121.40636543174723,31.26201771986161,16)
(121.40800430876786,31.249614299592007,14)
(121.36548687753796,31.28477039691994,14)
(121.44927811171573,31.242006454842777,22)
(121.38631830092318,31.24163474094753,1)
(121.39076647169358,31.290038751999752,8)
(121.439654251708,31.268889879232365,16)
(121.42806421234347,31.237636064451973,20)
(121.45003160122324,31.257553759835762,29)
(121.43393009513697,31.231385912184553,28)
(121.45129659726898,31.27896644183164,1)
(121.4198172316219,31.242929704714786,1)
(121.42772058872211,31.237510328991938,30)
(121.39656278813138,31.240592469247293,31)
(121.36329677907281,31.236649328686696,5)
(121.37974864835283,31.238848151537862,36)
(121.38447845406839,31.253647454517512,4)
(121.40500217748274,31.29429599094627,4)
(121.39801220490669,31.304494312179695,36)
(121.42466515157602,31.242040001045044,34)
(121.42350645700397,31.273347747111107,36)
(121.4510902935044,31.270044110268728,12)
(121.37221754175022,31.25606977238506,20)
(121.39345014829294,31.24102954076492,10)
(121.39855452683166,31.305518910593598,16)
(121.43937366547269,31.279535733291503,36)
(121.44063779062374,31.251465598267213,32)
(121.42489521731319,31.254632002169522,66)
(121.40603312859811,31.22423677454388,5)
(121.45762478632976,31.254271858861276,5)
(121.44849860893963,31.24182762607938,21)
(121.43467983413257,31.26393144949853,7)
(121.43654647375226,31.28089326310099,23)
(121.42809500654226,31.24714630665753,3)
(121.40158976872732,31.24833024939422,15)
(121.45275859376748,31.25539080249711,37)
(121.45381161227014,31.2476034159806,28)
(121.38115637987696,31.251074368807505,32)
(121.44884320849579,31.245838796314672,23)
(121.37936922682718,31.293392790430943,25)
(121.39961655395888,31.225035891059992,2)
(121.36965722743696,31.25323907784632,9)
(121.38444265689206,31.279397375429042,36)
(121.43723192684533,31.264468384150867,36)
(121.38538940361462,31.276561051683053,36)
(121.45430082777969,31.248202326630373,3)
(121.43696808961906,31.266931403038583,45)
(121.3972405265296,31.2664195424762,32)
(121.40587477242751,31.243166419847668,36)
(121.40923990645476,31.24641979582658,37)
(121.4487006216158,31.255049565001134,17)
(121.45048945812906,31.26774027570938,18)
(121.38267194398992,31.293733504174938,36)
(121.42607693831516,31.267126811841855,37)
(121.35402892192707,31.284656773960712,13)
(121.43041995828281,31.25563973101143,2)
(121.45376788924719,31.27394502781602,19)
(121.3437295297702,31.28024139252084,32)
(121.37999675054978,31.27094643881723,2)
(121.45412697720064,31.25658336362657,20)
(121.4176062860075,31.25034816067428,37)
(121.46139401859234,31.25357941704947,8)
(121.4379433140366,31.27848056829475,8)
(121.37256397389075,31.289452212874668,4)
(121.3992789419418,31.250779713812637,25)
(121.45663061058897,31.27762012823851,1)
(121.46079255652121,31.252528317802554,5)
(121.4448098229189,31.27887684082693,14)
(121.4468896105028,31.282923146026583,10)
(121.43688884777688,31.257105874994917,21)
(121.40814405630852,31.26095986375271,10)
(121.4416015252792,31.243078721702616,1)
(121.42819331968832,31.240555262411462,2)
(121.40923782527766,31.243800823942557,26)
(121.38910916830781,31.23338721762004,30)
(121.35840507373075,31.313168941607426,31)
(121.46110584795811,31.265651293459218,36)
(121.42106669641375,31.235773720470096,37)
(121.39516064707743,31.246033702320556,36)
(121.44272264834656,31.256675174066615,202)
(121.42715134682933,31.265280514998597,9)
(121.41712020151938,31.269151513532456,26)
(121.4519740096895,31.278707026796194,1)
(121.42793439640216,31.23806037894293,36)
(121.44223470152784,31.258555570930362,36)
(121.33722336532013,31.29649468028777,36)
(121.43711617066617,31.253652855680308,37)
(121.4124135093309,31.270531533257195,2)
(121.42338982832354,31.273273423044827,16)
(121.38464257600077,31.261283033341762,36)
(121.4034633417912,31.241140260653896,19)
(121.37880089274223,31.232626283384587,9)
(121.39780020151667,31.236752713085426,36)
(121.43847864879562,31.238927428928225,2)
(121.43423745988873,31.27560685322724,1)
(121.39395552896828,31.26458416436085,36)
(121.40406266197418,31.26083502538608,33)
(121.37129268772074,31.313422246695815,26)
(121.43869402501707,31.258886967170184,27)
(121.37880604246666,31.291794694815195,37)
(121.44228141714245,31.267771452148537,2)
(121.34898454730812,31.31012085809665,36)
(121.3949245611315,31.223666383399216,16)
(121.37778602792469,31.299962926918386,37)
(121.42786593917224,31.245321630469817,31)
(121.4519894448627,31.248236291822284,6)
(121.3873935501667,31.257993521830272,29)
(121.4420219633607,31.257017233152045,19)
(121.42429255075234,31.28064439570176,40)
(121.45341000594011,31.24858228860736,17)
(121.43227057335201,31.25957626251646,36)
(121.43669980176927,31.253259237799327,35)
(121.38204893704456,31.24447607134409,14)
(121.42420726473894,31.23838570978899,25)
(121.44680187062757,31.26083601655692,10)
(121.38175381854151,31.281596691501278,37)
(121.37733820038926,31.270069108454656,36)
(121.43627193583306,31.258531099630517,3)
(121.40264776321894,31.247734067521467,37)
(121.45963892460125,31.254908140403103,36)
(121.43456498866674,31.25228453628159,3)
(121.39126738617603,31.250166271388096,22)
(121.43147926456203,31.251873945158486,2)
(121.36281203950482,31.284560226184908,15)
(121.40063842814392,31.261348552606105,1)
(121.44130697462035,31.26502178117602,5)
(121.42362288202258,31.2622556907509,14)
(121.42391905198781,31.255824683452836,37)
(121.37698168385202,31.246704566980085,19)
(121.41274117996154,31.24711749316929,24)
(121.40591053232036,31.239049077022855,14)
(121.45211069575778,31.267259962231137,23)
(121.40827808920876,31.260440092528313,36)
(121.42585979527796,31.24109635600452,28)
(121.37656073925888,31.300044380674073,11)
(121.39120709160989,31.295811067273092,16)
(121.42882617203931,31.254145809604886,2)
(121.37197576333106,31.285974036897056,16)
(121.45121983126624,31.26813805598768,1)
(121.4081171499648,31.247957983663056,19)
(121.41439149889342,31.23602551388037,17)
(121.42379082010416,31.26328600758149,1)
(121.38931393507136,31.274631419366212,26)
(121.41915239490547,31.228166350756116,15)
(121.46292297028222,31.255379689325704,1)
(121.37463139790844,31.247182946808717,4)
(121.37388043025271,31.287802267937963,37)
(121.41148580684133,31.261672143978686,27)
(121.42158678184137,31.246094500314403,25)
(121.4033173782754,31.230371335304927,3)
(121.34005484251907,31.3015318094125,36)
(121.42414491059907,31.240121743095816,36)
(121.45188033406774,31.245430897968014,1)
(121.44340717502382,31.25505219117127,36)
(121.4242247865874,31.256019534804857,14)
(121.41892362368765,31.254035328869005,36)
(121.44425624877944,31.240395303663448,3)
(121.40403941288307,31.27533817280065,26)
(121.3854577147079,31.26784245237779,19)
(121.40340280779685,31.246602696262293,17)
(121.38253354548094,31.283670828360314,8)
(121.42258965216588,31.26570050259785,5)
(121.36112310705278,31.287021560027547,4)
(121.4600173912794,31.265656573550576,103)
(121.39824287647052,31.264093651385267,36)
(121.46064868553665,31.26107636343056,13)
(121.43852682241452,31.269354766075963,19)
(121.44880295749833,31.241942124813054,7)
(121.37256744010445,31.235280122984253,31)
(121.39115386230732,31.268725883735645,30)
(121.41381065570411,31.27263442134561,36)
(121.46080773829298,31.25509640913678,6)
(121.4437748770489,31.265297849212047,8)
(121.41607811572963,31.2962670490715,4)
(121.40000899315785,31.248720032108082,36)
(121.46083192783482,31.269560572835573,2)
(121.37127291539652,31.27737357565641,37)
(121.4262733014939,31.23923340576605,36)
(121.43574108170365,31.24421017626553,19)
(121.43663800815575,31.23487739915096,48)
(121.44963928504598,31.246977706553913,10)
(121.3865638694362,31.29328690060798,8)
(121.44785474247712,31.261928629890992,2)
(121.40717651945718,31.25410717732109,37)
(121.39447184055282,31.23001008638063,4)
(121.38549345157068,31.260079783047836,252)
(121.39392608170232,31.271140929108434,23)
(121.4237347454075,31.238922311629043,11)
(121.42222456082901,31.2490604587116,19)
(121.43436735761979,31.26464713978074,2)
(121.44067689998829,31.25483069930673,4)
(121.38399040426783,31.25912538992809,36)
(121.46153837703739,31.250713827745173,25)
(121.44910719775223,31.24451700060055,1)
(121.39284541289993,31.22579221904445,4)
(121.36250352053462,31.25049529283265,32)
(121.37818588910679,31.276406730803693,36)
(121.42814099314752,31.24759346187649,6)
(121.44128813380995,31.25025102164821,2)
(121.39310660093368,31.238482110431057,36)
(121.43555018281434,31.271493567397815,9)
(121.37732564557781,31.287097183834945,36)
(121.37427202659774,31.248974293004586,32)
(121.45047097702147,31.265743842261966,1)
(121.42573964717404,31.236912808421078,14)
(121.36886231427198,31.252370056048086,36)
(121.40435656758432,31.242250881694186,1)
(121.41926746876037,31.241356305408793,6)
(121.3647660913936,31.31260861922203,36)
(121.40662181106951,31.266331571864608,36)
(121.39814122179212,31.23905629002257,5)
(121.43123559198018,31.251967251811607,35)
(121.3824259330906,31.273885169331006,37)
(121.42142534386522,31.23490709721209,36)
(121.36481329798228,31.312826524243143,46)
(121.3325527681287,31.295152601858863,25)
(121.3883171432309,31.282499136186498,19)
(121.38348064287369,31.27979964451695,12)
(121.46112627207401,31.26129213501753,36)
(121.39286859814631,31.227737134151987,1)
(121.40326577030392,31.250555183684924,19)
(121.42957135325715,31.269449931530826,20)
(121.3670057459224,31.252766100527698,8)
(121.45441679232835,31.274054234222042,50)
(121.3999168005057,31.256872404593704,38)
(121.39692082651192,31.28310936876679,20)
(121.38931231717022,31.25607250076254,48)
(121.3989421350629,31.287780053838613,36)
(121.35956922174688,31.27803623448837,21)
(121.40987945313944,31.23084867776547,36)
(121.3928304194286,31.22598630019211,11)
(121.43703328405343,31.253425867176144,32)
(121.40870567038506,31.242987307620968,36)
(121.38167483072695,31.248322407124657,1)
(121.37179567273118,31.24207502299182,35)
(121.37490790793058,31.271456787447917,29)
(121.43686806079464,31.234750443874532,27)
(121.42656292782904,31.23843179114948,36)
(121.44580980528829,31.2542798335301,20)
(121.45895861172123,31.254562289316393,36)
(121.42162509258876,31.26267597655687,36)
(121.38810594175447,31.252494021708415,4)
(121.42878115389273,31.257931387000788,5)
(121.39724552438952,31.26636752242517,36)
(121.4456600031762,31.283060983890525,14)
(121.37714694769186,31.270158924469698,15)
(121.41087139528489,31.243841426967904,36)
(121.41108698112136,31.27322555090656,7)
(121.43880790069254,31.259671145928017,24)
(121.43789998654567,31.27765502811004,2)
(121.43728815892855,31.246663503041816,4)
(121.4359500314854,31.253156600343807,20)
(121.43512174377952,31.2590037767383,36)
(121.39915258365109,31.24612142430735,25)
(121.42518466500009,31.239498859238246,26)
(121.37191572255992,31.298088792592488,37)
(121.37489036243927,31.242434146559084,1)
(121.4364872551455,31.253793903497925,26)
(121.40471542470125,31.24014997510565,4)
(121.42142936738162,31.284447223709314,7)
(121.40803983078538,31.258710446630158,36)
(121.45749445527098,31.247764044441787,35)
(121.45766019048243,31.26776813169966,1)
(121.4009374605216,31.237739194669317,26)
(121.36417220903209,31.310583055038155,33)
(121.43276588422377,31.255969293520252,21)
(121.37878752572963,31.249444191320208,36)
(121.4394379183519,31.23780555854105,7)
(121.39709969241224,31.257632704949113,15)
(121.41295339283772,31.23887974389421,2)
(121.43136677842472,31.243182343754242,3)
(121.36971550592442,31.312947528916045,36)
(121.41518024541567,31.235633574021897,5)
(121.41543908381773,31.235129248814037,35)
(121.44631360800886,31.244846939556318,34)
(121.3645327589575,31.311505894567276,13)
(121.40986137877157,31.242856955282353,35)
(121.42387494536725,31.25049986767046,29)
(121.44513206091794,31.245851228933375,19)
(121.42981923835775,31.261738996399124,39)
(121.42634217287153,31.238582051532607,7)
(121.38925945025872,31.254957863869926,36)
(121.40510161358021,31.26173043579224,10)
(121.41918363767059,31.231187726319458,4)
(121.39495095833098,31.296885968253143,37)
(121.38383724263144,31.259190274993873,9)
(121.37759652585916,31.2582843653909,2)
(121.43219742449142,31.276165546590512,36)
(121.43404862606813,31.273856421928592,29)
(121.44155999476266,31.25606106123979,16)
(121.39007814415477,31.28116167229324,37)
(121.39414106362244,31.292299721684312,23)
(121.43209916458466,31.28312252564526,33)
(121.42892470227251,31.231754552146118,19)
(121.42122075499334,31.249264680069814,25)
(121.43299230602433,31.259828207158492,5)
(121.43526941305416,31.24629570785705,1)
(121.41339165156518,31.261479655719413,26)
(121.36862281461151,31.31422247866883,13)
(121.4259161329043,31.256006160474996,2)
(121.37129322088488,31.265741882606495,5)
(121.42163851524082,31.238797726227908,25)
(121.37781119711842,31.262688511259164,29)
(121.40165651333827,31.258997796708016,36)
(121.40212464756073,31.24774096504515,33)
(121.42585378237392,31.239793016822574,36)
(121.37145161391344,31.313281468831747,22)
(121.42881265010854,31.264042991326637,36)
(121.42288054916033,31.26241629955369,16)
(121.45216278433398,31.27013297905255,29)
(121.40228639234935,31.267316502770356,6)
(121.45195126619531,31.270123076707307,55)
(121.38296424037962,31.23622829881424,36)
(121.42585973000392,31.24196189384873,43)
(121.36860617473288,31.25170322438196,7)
(121.39060176424609,31.237499154851726,36)
(121.44505684505702,31.245862015521112,10)
(121.40039668523151,31.244854017050795,36)
(121.40158302872808,31.288041931210092,13)
(121.36090078516017,31.280160365259334,32)
(121.40251874544155,31.259311117343568,4)
(121.40918001105666,31.243993111573854,20)
(121.42978640175293,31.24655601882862,4)
(121.41199553842894,31.271596260045094,36)
(121.44369561670153,31.24354663390492,4)
(121.38904039224691,31.282580501655577,15)
(121.44402323943315,31.246534436260482,7)
(121.45332300051186,31.25572179179114,1)
(121.43800432501028,31.249099641375928,15)
(121.45741815847434,31.255314695914382,10)
(121.4376031890708,31.23997010914937,4)
(121.41292615741888,31.229730871329977,5)
(121.33260076850958,31.295125502055562,36)
(121.3641914119213,31.309743159155065,23)
(121.38100530774942,31.274542007464024,34)
(121.38123501503142,31.258852396610564,14)
(121.41801224897908,31.252659983377388,4)
(121.45524812785749,31.25648182825491,7)
(121.38231410901727,31.245248571896852,3)
(121.44811341078234,31.26448526373488,3)
(121.40715695194744,31.24508030529817,27)
(121.44182973044914,31.238771430456815,1)
(121.38695586920394,31.28697165372553,31)
(121.40447202909546,31.258852219673738,50)
(121.3483461158318,31.302483281142706,16)
(121.42000168954601,31.236756687005766,30)
(121.39195278911636,31.237414005280826,30)
(121.34347123568868,31.295053889693502,1)
(121.45943065909485,31.257907708411608,1)
(121.39665481001538,31.234422199166417,29)
(121.45278142667809,31.276446198334543,13)
(121.42519386725363,31.239549861043123,29)
(121.45225465041875,31.259102181183362,27)
(121.34860953582061,31.30194969834275,24)
(121.45633393068645,31.261183803969768,7)
(121.44844373704215,31.24193477353479,36)
(121.45772671290918,31.264933450829197,4)
(121.4332466638117,31.249672969387895,36)
(121.41333573770436,31.26148824400373,36)
(121.45324572986304,31.27541315801467,23)
(121.36793353230092,31.2897429888143,4)
(121.39946516288191,31.272348576430474,3)
(121.35583464642393,31.30843524725972,4)
(121.4162780880878,31.234038243888804,16)
(121.43172357976164,31.259194871998083,9)
(121.38573155463723,31.26279453774646,36)
(121.36850670079589,31.29211575536207,36)
(121.3845428435492,31.291793498798683,9)
(121.44683492665696,31.262272577583943,20)
(121.44396101351177,31.250847209884522,23)
(121.41104597104422,31.28958910917924,36)
(121.40708089704759,31.24443201592086,17)
(121.45602246020665,31.26979713298689,1)
(121.42456519796197,31.23001060576726,2)
(121.4178652295123,31.239971404130507,5)
(121.36092145507045,31.249232230246538,36)
(121.41534169422602,31.25307831594248,1)
(121.38086157544087,31.291117633975578,37)
(121.43495349945067,31.253302501894105,36)
(121.3970494696321,31.232402419797186,4)
(121.43720456145806,31.23681622031245,15)
(121.46022948076705,31.257278659261484,19)
(121.44402450463177,31.261095815378745,36)
(121.4341276654487,31.27562406404676,1)
(121.42518006387958,31.2395381582156,4)
(121.37704849344725,31.277986079829706,24)
(121.37316387790867,31.243269345691793,12)
(121.4505175190567,31.246169836215444,16)
(121.34130667029328,31.286314337229815,6)
(121.4480368105037,31.25569660349385,17)
(121.38098880183072,31.268956643608927,7)
(121.36947920188656,31.28785426016649,28)
(121.38535751987442,31.28101021560225,6)
(121.36566716265013,31.2497848150665,6)
(121.39094817097254,31.273484088332662,25)
(121.38357515941024,31.257422958963122,11)
(121.39726703393441,31.260624470351274,4)
(121.43994082865264,31.23533370500937,2)
(121.40229085167383,31.272568720614565,8)
(121.4258725928186,31.272224138949536,19)
(121.42149721278042,31.279884592051058,3)
(121.37389567513719,31.22828546038389,9)
(121.46292125760803,31.260609276572115,33)
(121.38668159695005,31.276125957902277,1)
(121.40902837375857,31.24500277816772,19)
(121.42444644550616,31.252647239700103,4)
(121.44618510588685,31.254394131191138,160)
(121.44396341743973,31.26546088295998,21)
(121.41191318526106,31.24567527737553,36)
(121.44085679381024,31.25359951663737,36)
(121.36395485147719,31.246786898352507,3)
(121.43375164749115,31.28064959655674,2)
(121.36315280504974,31.251544766916368,36)
(121.46365448520095,31.2618177726299,27)
(121.43718024710645,31.278651418922973,3)
(121.4637568850121,31.255769694024032,7)
(121.42425344250441,31.24091781790565,22)
(121.38105570106421,31.24386078655988,16)
(121.40649628416125,31.28321561303093,2)
(121.43027361521447,31.23812609308216,31)
(121.43711444324184,31.233791962926166,4)
(121.46318849818645,31.257761316789708,1)
(121.42842187009279,31.23841107539208,13)
(121.38856399500371,31.290581863526583,19)
(121.41081591419284,31.296918146114614,36)
(121.45555193956677,31.271758640550814,9)
(121.3648008416191,31.252235594465272,12)
(121.41756239656361,31.239862499433873,12)
(121.35907815968424,31.289413160711042,13)
(121.38698589367276,31.286921658196107,37)
(121.41298532925288,31.249735590676384,6)
(121.36446434995864,31.3094450913229,6)
(121.37202571671796,31.2499848504255,25)
(121.4083794254631,31.262746003060435,36)
(121.45747245532058,31.260192618303172,17)
(121.39589111627282,31.223733891681636,6)
(121.36479399520684,31.313034021513452,23)
(121.44561569285021,31.253717960842273,8)
(121.34155208878673,31.296418837173857,36)
(121.41240130602993,31.246087978524482,37)
(121.38961363719969,31.291243427074757,44)
(121.42247570215811,31.26018375853494,19)
(121.39646549072184,31.2474959750789,17)
(121.41085525370295,31.23070946995525,3)
(121.40491452416842,31.2410674079017,1)
(121.4406958046898,31.25727969825416,1)
(121.38569179751248,31.231832274552634,24)
(121.37628088123869,31.237119433454573,36)
(121.41091175914485,31.225081138545573,11)
(121.3768147557747,31.269530943238014,57)
(121.42515975891794,31.239533354032897,33)
(121.36488047356562,31.24634711047769,23)
(121.40102210730645,31.244875428323414,19)
(121.43130674530566,31.26266766361499,36)
(121.42785889306909,31.2542466612109,14)
(121.34924408827628,31.290924063092838,36)
(121.3887895434332,31.291346902682108,27)
(121.42525058123861,31.240815370398174,27)
(121.36511278365866,31.279785795720773,3)
(121.43367263902041,31.244856324541004,37)
(121.3646504751623,31.31255630585838,36)
(121.44641812971425,31.244836657898716,36)
(121.36442744480932,31.309447287045845,22)
(121.41219491694171,31.288024984772417,4)
(121.38267963420702,31.278589373509533,9)
(121.42789595033457,31.27718957527939,33)
(121.33906642324614,31.295326716646688,26)
(121.3750319428248,31.238431840339217,31)
(121.36798877780161,31.314527690937602,7)
(121.43472744885214,31.255450256976694,3)
(121.37653981435662,31.23219249339522,12)
(121.44042820511793,31.238045220046015,28)
(121.4350446233752,31.26032550999381,3)
(121.43086166101172,31.26256220557174,30)
(121.44268665646241,31.24481081105004,33)
(121.45775270658424,31.267738245319126,26)
(121.45226875453778,31.249173805517948,17)
(121.4096666287986,31.24393964313181,11)
(121.39799665103669,31.25811577850891,2)
(121.38116638125838,31.2540040644237,9)
(121.43285708008153,31.23672261652817,2)
(121.39825324415379,31.269368195639462,6)
(121.37230527617844,31.297511078630567,36)
(121.44331060174754,31.280779260629362,3)
(121.3887508786891,31.2910637173898,4)
(121.37561251163653,31.289765174353978,36)
(121.42853507996614,31.251935823258844,5)
(121.37812579561395,31.276248597160635,31)
(121.45428784924172,31.271104258271063,16)
(121.41614065625542,31.260276477718772,68)
(121.39163976194605,31.23976286859107,16)
(121.34948552996492,31.289051614156634,15)
(121.42519906851983,31.239512162186628,26)
(121.40185673365646,31.23024843808613,5)
(121.38224359007734,31.2838611078218,13)
(121.43502140712722,31.253411464858768,4)
(121.41887056599288,31.228019433812218,13)
(121.42168842846606,31.247072350819614,1)
(121.37883823045526,31.270481981623917,16)
(121.42624233702354,31.239271449674085,27)
(121.43802000222249,31.24086182264809,11)
(121.38314947549176,31.24726690777365,6)
(121.37726998584603,31.241657962469215,20)
(121.42842520978382,31.27673671997712,8)
(121.44712383210039,31.25665063913964,4)
(121.4609612009355,31.26520743131752,19)
(121.3954495658895,31.243199579582523,34)
(121.44454509843322,31.2544034534575,13)
(121.38930476270257,31.237086007910406,37)
(121.4101915815188,31.23071897808427,20)
(121.41117731880507,31.24375933620331,6)
(121.41732222726701,31.268688764966594,36)
(121.42561206573718,31.263162511322207,37)
(121.38397813740043,31.278046884375442,30)
(121.367514949756,31.314238901503085,3)
(121.36424781919196,31.31176656103887,36)
(121.42189886008468,31.245140405376368,37)
(121.45235871503742,31.24629735500351,36)
(121.38265159039581,31.23246022899668,2)
(121.41119229521419,31.243529230393424,16)
(121.384529952823,31.261903112693645,8)
(121.39932960428087,31.268523219175012,4)
(121.38396716292792,31.25664229058544,1)
(121.4436959308607,31.247163247783156,19)
(121.39853453809957,31.24843723597299,14)
(121.4057936557346,31.276254716799407,1)
(121.43690347692026,31.253253965051265,36)
(121.38281711676494,31.2938136776142,4)
(121.43478371210657,31.27350808802669,2)
(121.44534640540128,31.243164371936917,36)
(121.36447495083735,31.311663287505915,25)
(121.44199016507908,31.247172951883435,28)
(121.38665880481167,31.301002979409184,12)
(121.42981988628634,31.23319881888443,1)
(121.37667012970788,31.26828472384557,3)
(121.42571999585793,31.24125486637984,36)
(121.42221053539716,31.242986736082074,36)
(121.40601206603674,31.235001734862802,4)
(121.43200035915542,31.283826923999634,30)
(121.45474846804609,31.264239799255677,37)
(121.3724158422635,31.256009005856132,27)
(121.43714810041624,31.264908685086898,37)
(121.37401476834613,31.273410493121688,2)
(121.39387386951475,31.274818482567284,15)
(121.44603174932676,31.244834890046622,36)
(121.39828937906096,31.236321705520858,17)
(121.42376619049963,31.24435273078369,14)
(121.43242703207846,31.259712524793464,4)
(121.42310432192917,31.262032974663367,36)
(121.38141835284337,31.280832036959463,36)
(121.4384752802418,31.27365006224788,2)
(121.432270992941,31.249433987425718,35)
(121.37819971673795,31.251201956969027,10)
(121.4099003882589,31.259712630637875,31)
(121.35253790216636,31.28532244429915,18)
(121.40454397689598,31.296023351716688,1)
(121.41093491637129,31.261435143726548,35)
(121.3977285742224,31.300629304892343,2)
(121.42235847327329,31.26019483411848,37)
(121.3855713931322,31.262811405481965,36)
(121.42563967626468,31.2412358498635,36)
(121.43207603007973,31.277356089368364,2)
(121.42965820674829,31.278869559620713,7)
(121.38389261910127,31.28323185876263,21)
(121.42105504845055,31.274084466940437,32)
(121.37855952821033,31.26659002364927,31)
(121.42703539248942,31.238085215130035,19)
(121.39014884297151,31.25928041760682,17)
(121.3810001189701,31.28393687750919,12)
(121.43769163542765,31.269701985644513,6)
(121.45027501725673,31.257116113296536,9)
(121.39407307052144,31.292870912242698,49)
(121.34977071673538,31.281087800867432,9)
(121.4561748717716,31.267418806245328,1)
(121.45459049464284,31.25248362797984,22)
(121.43845850480406,31.258321174016313,2)
(121.4063380149614,31.24572352095326,15)
(121.45513104550044,31.25105789223269,13)
(121.3811150772134,31.224340934838214,9)
(121.42772204835366,31.25426679745862,5)
(121.38149008164055,31.230722271594505,9)
(121.38664329425424,31.243248218733445,36)
(121.41825508107146,31.252420757832784,24)
(121.45971266008473,31.255733281555166,1)
(121.44110939294217,31.243076201637944,1)
(121.40273015419397,31.229077636850015,36)
(121.40741652315413,31.25171924561906,3)
(121.43760562324567,31.267948360536007,36)
(121.42757585867713,31.23875702776933,22)
(121.42990081454575,31.24656626957498,17)
(121.41822410812122,31.25251381423626,33)
(121.33595445804364,31.29609910894321,20)
(121.41102126067547,31.299944957208602,36)
(121.45690799167214,31.255559151049212,11)
(121.41643039005899,31.232718753896776,2)
(121.39068240044058,31.289983672736625,2)
(121.40635571986329,31.235982593307266,6)
(121.39964112801017,31.250277427917272,36)
(121.43685823082748,31.261074426789673,6)
(121.44193293909403,31.254844423130127,24)
(121.44075733323817,31.25774247373761,21)
(121.4261142942884,31.262444407454975,7)
(121.4254736687757,31.24556092347617,36)
(121.43353729397624,31.26325373874115,1)
(121.37537399898234,31.257852150916555,15)
(121.39561856462622,31.299494065468092,82)
(121.43410909825849,31.268813226484486,23)
(121.40675158503622,31.229341160357432,6)
(121.4063481228342,31.247017158269113,19)
(121.36766821968868,31.296298608314817,63)
(121.4272157846763,31.270627448941923,1)
(121.42474107347621,31.24197791295842,24)
(121.40661618158983,31.28712569537928,32)
