(121.37834494620178,31.25163331051073,36)
(121.36670651179509,31.242002337096913,6)
(121.37720798986585,31.269685795753194,36)
(121.44333017635493,31.242701210622442,3)
(121.42078116152524,31.28446091911728,3)
(121.38005894395164,31.283768819210383,36)
(121.36481803350436,31.277179274230193,21)
(121.44676211063657,31.28325184561775,19)
(121.41020676370871,31.287869637806068,18)
(121.39675549285091,31.245822359264988,16)
(121.39835576047494,31.297699795597804,1)
(121.38315306948748,31.283990731736047,37)
(121.41944296359695,31.23691420015821,10)
(121.45149618081193,31.27892198577654,2)
(121.42695948448193,31.23820033528893,35)
(121.4279459595511,31.253768630867924,2)
(121.35447999740308,31.28642827245833,7)
(121.42220763502472,31.247190027564717,14)
(121.40989168611875,31.259018230195192,4)
(121.41007155170915,31.260228896134986,118)
(121.44139615687091,31.24712384746565,5)
(121.40901587068298,31.245098475389643,36)
(121.36491931290529,31.312964336346496,36)
(121.37439071544877,31.289433537625268,26)
(121.41893262659993,31.265583108355173,13)
(121.35652296607685,31.307741148771385,36)
(121.41544176183343,31.265835797573892,9)
(121.39208431136502,31.253794391954226,36)
(121.42695948692158,31.238228347977884,36)
(121.4431951628323,31.26172542538882,36)
(121.41289224921097,31.27004446518919,23)
(121.38887991620241,31.278721795389455,1)
(121.4011075510709,31.288624670875546,4)
(121.45865417899773,31.26343980132873,21)
(121.43862694028277,31.245556729881763,1)
(121.42803065954537,31.262846299597097,24)
(121.41077476612075,31.27077014736861,5)
(121.41599246160288,31.265400398829243,8)
(121.43596063393032,31.253170702381034,36)
(121.39885332022251,31.256145987897206,28)
(121.35775560148697,31.305407698024588,37)
(121.43854525231197,31.235658851835954,13)
(121.41729334000156,31.236507451936866,67)
(121.3786897002033,31.266609176962127,13)
(121.42836633806493,31.24246660659599,36)
(121.45207676501266,31.26020728383291,2)
(121.42707569101083,31.264936002591682,2)
(121.45517767199414,31.271102437660588,1)
(121.33468769430128,31.294401717600337,23)
(121.39308091254247,31.25264949455554,36)
(121.45239899406523,31.255438305340867,12)
(121.36771874277457,31.2372294414649,20)
(121.39910073685118,31.271045207096044,1)
(121.37355624862354,31.275294698570395,37)
(121.39813920258732,31.269457190046285,6)
(121.37778473840235,31.249465734422486,11)
(121.45298354220428,31.27547870061517,36)
(121.33684953744418,31.296702050977263,12)
(121.40965315033738,31.261355293864135,36)
(121.37363936452124,31.263681899094355,6)
(121.45196394611483,31.269973947178077,14)
(121.40943295224776,31.224310704024685,36)
(121.37355221184241,31.22885128570949,36)
(121.37007264650748,31.284861019414265,30)
(121.43459368439179,31.237805034049103,1)
(121.39333720521184,31.265503207686823,13)
(121.39227448593043,31.242738608597172,39)
(121.36476860139135,31.284746306920894,36)
(121.39320532223263,31.245601315032797,17)
(121.44306393673511,31.244765193005872,5)
(121.37709492070196,31.293666494543917,14)
(121.40634651703402,31.245743622662776,36)
(121.4594371031892,31.262069192930692,1)
(121.3461733699909,31.282606904491406,36)
(121.42439509319277,31.23745993112115,7)
(121.43586648075156,31.246075148633135,14)
(121.37936832759046,31.288777200314133,36)
(121.43769522823797,31.239235263379644,217)
(121.43318485206169,31.239361431217983,25)
(121.45953663256331,31.24930570223992,13)
(121.40802048979802,31.239089692522015,13)
(121.45428623616479,31.25249625255824,8)
(121.42342213627195,31.27332222965688,5)
(121.42291249877792,31.26215416415468,7)
(121.39933127579863,31.287671142035755,23)
(121.40369637956282,31.286986908672052,44)
(121.38454245161846,31.283464469503755,11)
(121.42518656546713,31.239524059583808,18)
(121.39446300364509,31.270484303979156,25)
(121.37867586671754,31.28023186184096,36)
(121.45441557218142,31.25998125259949,35)
(121.40518035518133,31.231950940936187,2)
(121.41628989969914,31.283565862598138,3)
(121.37585746499327,31.29672924084648,27)
(121.40251777008055,31.2481292177387,35)
(121.37943829675878,31.262353181647413,7)
(121.44091835572418,31.265975723349698,37)
(121.43603115117119,31.258683705732278,17)
(121.44078372360735,31.25483151924807,27)
(121.44696234151299,31.241770358490104,3)
(121.39145111734531,31.256957368015218,9)
(121.38932832736376,31.256032495075086,15)
(121.39333124768714,31.2692627909827,36)
(121.41180135760492,31.245331254692243,21)
(121.42216252360215,31.2434262252634,23)
(121.44074393693752,31.25527614257617,13)
(121.44686062053387,31.241775240772082,20)
(121.3464059837238,31.287000098153072,2)
(121.43199673815776,31.242261097605176,19)
(121.4084168422161,31.256100125729155,14)
(121.44751038138823,31.261413349021584,1)
(121.4097500154424,31.23705653017422,34)
(121.43658247393238,31.237137052686737,8)
(121.44665387857512,31.244845399123285,4)
(121.44361332976793,31.261394611417224,19)
(121.3996586248276,31.237598640474772,1)
(121.3863155180629,31.288786766508828,16)
(121.3694422960833,31.235012628636458,36)
(121.44634001348544,31.24480404426594,36)
(121.39062155724679,31.292335572258832,16)
(121.37207141966026,31.245743028720884,17)
(121.3688655750874,31.28378690252587,35)
(121.44475628179381,31.246999459800563,17)
(121.38260284515795,31.293508347027984,19)
(121.35787320980239,31.279652253971026,29)
(121.41238330790155,31.258780700490526,37)
(121.39214477110887,31.247087470086058,37)
(121.39115141800092,31.240067687034294,26)
(121.45947762141415,31.258071244027903,4)
(121.40927601829799,31.224818956673932,36)
(121.43409137283717,31.237255398092866,18)
(121.45748228224457,31.268025937165604,4)
(121.42859619646204,31.265598709638525,26)
(121.40136758919932,31.272213363141802,9)
(121.40714355704527,31.263475355303033,36)
(121.37537998092915,31.252952415386304,25)
(121.3801120962764,31.28475527769681,36)
(121.39102254932565,31.254205884793517,37)
(121.40255677306418,31.259534221283246,12)
(121.37952438587274,31.285111790491754,21)
(121.43701809621432,31.24086546167946,1)
(121.3681951101445,31.314353920554275,17)
(121.44945994941378,31.247272075887597,2)
(121.41151190733159,31.238249238887484,6)
(121.34464916332648,31.298870582085986,36)
(121.38931230967246,31.25598646325721,12)
(121.39322922930836,31.23179024667507,2)
(121.38594619587106,31.267671804570377,11)
(121.42735081870167,31.281125455943567,3)
(121.38872442261035,31.25165812928288,37)
(121.42463253217917,31.261582303361383,9)
(121.38524869632118,31.28718038355569,36)
(121.42700443415276,31.238179285518527,36)
(121.39745844953508,31.252880779569914,36)
(121.42604363470437,31.228857862232598,36)
(121.36888316800766,31.31330750230315,5)
(121.45646545943683,31.277326690988346,26)
(121.43040372782862,31.246964111500038,6)
(121.42988686559501,31.25842049340371,10)
(121.37130950609614,31.249459988094777,37)
(121.37235042042926,31.286861889355592,37)
(121.37761129465775,31.255394125079714,6)
(121.41592816169444,31.238682674312624,3)
(121.45032122904348,31.26074659937193,2)
(121.43098626859975,31.259678504904365,23)
(121.3496722192117,31.300909554291845,15)
(121.44138949189175,31.249726005971063,13)
(121.4420736352275,31.242865898636722,6)
(121.40321871170079,31.234398164792633,10)
(121.44021589124578,31.241608142771902,4)
(121.40497366499908,31.231148901371213,36)
(121.46060320379544,31.265639422853983,3)
(121.42842132446549,31.23214421960103,8)
(121.42146499978439,31.25424671638959,17)
(121.38858159042135,31.278000271429732,5)
(121.43179026239704,31.277653131600132,5)
(121.38026859861655,31.296321028449675,36)
(121.37936862677242,31.293098990975103,24)
(121.4214793241205,31.246631345513407,6)
(121.4253716109677,31.2424573923137,2)
(121.44104671250145,31.256595540204614,36)
(121.38732133783154,31.24609235498846,1)
(121.42054879100925,31.243877698960137,36)
(121.40911427729057,31.296296779169346,3)
(121.45141029705947,31.26702321713077,30)
(121.39410532401558,31.2568383634725,31)
(121.42519826832203,31.239490762061152,23)
(121.45141153253752,31.245269103200183,1)
(121.4389089761001,31.285441814732977,24)
(121.44634051280636,31.241640050109844,24)
(121.36613588853848,31.309346589632714,32)
(121.34710943657123,31.286129034270232,5)
(121.37719321345746,31.27248995862974,19)
(121.44473352352112,31.26587469744158,35)
(121.39045785188168,31.25131423176484,9)
(121.409566320778,31.228762753895825,36)
(121.3950976363333,31.223362329774073,23)
(121.39699940526545,31.243425393801303,36)
(121.44191919323332,31.245846378241396,13)
(121.38809267076692,31.261006715537327,36)
(121.36564373627539,31.238610984133135,2)
(121.3737668597497,31.267192558241856,26)
(121.36578074829653,31.26710514033818,24)
(121.38933356233113,31.282182520938647,37)
(121.43643124049922,31.25342266334722,14)
(121.40543172374676,31.231414059839008,37)
(121.43761792355146,31.2371978339405,7)
(121.43712249699051,31.23471616141851,12)
(121.40673073224887,31.238492246742307,3)
(121.44827728966919,31.250669245845756,35)
(121.37274436010165,31.25617350565448,5)
(121.38876441190456,31.274096786950007,17)
(121.44694173726748,31.24177685489311,17)
(121.42292851406773,31.2648379436923,2)
(121.43440306457529,31.244681764275178,15)
(121.4306566101104,31.24851419095106,21)
(121.40001189094122,31.287118354775643,36)
(121.41866598112723,31.242747251494215,16)
(121.38592704354227,31.248802481729516,127)
(121.44214789138746,31.258877845677855,20)
(121.39490639866943,31.244894064645546,8)
(121.44071050357451,31.23662543903643,20)
(121.44902847110926,31.253516853458255,6)
(121.45516330645134,31.266488513495094,6)
(121.38265576998633,31.28046312257646,36)
(121.46299875987607,31.25538351478529,26)
(121.42601202796858,31.232996792155163,1)
(121.43259720515742,31.234036691502634,36)
(121.39720049429216,31.26627046223057,36)
(121.40531787882534,31.24475409535151,4)
(121.43809142986144,31.25195878310941,73)
(121.41088969260267,31.270212893148393,9)
(121.43502781574519,31.238780646824715,14)
(121.37780860019882,31.232829259511806,5)
(121.4597471064003,31.272720331517952,8)
(121.40593049404362,31.239946974437288,36)
(121.38439836007434,31.299494411218507,7)
(121.39393138713152,31.235645372411607,31)
(121.42539719562134,31.250727278661635,1)
(121.39642683949582,31.24025071479412,17)
(121.44511685771397,31.245855526219536,34)
(121.36717395114592,31.274032095479377,36)
(121.39353761562302,31.26723556509467,16)
(121.41045855849954,31.233262704791414,3)
(121.42248460435793,31.260256460246875,36)
(121.45779589011333,31.269025042006405,2)
(121.43274451669203,31.262882309485757,7)
(121.39149451252658,31.2381500453429,37)
(121.4422719496281,31.252928298415295,36)
(121.3727222761408,31.267115184531548,26)
(121.39051845671928,31.246218016443144,14)
(121.42586975710608,31.239689956783735,12)
(121.385862105556,31.267606704477505,22)
(121.40838367670271,31.26434089678375,18)
(121.39462446737085,31.224653687502002,18)
(121.38439763794233,31.29121513489338,37)
(121.42961744420083,31.280475688170448,1)
(121.38852098452105,31.247094450027,4)
(121.4449630915578,31.2661694408898,6)
(121.40674673577091,31.250561226620515,64)
(121.42829602010787,31.23453720687238,5)
(121.42165749318507,31.28454439642173,1)
(121.43153577316794,31.270022708562387,2)
(121.43705518989763,31.2787684656286,17)
(121.3864800679449,31.26011202240794,36)
(121.4418631796268,31.26760402968025,36)
(121.3720429565995,31.275483814913706,16)
(121.42308942764619,31.263095441800353,30)
(121.39628191990646,31.274212647026314,36)
(121.39673911194606,31.26610101260929,13)
(121.42433771144677,31.244905541649832,5)
(121.37877042603499,31.232610222735264,14)
(121.40901667088154,31.24498157578078,1)
(121.37784261025784,31.27846019197622,34)
(121.40232967965746,31.270496857386348,36)
(121.4394935329491,31.268920124446883,71)
(121.43671339931316,31.260362311742963,15)
(121.46378331190618,31.25510783110636,1)
(121.43001983601759,31.24681483423193,3)
(121.4307334438972,31.265767769810076,16)
(121.37795692556594,31.26882729351717,17)
(121.37184940954984,31.24960444930233,4)
(121.37528483066805,31.298822368885972,17)
(121.38512116903938,31.292716949556215,22)
(121.41676138521446,31.26902962057347,3)
(121.44132034531367,31.246595722253208,36)
(121.44891116733943,31.24707222159398,10)
(121.41831124973928,31.231820473821003,9)
(121.41476271232554,31.237457920043717,25)
(121.42327863716872,31.244475146034013,37)
(121.37379792455557,31.24436564567611,24)
(121.38021482246252,31.23194528559976,34)
(121.4394352218505,31.245802682742777,8)
(121.40844584888839,31.244743111244752,17)
(121.41059168015518,31.231218060409297,51)
(121.44561299293801,31.24101381902035,4)
(121.40999161076974,31.2555812577209,31)
(121.43414424460347,31.236666066343137,2)
(121.39734508887251,31.260828190658753,61)
(121.41617273760792,31.246670160829616,17)
(121.36244953921334,31.25186381104331,2)
(121.43911930109802,31.243290632693274,7)
(121.37616644561432,31.2454670527792,8)
(121.44902634603609,31.25202520210298,16)
(121.37422039265611,31.272973249307462,36)
(121.37601623611855,31.268512893363884,36)
(121.39470369122358,31.261119079154756,12)
(121.3720898235146,31.297841291706817,25)
(121.38383736139475,31.26055386425158,2)
(121.36479780501946,31.278835398493772,19)
(121.37397734219577,31.308827035478593,35)
(121.41505906541818,31.269027190000656,3)
(121.4477384564925,31.244294097198388,36)
(121.410608203019,31.24443823711214,23)
(121.42399471266236,31.241267173567447,17)
(121.38469198605526,31.261725740930068,36)
(121.44340952416458,31.280230585872722,56)
(121.37768057324917,31.257527133207407,30)
(121.33872261921324,31.294979928138282,28)
(121.43211221785967,31.261015225261726,1)
(121.4061635233601,31.228719858826587,33)
(121.41458178543171,31.241157584499334,3)
(121.40393543203054,31.244808331035767,36)
(121.42125003344742,31.2412520847648,36)
(121.40411127399852,31.255080146716267,36)
(121.35149827907131,31.280084469599192,9)
(121.44636223427855,31.254526037570887,11)
(121.4354540589877,31.233972212953326,16)
(121.45067793270319,31.255103475549276,16)
(121.42663886436097,31.238625812322525,7)
(121.38535760680334,31.267785340064698,28)
(121.38796865245646,31.246012546818495,15)
(121.38307055289974,31.284000017803315,18)
(121.38160530854826,31.24326408221621,4)
(121.38485652970226,31.295855396611373,36)
(121.4519975464571,31.248373492883594,2)
(121.40713042816115,31.239066603246712,36)
(121.4633120319331,31.26859646939798,35)
(121.42236577505932,31.260025035965867,14)
(121.38441337294178,31.299457410498615,36)
(121.36733260628907,31.236934425041852,19)
(121.37812287826219,31.254234201344374,27)
(121.41127295372038,31.228364314370562,11)
(121.3937109224767,31.247954784110842,19)
(121.40636062047442,31.245679525687585,16)
(121.43594193158405,31.26405777817038,21)
(121.40976871928065,31.279533944217093,4)
(121.35714067887311,31.29022632893445,3)
(121.4476204028426,31.257242375852375,8)
(121.37706270606873,31.268704211769144,15)
(121.42288448564106,31.284631594182265,2)
(121.40063786017112,31.289220163542932,3)
(121.44125337888099,31.268542360309517,2)
(121.39412651704475,31.297600813661173,36)
(121.39742528919366,31.2282616715093,36)
(121.43580170051833,31.28185354907219,10)
(121.43726093756791,31.25365666272234,37)
(121.38558894964503,31.291961499482184,30)
(121.38732811008578,31.262705838695815,9)
(121.35418870044072,31.278310448005687,36)
(121.41844376703402,31.238692538621798,3)
(121.42690818728376,31.261023473329292,14)
(121.38860637079921,31.24077119162175,36)
(121.43058132472135,31.273641257088876,2)
(121.39476881611841,31.22766115824041,26)
(121.41232148641471,31.259516235802877,36)
(121.42659328856082,31.253255773525115,5)
(121.40405007068152,31.22553020370407,19)
(121.42589973183826,31.23975095898143,36)
(121.39654948514323,31.23975606829566,36)
(121.43810526578125,31.238858917571164,8)
(121.43786887049863,31.254042369332947,31)
(121.39793967647114,31.230006682195008,27)
(121.42383287578836,31.241439373597597,37)
(121.41053804554025,31.2554747716563,36)
(121.40759094221968,31.25008740169882,19)
(121.42122102180309,31.252325029775367,34)
(121.34502719228064,31.299231408965984,36)
(121.3683633581413,31.313959011897893,36)
(121.41319232333623,31.25392255975975,26)
(121.41254316790432,31.25773120675138,36)
(121.39239060639771,31.266128910439228,11)
(121.44972073889258,31.274156417963436,2)
(121.39025876832274,31.24984655692552,14)
(121.44792344249514,31.257691395389692,1)
(121.43771846972787,31.25683442985002,12)
(121.4330321484803,31.231392566454854,6)
(121.3856643911219,31.235951761636215,4)
(121.40479705921608,31.22438775740207,1)
(121.42775100327805,31.231184412084467,8)
(121.41357213327764,31.24981746413392,14)
(121.40609985639846,31.26114444171611,2)
(121.41517777073555,31.268789330950543,1)
(121.36417951019487,31.310025857144524,36)
(121.42249462775216,31.253712506030485,35)
(121.38941678037195,31.282184736097033,27)
(121.42473517991696,31.27237493465665,3)
(121.44070452441103,31.25885103363643,1)
(121.37947742266945,31.274727463278868,4)
(121.4205630318152,31.235292812263225,6)
(121.42876333477084,31.250315872782974,12)
(121.38524000028052,31.227719459846373,33)
(121.4585040012222,31.271527799621364,5)
(121.39301978228276,31.231793207091094,3)
(121.45548832902274,31.252973997199508,3)
(121.43016046156937,31.24621184399398,30)
(121.41082561657336,31.224193191056806,8)
(121.45330151809789,31.252493326395392,22)
(121.41544325998395,31.24471821770532,11)
(121.46120354880955,31.253726914384448,22)
(121.42869351992424,31.265564529523587,37)
(121.45904261273323,31.257115218809307,9)
(121.45510910284926,31.251095954200228,6)
(121.36660067199209,31.251699772529246,9)
(121.43742746916892,31.248862794236317,36)
(121.41924316355887,31.24702619215274,6)
(121.36419771254351,31.31066415778437,27)
(121.40247125266673,31.230835396570228,21)
(121.42466597316383,31.251468195651196,37)
(121.42356008563978,31.241019388367455,22)
(121.36497222029973,31.31328684182223,9)
(121.41994357514753,31.236391775541325,54)
(121.45787024555035,31.252289659610096,4)
(121.34892085078732,31.280478019841862,20)
(121.41000844756735,31.23103574717943,19)
(121.45142483709672,31.25237759235767,106)
(121.44551652054295,31.249427239084373,36)
(121.44405923282734,31.243712640700256,36)
(121.4463703197886,31.244838749516315,36)
(121.3790780840573,31.232692771187615,10)
(121.41073339375288,31.267985087667082,16)
(121.42584545228425,31.280776147289128,9)
(121.38485151949396,31.25780237652435,29)
(121.37834621433072,31.266206621407793,36)
(121.40940386610497,31.2456839547907,25)
(121.4372482169805,31.279563704156747,36)
(121.40680213637171,31.231809688410287,1)
(121.43542684195731,31.26542815406645,27)
(121.35702711550059,31.297873173484533,5)
(121.37367670264649,31.25541400789115,12)
(121.42848381313557,31.25004822212136,36)
(121.42479575811183,31.250429634664297,37)
(121.40961201721062,31.259556370995682,16)
(121.44630330506551,31.24160284365109,3)
(121.42598363958767,31.239677854779185,36)
(121.44124027880227,31.267120776876578,3)
(121.43294206185023,31.249343178820705,32)
(121.42099717704114,31.275052907513118,3)
(121.42519906851784,31.239493962220404,7)
(121.397203936161,31.244860685901465,5)
(121.38951670203865,31.28229425409053,36)
(121.37438757634042,31.253350365254796,36)
(121.43602787263198,31.260694232691602,3)
(121.38042303223746,31.27712559485385,8)
(121.399983343044,31.23988889646325,29)
(121.37592217867967,31.246351154064556,4)
(121.36765143255987,31.237372332704158,7)
(121.44623009064054,31.244837724914518,14)
(121.38429391337989,31.238205405053368,3)
(121.39201345270475,31.269273442799875,15)
(121.407122812261,31.241628060919723,1)
(121.39817509064186,31.245053596952996,18)
(121.37924448371861,31.232830865856652,2)
(121.38921924495436,31.232093102173028,53)
(121.40214738609663,31.2905250563644,28)
(121.42724972260874,31.256008992022807,12)
(121.44402772614808,31.2439133346551,6)
(121.43965536958378,31.281733230546227,8)
(121.37088793867372,31.27315129851637,7)
(121.41999955617491,31.236649764002998,44)
(121.39978729606973,31.263075044237556,36)
(121.3736791030527,31.25544710816697,36)
(121.42227133102749,31.23224411771098,4)
(121.38597297298047,31.23031729782215,33)
(121.40304484671123,31.24778616292317,34)
(121.38192243273721,31.286367805990274,10)
(121.4320160158676,31.27736667734579,36)
(121.41137187290025,31.292620101655128,1)
(121.42955953902519,31.2615461772229,16)
(121.42585653669727,31.271393803511444,1)
(121.36991658518697,31.23261623502517,15)
(121.42658924511282,31.276770420192136,36)
(121.38836370438379,31.235598663245376,32)
(121.41656816021666,31.23869329590893,24)
(121.42323518684626,31.273252642683723,2)
(121.41766001029545,31.25247196729952,7)
(121.36249138538695,31.28383543001256,6)
(121.36862281713655,31.31425148955547,36)
(121.41809129458872,31.23423889078804,4)
(121.4483863606281,31.24767944458285,7)
(121.455630225759,31.254202053369013,37)
(121.41216872113947,31.251336497938787,36)
(121.45491930690885,31.271093965446212,3)
(121.38090373203353,31.243914242122155,1)
(121.36862135115494,31.297403012556426,8)
(121.3801958961999,31.23820183884884,36)
(121.40500150037549,31.28654488290944,26)
(121.42456513798135,31.26961590489181,6)
(121.38449634587833,31.26228100613783,11)
(121.4639989910629,31.255760336832786,1)
(121.40657693753481,31.24485920227133,36)
(121.39105485234997,31.268876220767424,20)
(121.38154834538072,31.29045107348035,71)
(121.38467170520816,31.27715065497371,36)
(121.39838611304901,31.229492847794287,16)
(121.39203453846804,31.291234059625687,36)
(121.430766724264,31.23506718338353,4)
(121.42109428240356,31.255554210693074,8)
(121.3891414880943,31.30561372015249,6)
(121.4573010223881,31.250906110175777,3)
(121.36307568505629,31.240234608513234,22)
(121.36716273490275,31.23798973861575,6)
(121.41132513999985,31.273377500280894,1)
(121.42641775950518,31.23474824349671,27)
(121.46248308888393,31.26575718804041,2)
(121.42745483976532,31.272854643333197,1)
(121.43663979014626,31.253887232870706,37)
(121.37117215479631,31.235861381593274,6)
(121.41766343191775,31.239555523716838,11)
(121.37044451935253,31.253438247900732,36)
(121.40674673579466,31.24979722811695,6)
(121.37214441892799,31.290508086982847,32)
(121.43653986723608,31.253898913496773,151)
(121.45636208014632,31.254784795237278,71)
(121.39255629689312,31.238265765338266,1)
(121.37427239463481,31.253208158813155,36)
(121.42036608651232,31.26407105270211,3)
(121.43602819166219,31.26857472145946,37)
(121.42686447665773,31.260964564473166,37)
(121.39186878086804,31.238028230539065,22)
(121.43025861326745,31.26311633509641,3)
(121.39988346797901,31.23024146819474,31)
(121.37224225990407,31.25246901077122,29)
(121.45439571978156,31.24436651332481,10)
(121.3554142705873,31.302334183289208,36)
(121.35804753248925,31.313169707629214,36)
(121.40476895089127,31.246122658148906,7)
(121.43749014612902,31.26031525006949,36)
(121.37723875432471,31.277997305804167,4)
(121.39872749028305,31.260901753471543,36)
(121.41967157836342,31.234283874073984,2)
(121.43643123832278,31.25339765237987,36)
(121.37830108804664,31.27694108254343,36)
(121.3685019587352,31.2513457117365,36)
(121.37846485933547,31.277060782615212,9)
(121.4283760663639,31.276714674240555,6)
(121.4160971789813,31.251297240380225,7)
(121.40273302339901,31.26198131025901,11)
(121.45051830083763,31.25518281213658,29)
(121.40567721585893,31.248360724757816,23)
(121.39820823191428,31.269450213313643,20)
(121.41981554564887,31.26994878450737,37)
(121.41853486724335,31.229026073973632,26)
(121.44230236191262,31.2782624559296,3)
(121.4160132354869,31.251469349952636,24)
(121.43253010830712,31.24334298040864,37)
(121.39770075000675,31.232087544231412,22)
(121.40118404123507,31.24358389218641,4)
(121.33952480000944,31.28773054925388,10)
(121.39069998303532,31.227625698794817,3)
(121.44153502935437,31.258950821865156,7)
(121.42321823718021,31.26220396582627,25)
(121.40826387289346,31.25630222258009,19)
(121.37091665987593,31.234824565119208,8)
(121.38420688972707,31.24563139062329,18)
(121.44051356553634,31.262915453568365,52)
(121.43482807157297,31.251554584041838,11)
(121.37522389919451,31.234065508781928,6)
(121.41247822335669,31.258139399720758,33)
(121.45580848618737,31.252432093766355,36)
(121.36497772879791,31.284727306588387,2)
(121.43240411180544,31.240289539868737,11)
(121.45664930887237,31.25574620438332,4)
(121.45197270044413,31.252115680881666,36)
(121.38944245841721,31.25642174812332,65)
(121.3928577453833,31.236396067551567,24)
(121.43808272047576,31.261713895836042,3)
(121.42337712658565,31.23961889149532,2)
(121.42237445639364,31.27935378750514,9)
(121.38517249334267,31.24569656560451,36)
(121.4481662907347,31.253305645195496,1)
(121.45895820845854,31.249902240622504,3)
(121.42318833876806,31.26306735833333,36)
(121.412005708277,31.261825765300404,29)
(121.44322090031072,31.282232000427243,9)
(121.41868185793734,31.252912755835954,8)
(121.41793414553904,31.250940264697274,14)
(121.44384053785909,31.245872438638784,3)
(121.44460318636595,31.25903197273279,11)
(121.43780091327031,31.240523088459152,4)
(121.42479519178302,31.244033001592793,2)
(121.38834864998374,31.282499741860004,29)
(121.43359730392721,31.23778279841792,3)
(121.46097619779111,31.265638581449043,2)
(121.41664427568483,31.23268264667152,36)
(121.4324808195737,31.25072732070897,1)
(121.38286312093953,31.293260502398304,36)
(121.42036073300528,31.276011695636036,17)
(121.40999401155862,31.228641509747,4)
(121.44838702095338,31.255287794976038,5)
(121.46004665555287,31.253664489350015,2)
(121.40651208878938,31.292425331454393,9)
(121.43218197166236,31.24334050670108,39)
(121.41085314549086,31.229462896289643,9)
(121.4217494448947,31.26477332943979,2)
(121.3995431174509,31.262033519435665,12)
(121.41361352737235,31.233210187505357,27)
(121.42523057654667,31.242703862751892,1)
(121.39960869560568,31.287118274469737,36)
(121.35317996352836,31.28220929909671,7)
(121.40732380182314,31.231942356686524,12)
(121.37654261064671,31.24960524355216,8)
(121.42417752333382,31.241033928717492,3)
(121.43450009623209,31.25717380903428,36)
(121.386075315037,31.2560659238879,36)
(121.42241645735932,31.245396168710894,36)
(121.42974701587104,31.24670648916615,2)
(121.44311946211614,31.282366528943832,1)
(121.4536678162509,31.25350394279636,5)
(121.38887907462629,31.26907076049452,7)
(121.40468781396804,31.244769684543844,19)
(121.42093341966564,31.234163786363453,4)
(121.38627351396137,31.260171919237727,187)
(121.41580297081317,31.251369111383045,86)
(121.37128052673937,31.295787039940677,22)
(121.44709508151894,31.246179376271044,4)
(121.39244066546112,31.231950816609913,36)
(121.36777149235583,31.269388368649587,29)
(121.4280271868224,31.24832989621026,46)
(121.39576422409917,31.26021121841781,26)
(121.40972146536409,31.2664358109839,3)
(121.38931230932373,31.255982461512602,16)
(121.42285899031873,31.2443383865809,10)
(121.42208302999622,31.260262924094015,23)
(121.41314373246783,31.232035575221847,7)
(121.4471530762839,31.24867008133984,27)
(121.3972615292636,31.266335515488805,1)
(121.38278161379074,31.24252692119896,2)
(121.44551840628455,31.27113260986688,36)
(121.42692069729767,31.240162257007206,7)
(121.45437002846731,31.252448061230663,34)
(121.40253226333279,31.23080639523835,20)
(121.43766325581454,31.253341979116268,5)
(121.38555033931961,31.262440227712826,27)
(121.42471965172179,31.24373515528226,1)
(121.44647374125599,31.244849967613803,37)
(121.35956902185079,31.27759843543556,36)
(121.37956945035427,31.28519387273059,30)
(121.40901967160535,31.246019474402353,4)
(121.41567293794036,31.232692119639182,1)
(121.39820808952352,31.240286270201754,1)
(121.42104242287087,31.24274478693447,2)
(121.44137298547933,31.243564288260412,3)
(121.44406916525858,31.246713440989765,17)
(121.3899833068528,31.259255687286366,24)
(121.40251498939,31.25954591378671,31)
(121.41810612010835,31.2363767912037,6)
(121.39220293022784,31.305784873299828,35)
(121.45834241211611,31.256769597993873,3)
(121.38483680938555,31.241866550965163,2)
(121.45496182472128,31.247220595861293,7)
(121.45940074161467,31.25794779190853,2)
(121.38938165910268,31.259319961693187,37)
(121.42192917464686,31.249027113388223,19)
(121.38254027518362,31.245880639391437,13)
(121.39021443758853,31.260297980191673,2)
(121.40411120257225,31.226948869745552,23)
(121.44876610974059,31.242769563645407,20)
(121.44359853600196,31.25134684342733,3)
(121.36226189170195,31.24484381734437,13)
(121.43160684037339,31.276486328291416,30)
(121.43268451619818,31.27338883364919,2)
(121.42965709585083,31.24636242739526,1)
(121.42873022821314,31.261267445255132,15)
(121.41985675319108,31.228862471307973,24)
(121.39734481365848,31.257672825115,19)
(121.40737136742678,31.249915450853628,9)
(121.41282716697533,31.270199473513113,8)
(121.41503997188788,31.289065572308687,5)
(121.37594459933717,31.264867721394324,7)
(121.44346693068496,31.284560924481465,2)
(121.43978319884329,31.259384623085317,35)
(121.4070318267594,31.300889675642626,36)
(121.46035891701378,31.254774277278095,31)
(121.42046552695945,31.25161418423584,36)
(121.42104814889984,31.246577287079646,5)
(121.37440237480394,31.296820491936472,7)
(121.39188561165332,31.247428458538685,7)
(121.42879502321763,31.233683562883844,36)
(121.39905717179455,31.287683054406063,7)
(121.45903254377507,31.250396194947275,116)
(121.45454043412664,31.277292146965596,2)
(121.41723205461903,31.26817905111116,1)
(121.40417510911905,31.28693062598034,46)
(121.38609268327184,31.283066341781453,36)
(121.34343951897155,31.2875548326968,13)
(121.4109039215621,31.261416140867546,36)
(121.39136711002283,31.257604594466073,9)
(121.40795031164997,31.24960629829079,37)
(121.43477855531815,31.262416677422582,14)
(121.42433507757815,31.22779193650352,4)
(121.43570557307082,31.241737573890745,12)
(121.38481110388656,31.300158579833408,7)
(121.42974467006755,31.246496579145738,3)
(121.38939638921339,31.25607656411621,12)
(121.43123679759208,31.265807246326748,20)
(121.40588950583395,31.24231793538162,2)
(121.36367680477103,31.298224027423185,36)
(121.41233649012835,31.259472039024402,36)
(121.41249834777116,31.25963504271059,19)
(121.36411870136884,31.311532246735084,3)
(121.39197081484171,31.27200013210814,37)
(121.4011460592537,31.30382694667034,10)
(121.43490948630577,31.275329980875394,6)
(121.45755356549128,31.24743445373757,1)
(121.40044554171416,31.231227187924006,1)
(121.44619648619403,31.244943641371982,1)
(121.4424125312944,31.283370744783227,2)
(121.42940631059335,31.24672194148419,35)
(121.4148095127805,31.271217304821437,11)
(121.3641429049047,31.3108445510781,20)
(121.35295092638977,31.28725995294122,36)
(121.43334579702889,31.25280623371476,6)
(121.38578593668038,31.24157820266969,54)
(121.39921364176497,31.246519622222802,36)
(121.41081837416162,31.243467268332495,13)
(121.38406505678168,31.24269921915759,13)
(121.40973801623134,31.265122631279272,2)
(121.38705251765808,31.258907976863007,37)
(121.36448475226429,31.311446489135214,6)
(121.41815477436464,31.23674079906094,3)
(121.44191327241205,31.25749582384617,37)
(121.45784100472201,31.260167156645004,16)
(121.43690350286113,31.253552095784116,27)
(121.44931552362584,31.258660030529768,2)
(121.40169360280703,31.248446182115597,2)
(121.4029925042671,31.255998717515652,16)
(121.40897546012303,31.296339964347823,22)
(121.42588393624173,31.245088992996312,37)
(121.37659602117098,31.245832759421273,11)
(121.41853485591162,31.22889601395157,22)
(121.42315028458778,31.26206495525493,28)
(121.38939339293569,31.256148593314503,36)
(121.37512225155851,31.271845214346115,11)
(121.429939516791,31.246825417967727,36)
(121.43361958723165,31.237111772544317,6)
(121.3914268190306,31.296028377054913,36)
(121.38146448980788,31.293259109473404,20)
(121.38593070067192,31.227673041534754,21)
(121.39094703443233,31.294273022323043,20)
(121.3952300283604,31.26142447986446,7)
(121.38603962479692,31.294480891935013,36)
(121.41442270662378,31.235741220947006,36)
(121.43364349374835,31.242758266919946,2)
(121.42520286944728,31.23949886299587,18)
(121.45264456106862,31.280095288085356,36)
(121.37826998359273,31.276212745078848,36)
(121.42303976000746,31.231098661858987,12)
(121.39039291620496,31.268844973635183,1)
(121.3806980920748,31.24397310851603,8)
(121.42292741152909,31.23887689284307,36)
(121.3346627506448,31.298700669127278,14)
(121.4126026561461,31.26782217818277,1)
(121.43006647020418,31.256600056520956,11)
(121.44267891328005,31.282030778142104,2)
(121.3604897254886,31.309006057904238,10)
(121.41413543543244,31.236682959046025,10)
(121.4127862751059,31.26446694134677,1)
(121.44406868630688,31.241198972899756,36)
(121.37638197330011,31.287095939700944,37)
(121.4008668936624,31.290178919356716,35)
(121.38958708777274,31.250760372203313,9)
(121.41740752640824,31.240337786183925,21)
(121.45652778621333,31.25231929250369,2)
(121.38582201492349,31.28924567899018,2)
(121.42487978231198,31.251636099452753,36)
(121.45209417390005,31.27968394970236,36)
(121.43622672810248,31.26680671309854,3)
(121.4282460317209,31.25095569746095,2)
(121.39194643986367,31.253368262726518,6)
(121.44138907893685,31.25436226435108,16)
(121.41835404119318,31.2526608134667,13)
(121.40068647250851,31.261686711411336,26)
(121.36488314388507,31.277114345668075,36)
(121.399998533438,31.230536639179878,36)
(121.3865621690831,31.29326330035871,18)
(121.4013933914762,31.24389238226285,8)
(121.39241217973255,31.238091598447912,36)
(121.41013960929274,31.24462388926182,11)
(121.42317381452352,31.268371630754938,4)
(121.44844864831177,31.254732290817962,36)
(121.34208800116247,31.30474608958495,36)
(121.38807569541194,31.25734564511197,35)
(121.39872446634993,31.24671854125239,22)
(121.43796166409108,31.25218206045351,23)
(121.41007703182754,31.255511275626798,36)
(121.43721814840883,31.27567443439409,2)
(121.38460347332679,31.230970787873176,6)
(121.41026697862267,31.266928992626216,25)
(121.39135389715148,31.28969800689273,11)
(121.40014923259942,31.295294447133106,1)
(121.43615702593077,31.25750480376103,3)
(121.40764983884316,31.301259811729636,15)
(121.41004188891829,31.259092268364025,14)
(121.38274405452457,31.24808936632564,13)
(121.38950672548955,31.251971845894616,3)
(121.38232744934932,31.2811260718997,27)
(121.39368764567311,31.299498525737665,1)
(121.38046692472669,31.231700660878435,24)
(121.40931122685151,31.24476411846083,4)
(121.40487055750822,31.27588449395133,4)
(121.42835473610978,31.2474551970317,6)
(121.40392204265713,31.248360553343275,36)
(121.4104434300261,31.23175501616391,6)
(121.45927426211192,31.251293495433906,1)
(121.42105458660122,31.268791240541177,2)
(121.34873935108212,31.302354434261645,36)
(121.4353766964933,31.238409615778963,11)
(121.40181954461944,31.25115422101392,31)
(121.42660092358106,31.238843944384417,30)
(121.42498470255985,31.240423018013534,27)
(121.4117479189733,31.22934067087787,15)
(121.38482602287647,31.267439719540583,12)
(121.36144064887326,31.296916584488624,37)
(121.35952071533534,31.279981225363684,18)
(121.45493181935942,31.24765859043042,26)
(121.43316885579952,31.239146352698924,37)
(121.43067999517633,31.25681844867241,1)
(121.37940800379178,31.270929796285383,9)
(121.37375046266179,31.228327295843584,14)
(121.42065015185688,31.26485376889711,3)
(121.36755640278385,31.296298294251365,14)
(121.44835745471295,31.271030602825228,1)
(121.43648590197505,31.273466184546848,7)
(121.4109483726352,31.24377638464976,27)
(121.43525005222686,31.253293125839637,36)
(121.44037885654659,31.257553070012968,1)
(121.43410799042387,31.256091761215107,7)
(121.392841739187,31.257261022971008,36)
(121.38547201415464,31.248131912919682,36)
(121.40598570697513,31.299645165234395,2)
(121.36917446621393,31.242054441128744,1)
(121.4109173858772,31.24384942269427,37)
(121.43975031282811,31.237072773942096,15)
(121.41085527646196,31.230970590012152,8)
(121.4187964367944,31.260382948275264,3)
(121.38489734840677,31.235832876643403,7)
(121.43641636505285,31.25458319121339,18)
(121.3394786861982,31.287612414364013,36)
(121.38169274691194,31.28160463302784,14)
(121.4233021483784,31.262032831188407,35)
(121.34077850701995,31.286516425008422,36)
(121.43687138584464,31.240143172675197,19)
(121.45941661172688,31.259864232044094,26)
(121.39302381325396,31.25195615624991,36)
(121.40214790233134,31.244852468640808,2)
(121.37484717351973,31.26401655648301,1)
(121.45378379930573,31.2565160264565,36)
(121.38583107589533,31.267625685725708,25)
(121.4542025815834,31.25413714212276,2)
(121.38247407112,31.29780391863405,5)
(121.45647787738788,31.25251348466146,23)
(121.40980648657614,31.23864188299086,43)
(121.3620141049731,31.244621916629683,14)
(121.37132410328962,31.267088328347025,37)
(121.37943938754346,31.274881486146178,37)
(121.38190363153632,31.225554843026803,36)
(121.40408466870409,31.232035685975614,36)
(121.42795713831305,31.234834237182625,8)
(121.37135589816505,31.313211955839048,36)
(121.44803878972169,31.25550651697032,1)
(121.43054857532725,31.241644393410166,37)
(121.44994045214072,31.274012206413982,2)
(121.41825775958878,31.271763554893976,28)
(121.37679962293798,31.237368159624737,38)
(121.41298455401663,31.24084562317233,9)
(121.45924160166963,31.263020333017877,13)
(121.40984717534892,31.234129768924035,37)
(121.45411004846518,31.25864841034125,8)
(121.42967605771575,31.280574070993474,36)
(121.37804275046553,31.29998907564737,4)
(121.39122761145337,31.276058348172317,2)
(121.41760694573475,31.25791247227617,17)
(121.42298799087396,31.245619867069664,32)
(121.43362608883913,31.237634272877237,29)
(121.41741504908947,31.243133333791807,5)
(121.42853086163207,31.24205601501643,2)
(121.41407566383315,31.24660188594432,15)
(121.4054322641864,31.237613889385695,22)
(121.41015449832054,31.243382331579905,15)
(121.39601745904474,31.27331419756245,14)
(121.45121299748764,31.25147577748549,3)
(121.42571736197664,31.244851403760446,11)
(121.40163127590438,31.29080467162969,20)
(121.40996200340496,31.266882029255953,36)
(121.43015926765209,31.23433228544353,36)
(121.43942791963335,31.2429256866444,49)
(121.346612297338,31.288138815213514,16)
(121.42605207731734,31.24602272586281,29)
(121.42277826411403,31.277618188580675,3)
(121.41806310581806,31.2399062780999,20)
(121.39819222062826,31.26940018610924,37)
(121.40764436060766,31.238501339536704,6)
(121.42520316952105,31.239500263055263,22)
(121.42505583572398,31.26100329197907,36)
(121.38930132048667,31.25621855632986,28)
(121.34875545041217,31.29105753226435,20)
(121.44116225547194,31.265228088672647,1)
(121.41805721072996,31.252530904571167,36)
(121.45417150799304,31.25242345310152,6)
(121.44876689498716,31.25181958530293,18)
(121.39446272674503,31.297604996426244,36)
(121.40969093664984,31.259540387429638,24)
(121.36699504842221,31.3140980945662,36)
(121.40675645691998,31.227871281615478,2)
(121.41686831390733,31.25323489997243,36)
(121.4242716438657,31.262856926207846,22)
(121.43238543788812,31.244853821278596,36)
(121.4151551734962,31.291956690097695,36)
(121.37409516671485,31.23054475328863,37)
(121.42684562707608,31.249899672780842,24)
(121.42724828946066,31.2395586897675,18)
(121.4092924496212,31.241262481844558,4)
(121.42571783951195,31.250331837654954,36)
(121.37887292753726,31.26647932511091,36)
(121.45707879925054,31.246824937773745,20)
(121.39206146288427,31.27320704364475,19)
(121.45368467634273,31.252359406360906,24)
(121.4553914018373,31.274069241218807,36)
(121.37264519328917,31.255998300413367,16)
(121.38938140555412,31.25641069872466,10)
(121.44611096503827,31.24157760991193,19)
(121.36497202026851,31.313296041777782,36)
(121.38090662503419,31.29105665641009,36)
(121.38072492072051,31.233440365225324,47)
(121.41437819560419,31.236378110433357,13)
(121.43520767927467,31.238691113755408,1)
(121.40209702638974,31.229214573084914,30)
(121.40318199673409,31.275578845082993,65)
(121.45482036247907,31.268941259381805,18)
(121.40183472835541,31.23093913234039,6)
(121.36509652070937,31.277085655379068,36)
(121.42033570861265,31.241151602902423,5)
(121.44710835132095,31.262243086410503,1)
(121.3824104241807,31.279733581190698,36)
(121.40988468438952,31.259679827436738,22)
(121.40822467609195,31.260910780538367,36)
(121.40279965802614,31.25422838195435,3)
(121.44004064862014,31.24676170641344,27)
(121.38660288765513,31.231812934305214,36)
(121.38741341849195,31.276806860933306,35)
(121.38217911172288,31.244737317867894,16)
(121.4364841525316,31.253369570588458,32)
(121.44892668988213,31.24197091200216,10)
(121.42746654276432,31.252093479486405,1)
(121.43591152618326,31.23591751491638,36)
(121.40473097051236,31.246391774212764,20)
(121.38026750266218,31.27481307460789,11)
(121.44199921472156,31.264161358694597,1)
(121.4391312748185,31.25880831303667,4)
(121.44457977414848,31.2790267993611,1)
(121.43009340993248,31.267591216497564,2)
(121.44109904678332,31.23855344651,2)
(121.45963049685919,31.273653981401612,6)
(121.41920369196954,31.23539822270698,120)
(121.40713017063071,31.29340272674741,37)
(121.35826391639483,31.278964618664393,29)
(121.38380463744838,31.22963903729065,19)
(121.40817446402922,31.247572596270025,1)
(121.3532722373585,31.283172854026894,4)
(121.43849243571587,31.264984699311594,175)
(121.43188371635428,31.26320942441402,16)
(121.38370451624557,31.22950988373257,18)
(121.39589114145465,31.224023026436832,2)
(121.42771955435526,31.248571290859335,28)
(121.4284378723546,31.238649167830868,6)
(121.44038212143421,31.236144425074663,1)
(121.3915294302247,31.282819333570448,10)
(121.35956902176027,31.27790823475129,36)
(121.41844336978772,31.23413446632623,22)
(121.33154665981007,31.30336058175434,29)
(121.4240576424737,31.241127062521624,13)
(121.43648415000698,31.253340557864778,31)
(121.44298137712057,31.259502806675513,4)
(121.35555899778437,31.295804873784828,5)
(121.41097289446188,31.26128107078195,21)
(121.41275779449047,31.261631422843905,36)
(121.43154740575255,31.28426926992358,25)
(121.40465933609823,31.29649382755738,30)
(121.42520205139387,31.246860725589038,6)
(121.42539842483893,31.264828401630336,31)
(121.42123629679557,31.255611459559766,4)
(121.36731443736083,31.289239894709628,10)
(121.4085288098782,31.23291575549971,9)
(121.45950540228797,31.2551783210508,9)
(121.43264664445311,31.244448341958353,1)
(121.39649767399088,31.23179627367193,8)
(121.37966869185054,31.254326921258954,17)
(121.42233076644885,31.260229628284645,15)
(121.3883667076802,31.270069792880655,21)
(121.42916625288886,31.24652589312341,1)
(121.4125537439221,31.259488084394718,36)
(121.44140076186683,31.265501613938856,36)
(121.41511339087052,31.230125610163135,1)
(121.45895862825839,31.25475337287267,31)
(121.41589843513759,31.25311411867339,6)
(121.46370127792544,31.259888879241718,31)
(121.42685987210945,31.231190819257044,36)
(121.4254468199822,31.2630901521124,26)
(121.38380530068603,31.28710503560141,35)
(121.38762130673673,31.29624189788208,14)
(121.418538027477,31.242491470145588,25)
(121.45904254841146,31.25957417937523,10)
(121.46012350860408,31.26473729010486,27)
(121.38892094290404,31.23267375079049,9)
(121.42888883633398,31.24998521391239,10)
(121.38630474760441,31.26990305488041,14)
(121.44283439171953,31.243594550410645,28)
(121.41782127127985,31.263073597598712,2)
(121.40973244687726,31.259451696233008,30)
(121.38389105896759,31.256402115006537,24)
(121.3409469013194,31.286720824856168,38)
(121.4495297222244,31.26909464322155,3)
(121.40247276233261,31.24815221907077,2)
(121.38858470446839,31.257162037113964,36)
(121.40795288203485,31.30195107055294,24)
(121.39192265860214,31.23616842047072,7)
(121.42238650050385,31.245604282198563,9)
(121.40696967670743,31.287716447542856,32)
(121.41210607528323,31.23226093602526,13)
(121.3716804916201,31.23052662062604,29)
(121.39168298312268,31.24024673973041,9)
(121.40560045519165,31.283398924901036,57)
(121.38434686878733,31.237037924383724,22)
(121.3893644268702,31.233842613896137,16)
(121.38646650287782,31.27674505540072,29)
(121.35496559967889,31.30867704341563,21)
(121.372220234388,31.287033788085502,36)
(121.42204208592791,31.249061052762137,36)
(121.43784801495951,31.254058040106845,94)
(121.43834582668897,31.261372528994713,23)
(121.43506773056042,31.270747594589544,10)
(121.44083472291253,31.26380897499825,22)
(121.40898424469576,31.226991992514762,31)
(121.40837785154238,31.24470409793394,18)
(121.38474379736782,31.257817057922438,36)
(121.42412480961984,31.280918660405472,2)
(121.40636081955671,31.276090765357505,1)
(121.38312844927687,31.27061147973887,11)
(121.44025518497293,31.257259009508715,9)
(121.4281085768803,31.25085093833734,37)
(121.44161160317974,31.24274319540641,8)
(121.40734177399656,31.266024442816626,36)
(121.3997323485929,31.25816740991018,1)
(121.41445911662187,31.273130456157713,3)
(121.38225882901158,31.286402155653946,36)
(121.43953785445858,31.23905598068865,18)
(121.3671943158869,31.232527296229346,15)
(121.38709361805694,31.248120282452184,37)
(121.37414512645981,31.28682017608679,11)
(121.44146207383783,31.258634238278084,36)
(121.44947594268895,31.258766319041868,22)
(121.3931648319938,31.29695301556019,17)
(121.38942742587858,31.256194638233204,36)
(121.45450592541029,31.27099754887548,37)
(121.39754531482207,31.251968238652566,13)
(121.45367007785902,31.25657728155491,23)
(121.45070196132428,31.244555766772958,1)
(121.40416923785993,31.2845869987284,16)
(121.44975840091094,31.271235122504923,12)
(121.40170985401096,31.251279437866565,5)
(121.44774050821235,31.26939354188222,37)
(121.3758386862771,31.253556235937495,36)
(121.4102742454894,31.298006316593394,15)
(121.42628240698478,31.240551993214964,26)
(121.40970099492665,31.225261116249317,15)
(121.37989993311001,31.269123227427745,8)
(121.3405035573121,31.282636328332647,7)
(121.36663947771473,31.25168347731745,1)
(121.45524362507318,31.27243486185362,9)
(121.43349656633342,31.25490657598922,10)
(121.3687455870415,31.287853064518806,13)
(121.45643716865145,31.24769038737959,20)
(121.41121531133365,31.2437763368167,36)
(121.4469520498895,31.28325897870604,27)
(121.39004749734212,31.274028695899776,36)
(121.42515263237296,31.241499367001236,13)
(121.38579260515009,31.26266453487357,37)
(121.42795278754457,31.277168347443837,27)
(121.42308937372812,31.262477176383133,37)
(121.40993219606034,31.266140324531403,2)
(121.39109635472406,31.231222648380697,12)
(121.41076556480432,31.245523196244978,23)
(121.39768730292151,31.24998259592245,22)
(121.37354878949834,31.24728854392631,2)
(121.3915105306081,31.238219087013125,20)
(121.34555441549406,31.278771168817077,20)
(121.39614181742787,31.26466831101893,28)
(121.41439910127298,31.255920477462883,36)
(121.43737566314041,31.25263906124576,36)
(121.40358264414371,31.30016424703486,13)
(121.39994910035013,31.246873854764655,38)
(121.40282486537966,31.231871130473767,3)
(121.42867613562632,31.252082782982598,1)
(121.44444347167287,31.258681084467817,3)
(121.43937251541716,31.266322195672913,11)
(121.42243813460931,31.230435372243363,37)
(121.41482772973279,31.28372884290928,26)
(121.43221356260062,31.27714511726795,20)
(121.42693140154277,31.259832938730028,3)
(121.4535024445818,31.256174441839452,8)
(121.40814886291685,31.24462107321033,10)
(121.42398807310558,31.25030289149026,37)
(121.45507855921323,31.266994903485703,8)
(121.44560083429,31.25499654570362,36)
(121.4170207982768,31.263908326586524,40)
(121.38281681583724,31.29036229984907,37)
(121.41191222294289,31.27917143409551,16)
(121.38554564366095,31.231505473454668,14)
(121.43835262332524,31.259169568050176,15)
(121.34642126619882,31.27829656789551,36)
(121.42767527211889,31.251095249352648,37)
(121.38136682082421,31.29840304222215,15)
(121.39649952694835,31.282117777582634,8)
(121.40915690537348,31.24403980668907,36)
(121.42354549878179,31.245606455288645,31)
(121.38722739075614,31.244045576467457,3)
(121.42879724295106,31.2504240794788,36)
(121.38561921301708,31.283151967858654,36)
