(121.41933502561362,31.25399581502158,10)
(121.40808731783083,31.23831824043645,37)
(121.4153628956659,31.227982295679965,6)
(121.38291593785755,31.29046943904471,24)
(121.44784058720666,31.27128663814888,34)
(121.43423983227007,31.237575294180473,13)
(121.40484735262842,31.24464731738212,4)
(121.38209506611554,31.245340503406222,25)
(121.36810395315129,31.314311774660844,40)
(121.40515962766361,31.261754347621512,14)
(121.40368146804136,31.29941536871709,23)
(121.39080858314043,31.24502868399397,33)
(121.43547411675347,31.280867562709055,21)
(121.43409962033103,31.263175835309042,14)
(121.3793686267633,31.29314489087517,36)
(121.39119709692952,31.240253180368427,54)
(121.40975442903213,31.230338458424004,4)
(121.42309477668542,31.267407604288156,5)
(121.3966993752739,31.30212385107661,17)
(121.3821250603546,31.24487132389858,10)
(121.41055811660495,31.228421463564676,6)
(121.40997017900082,31.227879296900934,35)
(121.39618484756726,31.264751366420263,10)
(121.39550806763124,31.232171012376153,8)
(121.42247322881666,31.27769303275382,36)
(121.46027638530481,31.26914964739585,2)
(121.36328562661222,31.2813176368419,27)
(121.41149588206491,31.238476304023322,15)
(121.42255522018438,31.2416967102134,4)
(121.37709488845715,31.293296347333452,36)
(121.44949906518912,31.26306172891711,1)
(121.42349078373717,31.236846551989224,34)
(121.41489530397939,31.2921438572415,36)
(121.45956051157548,31.255282728646133,21)
(121.42331814839588,31.26219488920098,34)
(121.44507081487438,31.27889733189506,6)
(121.42288760318135,31.25553755312497,38)
(121.43183771083478,31.262441145716974,33)
(121.40419721342745,31.249887264785606,8)
(121.42093676845394,31.23546866282281,25)
(121.4126811870984,31.258442481261234,10)
(121.42661931887429,31.277979895285775,10)
(121.41094722560645,31.23061941279477,1)
(121.43644621474668,31.25339763272025,73)
(121.38630679996771,31.293439706080605,9)
(121.40366110115897,31.226536616957443,16)
(121.40632941237428,31.260764389670697,4)
(121.42188241846611,31.239925074787983,20)
(121.43763091388868,31.24062414850083,11)
(121.40222963870411,31.27028874898849,22)
(121.41095368481567,31.244278921988307,8)
(121.37049614992117,31.236687842458384,1)
(121.41305796840632,31.231508343350367,18)
(121.43955343072972,31.234498887285653,1)
(121.40405326592402,31.26217360225317,19)
(121.4013919209467,31.257164792136393,30)
(121.42140996923277,31.241940291929165,14)
(121.40383712393788,31.237964881442274,8)
(121.38919881671906,31.262926381116763,5)
(121.4089425520215,31.296402357387077,1)
(121.3343180541068,31.29970640496076,7)
(121.45755252647042,31.269147616982725,31)
(121.43427371161042,31.232716106431738,4)
(121.42700464257672,31.240572366916844,8)
(121.42202866434306,31.255564921005043,5)
(121.42851679384405,31.27318715132898,26)
(121.39275032297226,31.223462572336548,16)
(121.38374357972661,31.22974602927501,36)
(121.35403098378814,31.308445154787453,36)
(121.44411668711972,31.26526145206669,5)
(121.3722566642167,31.244608429097557,17)
(121.44636081781343,31.244831747863365,37)
(121.45158686586362,31.243735707679985,26)
(121.4125993548286,31.22569635829831,1)
(121.4597048062566,31.25644546531224,6)
(121.43861963734656,31.239007040480384,36)
(121.38920665729934,31.27359174666134,28)
(121.43740246348493,31.248920789318593,11)
(121.41890994989915,31.244180765606092,8)
(121.39038027742097,31.23853867328814,1)
(121.42204386349484,31.24652792692958,4)
(121.40116623659112,31.234408738733194,7)
(121.3986479715903,31.26136323682725,1)
(121.45195064507945,31.275330134816596,8)
(121.3641844110338,31.309439959039686,36)
(121.40181002255217,31.22947833014435,17)
(121.36479223477942,31.246317098952286,106)
(121.39559245859695,31.29982255972201,1)
(121.4362416965804,31.266713653999524,32)
(121.3964846640017,31.301989628166226,11)
(121.38367701555372,31.25860387056566,4)
(121.40541929223349,31.22437517302439,31)
(121.38403629666506,31.257314647329316,16)
(121.42216662600786,31.260470393649378,36)
(121.40247726974003,31.29978679116234,36)
(121.37600301483494,31.30068696732294,11)
(121.41233637390886,31.24791694712819,36)
(121.44669129597874,31.28325293325363,20)
(121.4354922918634,31.237314686786853,36)
(121.43476463800185,31.274591852962068,33)
(121.4485973796669,31.259716006886464,7)
(121.4100866020002,31.244431810604812,36)
(121.4175245160031,31.27535493220295,13)
(121.37926267117813,31.269244926882312,13)
(121.44569375830045,31.279260701440684,10)
(121.37208462266344,31.29776889114257,26)
(121.35560446639553,31.288603078814457,2)
(121.42347783009215,31.2601719002383,2)
(121.46157642153169,31.252423494056984,30)
(121.40711076260912,31.24289732855222,4)
(121.40475152882121,31.25800557159055,9)
(121.40676864134305,31.252924777116036,13)
(121.37888794825975,31.266493347701285,36)
(121.43893788650472,31.262040983997974,17)
(121.35561791815827,31.281951400254833,4)
(121.4232801824219,31.262200919481188,3)
(121.4102352708448,31.255631808316696,7)
(121.34786012280571,31.298445314273412,7)
(121.36559917717179,31.25133239624848,36)
(121.38255535346654,31.264115773344486,36)
(121.37306430386748,31.230242272059584,36)
(121.41019156006588,31.255690899104742,36)
(121.42519846837202,31.23949726209043,36)
(121.40719498495613,31.245469478754835,17)
(121.45555008713319,31.2634654220384,3)
(121.40824178032862,31.258776688296244,36)
(121.44007093739756,31.239205272079737,17)
(121.42107269701845,31.23239257199524,1)
(121.36942819383896,31.287853953463483,20)
(121.38942742770946,31.256215647387876,33)
(121.44912071013856,31.270477607134552,55)
(121.40854292778933,31.268672519725765,20)
(121.44694854178395,31.254155033372136,1)
(121.45979765037055,31.252512667156072,70)
(121.36732938088024,31.24951936716971,4)
(121.43537909519212,31.24455709331062,6)
(121.442801871299,31.28216773990862,10)
(121.35276649333142,31.28158792946893,51)
(121.40805716060468,31.247957563412285,21)
(121.41340955600218,31.261397159627638,3)
(121.39647356754074,31.240491252094838,3)
(121.39828987408876,31.242001273042685,11)
(121.40235024849947,31.283071232718406,33)
(121.44868119661915,31.259883620836145,9)
(121.43141034019077,31.251701944840732,12)
(121.36422511654737,31.309909762651927,14)
(121.38618209779429,31.242468439162067,3)
(121.34821842363658,31.281406129010044,2)
(121.42235897187489,31.241889269028913,36)
(121.38516142017708,31.290938713826215,36)
(121.43675303526477,31.23907241375594,9)
(121.40995817646916,31.26222162934584,32)
(121.42653589395617,31.2360624438372,3)
(121.41209348964469,31.259897250497353,4)
(121.40717131849748,31.242541998725564,5)
(121.40446586054283,31.238185451940332,19)
(121.39865587344298,31.26136343838799,23)
(121.35276269039886,31.289861810544863,24)
(121.44432870987227,31.247331290566194,36)
(121.38305044885242,31.28405011430889,23)
(121.40891853763274,31.241733727995104,31)
(121.4273194178807,31.264851746108413,37)
(121.39520470847994,31.234963734649916,36)
(121.38288031206498,31.23776386882807,18)
(121.45579896134288,31.27095544769422,5)
(121.43452767811137,31.244753008032127,2)
(121.37231668570081,31.255964856774714,36)
(121.4270883408065,31.238150196993512,36)
(121.45579472843669,31.277846976083467,21)
(121.4635244868938,31.257631266753297,3)
(121.36745651520243,31.252750747776926,11)
(121.39206707707399,31.228273892361397,37)
(121.41884242707765,31.26061002204948,8)
(121.43786385160111,31.2639563056954,21)
(121.42436716676927,31.227506604413456,23)
(121.36435633488698,31.309508278688142,36)
(121.34921273222422,31.29503942212366,13)
(121.39113549808461,31.22963792054659,4)
(121.39579278546026,31.232038685061422,34)
(121.37524839664452,31.271425192340995,35)
(121.38636350357888,31.24345159457063,33)
(121.39024808367981,31.26740104481574,21)
(121.39819536787175,31.305442747830018,25)
(121.45077937381569,31.27431849762763,1)
(121.38891707229944,31.282051145534925,35)
(121.45535913030223,31.24700162500869,5)
(121.44788496032848,31.265173967157814,6)
(121.3996389047191,31.261629732713896,36)
(121.42159456950797,31.261943972673162,33)
(121.45970543859157,31.263674733482794,1)
(121.45003169194253,31.258599213499306,3)
(121.43659895585584,31.25319334212372,27)
(121.4566112314766,31.25462356414933,11)
(121.4314811866373,31.261830800228516,9)
(121.38050212028462,31.29095519278885,36)
(121.37898514986918,31.232834582589057,20)
(121.4023291364216,31.26427221387439,29)
(121.438777444874,31.242368560121143,9)
(121.39388769697223,31.24821767025276,41)
(121.42261490323725,31.240955039733823,28)
(121.41604220522383,31.239823144330355,24)
(121.40167219527737,31.301132142872657,10)
(121.39285694266196,31.25671742693876,12)
(121.43877997781058,31.28295198233208,36)
(121.39486373212492,31.260488890454642,11)
(121.37243817931265,31.308715916193876,5)
(121.41463094580831,31.260437699169852,33)
(121.44942974175486,31.255281888205236,1)
(121.38829174450085,31.28274400042956,11)
(121.43672250909376,31.253853648942098,36)
(121.42522915721948,31.236913231211606,24)
(121.4480840761486,31.261439015952107,16)
(121.43806282376283,31.267407503624643,30)
(121.43714812483502,31.235084497321708,2)
(121.45724223659151,31.25658792319662,39)
(121.45911523561705,31.252495170598888,98)
(121.43915215307582,31.269294772991078,24)
(121.36492911429237,31.312955637516172,36)
(121.42517926368531,31.239548758030733,29)
(121.42750928605658,31.254277998826474,16)
(121.33771366950572,31.29877150697822,3)
(121.37683362394367,31.27137907230815,9)
(121.44381106668925,31.251289888018057,14)
(121.39414133772516,31.295438968983795,9)
(121.38476663867529,31.229250743626665,35)
(121.35956902177226,31.27786453484775,16)
(121.42403266707801,31.24114508969561,18)
(121.38609268728473,31.283112360586067,2)
(121.46103708564924,31.266244702128642,3)
(121.40531026285986,31.2987549028491,26)
(121.41505337020382,31.27079704215008,2)
(121.40460743375304,31.259396189094307,14)
(121.3960496678158,31.26009863078468,2)
(121.37510165070364,31.257867310523682,31)
(121.43842779517432,31.24460979368052,34)
(121.42564318397541,31.264876219071905,2)
(121.35109410379076,31.299456528132424,17)
(121.38012998295527,31.240998322583,36)
(121.41049353455625,31.255502962332162,14)
(121.4251895662002,31.239528160195565,35)
(121.42624233833065,31.239286456456796,36)
(121.430497350305,31.247812628803768,22)
(121.40605228378699,31.260415017996653,23)
(121.41186313972514,31.243694170771168,27)
(121.41164829204415,31.251664654845435,1)
(121.39675353232579,31.239533408451223,37)
(121.42403266742669,31.241149091497313,23)
(121.38787927133423,31.28162321941287,10)
(121.41955716511322,31.24011358494208,53)
(121.40257109764653,31.240284719331914,2)
(121.41022659010862,31.23559797614759,15)
(121.41209032919697,31.259469487604328,7)
(121.38991706179567,31.270264023061035,10)
(121.38692564830964,31.296244334464784,20)
(121.4378480061688,31.253956995857447,36)
(121.42261469488918,31.238563960102343,4)
(121.42489578934473,31.263354178977167,3)
(121.43215651719345,31.242196889522052,28)
(121.45225040391455,31.27990157452281,1)
(121.42445048774113,31.26320876255393,1)
(121.39966098417526,31.237070520515353,6)
(121.45584156183479,31.26576579955625,2)
(121.4432934533808,31.25574067420458,28)
(121.42571129496623,31.25274544300109,31)
(121.45395376366699,31.260817549028143,36)
(121.39193883817876,31.25332806138636,19)
(121.41160289047068,31.228579349347648,19)
(121.42151026599302,31.2848588088676,1)
(121.36975440774764,31.23041695749237,36)
(121.43800775814672,31.254135854362108,32)
(121.45220530858329,31.247551160026028,7)
(121.45033062176569,31.24664502258031,26)
(121.41738214177064,31.261040992509304,28)
(121.41272498616819,31.24704534432696,1)
(121.44298942952649,31.26262154322607,24)
(121.43463300377353,31.25361203531241,32)
(121.39066671034966,31.28221151090877,7)
(121.38925235075897,31.24320681607117,64)
(121.41976833213145,31.241771528856088,37)
(121.36898302400144,31.28785339529521,15)
(121.43342881433931,31.24288172971303,2)
(121.41953657447259,31.236964289402692,12)
(121.40908418728357,31.260149760206783,28)
(121.42593068667725,31.23959586270292,15)
(121.43831839267325,31.245920701973994,25)
(121.3637146436367,31.295574041773442,36)
(121.40227252082605,31.245894174585796,4)
(121.4105447896856,31.259038172556906,35)
(121.34743959650405,31.302869272666406,36)
(121.42516646056423,31.239619855255924,21)
(121.37345316186456,31.265564254413945,24)
(121.40990198865435,31.259656531081177,23)
(121.44598184122519,31.254236763948605,15)
(121.41463846012152,31.235964265698225,17)
(121.39500055220194,31.25749566462208,37)
(121.43707117534956,31.252876575389152,27)
(121.38976919054794,31.23869911522381,4)
(121.40248078128738,31.25781441032172,20)
(121.38916922837095,31.279422300098155,11)
(121.39072486911736,31.259455523342815,11)
(121.3779249000515,31.257519408865225,22)
(121.45173591315452,31.24824342929906,2)
(121.42490819706953,31.235989208636294,32)
(121.460891674421,31.256972037716956,36)
(121.4224010837712,31.260156043061286,36)
(121.4081329105545,31.233685130110032,2)
(121.36439654049184,31.309486383383014,1)
(121.35423750991585,31.309637966310202,19)
(121.43919791902954,31.27897875539007,21)
(121.41756360053085,31.23029394155195,1)
(121.40908448733363,31.262106956400068,79)
(121.38089995302597,31.241913376652104,19)
(121.45226972006884,31.26030867354693,20)
(121.37901941238209,31.281370710399155,15)
(121.44827950420019,31.2466781921112,36)
(121.45133471468277,31.269827550827628,2)
(121.41941235665134,31.241184148150893,37)
(121.39823635057856,31.247732812917413,29)
(121.41041577513165,31.258578993268483,15)
(121.399528102009,31.261919465539773,34)
(121.35444988413683,31.285828977661723,33)
(121.42667690570643,31.239563202737777,18)
(121.41470867779479,31.245829961726525,84)
(121.41900094185212,31.236956077395043,9)
(121.3675449146371,31.30173316802759,37)
(121.43603445096045,31.253308816484815,19)
(121.43686802510769,31.24383760184484,5)
(121.39449756467366,31.26110396417781,6)
(121.36695572962543,31.29968851629879,6)
(121.38229579757088,31.27405911337137,36)
(121.42776918871026,31.26794064742303,2)
(121.38095343672148,31.269313497692025,36)
(121.38633242160272,31.288791669471756,36)
(121.41996158859449,31.23671481556672,4)
(121.42871232445978,31.265587333307852,37)
(121.41449358018446,31.236093021684525,16)
(121.44914033578843,31.254782202548977,37)
(121.43496611605869,31.241088155867956,1)
(121.34384479159972,31.28032564169271,20)
(121.3948734969747,31.27199907955141,36)
(121.44618288002904,31.241640522439283,5)
(121.40006519286064,31.29516437052257,9)
(121.43069382253633,31.246598456793453,24)
(121.4148314090123,31.272488235430906,2)
(121.44455621453096,31.246798678682918,21)
(121.36596475127894,31.24940468949767,7)
(121.40016030981104,31.250292594193812,8)
(121.40522276336056,31.289346032036,23)
(121.35240711998301,31.279417798677336,15)
(121.42984837722831,31.252277850316535,16)
(121.33959394885545,31.287654649380304,35)
(121.41272519533005,31.247235549690288,4)
(121.38382831112092,31.25487170721716,52)
(121.41835842985218,31.23421954834646,1)
(121.42888727648103,31.23783536311373,36)
(121.43334787826763,31.265238615765572,3)
(121.42827088965265,31.24811056806299,36)
(121.4229733082464,31.249112429610253,1)
(121.40528715837519,31.26845896031602,4)
(121.37224824635958,31.313197479511242,36)
(121.37230457683644,31.289475883194555,17)
(121.44145776950432,31.24299626645818,3)
(121.45592488409046,31.271137266459945,5)
(121.4318568936715,31.236252454781,1)
(121.44891272553683,31.242029964058737,36)
(121.42141029395489,31.245665959959897,26)
(121.41065169491463,31.24062705505082,31)
(121.40047480374902,31.244855332655355,25)
(121.38097427285216,31.274573988659554,36)
(121.36352832133166,31.308108187376643,6)
(121.41347879918804,31.245603620048314,37)
(121.40033567077482,31.244842804887835,36)
(121.42095712084236,31.285510236929305,9)
(121.42053448396324,31.251700180522526,21)
(121.42784492998766,31.28084236565256,3)
(121.42419433432254,31.26197113593222,37)
(121.41916408327418,31.25411207903694,12)
(121.44042014396024,31.258823943802547,8)
(121.38711566468277,31.282869116465392,36)
(121.40184232888669,31.25066999563064,6)
(121.4160750490967,31.261141539322,32)
(121.38818644142289,31.250187610512658,25)
(121.38873017774718,31.28323153494969,17)
(121.45374575691017,31.254975430613534,7)
(121.39557215395773,31.299589556294197,36)
(121.42001544890012,31.24701341444065,14)
(121.44138907605961,31.240952289164532,1)
(121.39220440036351,31.22945585827703,6)
(121.43498649849617,31.260036935596094,1)
(121.38421507068134,31.298436828256936,7)
(121.37691748468103,31.268448934055183,36)
(121.34454845013751,31.293171145402813,4)
(121.43230269415638,31.25796969285652,2)
(121.40380540130197,31.232165328886985,3)
(121.42126230149093,31.24261303921978,22)
(121.4305399632644,31.26737020025605,4)
(121.38296883998127,31.243318885360203,7)
(121.39644914851075,31.232184056456322,25)
(121.42456878170941,31.27112974248675,5)
(121.39737640681268,31.252833725189497,9)
(121.4477926931582,31.248344805062633,4)
(121.40190914487131,31.250436709552243,35)
(121.39744851418509,31.2448663647155,1)
(121.43019042451995,31.246215814673523,14)
(121.39503413710645,31.240592173654505,35)
(121.43750018668807,31.25393329877167,15)
(121.41098005474919,31.290324793922675,29)
(121.38618289818575,31.241129241982357,9)
(121.41183385483934,31.25180077606955,13)
(121.41329022613702,31.24501886639506,13)
(121.42521820569723,31.260273592642175,16)
(121.42233566715498,31.25423134082866,7)
(121.4137577417314,31.231794389165326,3)
(121.39949566622376,31.2455873000017,19)
(121.36177169619545,31.280152057098725,34)
(121.40393635509882,31.240451018826825,2)
(121.39156358235151,31.23835518301386,36)
(121.44402363808572,31.25112346883347,10)
(121.44764148796833,31.269359624877904,12)
(121.44389562177957,31.251238729074938,34)
(121.42971806369225,31.24651367372591,31)
(121.4402441058748,31.263545301893306,37)
(121.4274769206647,31.2382108714399,36)
(121.37264473056734,31.250673965641912,14)
(121.4614529453403,31.253639526023807,38)
(121.41889373832475,31.26522973189296,2)
(121.43289732230355,31.26633847449728,36)
(121.40492987318795,31.231927158655555,3)
(121.39231280365117,31.246072122574507,23)
(121.37883490935357,31.26683843572502,33)
(121.43576663110258,31.234555080222332,36)
(121.43985822388322,31.28230389328303,7)
(121.41524942816967,31.2380856626991,11)
(121.42838106614452,31.265468697218182,10)
(121.40733820493513,31.225099195755565,10)
(121.4327908328935,31.267242118316517,14)
(121.4278205919385,31.238832835166797,35)
(121.3688068393949,31.23029357762829,36)
(121.39579277683141,31.231939639628408,2)
(121.41017196798934,31.260263757240082,38)
(121.36697584464171,31.24295570464549,5)
(121.3824359598187,31.274059251970527,37)
(121.41976227123706,31.23147953832955,3)
(121.43507034310424,31.26485525332095,1)
(121.41008820217274,31.262774849848633,6)
(121.40133580729578,31.261236472721578,36)
(121.42179849093542,31.239982156241187,8)
(121.39303216677357,31.2674248476027,36)
(121.3959283073413,31.305983990382423,21)
(121.39917489692175,31.242722978111892,36)
(121.42643483771342,31.25878192160105,6)
(121.4184053955746,31.26029600828937,17)
(121.37128238598659,31.313596044892076,36)
(121.46303878418796,31.268483058491245,36)
(121.3956009660711,31.24720326980135,6)
(121.42766780423217,31.239306191216162,12)
(121.38609268894223,31.28313136835255,4)
(121.36453275888594,31.311769293967643,36)
(121.4283251572598,31.263356167949702,36)
(121.39043506191078,31.253936367596573,36)
(121.41101790363136,31.26150215811642,36)
(121.39543959634524,31.300951807101683,20)
(121.39945641139714,31.23135184334673,17)
(121.39911898013469,31.287117877210278,5)
(121.38045601430798,31.290391918578102,4)
(121.46317704600264,31.25650214220813,64)
(121.38922794270268,31.25998254789044,36)
(121.44855349684097,31.241906562157403,36)
(121.4016727739458,31.27339893302162,2)
(121.40224265661782,31.236057738649855,18)
(121.38274774516536,31.290455269848184,37)
(121.42785043924044,31.237466188064143,31)
(121.4062502656758,31.260141907760268,24)
(121.43718571974745,31.278892790565234,36)
(121.4021810370399,31.22911054292847,36)
(121.42570281615453,31.238423524493562,1)
(121.37914593818533,31.239522800783458,72)
(121.40093641076216,31.281983950311297,36)
(121.37936832757933,31.288830600198434,6)
(121.40209725961809,31.23189080423274,1)
(121.3984582146112,31.256563778216083,19)
(121.39855838765625,31.25806946928936,14)
(121.435977856427,31.23440927187607,13)
(121.43965287226919,31.25443660782265,28)
(121.43702639302181,31.249259997867775,1)
(121.4179805851872,31.256295589469868,21)
(121.37079078047638,31.28462990552893,18)
(121.421136856414,31.249687920448412,6)
(121.4243919800196,31.26003014611531,18)
(121.3636456416687,31.28546288437898,28)
(121.4343225683175,31.266309904010015,7)
(121.38546953687845,31.258766472275553,1)
(121.37226884981378,31.31319748239366,36)
(121.41083572498002,31.27044900185839,6)
(121.36480333337407,31.246314979640967,31)
(121.42758294229294,31.262735598222175,9)
(121.3724055011168,31.28681394207129,12)
(121.44031458766561,31.240125328982625,1)
(121.45196626251568,31.269910366137886,3)
(121.42499262048517,31.263180674720697,16)
(121.40965079321055,31.23432930009761,11)
(121.41763562330073,31.231479647603944,4)
(121.40909078910282,31.245053491019203,36)
(121.41262619535722,31.246879416121292,37)
(121.36009117181572,31.28729601227794,36)
(121.43378627602219,31.24256116078926,52)
(121.38348997122174,31.2489754764812,33)
(121.42580711751184,31.245077377196353,30)
(121.44966258842868,31.242310618954015,10)
(121.43046234647288,31.279568460851436,127)
(121.39405726110627,31.295169816513404,36)
(121.41772344680183,31.239591536218036,24)
(121.4257053619794,31.27908813777734,7)
(121.38219642811768,31.271140791062326,26)
(121.43898411777785,31.265597441891067,28)
(121.42567940727761,31.238826193833305,45)
(121.43374784197964,31.236946671068775,23)
(121.37171639562801,31.29790545635641,36)
(121.39242394851506,31.235487187716892,37)
(121.41737563978641,31.253226306279586,13)
(121.40897296012098,31.246119064520624,33)
(121.44779269845488,31.248405832119296,33)
(121.43938891363129,31.25637095435249,36)
(121.4018106212483,31.25162938735165,10)
(121.4169727795583,31.240474044746,3)
(121.44878349490148,31.27062465936767,3)
(121.40227512286923,31.264257196353913,37)
(121.40504633591699,31.2502415107329,10)
(121.3877164698826,31.25117913666838,12)
(121.3696455371131,31.252528858071756,7)
(121.34709113222031,31.281504256445544,12)
(121.44477145087293,31.265906648071095,2)
(121.42599898745887,31.2438477169782,10)
(121.37908080545927,31.284977251032156,22)
(121.41067348758484,31.244415716632115,20)
(121.40637849508138,31.239811930755604,11)
(121.42404764297508,31.24102702510229,37)
(121.44180837796668,31.25724066018858,14)
(121.38154355125484,31.235394464072286,5)
(121.4004743826851,31.261419537285608,1)
(121.44435989102162,31.26160448515122,36)
(121.42238888072924,31.259740741323014,22)
(121.39678501096625,31.22863857423158,13)
(121.41376276536285,31.246401892683814,6)
(121.42339332919012,31.273345023630974,3)
(121.38163539083475,31.23229113941634,1)
(121.39538783037645,31.235156913886364,21)
(121.38744287925128,31.270298161674635,21)
(121.39218242680289,31.24282058822495,22)
(121.432986122572,31.239271622372154,36)
(121.4329281560612,31.27313244515078,2)
(121.40988548459731,31.25804843081229,36)
(121.37811618956893,31.29891428063824,30)
(121.43786506439072,31.24210940424135,22)
(121.43533219182464,31.270442946952873,20)
(121.37974709778342,31.299250038057,19)
(121.39015484110061,31.281923871721506,15)
(121.34454845074283,31.293178148189625,6)
(121.45243623148473,31.247667809780133,9)
(121.44335485268098,31.26167914987899,8)
(121.40968232163694,31.25191017851237,6)
(121.38283142487087,31.28568142584261,27)
(121.4294747191944,31.2509676525694,37)
(121.41973632607314,31.270636166588137,4)
(121.455648271445,31.25688237398791,5)
(121.37746630352763,31.25774998369666,48)
(121.43007047346588,31.245063424856667,15)
(121.41868968635086,31.240195737376542,33)
(121.4444718939033,31.24119831080434,22)
(121.45077811572386,31.259822336877935,6)
(121.4359671373953,31.264064283064485,3)
(121.40946854346429,31.242621074274677,2)
(121.4022729322645,31.24483319391231,9)
(121.36206257546817,31.283664686816483,3)
(121.43055756474236,31.248262940105153,36)
(121.44022969915082,31.2466874307025,2)
(121.38423474406956,31.236990799818564,36)
(121.38566658256791,31.2893856515455,36)
(121.39757357151902,31.265135132052077,11)
(121.40693926915591,31.246379784826008,3)
(121.43855025015594,31.27016199130884,25)
(121.44349401477743,31.256634014648256,1)
(121.39277395523168,31.255560586800605,20)
(121.42299811580817,31.271436786196727,6)
(121.43420529431693,31.238257714492963,37)
(121.36440600266647,31.23915016359609,23)
(121.40195275645276,31.23247205319154,4)
(121.3684223379174,31.26651007799165,36)
(121.41645181202915,31.28851064287621,5)
(121.41727257727935,31.251512829265216,36)
(121.44931496221464,31.243403843002742,23)
(121.33839598212519,31.303767859463473,20)
(121.38894056548054,31.274088916079908,5)
(121.38056615496431,31.23294333475803,17)
(121.40395124246265,31.227660178133437,12)
(121.37849336466839,31.277126386951203,33)
(121.43059659700752,31.257149162519276,1)
(121.44072561121762,31.23731544634449,16)
(121.40987438185459,31.258981826668276,18)
(121.4281961982721,31.25264995282265,39)
(121.44980975012962,31.27771033158186,1)
(121.4476696906293,31.257301052442067,36)
(121.43810834465756,31.243343666596633,9)
(121.36755431795811,31.23701186200875,14)
(121.40739489422945,31.250052361280353,1)
(121.40801104574011,31.22508153636093,3)
(121.44066709787424,31.255084597001414,35)
(121.39827218502947,31.24486769553254,36)
(121.38523729755015,31.266105726069085,36)
(121.38295810085964,31.245823566882596,17)
(121.42221953763858,31.243276737411634,36)
(121.42596133722051,31.247415340331383,4)
(121.42356566279123,31.282062050198988,2)
(121.40446101488695,31.30451493623443,16)
(121.36385869270654,31.281594633590824,1)
(121.36542239071909,31.245847702654928,22)
(121.41171726531859,31.23322045959926,10)
(121.41178068573787,31.261158862880613,7)
(121.42698949215395,31.23865951637925,36)
(121.4158929926976,31.237989155788583,1)
(121.37128528645539,31.31362864521596,6)
(121.42968690623404,31.23313342280913,20)
(121.41598608668943,31.29541574946161,5)
(121.4121908444013,31.241359049928963,12)
(121.43601164308444,31.23870763904011,5)
(121.41615875011043,31.269648135372687,3)
(121.4270503882983,31.238223264217552,37)
(121.43965870120655,31.281984887654325,4)
(121.38402475648516,31.224440501597964,76)
(121.40903457528367,31.24494637956281,21)
(121.459369568646,31.255005578845505,3)
(121.36319488808387,31.251614863000928,33)
(121.42406260221144,31.240717874394452,36)
(121.44048386355252,31.25822409037086,7)
(121.37997555336085,31.240678698373603,4)
(121.41028451234115,31.243817508205133,33)
(121.41950057491965,31.2443705289525,28)
(121.42948560799528,31.246961525784428,3)
(121.4049102899345,31.226727895593974,37)
(121.45168120732014,31.245753078341224,25)
(121.38468525661446,31.260343554678563,14)
(121.43872329082231,31.251028490886505,20)
(121.36099312593605,31.278525879654442,19)
(121.37873915306429,31.225031710198962,23)
(121.38938138776838,31.256206609814235,13)
(121.42615841971107,31.239221499261205,37)
(121.42053452182088,31.252134371543296,34)
(121.4179294754886,31.229467680677427,6)
(121.41247022324033,31.259551266815016,36)
(121.40595577208671,31.243124404983302,7)
(121.40692769596477,31.231395002441275,2)
(121.38071420386588,31.265932073905496,31)
(121.38535778055578,31.26977918397894,10)
(121.38491167389837,31.22790025064766,23)
(121.45255238067274,31.27552757708831,3)
(121.4403239384274,31.255825283509648,36)
(121.39485563889497,31.259474448040727,30)
(121.45613730097651,31.271274515577236,3)
(121.37690245932828,31.268394893578265,15)
(121.34152869120683,31.29241120430845,15)
(121.40535227307866,31.29872421152664,20)
(121.42229957932018,31.249115474222478,32)
(121.4117776740245,31.226621407259053,2)
(121.40389219843051,31.25019636155799,31)
(121.40747177843102,31.266129485456062,37)
(121.40444032586737,31.23936359054887,21)
(121.39542984878227,31.223607609998233,17)
(121.35956902184274,31.27762553537565,36)
(121.42556315801909,31.24524222661238,2)
(121.38575009987156,31.289755365331818,17)
(121.44231928911294,31.284778377796517,14)
(121.40946854093436,31.242592061252495,7)
(121.41104735191522,31.24379437534719,19)
(121.38000755882955,31.243998496792862,28)
(121.45128136195403,31.275860182934604,14)
(121.43614757433524,31.238546265760988,36)
(121.45292712666262,31.25868022332341,25)
(121.40413558995832,31.300117189685754,36)
(121.45764329154973,31.269126413153007,37)
(121.36667250704272,31.24101433498001,2)
(121.39591944067507,31.23318585882791,37)
(121.37929350335514,31.2668599496367,14)
(121.45077797024926,31.25814561077745,2)
(121.37798466967973,31.276934307802506,93)
(121.44786941279854,31.25850012262107,3)
(121.39073100693608,31.227618716658395,10)
(121.34378464564502,31.29177316922751,22)
(121.42574930284815,31.2397851751472,24)
(121.45855188322278,31.256957223828213,4)
(121.40250658621319,31.279504171670585,17)
(121.41585386916817,31.269295108086016,28)
(121.38056975628623,31.29931967071315,468)
(121.36817705046717,31.279464154593835,36)
(121.42196717301957,31.249361235885278,36)
(121.39094506428358,31.237840542292744,12)
(121.40906216384138,31.237643868675814,5)
(121.34382972875031,31.29158217685036,9)
(121.42126485202202,31.23930319619104,37)
(121.38977249011018,31.276557553820165,37)
(121.43173034299743,31.24335708491334,8)
(121.38249526618928,31.24604463153938,37)
(121.44010344482302,31.268645120235938,36)
(121.42432318819276,31.250214911358903,8)
(121.36587583872377,31.276440552778894,6)
(121.4523987460616,31.252578052799784,36)
(121.42937595539071,31.25230734162311,37)
(121.3834753410156,31.24772896188645,14)
(121.39176721824904,31.276281212979974,49)
(121.42264822530136,31.279341592576575,8)
(121.34363923969818,31.29079150603775,36)
(121.38926294989416,31.262590748906355,17)
(121.3821290326351,31.256001238767407,1)
(121.42877743816511,31.250293875694126,26)
(121.4286903186432,31.26164363641001,32)
(121.42756268587843,31.259539239231618,3)
(121.34837102438101,31.281670630134247,35)
(121.38242500143751,31.263189639870983,6)
(121.34339810137368,31.292379451206536,36)
(121.40038931274405,31.249462294081123,36)
(121.43668340019401,31.254175940770896,36)
(121.4104856327106,31.228072513074476,4)
(121.40633751483747,31.245784520732172,17)
(121.41106088373581,31.226991718114498,35)
(121.37202408816619,31.23123440090709,2)
(121.46271049293483,31.254606844519735,36)
(121.45278007559945,31.258637047811025,2)
(121.40252289217665,31.24457094492154,46)
(121.45589221895128,31.25175962329979,15)
(121.34032762765074,31.288030186573486,8)
(121.4110032537076,31.26547486340575,9)
(121.34608523693609,31.286445284308186,36)
(121.36497252034029,31.313294741839517,36)
(121.40978185905155,31.259478806452044,6)
(121.34968876895367,31.283711727173955,39)
(121.39886843885944,31.23426097661514,36)
(121.41381145564782,31.261240744045324,38)
(121.42872614714646,31.247907801044285,25)
(121.40459009053964,31.23962287453385,11)
(121.36715512635804,31.300317052043454,36)
(121.40184452966899,31.246694503882946,1)
(121.43610166645408,31.253410229365816,30)
(121.39662555188733,31.247254939538173,36)
(121.37903938192925,31.248515506575327,1)
(121.39645666171975,31.259467711074212,2)
(121.43678749499719,31.239861156861565,5)
(121.38830676971867,31.282878066853577,29)
(121.37315470939005,31.27174369861852,24)
(121.39482438578571,31.271875670376534,36)
(121.3915236439833,31.269240551419475,25)
(121.40082376584266,31.241631922214438,10)
(121.43833468229394,31.248025707277055,18)
(121.3830781544944,31.283629119877723,36)
(121.41355549465777,31.28824672174592,1)
(121.4224658997505,31.260264856338857,30)
(121.439455016879,31.25075832858609,30)
(121.41496606350053,31.23246220181785,19)
(121.4222112514744,31.252547476131216,36)
(121.38663111558016,31.227492378888805,10)
(121.4457067906865,31.256969226225916,3)
(121.36412390265195,31.309464352037214,72)
(121.39195484491927,31.22907651231628,5)
(121.45609013491332,31.256490281492027,6)
(121.41370047554913,31.231348101632697,7)
(121.40242774157844,31.2594941785114,34)
(121.39870962772807,31.24863938876275,36)
(121.42860116647424,31.27857931394769,30)
(121.36607299776195,31.251222051874795,14)
(121.37692887999921,31.226758446586377,36)
(121.41635913805926,31.2866971070025,38)
(121.42757557753922,31.23552856214516,3)
(121.43503840975546,31.26520354755473,24)
(121.40092196106033,31.232059600641445,2)
(121.40551525225932,31.225942539155344,5)
(121.44445689479582,31.2408681868298,36)
(121.38714930255429,31.232629529347786,12)
(121.40484220259351,31.294753157469444,13)
(121.45742349841247,31.276528988973197,11)
(121.44444451547086,31.24622110539228,36)
(121.38291592930986,31.290371399735434,37)
(121.41103232182542,31.243410205936136,19)
(121.37490790662495,31.271441781137042,10)
(121.42247838485895,31.245159020067874,22)
(121.41708780526363,31.25295154552237,18)
(121.41746306148092,31.25336112433407,36)
(121.41070655310651,31.268165057592654,10)
(121.41140627589974,31.24389935573789,18)
(121.36184570094093,31.29719902699537,33)
(121.41034319739092,31.287888166179737,37)
(121.40227516547128,31.264745405098584,24)
(121.41433562805221,31.258830173488057,49)
(121.43568497066117,31.254946145343613,36)
(121.40883481769696,31.244836125296185,36)
(121.43214410144232,31.283094463684353,12)
(121.39285864309053,31.25634232801831,36)
(121.44726627828904,31.242236010667696,36)
(121.40861992008077,31.268670513641197,26)
(121.41070253597077,31.245039990893094,36)
(121.42645697582509,31.245506610098445,21)
(121.38524581803208,31.280784027451066,65)
(121.34823681129336,31.291279900299276,20)
(121.39913779294477,31.260058534119132,36)
(121.3838239984027,31.27953085759081,15)
(121.3771778808591,31.280407229285508,21)
(121.42820997219243,31.248256690841725,36)
(121.42999923114726,31.24726352922753,2)
(121.40320315435794,31.22803423857539,14)
(121.43275986329839,31.26709909321861,31)
(121.34877034964182,31.297016219560344,36)
(121.44346850928657,31.256591210101337,102)
(121.39105230810307,31.23968444816457,37)
(121.44320851081885,31.243044191838326,37)
(121.3335694587332,31.300940457453084,29)
(121.42056297480325,31.234638513910962,22)
(121.36760808851291,31.23330825211315,25)
(121.41176273189592,31.227239696880257,2)
(121.4066365956147,31.22946321492229,68)
(121.37193074194069,31.298042794392117,9)
(121.38500132740909,31.291789911419432,36)
(121.44240089181675,31.26430778937523,3)
(121.45670760938005,31.268338074247623,30)
(121.37570756455382,31.242776298047826,1)
(121.41314561192381,31.253590244618287,16)
(121.4274958121199,31.237205398097682,3)
(121.41929641605209,31.254034806870095,32)
(121.3531558507241,31.285049882849922,2)
(121.39212939253895,31.24286757622666,1)
(121.38301503731152,31.29032247600679,36)
(121.38229790831716,31.29827492961495,3)
(121.43802473632947,31.254207862465158,25)
(121.44874637284123,31.268292741088366,6)
(121.4503173220987,31.257477200405102,11)
(121.42902221869778,31.24998885734461,26)
(121.40551541533593,31.230329981533934,24)
(121.4000758687108,31.245558468275178,37)
(121.43617924456625,31.237459869177407,36)
(121.3982746397654,31.250862211833393,25)
(121.42536445655881,31.253345457356193,21)
(121.45785818470475,31.251230219168374,5)
(121.41602256994481,31.27727319504955,10)
(121.37824000046587,31.27686298130342,33)
(121.4130313200165,31.249804608988356,36)
(121.37849773809386,31.258432451577853,35)
(121.36839442364465,31.314114114260107,7)
(121.39646828846242,31.231576199456452,20)
(121.38993669340633,31.28242703062663,2)
(121.44745404512832,31.2519225251897,17)
(121.35714219312572,31.307681167855,28)
(121.4078920501378,31.235097785375075,2)
(121.37540581004492,31.23399180467838,2)
(121.36026746946133,31.28684611536449,29)
(121.42976637531561,31.246837582904288,21)
(121.4379493434163,31.282680029533605,19)
(121.41160433392552,31.245136869751448,15)
(121.37761115053658,31.25373740055082,36)
(121.42749400119925,31.250818492698833,37)
(121.40713580981746,31.242556591373972,24)
(121.40667071672104,31.266244179842722,186)
(121.44779531725845,31.261099866980842,15)
(121.44151927381849,31.261425915174705,12)
(121.43993183919515,31.27700961742767,64)
(121.38102040579584,31.27545840510129,20)
(121.45902702634363,31.24988508199745,5)
(121.42590027403672,31.245974750984804,29)
(121.3900840289374,31.258453307397176,36)
(121.43980721250375,31.282326683630213,23)
(121.44231928864167,31.282673381915423,5)
(121.42577272141153,31.272533352918675,36)
(121.4511431596739,31.281388733246736,1)
(121.38835895221918,31.282329344076427,10)
(121.42874703163255,31.256420457923003,31)
(121.34697882020761,31.294608020412507,17)
(121.38964203917216,31.261155943490618,1)
(121.41298581183335,31.255268021479278,36)
(121.35883929440304,31.305020965427943,6)
(121.45248457550905,31.27593588026391,2)
(121.43931751962886,31.27742645075587,1)
(121.40863740490404,31.251328020106367,12)
(121.41124529426493,31.243662280172895,37)
(121.3893663970369,31.25645970908406,36)
(121.40994219868207,31.242823072150273,27)
(121.4370192450405,31.27565939334272,2)
(121.38266990677596,31.270358928635556,5)
(121.39615126441299,31.235311349671367,36)
(121.42780431743208,31.235474325440144,1)
(121.43433545547089,31.24229137573057,29)
(121.45342818090607,31.274106248671288,9)
(121.44152210063719,31.238189025464536,3)
(121.39478790412262,31.223686890231647,1)
(121.38790133632091,31.270657678257145,7)
(121.40661224015841,31.29414901950524,8)
(121.45425708878751,31.27300111765087,2)
(121.40306411969154,31.289249764490354,20)
(121.38694065803521,31.23573798623765,22)
(121.38781383998175,31.23141031905895,27)
(121.3851585912906,31.25848317486843,24)
(121.43324610988589,31.243309136481564,9)
(121.40206883307569,31.229336251153015,17)
(121.3966581787408,31.265728997669438,36)
(121.39358332965801,31.28799868595583,36)
(121.37368643187955,31.275161808860606,2)
(121.4360279468349,31.238690742242007,10)
(121.43645414754089,31.253764397135217,18)
(121.46167738174415,31.27019528712414,5)
(121.43217208611703,31.248964891351736,1)
(121.38354701994311,31.260305483675662,35)
(121.39563574205305,31.26697005219313,36)
(121.3746598104357,31.228408474232506,36)
(121.34862513497875,31.302688357094404,33)
(121.42581581099046,31.23967799690862,36)
(121.3911302583051,31.259775397732394,6)
(121.39265968066685,31.28774104107926,36)
(121.4098130225959,31.26018176869769,30)
(121.40965812871389,31.24331751215668,36)
(121.37613240975524,31.291637550058486,29)
(121.37478419732375,31.24658558718509,5)
(121.45318519113238,31.27905979133891,8)
(121.41419949381643,31.245209226062403,8)
(121.36541310170634,31.242699281206406,3)
(121.38305502727209,31.232211506815343,29)
(121.40982166886003,31.25959651449728,2)
(121.42196765525965,31.25489266828296,5)
(121.46392333373588,31.25644184659336,27)
(121.43980873062704,31.262113954268337,25)
(121.44649955211774,31.266926731055207,6)
(121.44854636767612,31.253268210190036,37)
(121.45132113952765,31.252615006933393,8)
(121.40865320556887,31.28510990712505,2)
(121.43217149937044,31.242224885236908,18)
(121.44250819354515,31.24711912074625,2)
(121.44356955101424,31.247361677261743,8)
(121.40900256741169,31.245196172441755,26)
(121.43610797398462,31.278965965245266,21)
(121.3938076788871,31.248188655086803,21)
(121.406612812948,31.26635358106885,5)
(121.42303421217999,31.248616166182572,1)
(121.39136695035022,31.25577279712797,15)
(121.43158335973996,31.243070919609778,3)
(121.37919368310025,31.270401339449602,36)
(121.41762638828418,31.240190617336186,19)
(121.37771610898001,31.263142597358552,5)
(121.39861044211747,31.246975614646363,36)
(121.42324670019478,31.233408163217963,11)
(121.43315206673878,31.274752435732456,1)
(121.44262663353291,31.28320260583013,7)
(121.38245647457579,31.279701613429626,14)
(121.40811969617869,31.265608241687328,36)
(121.44262447110538,31.26430243627128,25)
(121.43173951145866,31.270117524006793,7)
(121.37835815907816,31.232498960348916,33)
(121.39635547160286,31.29380042654889,37)
(121.44240925747498,31.245720652942943,7)
(121.41312493006608,31.245694759203523,9)
(121.4551518611386,31.252905614668766,17)
(121.3713159915021,31.31362434943455,15)
(121.46240526261342,31.253749174665504,5)
(121.39392478595892,31.256283565297693,36)
(121.38596774771194,31.274623335530105,19)
(121.40872121953187,31.245812643920786,24)
(121.44743521739984,31.257134300924236,13)
(121.34908381044568,31.299134801755844,25)
(121.45993296852104,31.253779793230795,7)
(121.4223245649242,31.260277326901786,8)
(121.45563500453405,31.27644972857971,36)
(121.45792370556443,31.2476564964356,25)
(121.4314841873725,31.261982200541233,36)
(121.44793685014815,31.24219280098818,36)
(121.42694152302045,31.238420451044036,12)
(121.42524598084957,31.247920056153863,35)
(121.40093361152066,31.261312891856342,20)
(121.43082653090771,31.262254167836787,81)
(121.39007524823438,31.24794447529239,35)
(121.38692337772042,31.27020870079679,35)
(121.37669010593349,31.29070283791831,36)
(121.37761264579147,31.270920783692166,36)
(121.44322948579752,31.282084549529035,52)
(121.42934595063012,31.25183816528441,30)
(121.39329115984755,31.265336109797303,72)
(121.3553149304875,31.30072538781262,24)
(121.42650211341274,31.239824474119047,36)
(121.43861934577906,31.281780159671097,30)
(121.39537854561716,31.30076870558783,37)
(121.42202868117867,31.255758005249355,4)
(121.43220968886972,31.244992081905387,23)
(121.43746478091344,31.267123201555442,23)
(121.39675652677077,31.303720877447017,1)
(121.41893912606349,31.228516180083606,36)
(121.45509185015891,31.252818605599295,46)
(121.3803378542519,31.2442392051344,4)
(121.40219626965346,31.23173975590577,6)
(121.38669427366713,31.260072184410564,37)
(121.42519176673338,31.239486360727405,8)
(121.42534390420947,31.24253218645814,3)
(121.37088388093882,31.29559142852033,36)
(121.38044604168797,31.251939351338653,2)
(121.42487925545619,31.245590420451368,37)
(121.44106413211763,31.273248629311077,1)
(121.42305858495527,31.26459010415157,9)
(121.4497882402224,31.258656692446323,1)
(121.37959377734356,31.30008483300895,2)
(121.36611924987626,31.253200989981643,5)
(121.37631906895122,31.25514319821567,37)
(121.43116851427438,31.273001361677238,3)
(121.41287214701718,31.270137435733663,6)
(121.38274774219991,31.290421256210923,28)
(121.3951306110512,31.257297644562797,17)
(121.38370652576008,31.22959392435266,17)
(121.42162289193057,31.261218478922512,20)
(121.44975732381756,31.25882682368358,12)
(121.41734638125236,31.229631573916624,1)
(121.38299201510186,31.290366471403544,119)
(121.37666823722573,31.232523597387477,4)
(121.39381365591403,31.274647271460218,36)
(121.3774832835117,31.245673695574915,10)
(121.38574359851675,31.2897694641661,17)
(121.38913664827699,31.23270781705844,9)
(121.41200848612296,31.24812311329491,36)
(121.4355081050284,31.235446817191793,1)
(121.4096388239668,31.242725909279986,182)
(121.42074761484362,31.24354542894494,19)
(121.38178693064418,31.224927893152863,12)
(121.45261122013558,31.252268499555907,6)
(121.44380277856887,31.24612199001027,36)
(121.44186088244923,31.244987625546475,3)
(121.42953442162322,31.261138708875617,37)
(121.38989899115167,31.235168604805555,28)
(121.43910831731581,31.258845361848476,5)
(121.36401478788486,31.308367042033048,15)
(121.41464639053386,31.23464531080094,31)
(121.4104134555008,31.231980123952507,5)
(121.41001601695915,31.231049809816543,7)
(121.41328234537455,31.236111612767015,6)
(121.3919228206073,31.238028264808015,25)
(121.43505321929467,31.263274703553268,36)
(121.4241235649387,31.240936926450498,6)
(121.45077815348279,31.26025752488187,3)
(121.40415265716656,31.24013360386414,2)
(121.4062541930443,31.292426109902273,36)
(121.38942517417098,31.2418372816247,5)
(121.36412390266945,31.309402452177935,36)
(121.38065958459663,31.244030302141002,4)
(121.41563800049897,31.235238223105423,37)
(121.39466564591189,31.305495669119146,36)
(121.44990234277404,31.262759250218128,2)
(121.41181736156524,31.24572465727806,37)
(121.42520987150873,31.242904058104685,28)
(121.38089111334875,31.28539535785572,3)
(121.4089634577851,31.246106562573722,30)
(121.37222214198594,31.313197475861124,31)
(121.40312049999338,31.243647330553664,21)
(121.45306845226668,31.254799753051678,3)
(121.4527431890936,31.249291311263054,36)
(121.38423561619571,31.249356918985313,19)
(121.44234256572729,31.256220205253502,36)
(121.38850483594581,31.270123921730438,37)
(121.37613323377396,31.30109728315735,26)
(121.37009896767637,31.23042643687066,4)
(121.4374458038388,31.2670321885927,37)
(121.42812508398387,31.275614094097982,25)
(121.39513197716194,31.2721948596086,43)
(121.4015684981667,31.259087815010435,37)
(121.42146483256907,31.252328875188926,25)
(121.45067886274003,31.2658221014688,8)
(121.42693758719666,31.25057488905423,8)
(121.37362821960565,31.308234943711188,36)
(121.39413543089331,31.256363170174527,68)
(121.4544517379904,31.270966472466228,1)
(121.44027025307722,31.25834645960482,37)
(121.46211002867932,31.26474061340337,32)
(121.38252323065453,31.2530253275527,27)
(121.42265391221169,31.25862992521506,1)
(121.38284169473044,31.23116482004131,7)
(121.4138016716258,31.25695452616767,36)
(121.38938102955424,31.252095810320764,8)
(121.43824525575948,31.25398284145898,30)
(121.39610914200028,31.268590964530805,18)
(121.37020971996655,31.248578785518248,15)
(121.44814494989225,31.271458165423592,13)
(121.36806628789007,31.266726423431937,4)
(121.39794520655234,31.236064457065126,19)
(121.3736728937964,31.303720266054977,18)
(121.44005468324532,31.235957822593434,12)
(121.42435413878074,31.26144178451464,1)
(121.44475518344447,31.254911444984888,24)
(121.38026450208419,31.274810074129338,30)
(121.41416364252991,31.2467519249924,36)
(121.45367486742404,31.258853341607438,37)
(121.40728086683033,31.23240137176353,18)
(121.4494454387488,31.2636934989633,18)
(121.39229990174748,31.27026160600094,36)
(121.41085640361607,31.243899455484478,36)
(121.42913383941574,31.270572449397577,13)
(121.45032762082796,31.245368424409065,105)
(121.43648615253056,31.240890327181734,86)
(121.36926571564682,31.231658848718617,35)
(121.40800384510511,31.244297935383127,12)
(121.4371166970137,31.259701488730354,14)
(121.41843797286488,31.252473688630978,65)
(121.40989008572365,31.2591280296463,36)
(121.41632723112447,31.230290681908194,6)
(121.38071575907063,31.283786520330953,27)
(121.365293529857,31.25008238788154,36)
(121.42685307389822,31.26105326196287,15)
(121.37256374423559,31.286813148436682,37)
(121.40868698972785,31.253953390000124,4)
(121.40340562496297,31.278887553572805,19)
(121.43400740598088,31.27475080949992,35)
(121.46240640440834,31.266953874761608,1)
(121.41321305489966,31.23600436956583,13)
(121.44475650126371,31.266143773972104,4)
(121.34873860553036,31.29374105114524,34)
(121.4149833920261,31.247781107400275,24)
(121.44148983099562,31.26720243192397,5)
(121.43671080641475,31.25385984666629,1)
(121.36384375106705,31.282580014166907,36)
(121.45918756987378,31.249901217962048,11)
(121.3895606041989,31.291377442292795,4)
(121.41615353759852,31.280406496699413,1)
(121.4367397489461,31.253381238421536,36)
(121.35956922173337,31.27808213438693,36)
(121.37782577528542,31.257609334956026,15)
(121.43405741568547,31.26281684242678,5)
(121.37210935964838,31.250508027490177,29)
(121.41431227965374,31.252576265762187,37)
(121.41190920746774,31.244614572649514,36)
(121.4376800285713,31.259030423740448,5)
(121.40676875636993,31.254243355077243,3)
(121.39362591777476,31.238710408344733,6)
(121.41788126133657,31.25190771651368,19)
(121.41080341150206,31.24385844602305,7)
(121.43347561385369,31.25281608480752,26)
(121.3559115984303,31.307755326296974,20)
(121.45600201622914,31.25670073734223,4)
(121.42754002950572,31.22878850353862,1)
(121.35506758923825,31.279451432242617,14)
(121.4434886107148,31.244012836989135,3)
(121.45252962430645,31.277713530057063,10)
(121.41793425398323,31.25218381221694,26)
(121.43476355034565,31.262103561409404,4)
(121.38471879154781,31.261766145462527,17)
(121.34429715338936,31.28628620451963,20)
(121.44963044867181,31.28000701362423,24)
(121.41049543502528,31.255571062594758,7)
(121.38488408344281,31.267433769267996,36)
(121.45032099213793,31.25801641814543,22)
(121.37815941189187,31.23132432948116,27)
(121.42801179016053,31.255046867834224,4)
(121.37582958094552,31.25484412517165,6)
(121.39783697554924,31.302763574259362,24)
(121.37651850708467,31.245942947429977,36)
(121.42765268763833,31.237775512195245,17)
(121.43079532141164,31.247988788524975,26)
(121.37041656154928,31.247133971910845,23)
(121.37497510055984,31.24952440957199,36)
(121.44631413581367,31.266832130424383,5)
(121.429862999278,31.252759391351738,36)
(121.38556860623042,31.230805171825025,35)
(121.45405852795176,31.261016423310178,29)
(121.41869477257544,31.22909802437778,10)
