(121.44824466651748,31.282154428132493,1)
(121.38959422071675,31.269473695067788,1)
(121.43102905612727,31.265678415744148,11)
(121.35466528836545,31.30854328743611,52)
(121.33512073382079,31.298041284129404,36)
(121.44332067940675,31.264941067548445,16)
(121.43971220767638,31.23510293287484,3)
(121.34375314401217,31.2867620965579,9)
(121.37823995133544,31.27629874696133,36)
(121.44658416340357,31.24187989233595,36)
(121.42413954768168,31.240908901568098,18)
(121.37556203821237,31.227571194208117,29)
(121.42284554613575,31.262037161396044,36)
(121.43232465945553,31.24644560023416,16)
(121.41827008253436,31.252542803937736,19)
(121.37070528193912,31.268940278983635,36)
(121.36432733038409,31.311227571430035,25)
(121.38402168207756,31.273417502872565,36)
(121.45374545776009,31.251523916612864,34)
(121.39279866866777,31.252074074416512,36)
(121.43052657332075,31.269945120959473,2)
(121.36170401753023,31.28494264079659,36)
(121.41563931132758,31.250272968883777,31)
(121.45009306750539,31.264496638551606,49)
(121.44077317932454,31.256301823188448,9)
(121.42399470638624,31.241195141142498,3)
(121.37401491387048,31.275083191814346,8)
(121.39096181498682,31.257798410082547,38)
(121.36494021580958,31.313150638374612,22)
(121.45264211436782,31.251888271476414,17)
(121.43009015108058,31.234013272059254,12)
(121.3647944953485,31.312769822173777,36)
(121.41813933510613,31.24306266060059,26)
(121.40093550936666,31.299531213490827,12)
(121.43607486221559,31.26407380400498,8)
(121.44664969392294,31.251681415338027,6)
(121.37963450847009,31.238901052226396,36)
(121.45395936209636,31.256351601255183,36)
(121.40820374717157,31.266265517626124,23)
(121.43707884125351,31.249183936960616,5)
(121.42038018582448,31.275479791618725,36)
(121.34161314888979,31.295535603164165,26)
(121.40956772301182,31.24484706016275,14)
(121.36806489101131,31.314353734585346,36)
(121.44089706550099,31.237219480523034,31)
(121.42260077666832,31.26229044244041,52)
(121.3687069594671,31.314276617903168,6)
(121.44710685625016,31.24502353991904,4)
(121.4384339895872,31.2534599662814,37)
(121.43264448836423,31.24950659431275,14)
(121.44603506922726,31.256383411066107,4)
(121.42410987943956,31.25586055377294,33)
(121.39412322722762,31.259901243869034,3)
(121.43613157333817,31.25341593516877,9)
(121.40913089897846,31.24408210121109,17)
(121.42042411814555,31.276142030419035,3)
(121.44114627841677,31.26515908337189,1)
(121.42518524346274,31.2603346458711,3)
(121.3908962844776,31.286722503093078,36)
(121.4526424921175,31.25624517916838,26)
(121.35452009378099,31.309714483175803,4)
(121.42535932895183,31.236787131617927,52)
(121.4485684588196,31.241842506230626,3)
(121.397883005938,31.302874635408624,12)
(121.3718933234904,31.251331995760363,1)
(121.41755065894237,31.231326617388195,1)
(121.3918739393276,31.29717931786238,12)
(121.40388003786886,31.28486057012645,19)
(121.4224996335838,31.23674921709377,17)
(121.44068260168841,31.25689859650271,15)
(121.43825838007804,31.25094468117215,4)
(121.38452486958522,31.257854331505385,25)
(121.37090429290981,31.265411049534187,31)
(121.37002044321335,31.29500902011623,34)
(121.4380778087793,31.267520530920702,34)
(121.45712690018034,31.27243191105536,1)
(121.43155731971697,31.276611444272238,1)
(121.402749620885,31.280248001479205,37)
(121.35575728178513,31.308861010367757,18)
(121.41070426911836,31.241984621815813,7)
(121.38388961941651,31.278030369317754,33)
(121.34758490541697,31.302808514097208,11)
(121.42623682379659,31.251666885189053,6)
(121.38919843652228,31.258619445314636,36)
(121.38637865486534,31.23352111285859,5)
(121.38347703077969,31.238323695121405,5)
(121.38622439903259,31.288507651088246,36)
(121.40773118674447,31.27094551878699,36)
(121.45626600881981,31.271629394892827,3)
(121.3722582845893,31.286934798022067,37)
(121.37487159827232,31.310126063234307,28)
(121.35317963569175,31.27842374160535,36)
(121.43718701479659,31.253173550318092,36)
(121.41914427734025,31.2367982076732,2)
(121.39780105568146,31.24655212004689,25)
(121.37986770126015,31.283739602517468,3)
(121.38590664055975,31.241293293277682,2)
(121.38692364885009,31.270366512786786,7)
(121.44164187565931,31.259435868328808,2)
(121.43708610262614,31.25231730964599,27)
(121.36486860577035,31.31286933061919,14)
(121.42796596412872,31.251642638990116,5)
(121.38903900816592,31.266708878397683,36)
(121.34970264935704,31.29356371844932,21)
(121.41549289348735,31.239350069400356,12)
(121.41087293150358,31.261452161660607,4)
(121.381189136558,31.28151108072095,36)
(121.4428271677133,31.242184619923247,3)
(121.40749091771636,31.25063237997257,85)
(121.45805237864468,31.259187037287916,6)
(121.41815449544598,31.233540340214766,4)
(121.4232684958243,31.24386395437162,15)
(121.3848702164417,31.243602983272282,20)
(121.41111631173311,31.243515237979956,8)
(121.45165121089713,31.27921201050283,5)
(121.39175809227241,31.276982076577685,36)
(121.38602362701171,31.283213342704308,11)
(121.45263567334487,31.265608863723255,31)
(121.44809765154423,31.255370351950635,2)
(121.37405676812298,31.256194261111446,36)
(121.38780843915673,31.25258860690923,30)
(121.42639316092084,31.251046986562365,10)
(121.45772550318979,31.2509623868194,7)
(121.4195876281634,31.23419488074629,3)
(121.4123423576251,31.28943400770446,1)
(121.40348454513308,31.300721333866335,27)
(121.4299173723584,31.253197183437468,36)
(121.41029380403872,31.25864303891672,37)
(121.43647285683876,31.280844148926167,18)
(121.43682883129857,31.275450160002702,1)
(121.41578449233657,31.25313917439309,2)
(121.38229309029849,31.242966638577954,36)
(121.41918780405479,31.23312761372935,11)
(121.391023449253,31.264529351090903,36)
(121.39634623904941,31.231881244085606,20)
(121.42742383090759,31.236509147750454,12)
(121.4269939071074,31.252522207119426,11)
(121.40579542691748,31.234656266571285,8)
(121.42300544054899,31.262407206573826,2)
(121.40604614401025,31.24103057002659,2)
(121.38553985656878,31.28749593350068,34)
(121.38793331006974,31.281498210697876,17)
(121.42812497287038,31.23568211896717,21)
(121.39578305398965,31.292537656788483,28)
(121.37529288456537,31.257912938746802,1)
(121.37994493568382,31.299447069407424,36)
(121.4223714443677,31.244816941054445,3)
(121.36443504585715,31.309493687819938,5)
(121.43480872107371,31.25336370893832,21)
(121.45766568320347,31.262783661085418,30)
(121.42690218846758,31.24556669837457,1)
(121.3850757831415,31.279547000617253,37)
(121.36497252035696,31.31323154198347,13)
(121.36785855616189,31.314508497131353,35)
(121.39432759518294,31.239699427775303,35)
(121.41735335468925,31.232057472825353,1)
(121.43935301129851,31.284271894074973,1)
(121.42647202620738,31.249928014274815,26)
(121.41095994980549,31.29709587578554,7)
(121.37450226801278,31.259380134009486,7)
(121.402655223041,31.25952614219232,37)
(121.40972635221323,31.22940603223876,2)
(121.43565632064008,31.27493687445549,3)
(121.37270582322738,31.25066504115027,33)
(121.36494652596554,31.2789195157134,6)
(121.442457027577,31.244108857998356,36)
(121.43650010818784,31.25314945303654,22)
(121.40013337508691,31.239671843583167,16)
(121.37386653643267,31.238715191630686,36)
(121.40715759774774,31.252484585040165,26)
(121.40369999661004,31.241860619856304,24)
(121.39110905225292,31.282161788454708,26)
(121.39182945561147,31.303472746348454,7)
(121.38199829445284,31.28375582032462,29)
(121.3780867444112,31.27625655625465,36)
(121.37257608560155,31.2559772012188,35)
(121.42300875603998,31.27335657471766,3)
(121.39825325410567,31.26948224383978,5)
(121.37191648722666,31.3068722011627,36)
(121.42521579631955,31.267013482708027,18)
(121.4444391171763,31.258300582046697,16)
(121.40520793986425,31.29137984649102,19)
(121.42305431944756,31.28441038278456,2)
(121.39403273170709,31.23214172959559,16)
(121.3766714297143,31.26933592181273,11)
(121.3821267220176,31.263958673560097,24)
(121.3829760868985,31.27991320783861,37)
(121.4414457693611,31.254505042984707,24)
(121.45546551597664,31.254475702765667,3)
(121.37367430492398,31.243969831282662,28)
(121.4342474628057,31.279042848480223,1)
(121.40629820378412,31.292460318887674,22)
(121.3729506705195,31.256128753400148,36)
(121.39148761646808,31.25088973466497,1)
(121.37495816084501,31.2274524011019,2)
(121.41446365038931,31.236757333635627,5)
(121.4440391898113,31.246322315766335,3)
(121.38597314741023,31.283244418243346,36)
(121.42297331705386,31.24921347433287,36)
(121.37152120937475,31.24168348204872,36)
(121.44629470408118,31.244851036232212,36)
(121.38217619201845,31.280189536818742,22)
(121.42162859345437,31.262689277260872,29)
(121.42900184474466,31.245907880081994,11)
(121.45106108719486,31.246248975996835,34)
(121.44732041674138,31.245141216687408,11)
(121.45279405043814,31.255275457241684,30)
(121.4100965367143,31.24249160488167,22)
(121.431796884843,31.272269374616247,64)
(121.41766526768993,31.26139608085486,1)
(121.41117731147685,31.243675298572096,5)
(121.43825012163713,31.239969218503578,4)
(121.42125015551657,31.242652714296415,49)
(121.43144131981066,31.251935013563056,7)
(121.4593703260161,31.26375636479888,26)
(121.44646676190851,31.252429945903224,1)
(121.41757778994649,31.253439048217572,36)
(121.43000820900491,31.241143731233034,2)
(121.39585403474628,31.234515847502713,10)
(121.42809654598567,31.264813008779154,36)
(121.40962252010942,31.227931233873605,4)
(121.4261744099571,31.23929952080508,7)
(121.38419529270726,31.243790828924165,16)
(121.41342015823155,31.239404704249313,6)
(121.39398539652989,31.259601535018824,23)
(121.40516114622294,31.282335182210335,10)
(121.42568448842174,31.2527058375516,36)
(121.40094211356146,31.261052494083014,27)
(121.3813650444714,31.23852645960975,1)
(121.36386221765936,31.241399346883888,1)
(121.4248087567479,31.227621309741732,13)
(121.42852017673287,31.254757214886574,31)
(121.3994684639448,31.268758384409132,36)
(121.36942250596894,31.23659106176267,36)
(121.41339895337428,31.26146065728452,27)
(121.40750179893865,31.25873073536497,20)
(121.40617899030009,31.234072317567545,17)
(121.36587596205634,31.267105651767245,33)
(121.38498084731931,31.229061849107996,36)
(121.42439228419649,31.263518647204073,6)
(121.39411774705225,31.265161679752197,1)
(121.3710671123038,31.294903403553644,36)
(121.42933058138617,31.258857245881224,5)
(121.42937297910485,31.233005828687713,4)
(121.43194991060349,31.232043510645372,18)
(121.43641628347778,31.25364578079904,37)
(121.38535837819543,31.27663605548821,27)
(121.3888385541601,31.25201737341479,37)
(121.40484298916759,31.223532363234245,19)
(121.39899661427563,31.29302317503567,27)
(121.43263275756588,31.25123595049089,24)
(121.42519818144024,31.236841223764923,36)
(121.38051287003792,31.241930354816127,23)
(121.36501237448307,31.277122543979413,14)
(121.36530828371778,31.246939017421834,36)
(121.45199628170779,31.270933739453984,36)
(121.4467035019007,31.242748225891074,34)
(121.44184644033741,31.258763262585834,7)
(121.42326610388542,31.284064088556438,1)
(121.37214372982862,31.30913437404014,12)
(121.37438536336786,31.227882889686708,5)
(121.36437483678743,31.31199227517373,51)
(121.42888811095361,31.247417663841354,9)
(121.43531344429589,31.281821157780474,24)
(121.44428418011393,31.263213301055668,36)
(121.42359315947733,31.276581768503707,6)
(121.40887954648825,31.230314535541773,37)
(121.44630782213589,31.248498476376867,8)
(121.3470385196159,31.309187790026073,8)
(121.41148545595463,31.22325189947719,1)
(121.46206414382074,31.264614664950663,15)
(121.40507532971257,31.231806919720082,8)
(121.42268356690397,31.249230687118754,5)
(121.36821815416894,31.31441497629915,9)
(121.42564141515095,31.26332229495789,5)
(121.39778561989921,31.24163091226702,3)
(121.40454427696191,31.296187151435955,37)
(121.43305643022133,31.25539970837758,44)
(121.42309266889092,31.242970606903526,37)
(121.41087024894965,31.230692459591555,11)
(121.43499763378169,31.257390037736226,10)
(121.42069418210296,31.235127165897755,8)
(121.37927481518261,31.262454241516757,9)
(121.42489416677692,31.244739028368024,16)
(121.43715420684185,31.248708341903253,1)
(121.45298670970658,31.27960240924392,12)
(121.3723504179919,31.286833878019813,36)
(121.40576474625266,31.231453098685087,12)
(121.38573054830488,31.262733510679848,12)
(121.39182282083254,31.227386327575474,36)
(121.39284724054677,31.25624542606388,34)
(121.43671274390093,31.252831032698644,34)
(121.40873122207618,31.240911655450404,19)
(121.43153833329411,31.23061030785082,12)
(121.447434467515,31.24849650835245,18)
(121.4565149864422,31.267075945291882,35)
(121.42870412248702,31.26562073157369,7)
(121.34192685975736,31.295669244863,11)
(121.42875323432214,31.26560474160181,5)
(121.43823766981342,31.268973925548487,22)
(121.42733347541696,31.25422713737523,37)
(121.3689133064775,31.314325927231287,12)
(121.38369938164861,31.262528584627788,6)
(121.39128132598042,31.23786577717286,34)
(121.38699805343373,31.242680777626557,4)
(121.44370958532353,31.265900667860706,21)
(121.37219503744691,31.313197472073234,8)
(121.40100622808383,31.234839894310017,18)
(121.4461589812547,31.266720771701557,11)
(121.43245421453507,31.245398825791423,3)
(121.41531022696334,31.244141190935885,11)
(121.39641119764548,31.23297440139645,6)
(121.39039691708288,31.268828974405135,4)
(121.40466940881836,31.260362350127465,37)
(121.41490891513827,31.276314402206086,1)
(121.37415825167253,31.253500143628926,36)
(121.38608856010546,31.23573987858949,18)
(121.39279954798074,31.227709079970232,37)
(121.41909947834226,31.22872363685056,8)
(121.34689560612082,31.281878911477015,29)
(121.44657451799678,31.251346274065828,1)
(121.42558136208932,31.241721736939517,23)
(121.4082159742182,31.24718410561348,36)
(121.43323066646323,31.24944488726394,21)
(121.40555044441669,31.247257987223303,18)
(121.39699440968852,31.235721293877546,2)
(121.43017835826289,31.27966918275803,3)
(121.44782529369054,31.279025892542972,3)
(121.43668982684504,31.253365297527523,7)
(121.39422877078727,31.242422600557568,11)
(121.40590848093076,31.27419386390945,6)
(121.43517767602364,31.260116067836613,3)
(121.43707124359426,31.25366091943282,36)
(121.42266848483813,31.248143215814085,21)
(121.37127308448005,31.313506343820038,36)
(121.4193887389245,31.254108126041363,20)
(121.41772294801517,31.27016466203565,20)
(121.39544836213622,31.22938429753782,7)
(121.40844993058634,31.291505926694523,3)
(121.3869961923513,31.227587443218106,39)
(121.45080668265493,31.244084357179627,7)
(121.38618697329734,31.22786334889694,3)
(121.381905445735,31.263763368551558,2)
(121.46406423324558,31.259821625870387,6)
(121.3791089898636,31.23288537570053,3)
(121.37224654607466,31.313197779272777,5)
(121.37246511352787,31.29280642576108,36)
(121.39235887125642,31.24647032829456,3)
(121.40483865073818,31.239677725203865,3)
(121.42209761234585,31.2556138959431,3)
(121.3649722203027,31.313274941849397,22)
(121.42750403064699,31.251062914383066,37)
(121.44007243413326,31.256420913528753,32)
(121.45892852723956,31.253929173564057,26)
(121.4595080981778,31.253802746218394,1)
(121.39128040767208,31.22732094620526,36)
(121.45936988638759,31.258677176512006,2)
(121.42186544969427,31.234803079473778,12)
(121.38026020125669,31.274799473456873,16)
(121.4613481218994,31.253331412630583,19)
(121.45146317380868,31.26700510773849,16)
(121.37489316530738,31.274665112922065,35)
(121.37652464136924,31.253480021368702,20)
(121.42456520075002,31.23004262051091,2)
(121.42531869829675,31.244866476895012,37)
(121.39617720009817,31.23193781117437,7)
(121.42244723541612,31.25460921821839,7)
(121.4192017926163,31.25411728691633,72)
(121.43045009990622,31.246232551021496,13)
(121.40109002111636,31.23218570225381,2)
(121.43268109292721,31.23407461264671,5)
(121.38978803738455,31.28268809169196,13)
(121.4517512306725,31.280825023665543,1)
(121.38421031109775,31.243815853992373,45)
(121.4455034655828,31.28294553796617,14)
(121.41018653056811,31.25528159173639,24)
(121.39475992545718,31.29781323461472,4)
(121.38758406840256,31.224986167887188,1)
(121.43981873456656,31.270410940289572,42)
(121.40751620246468,31.258731238339053,27)
(121.3834608701282,31.236681935221483,1)
(121.42657060347538,31.245667733141826,16)
(121.41074253801601,31.24516003796897,34)
(121.43124053003858,31.26590954409697,19)
(121.36533037227947,31.30933749307712,12)
(121.45243590273905,31.243875118850692,11)
(121.39552338821738,31.298024702870034,11)
(121.37411377376954,31.274501530542352,37)
(121.36896457388922,31.28188326367634,36)
(121.45769954721838,31.26222034619994,36)
(121.37521477065526,31.25817472661857,240)
(121.39065618471342,31.2762770554669,24)
(121.37846595953327,31.277102582698554,36)
(121.40094178266109,31.287276461816028,36)
(121.38577701209181,31.25020275267608,36)
(121.41116131906293,31.243719321213316,7)
(121.42329540098493,31.227480590223276,36)
(121.40911029391108,31.244109196883514,27)
(121.40903360197663,31.24262811995232,14)
(121.43757338962149,31.253192035802158,15)
(121.41985025429157,31.270645190394553,28)
(121.3702763699494,31.254834629165735,9)
(121.40158949034036,31.241463193749176,36)
(121.46064796540617,31.252751741686037,28)
(121.40988438431432,31.25985722702483,36)
(121.41419675082108,31.244945256228693,36)
(121.35549728005368,31.2889490352042,35)
(121.44864808823431,31.25338352729582,20)
(121.41446641788386,31.25256379806187,10)
(121.4054106901428,31.224427771164176,15)
(121.43340726616469,31.279864680729716,39)
(121.3948363502678,31.30215597117543,26)
(121.41041439914622,31.24280403495101,15)
(121.44745595070985,31.272191887439266,18)
(121.40986157869811,31.259233823509977,15)
(121.3716007473733,31.281016516523536,25)
(121.40811650651081,31.229035995550294,3)
(121.40176353221558,31.23652823834612,6)
(121.42471427488022,31.278367648072987,12)
(121.40114856133759,31.28117299455272,37)
(121.42621037153471,31.23928648399794,36)
(121.42869081860213,31.260398238896414,23)
(121.37604061909401,31.2536302593766,7)
(121.42775270041437,31.250671188738767,11)
(121.4441270489259,31.250690440102463,22)
(121.42318829715201,31.262590153492567,37)
(121.41152115874773,31.254347958173902,16)
(121.40644664081238,31.265886503582678,2)
(121.45644637585029,31.24653614849461,8)
(121.37887392777485,31.27796714722552,16)
(121.41245717611791,31.2460640944385,34)
(121.37043155767817,31.272300720637617,36)
(121.42610499204302,31.262640805162036,22)
(121.41733062896131,31.260499782770484,1)
(121.45919585074351,31.257107773573313,2)
(121.43870782795358,31.245415022408583,18)
(121.41010140165103,31.242164792533828,3)
(121.37785745272986,31.24549875384525,37)
(121.370114616864,31.23225276208694,3)
(121.41309847418601,31.263287462049615,5)
(121.37145533387125,31.27888344431327,17)
(121.4141477144218,31.293313572366397,11)
(121.43008647357249,31.246252080107475,25)
(121.39520751471788,31.26715291880102,22)
(121.44166772072947,31.266816760884144,36)
(121.34168046898837,31.28590287288333,32)
(121.44959224327842,31.24218378316179,12)
(121.42362291116089,31.262589834317144,36)
(121.37644112945549,31.237403752824918,3)
(121.4128538555503,31.23234579425155,16)
(121.38538776949065,31.25780808481259,26)
(121.43750659282777,31.265746558673865,14)
(121.41225777064123,31.259465222590517,12)
(121.39283444016323,31.23639196316659,37)
(121.34318211800186,31.289514141570503,6)
(121.45482876130284,31.25074837664957,21)
(121.37931841828185,31.28786379434055,3)
(121.42669188594282,31.239519169634843,4)
(121.41301533397453,31.24990365701341,37)
(121.43875560592775,31.26674625495833,24)
(121.34927879169503,31.288752570230788,26)
(121.40697021331444,31.293858908190074,37)
(121.44562980167548,31.243805544493412,12)
(121.37779648467755,31.2777268359516,36)
(121.38540040357428,31.23045586368493,12)
(121.39250738877548,31.232391440501825,19)
(121.42723318916649,31.238219097399693,7)
(121.37215606985761,31.251726789998497,18)
(121.42669095288737,31.22880427592086,19)
(121.36142851012978,31.28504324456544,36)
(121.43648414939759,31.253333554793425,36)
(121.41116439851018,31.279009516304683,4)
(121.43773073533002,31.23413187944501,27)
(121.35220320647366,31.3084669706898,36)
(121.43942192065849,31.254588763929377,16)
(121.41121528236984,31.243444188050116,27)
(121.39900748036344,31.24558313478009,27)
(121.43238542299612,31.244682744841423,36)
(121.42734739169185,31.230505471398306,21)
(121.41086174680096,31.22606112630439,18)
(121.42448131401092,31.24189908234255,36)
(121.3817546891676,31.29158573669892,37)
(121.35562772792812,31.302639666043078,5)
(121.456934836986,31.25456265851377,29)
(121.40359814886993,31.280013492030626,2)
(121.37238848508164,31.286930967144542,24)
(121.41600830956452,31.275200526087147,20)
(121.426729920913,31.22891329184374,3)
(121.43883952199226,31.26741442042976,5)
(121.39353362499762,31.245870757129317,36)
(121.36938031433225,31.236396171984154,20)
(121.45342672068138,31.25726806941206,9)
(121.37184173396184,31.24195302923194,12)
(121.37957996935579,31.281712049339454,16)
(121.35368247998358,31.28777043449345,36)
(121.4528258739293,31.253170434034455,4)
(121.40065664246255,31.3076881403057,7)
(121.41749339009989,31.247245473494353,8)
(121.44596262180993,31.266770007797582,6)
(121.36519416900876,31.24971280763955,4)
(121.44117911345805,31.267091469759908,23)
(121.3896235511584,31.232751303087934,36)
(121.42294749146932,31.26241625187759,30)
(121.3691328805925,31.242346643348238,32)
(121.43985847698396,31.252607557930883,36)
(121.42685958716888,31.238146399942707,21)
(121.39107707048596,31.240148158321066,33)
(121.44392428768438,31.24487085543142,6)
(121.39134872507351,31.230370398431525,25)
(121.4006482021575,31.247253387616393,33)
(121.4466164731299,31.254046975659236,2)
(121.45936259937726,31.249767243081788,24)
(121.36853197815658,31.237174333323694,12)
(121.39113688057486,31.245510118786918,18)
(121.40741766228254,31.2647749085214,13)
(121.33511009928411,31.301613905516042,13)
(121.4077642491741,31.294580183114014,36)
(121.3959406443557,31.22949058365785,2)
(121.41491172887413,31.269978457245216,5)
(121.40737136498343,31.249887438475444,5)
(121.45206352898738,31.25257470604113,7)
(121.41875618217867,31.25384949418263,36)
(121.39034690927069,31.246696010430995,80)
(121.35564291097761,31.292845843261514,36)
(121.43832165643992,31.270427422808684,31)
(121.40670720756928,31.24795058089155,19)
(121.41013104522017,31.242465812109174,3)
(121.41148930278406,31.244444583433864,14)
(121.35406114004688,31.309536622665046,22)
(121.37404056521342,31.25662555786127,28)
(121.4226984067656,31.236073771261818,1)
(121.42416251032077,31.24072480098209,17)
(121.36293888171467,31.24540571478832,36)
(121.44058861416947,31.246022567647913,10)
(121.41388082677138,31.293422698558484,36)
(121.41222337845899,31.259049854428444,25)
(121.36063418388203,31.287039784354626,35)
(121.39184248329688,31.280750686638076,2)
(121.40130162822238,31.26140675156071,21)
(121.43859845410448,31.23673977222235,10)
(121.4216179908342,31.262656975113284,34)
(121.43347145884526,31.27590536999032,36)
(121.39522553603767,31.267277980962355,49)
(121.39487619762092,31.271726180632474,38)
(121.38736014066882,31.273284084205503,36)
(121.3876727065181,31.27664023292467,28)
(121.43816113845912,31.2628548086697,9)
(121.38732184963715,31.248292544505457,25)
(121.39818476530783,31.236953693767582,14)
(121.36414390506734,31.310756151394177,36)
(121.45897316522252,31.24985618744972,2)
(121.37080449680428,31.269591688792822,10)
(121.39895886721466,31.24440166301222,6)
(121.41852631320491,31.234079398711675,18)
(121.42821212430108,31.272950343606457,36)
(121.38941239681726,31.256007545730004,34)
(121.44732155996678,31.258310012437793,36)
(121.40380613368409,31.226654692541004,5)
(121.43869693488872,31.27511626351454,3)
(121.42602827046407,31.23634583894574,26)
(121.37112882242012,31.301950251149282,32)
(121.387427922708,31.270958427823313,36)
(121.45802244460384,31.247588252854317,6)
(121.43738906378216,31.23452892964211,15)
(121.38559956501582,31.22996781360599,36)
(121.41245071824514,31.24472979144981,19)
(121.37877380146672,31.266512229214435,36)
(121.3804693029681,31.259035855301196,32)
(121.36777542169736,31.314580404714373,6)
(121.40629650336942,31.292464918528257,3)
(121.4241644167698,31.254610919834573,10)
(121.44645016183907,31.257797171338353,13)
(121.4348087292594,31.253457750175524,36)
(121.39188912868543,31.28775757064523,36)
(121.38941241495166,31.256215636423885,31)
(121.4104352201408,31.265655930185343,4)
(121.3988642227465,31.25656938920734,36)
(121.37303478382623,31.255962789674523,30)
(121.3805962318462,31.233402576435033,28)
(121.4463212095884,31.244844240894707,9)
(121.4156653482138,31.22909519883339,1)
(121.40488162575339,31.230795730570893,23)
(121.39194914044151,31.25353776288949,30)
(121.42116077680787,31.247812608237254,21)
(121.3724775968624,31.263609370384398,28)
(121.39631942856157,31.27421185431479,11)
(121.37196074898257,31.29758665480803,18)
(121.44875517147833,31.25470487270266,34)
(121.41184768712834,31.238456815693333,6)
(121.38453375432171,31.257797221826834,35)
(121.42671223890747,31.254442445679885,36)
(121.3653265338643,31.284071872527456,37)
(121.38248750932173,31.279689639057295,2)
(121.41923882172809,31.22883087345687,12)
(121.43796181465598,31.25391282000258,27)
(121.41634103789247,31.2510860474386,36)
(121.45312933192925,31.256147173719093,32)
(121.45704783517347,31.246330783649654,10)
(121.44303981317874,31.240044062616246,15)
(121.39105690762682,31.292433905522124,37)
(121.3931748156429,31.239323612211248,36)
(121.44702028321812,31.271469244946964,7)
(121.37670483623546,31.267307331199664,26)
(121.4445893889356,31.27252675020508,24)
(121.33683298006257,31.29066061961719,27)
(121.38450844518772,31.241679169090283,17)
(121.44374236424316,31.253175828795804,20)
(121.38634053000837,31.247931055991394,4)
(121.38926214682759,31.282419607436566,28)
(121.40656977108753,31.258559043504544,36)
(121.45316749741471,31.268315275457258,15)
(121.4377491523475,31.25377004942788,20)
(121.42808259132117,31.276606992215502,21)
(121.4273930419675,31.23854109777994,10)
(121.38439673184108,31.280822920171154,30)
(121.4546300669001,31.27168980818478,37)
(121.44280836914717,31.266541971140526,18)
(121.3794620656773,31.2708478206116,9)
(121.45298467837185,31.2561834765166,36)
(121.4347295609628,31.23870027180796,32)
(121.44222426384671,31.264296399879978,8)
(121.41045996977095,31.249447988042238,37)
(121.36927288559305,31.31415536730593,36)
(121.349915001598,31.280834955953118,11)
(121.3872447461851,31.270916261912443,13)
(121.44762473626001,31.24472849367074,18)
(121.36074169792774,31.24218666204341,3)
(121.39780579872246,31.300899837366426,16)
(121.42463854605768,31.28064364671309,1)
(121.44411545486516,31.251081300295137,2)
(121.39333744621078,31.268266382527976,1)
(121.43446401468294,31.2393999154844,20)
(121.41634113055377,31.25214851517334,36)
(121.44204806966103,31.258793964243583,19)
(121.45426570052014,31.260650462962897,78)
(121.40894475318807,31.246056358791137,16)
(121.41433685111569,31.27284514708606,3)
(121.41845218405366,31.243533714282727,19)
(121.36790462309499,31.31438251596689,36)
(121.41768259680686,31.230049632154604,5)
(121.40362602283068,31.260112654687337,30)
(121.3766359310091,31.278053623873976,16)
(121.40905928135054,31.245459883699,36)
(121.4382685636124,31.26713572104672,8)
(121.41099041363826,31.230054251060366,3)
(121.36762349513947,31.237701274426254,2)
(121.41187758329606,31.225889046244156,32)
(121.40692077797412,31.260936241986716,2)
(121.42683306903305,31.26101885792338,15)
(121.42605237834975,31.254761909419333,36)
(121.41061193403229,31.237922803316152,3)
(121.412295779913,31.245999256649718,5)
(121.41312230567166,31.23117558858553,1)
(121.38932836276054,31.25643867205326,1)
(121.45567233126692,31.24726027250876,5)
(121.45953360760348,31.25695942174604,7)
(121.38120628818947,31.25845556176136,19)
(121.4279717738492,31.271530074298614,1)
(121.39695533903443,31.242914145718803,22)
(121.35474137211199,31.307721104473117,31)
(121.422111579445,31.24390571063606,10)
(121.42294336676193,31.249486616577027,4)
(121.39864824544004,31.244540542706986,4)
(121.42043609726562,31.241155869531337,28)
(121.45173868125568,31.28015007851225,1)
(121.44075743563842,31.25891998441656,4)
(121.36425834543856,31.23461988198251,1)
(121.44413755813079,31.241274894513644,16)
(121.42076478225523,31.268528309259942,24)
(121.43622791809354,31.257421277794904,40)
(121.41756207037736,31.270498879205903,7)
(121.4131465169045,31.263962738407276,14)
(121.42294251999063,31.239770274122662,5)
(121.43872226047931,31.239091459853782,22)
(121.438152473058,31.25361742711857,7)
(121.3745325678874,31.296845664205247,4)
(121.3918538117241,31.238509438939364,3)
(121.3937937831579,31.24573884500173,30)
(121.41446362195887,31.236431185409423,3)
(121.44511715777556,31.245849326284294,4)
(121.44115992338622,31.238402286033807,6)
(121.37805408724971,31.254949464963584,36)
(121.42580236076972,31.257288815059677,4)
(121.42568609336448,31.24140888624042,36)
(121.42629018501465,31.261028017852556,1)
(121.44626289746735,31.244850430651248,36)
(121.4424100201496,31.254496529111382,33)
(121.43275710851762,31.25047660806236,41)
(121.4323270081845,31.258015508067498,7)
(121.4084299078301,31.233934227652266,2)
(121.39166706479993,31.27744420982889,11)
(121.45938483320191,31.258519074958244,9)
(121.38020573935563,31.244806318506885,48)
(121.45603796805011,31.264578882434726,31)
(121.41061243378428,31.2436543856763,4)
(121.36704282239222,31.309033601541888,39)
(121.40913169915252,31.245786698094864,25)
(121.41929940569206,31.252340174115794,20)
(121.36963209785283,31.2752734648451,2)
(121.43526523989362,31.244236093632125,8)
(121.42787169783256,31.252173739693948,13)
(121.43442416388604,31.26338252880256,17)
(121.38295443837193,31.236463996696678,32)
(121.40290571876992,31.235153455261532,19)
(121.37465697030018,31.267021125749057,30)
(121.39190545072755,31.302774524162082,36)
(121.3920971007154,31.22829492088641,7)
(121.4356277799716,31.25875715840963,5)
(121.42452179195132,31.259279720140484,1)
(121.41235501618793,31.266694017100154,19)
(121.45206566070856,31.25253589626815,1)
(121.3785624124389,31.299703549140684,23)
(121.41040861360358,31.25543194478932,29)
(121.41373265339467,31.244990272172366,28)
(121.44499985741442,31.25500192022384,78)
(121.37904459658671,31.24468207279273,1)
(121.43264655885008,31.23862117661626,37)
(121.46074767210055,31.2639943944718,12)
(121.42510557807864,31.240347886454767,8)
(121.37461803879003,31.277817082120784,4)
(121.43717803972896,31.253293615065196,36)
(121.40537667916239,31.294615625103447,16)
(121.3818538672973,31.280799465093416,24)
(121.37408279279265,31.272532210898135,4)
(121.41591423417827,31.25089913807414,37)
(121.37097905200488,31.249703242522436,36)
(121.40828566323083,31.242455095817803,31)
(121.45310548625385,31.270203262001537,24)
(121.37235156369272,31.313199693972532,36)
(121.4253712235011,31.23928518963445,36)
(121.36154382661279,31.28619989710666,36)
(121.36411870154322,31.31089334818998,19)
(121.41918546775099,31.252183167301535,19)
(121.43640031042902,31.253666810955874,6)
(121.39224250935355,31.231783617789226,11)
(121.45131142992433,31.265938945337613,19)
(121.4180242530783,31.22985971502185,4)
(121.35609507001526,31.30728424986575,37)
(121.45584676406287,31.256730894835737,7)
(121.40468894044854,31.27016878126399,1)
(121.38367448743473,31.229558878036766,18)
(121.44548930227101,31.278335686083736,19)
(121.3693515879199,31.251633947842077,14)
(121.44481615927519,31.252093590474928,2)
(121.4121363243175,31.25814248098354,35)
(121.45587669321444,31.256774851549334,29)
(121.37215719963162,31.264725427760133,36)
(121.44874409324444,31.242028270733776,25)
(121.41460844085796,31.235040503884793,14)
(121.44310096922297,31.257435719929152,32)
(121.3671079477838,31.249443639786527,36)
(121.36323940386913,31.27972190925554,5)
(121.45678210217703,31.25315436530296,56)
(121.40399925512207,31.2621355788192,28)
(121.39853952216889,31.30553691205279,30)
(121.38649275344329,31.299856073888186,55)
(121.42290605789927,31.25703895636818,4)
(121.42937573081667,31.249729205137967,17)
(121.34771532988755,31.30446139074448,13)
(121.43713049756514,31.234712361794386,6)
(121.43737574104243,31.253534454157805,35)
(121.41075585839323,31.22592927768522,32)
(121.38059667462082,31.232944414217428,36)
(121.45686588826122,31.253137180146542,19)
(121.3873851483916,31.25796242039798,18)
(121.41323128300552,31.27306857227397,5)
(121.44101589232747,31.24653915776979,27)
(121.40369037267743,31.249199472604193,12)
(121.43542771568349,31.280198846701786,36)
(121.39730705819969,31.264898065979466,25)
(121.4158290812111,31.237209045451664,14)
(121.39154294747894,31.275165242723816,14)
(121.44278364495655,31.258269585620887,29)
(121.37487847041827,31.278421654694142,1)
(121.43722832349079,31.247315358767732,37)
(121.4214425104268,31.24843617104547,36)
(121.374113949164,31.273801781656942,20)
(121.40734240108837,31.273208477661733,6)
(121.44623519090747,31.24161853166744,30)
(121.39405175718366,31.23206080203011,3)
(121.36516106430751,31.24971060374099,17)
(121.44794046771487,31.25549543422749,20)
(121.4361117691007,31.25518462800181,18)
(121.39865790636114,31.297925995112934,14)
(121.44722479572269,31.242577102611595,36)
(121.4378934780608,31.248755641640606,26)
(121.44010547499146,31.263257476416086,34)
(121.37875877658371,31.26645118655758,14)
(121.40633941384301,31.292495827295415,19)
(121.43686663900658,31.23722070749909,4)
(121.37496289831478,31.28193720549226,36)
(121.4092410258785,31.259442894157196,10)
(121.37332281999655,31.228305740744375,23)
(121.43303293676361,31.24936308204752,18)
(121.45332856875069,31.275831167084235,8)
(121.44611096503068,31.241548309965093,33)
(121.45162118473064,31.248316683491613,2)
(121.35451808530522,31.286546385944497,4)
(121.4605995579865,31.269608116322605,9)
(121.4377680801266,31.253297816443997,5)
(121.41085174431504,31.23082911530086,17)
(121.4040965524514,31.23098673120681,36)
(121.39804570037677,31.252697932546308,25)
(121.38844006890258,31.28710994855921,19)
(121.41702265130941,31.232720671119377,36)
(121.43692133068598,31.286305899278403,1)
(121.38528775577025,31.247341399741916,3)
(121.44037713847382,31.259203673159725,2)
(121.388406186414,31.275158957247918,9)
(121.43363794268755,31.282165354413777,19)
(121.4220793046395,31.262460971614285,35)
(121.41829306494363,31.25250277479715,4)
(121.41456288225916,31.23988471698616,1)
(121.40099552448731,31.287113651537616,37)
(121.36380425870315,31.309233716060277,36)
(121.41558484957832,31.290499947689202,36)
(121.3930293565138,31.235183648288118,3)
(121.44549990717604,31.24199095026733,36)
(121.4135514911871,31.261263489590668,19)
(121.42161639043971,31.26266597476227,22)
(121.39297660727217,31.23847811344468,36)
(121.38643874692798,31.27013802762801,33)
(121.37200902150494,31.23073515163344,36)
(121.38183549715579,31.25380298427785,36)
(121.43100737532346,31.2575529406855,7)
(121.42485685369374,31.25220036608335,34)
(121.37500658184061,31.25454365512612,36)
(121.44498608403099,31.244783965874817,1)
(121.39195705863365,31.286382057343886,26)
(121.38593134643531,31.236952506248553,33)
(121.40670784776252,31.25528981176066,26)
(121.44253817332739,31.259018296877024,17)
(121.42226104695169,31.23202266695461,82)
(121.39097802055414,31.29091730458646,36)
(121.38573193201064,31.26712538741236,16)
(121.35100844573977,31.282354531738726,29)
(121.36838962651153,31.309332770760363,17)
(121.42317217000966,31.249511463187833,18)
(121.4309534424,31.25752398598662,36)
(121.40763108964792,31.258317123797536,36)
(121.43383472317713,31.27142565966604,14)
(121.40892494831841,31.24621125438464,27)
(121.3829671389402,31.24708947743978,9)
(121.4191037891917,31.244599815698315,1)
(121.43430194754875,31.242330297705227,8)
(121.45525188043636,31.2564646234324,11)
(121.43921687508178,31.256391321758613,2)
(121.3773208619717,31.254937590918527,18)
(121.45768117573782,31.26891424193944,20)
(121.42307293355151,31.245807889998602,33)
(121.3947861042936,31.242336857371903,15)
(121.44287758340936,31.263379289779373,21)
(121.45328126816347,31.248065316063638,36)
(121.33880999545637,31.305137466485398,36)
(121.3844100331619,31.26114464937038,29)
(121.36497552847243,31.284780206213227,1)
(121.44607465826773,31.244811597640737,4)
(121.37496032552147,31.25885548758907,50)
(121.39856887411585,31.297976982955362,36)
(121.43183556600309,31.230474129528755,10)
(121.43528098166274,31.280042518309312,19)
(121.44161460394452,31.24323749505859,1)
(121.37264520111502,31.256088339659286,36)
(121.38971655629213,31.27785305084993,7)
(121.44999305525454,31.247090065555252,4)
(121.43360441222859,31.2801216547756,8)
(121.37683336770405,31.26843482951225,36)
(121.40615297545328,31.279759184063458,8)
(121.37406336927822,31.256146562167686,14)
(121.41812516222997,31.25244483317816,13)
(121.45401351851976,31.271161837769846,7)
(121.36870695415571,31.31421559500429,36)
(121.37509752774832,31.30993542817058,36)
(121.35201958067262,31.305661572872175,22)
(121.42427598229548,31.235881519733333,23)
(121.44753538567244,31.2581323595074,29)
(121.38576004333832,31.233594617202343,31)
(121.3906659600957,31.231313168617802,11)
(121.40885873185373,31.259309615089343,4)
(121.40811204882469,31.24255109304421,36)
(121.42521515047463,31.259606306745315,35)
(121.3701821189283,31.230621640784786,16)
(121.4241085944195,31.2411160185846,3)
(121.42030066610664,31.274970076010952,8)
(121.3871626040226,31.240935715259695,11)
(121.43598325390924,31.268488743154542,11)
(121.38309113665525,31.290476611189916,26)
(121.4404888767324,31.2373321280508,25)
(121.37104918622622,31.244518894041875,19)
(121.42537731228498,31.24174309482086,5)
(121.36497282039979,31.31322964202306,36)
(121.43930911025366,31.237460587236253,2)
(121.42481033958796,31.245792565671085,28)
(121.3982957891137,31.261084267893818,25)
(121.41361630675122,31.235114653364825,65)
(121.41635310669643,31.234059259565083,40)
(121.37127308446539,31.31356844367993,31)
(121.40164058725763,31.24842516047196,37)
(121.43502397274197,31.282870951591278,30)
(121.3712798855704,31.313616744502742,31)
(121.41896733519754,31.265475715829954,35)
(121.41044580934336,31.2590381876992,37)
(121.4434218507169,31.240162553477692,6)
(121.42690028191656,31.231177827569372,36)
(121.40837471243321,31.291126150521823,4)
(121.38924474095089,31.29699667321531,37)
(121.3892128664714,31.251874589485666,18)
(121.38840810474171,31.29714887191538,27)
(121.44395777773957,31.27421649456236,3)
(121.39907311809856,31.29845034678916,25)
(121.42022095141948,31.24298749600069,25)
(121.43793188203931,31.254118951509682,36)
(121.3781247904512,31.276204577729114,10)
(121.38448578785317,31.280371816192698,1)
(121.39597087242561,31.280112310941966,1)
(121.43856625879945,31.282036908571797,2)
(121.43483868337495,31.25344370680998,33)
(121.40736488688398,31.250184354827468,6)
(121.40256570154787,31.259682923768786,71)
(121.3474709514972,31.30431402565141,36)
(121.45682010261943,31.254268773314923,1)
(121.43406022752708,31.235068440727403,13)
(121.42373528962979,31.245168118324987,36)
(121.42699145279262,31.23823232117533,10)
(121.37195662805976,31.250199854137463,36)
(121.43036112049863,31.26714396460265,36)
(121.3974396885137,31.26719295386859,1)
(121.44183565570165,31.258664707328883,12)
(121.42788712597535,31.272035952485297,3)
(121.43127875786067,31.231572033444202,25)
(121.38587849083854,31.283324263161703,10)
(121.41097085247215,31.29005139256408,17)
(121.42429415097592,31.278950699388446,21)
(121.42541400185559,31.260159382729082,13)
(121.38822388175139,31.296493471366016,37)
(121.42026173286992,31.275191412875976,3)
(121.38188546043689,31.298669672816093,37)
(121.44819689034374,31.26056743024374,3)
(121.38663734838515,31.227081366671527,5)
(121.43166792873917,31.24697356569705,15)
(121.42906768503883,31.242679370878207,3)
(121.34591701453283,31.288122652438698,31)
(121.4520575110925,31.25220755633818,21)
(121.45962899647314,31.256320578999162,26)
(121.40579618223292,31.266938667768056,66)
(121.3919455396536,31.253444762403852,20)
(121.44028341419288,31.2374991865832,2)
(121.37083928125458,31.312521907251288,8)
(121.38926690438342,31.251777586628293,4)
(121.41059415942834,31.23996671326365,25)
(121.44754922032256,31.248450284668852,7)
(121.38850666760513,31.291124556063465,6)
(121.391247488662,31.226692785185875,117)
(121.42282408836813,31.264907121849454,2)
(121.36235787500655,31.246148137959853,36)
(121.34522089460775,31.28120055296526,18)
(121.41928383358209,31.24110185998198,16)
(121.38289076055234,31.231280920996156,5)
(121.38636138400913,31.230601759589906,35)
(121.42515297170691,31.245394112048498,10)
(121.4088329816233,31.223773509286055,7)
(121.41189544802909,31.258789814822027,10)
(121.34955537433372,31.282430964337713,3)
(121.4060349413578,31.238915971785932,2)
(121.4124805257916,31.25949866907129,37)
(121.45915751887006,31.25951500743839,2)
(121.46339579115477,31.268520241322342,4)
(121.41934403829173,31.237007297141307,10)
(121.40943659284936,31.23166610459772,13)
(121.40709595433066,31.245092310902766,5)
(121.39635326189118,31.23195417637822,71)
(121.44508900936981,31.245145055052962,36)
(121.36039861407333,31.309380947704643,22)
(121.41789336736227,31.236214446962567,3)
(121.38258358729807,31.244827757785583,10)
(121.44885874946704,31.252449695079818,33)
(121.37540005248815,31.29947276413997,8)
(121.44845699773649,31.26825324932932,24)
(121.3814192315089,31.290914127395553,6)
(121.39134434439059,31.271970716704153,3)
(121.38299201588686,31.290375475014052,20)
(121.4637351831802,31.26007608325511,5)
(121.45135176173122,31.259320024409302,8)
(121.38616789606839,31.27316731092413,2)
(121.45904198427793,31.24985303497885,3)
(121.45673814732561,31.2556398500198,16)
(121.42833976849855,31.25909331702599,36)
(121.40811634977113,31.24780798378825,30)
(121.38859822886288,31.296627812059313,36)
(121.38748514064625,31.226879967605207,9)
(121.41114630529027,31.243521235228346,11)
(121.36497252034836,31.31326244191311,36)
(121.43482331457517,31.24894974518683,31)
(121.42698944353504,31.23810126359313,27)
(121.39647928014152,31.233516680203056,36)
(121.4194641588296,31.27348690403222,21)
(121.40657567665858,31.230396643719622,3)
(121.37231666952854,31.25577877563541,19)
(121.37078800411965,31.252690386822252,6)
(121.4215113428568,31.270050481335357,32)
(121.41415947747203,31.244841074369706,5)
(121.36455914409042,31.247977758334944,1)
(121.36129172654944,31.308574842328785,36)
(121.45538904006432,31.24681447987716,21)
(121.42203004119126,31.248435783829247,2)
(121.42314943281306,31.25229570744921,17)
(121.42947659563988,31.27250091817907,23)
(121.45475178785033,31.252734553265544,5)
(121.3649211950654,31.27692332388036,8)
(121.38500855606793,31.233241653198252,36)
(121.39192725774797,31.24628430431818,45)
(121.4449779283865,31.24582050153282,36)
(121.4023287117518,31.25940511996915,36)
(121.42199809894738,31.248799966672337,7)
(121.4076453343992,31.245524390823665,9)
(121.43631497630746,31.236817400457692,18)
(121.35620896503137,31.30343396143422,1)
(121.41061494043619,31.27238385175352,11)
(121.42208087052802,31.235488930055894,29)
(121.36307667720108,31.251677707294903,14)
(121.38248750714222,31.279664628749213,2)
(121.43863815002186,31.281777963256463,13)
(121.39544219974734,31.274614177402526,3)
(121.42171443558719,31.256218338743057,21)
(121.42257472616173,31.25560368794193,213)
(121.42418642220653,31.255036523580262,37)
(121.43173792684682,31.2633926648219,4)
(121.41063266558163,31.269277540449192,7)
(121.44989244409298,31.279408588031842,20)
(121.39485749333285,31.27191637664882,26)
(121.37976480102495,31.240370856482436,19)
(121.44229601881794,31.26351261263373,5)
(121.38046914998479,31.23279689383565,5)
(121.35191887776335,31.288396597988417,37)
(121.39133858381147,31.286238601025644,13)
(121.42479492209833,31.24083535591246,15)
(121.44601824751716,31.24654410543401,11)
(121.41862595091158,31.27160523231256,1)
(121.36860489192364,31.28090935701048,2)
(121.35516916166937,31.295250988500417,3)
(121.40935537859167,31.263471235431457,24)
(121.42307439707358,31.26259523787807,19)
(121.42538351379464,31.24169589618802,17)
(121.37515866166495,31.254013427004935,11)
(121.45782521402641,31.251382786357322,10)
(121.38848858640702,31.24028325378123,37)
(121.34535116705045,31.2810497317156,36)
(121.38426650066044,31.27977536950342,36)
(121.4456926062377,31.243026088498752,7)
(121.4137224544115,31.236094704863707,7)
(121.43512135972057,31.25459185668314,14)
(121.39167808089037,31.231609181422513,23)
(121.43636877521448,31.23547772052153,26)
(121.43691307194412,31.239425444042666,38)
(121.38936636826593,31.256129565253854,14)
(121.37483891280849,31.307172055704154,35)
(121.42440790871277,31.2593848546791,36)
(121.43693439591237,31.264363738030525,6)
(121.38293015861048,31.28133474776955,36)
(121.38618909922904,31.24263644005366,41)
(121.42856697862752,31.241585368519928,36)
(121.39613652100203,31.23834772195216,7)
(121.41114630127723,31.24347521461123,31)
(121.37442376711243,31.28946959338898,36)
(121.43607346119657,31.260234311027958,21)
(121.41086232560964,31.23409848022586,12)
(121.44252588475489,31.278395521902674,23)
(121.39015134350119,31.259394917832154,4)
(121.39218338182835,31.25377944728344,2)
(121.39402699450794,31.292334673213865,25)
(121.43360958717255,31.251137344646068,36)
(121.38551061480169,31.231585479516163,14)
(121.42607818373921,31.24659433016359,3)
(121.43781705674365,31.253953036586424,7)
(121.38919673615425,31.258618045008436,4)
(121.41793462262643,31.25641066203278,7)
(121.41351797602208,31.236326430303773,6)
(121.40554604844985,31.23505673433394,10)
(121.45925701520736,31.268252531261734,14)
(121.40245633320168,31.243271039446658,6)
(121.40449436524598,31.287134460043642,38)
(121.42350924322564,31.276679871401686,26)
(121.37936812822537,31.28545930745625,14)
(121.42311930702257,31.26201195482089,7)
(121.3996706102306,31.287118286788168,13)
(121.4178890666382,31.243100033129988,24)
(121.41319677939505,31.23278090239649,3)
(121.40235944444683,31.267724691003565,37)
(121.39173721098649,31.280865197757773,32)
(121.4448477382383,31.270950658809344,7)
(121.4197816350901,31.23651194147392,5)
(121.42294891722646,31.24358988850935,18)
(121.46131727427895,31.25412182923716,25)
(121.37218918836875,31.28705675656952,19)
(121.39211077949471,31.22972464022575,1)
(121.39583113041445,31.235758402923132,3)
(121.43882354969465,31.267421446008548,6)
(121.42953822054247,31.246382337532165,36)
(121.37147085801067,31.284637823539455,7)
(121.40844492783998,31.234179338697015,11)
(121.40020591697474,31.245611530593223,36)
(121.39635064216063,31.238440862465225,1)
(121.40122051113036,31.248856249577333,13)
(121.40991799260355,31.258935735828302,36)
(121.36450479747879,31.234733308745813,3)
(121.42471267753923,31.260052903950893,33)
(121.36769629337729,31.314647316003448,15)
(121.38934517095754,31.24039790870879,36)
(121.3892777058064,31.260875557245814,46)
(121.42302043654007,31.262510240102916,30)
(121.41921387070141,31.23409003964803,6)
(121.42224884579251,31.25463282198983,36)
(121.43044656033679,31.251141143646986,35)
(121.42134946765711,31.247113643721754,36)
(121.37667823894276,31.23297769799746,2)
(121.37236978168448,31.256127997426784,17)
(121.42710518278618,31.25947862968702,28)
(121.40923299340794,31.234067561322618,7)
(121.36787458883765,31.314572544135604,22)
(121.41175072932694,31.261567044968764,3)
(121.40755224357235,31.22563744202406,36)
(121.38499772946852,31.250504542146697,19)
(121.38822388393399,31.29651848123271,35)
(121.4527564904793,31.245315120646612,210)
(121.46125051086632,31.26628823695081,36)
(121.4134697709283,31.261335572348276,33)
(121.43842189231272,31.23678750683411,3)
(121.40813565451035,31.247572788238642,3)
(121.40255676459765,31.25943717930831,37)
(121.42393533512065,31.259240155287273,34)
(121.45041637876562,31.26493221753812,12)
