(121.39493641135408,31.271802992040588,16)
(121.44638172215522,31.24483285152577,8)
(121.4393734113441,31.2621858404642,7)
(121.34714893432823,31.2873863463383,24)
(121.38725916293292,31.230546257979327,3)
(121.3937942388576,31.250967162985955,17)
(121.45717935852116,31.267735816762304,15)
(121.4531924759911,31.25591797070955,6)
(121.41895559547108,31.228988836460903,30)
(121.45155403319758,31.256295321441083,50)
(121.37228552555776,31.243146149613985,37)
(121.44418402973388,31.247740709855897,36)
(121.40818586683227,31.24722589930145,27)
(121.43534434346373,31.23532296846328,8)
(121.41496738731766,31.24764705353634,23)
(121.42685941056051,31.236118479308463,15)
(121.3712728844181,31.313629143515644,7)
(121.42942978161251,31.26252372839412,7)
(121.41753714668687,31.236831138436134,14)
(121.36886282776263,31.28390951933999,39)
(121.38803596717534,31.245982740376395,8)
(121.43247115090907,31.266987376415337,4)
(121.42749243857709,31.23287742764804,23)
(121.38895417200506,31.257954053665877,1)
(121.37754391079986,31.233595806854346,1)
(121.40427893502483,31.258040845478366,2)
(121.38288489790584,31.29041538727596,22)
(121.42245019588606,31.260321852961145,19)
(121.40488240952196,31.23978682751814,6)
(121.3649714201904,31.313273341759043,35)
(121.40755593365512,31.249801395026253,1)
(121.39285644257582,31.2565153272533,10)
(121.42693651088454,31.23821936443827,35)
(121.39789800077422,31.30273858853214,23)
(121.3789880762252,31.266472449437156,14)
(121.40043359444127,31.238673436456217,7)
(121.37627076148556,31.249463102691177,36)
(121.38271769741776,31.290301178754007,28)
(121.4214824902338,31.237099057816646,2)
(121.37812481022473,31.276431672108725,2)
(121.42266947239243,31.248010156082636,36)
(121.44278301690278,31.25104342574603,3)
(121.38245680693106,31.28351517758925,36)
(121.35430452888352,31.285153452561378,36)
(121.42320324824018,31.262179966379016,19)
(121.43938085096832,31.258862979169386,3)
(121.44167900456719,31.26169878811263,14)
(121.37652412198507,31.27990060769893,9)
(121.41846796170016,31.25255971112461,4)
(121.45026005619721,31.257177167963466,21)
(121.40999599274534,31.260190749403094,31)
(121.43685384380977,31.27867322692273,20)
(121.4516068829787,31.255970077703484,15)
(121.3898868116319,31.227719963548708,5)
(121.40546442257549,31.27075892281324,25)
(121.40194957692538,31.23254028349126,1)
(121.38152026772364,31.232450095342376,1)
(121.43264336339607,31.23658179860577,36)
(121.38190742282983,31.286456826977627,36)
(121.42056872960505,31.234678909297138,4)
(121.4344088754546,31.259986585757254,20)
(121.39250847088081,31.298019043125578,47)
(121.40725559395061,31.241004476855686,3)
(121.43691848841198,31.253661123616865,37)
(121.40663832838881,31.24933719418776,4)
(121.45796434326064,31.267510976682434,6)
(121.40039778256455,31.284856336525348,36)
(121.449060691895,31.24698664098963,4)
(121.41069953685836,31.25650504800922,1)
(121.3769939071661,31.27210256391594,16)
(121.42260225075752,31.279187561136794,1)
(121.34831922053888,31.281594127194055,11)
(121.42336702273107,31.27345001796226,1)
(121.36576732541967,31.24963389754361,13)
(121.45766469664387,31.25138970594791,3)
(121.4222502469823,31.26478960268859,36)
(121.45103653854603,31.259951901081813,37)
(121.3923167242158,31.238476261732902,36)
(121.42315032088123,31.26248113412975,66)
(121.42723557358488,31.26558413495149,6)
(121.36227362978354,31.245117546316795,3)
(121.4101244696053,31.2429911603355,18)
(121.41442250657909,31.235928620553445,14)
(121.45374546304909,31.251584943482463,36)
(121.39736331588689,31.29771641214974,36)
(121.37257876623448,31.286801163169905,23)
(121.43360443697695,31.252891965339202,8)
(121.46088772109353,31.25483484822736,9)
(121.4164998707667,31.238642422049175,3)
(121.42416353238222,31.252453020658752,1)
(121.45398899956105,31.25300207625716,36)
(121.36868808725197,31.252300033681255,7)
(121.39065297638662,31.246271067676258,12)
(121.40652320139745,31.236421398385716,16)
(121.38498558108293,31.23744568849729,20)
(121.44276875449502,31.239610313927606,37)
(121.45473066696375,31.27725240832347,19)
(121.4331471260789,31.241897618689254,18)
(121.38045680889857,31.29950752971367,15)
(121.40988928550446,31.26246412289791,27)
(121.40431897393813,31.24305160771626,60)
(121.40891684565918,31.29987784483165,12)
(121.39678836048657,31.250594224357528,1)
(121.43464926001008,31.256827419882356,8)
(121.45792519853906,31.264901009278237,32)
(121.42517127871282,31.272037642272796,6)
(121.42866481105213,31.250463152452955,23)
(121.40700062505648,31.28713021069803,36)
(121.40923342100149,31.229374070714535,17)
(121.44489651556535,31.264126452954407,27)
(121.38764629515322,31.2453229843765,1)
(121.42160058524146,31.246018003335774,2)
(121.42360490348725,31.28205468127681,8)
(121.38833593022062,31.26146009955231,1)
(121.38262529383353,31.236881671791743,92)
(121.45917604686286,31.25545877380373,2)
(121.45673422814005,31.26928839174564,36)
(121.3666795842,31.24955078671896,36)
(121.3903091782595,31.2575467506083,26)
(121.44482982716892,31.27892884430127,32)
(121.40989528700587,31.259121530740774,12)
(121.3866761208385,31.25278033622772,1)
(121.41931602081222,31.252471013970748,22)
(121.4498167492081,31.242238390775455,35)
(121.4497573107076,31.258675758230478,31)
(121.40000188969859,31.272054883850565,36)
(121.36904783412493,31.2878534037261,31)
(121.41264121391353,31.23568037169176,6)
(121.42796196539248,31.269782603291393,16)
(121.39860426132074,31.26158862773832,36)
(121.45479947850536,31.267878300296818,31)
(121.39512959774315,31.24567452658397,36)
(121.36911261667247,31.314101122718043,29)
(121.42614629748924,31.27206183778578,37)
(121.36561426599904,31.240775063279806,8)
(121.40637872371092,31.28326875440308,1)
(121.39472220472804,31.301272568360996,30)
(121.36617199384709,31.30918919436647,15)
(121.36774043133359,31.269291282984913,24)
(121.40659085743444,31.232469595977488,8)
(121.4372171661238,31.266939457938584,8)
(121.45666837633394,31.252996536702312,39)
(121.45017091873858,31.268899786401146,63)
(121.41019236026338,31.255505399634078,30)
(121.40887029074796,31.296117729461223,12)
(121.43373438627553,31.25444349059595,37)
(121.41137759376198,31.270378874700665,5)
(121.4005786868378,31.241589836255294,3)
(121.40991289146153,31.2428612659835,12)
(121.43982715538492,31.23680353980611,2)
(121.4224710210944,31.252381224847856,37)
(121.34684533587301,31.286289463565108,22)
(121.42269025663205,31.278839866661993,1)
(121.44702441035032,31.260896653784222,6)
(121.36455876256859,31.311606597356686,8)
(121.43592862754669,31.25868608577601,1)
(121.42544243940276,31.242573612359482,4)
(121.42305842982606,31.262811342158304,49)
(121.42125432086627,31.24094027189942,12)
(121.42960420762427,31.24690472237363,30)
(121.39421798379911,31.29083117647442,27)
(121.45243891104758,31.278561058910288,7)
(121.37961369504315,31.287359798295775,27)
(121.38630680022952,31.293442707274387,15)
(121.39210114157972,31.27465832677747,36)
(121.37981470563405,31.296047485897,37)
(121.45845737083943,31.259738636414696,3)
(121.42761587938857,31.25141856785234,30)
(121.3970023287261,31.27694286460308,37)
(121.40758594103568,31.248479403805828,19)
(121.40177152852486,31.258833752178187,36)
(121.38081033225244,31.231538946452563,13)
(121.45404320500728,31.256873659390433,34)
(121.44135988452189,31.265093731484583,36)
(121.44361244070588,31.251164154072793,37)
(121.42795086158341,31.25507493735802,3)
(121.44686692183127,31.241764041890143,27)
(121.41714866748501,31.251756993049405,37)
(121.43208058453153,31.25326388927883,10)
(121.43215747538264,31.253202776070225,37)
(121.39631825278126,31.24189915015179,18)
(121.41002403930223,31.295131216781396,37)
(121.4418041700671,31.254938340110154,63)
(121.40259973274418,31.22967142020445,11)
(121.388434063903,31.250498396988373,5)
(121.44406982310858,31.254285782733472,20)
(121.36501236414429,31.277003494596975,36)
(121.40455520195565,31.24926102940798,20)
(121.44143380604294,31.242777842949547,25)
(121.40269868622387,31.223780174207036,33)
(121.36495135279826,31.278123866642147,19)
(121.43116507347017,31.23349403759047,28)
(121.4149065118773,31.2487715737273,5)
(121.43143967398123,31.242993527322,9)
(121.41091576200341,31.225220921703926,25)
(121.38567850077152,31.262794491619616,17)
(121.44626196613798,31.2490668072072,43)
(121.37288723003529,31.229106549496098,36)
(121.38026050131518,31.274798373507608,16)
(121.35348762006639,31.305590117906256,2)
(121.39824824095587,31.269356188680533,6)
(121.43794881521791,31.27661452919381,20)
(121.43650209764165,31.276002221748925,37)
(121.44681826779808,31.25430214843537,36)
(121.40988518451289,31.259622827652997,30)
(121.42484164494687,31.249639248835496,17)
(121.42277087282885,31.236603164531843,12)
(121.40679167236756,31.24557839682289,2)
(121.42303539125217,31.262140070275905,18)
(121.35407533725167,31.288360353714474,22)
(121.40798743196227,31.228076558209217,31)
(121.38019669675793,31.290441664014036,10)
(121.39128565516613,31.287520084778727,37)
(121.39633753273985,31.274218857818216,27)
(121.39897054979919,31.232036858342354,21)
(121.44198978369354,31.2427839917825,19)
(121.36831030702574,31.314394099699925,12)
(121.37398162610803,31.249304073852937,30)
(121.39205132348401,31.23123724766841,12)
(121.35560067193676,31.287049246481363,36)
(121.39951066353854,31.24549326291957,36)
(121.42723331332665,31.239644742220406,37)
(121.44116309800934,31.272951106845614,1)
(121.43303307925345,31.25099980486321,52)
(121.39576618425664,31.26662436801964,7)
(121.38264063044882,31.290545201236743,37)
(121.38344598663427,31.238212615341133,17)
(121.39902886255497,31.24312874838905,3)
(121.4171336584909,31.251558912618666,36)
(121.41090083383591,31.226007289558467,36)
(121.37498983097498,31.25776499422657,12)
(121.41813838648476,31.2321787246321,7)
(121.41521095379385,31.232447107055236,28)
(121.40689610138145,31.22380159327342,26)
(121.43638655110888,31.26764986262593,21)
(121.43384670655396,31.23702358762797,33)
(121.37571104781512,31.30840959175484,375)
(121.4242253467456,31.262444315478568,10)
(121.41255874589952,31.264408080715132,31)
(121.44889853567794,31.2420912905066,1)
(121.41002420596188,31.22829548222812,6)
(121.38857944608044,31.253400784683944,32)
(121.39447366248848,31.250918511784697,10)
(121.36863883253089,31.314121463420417,36)
(121.3885083475012,31.235757446517447,1)
(121.44278936431566,31.263383873652263,5)
(121.43559814772402,31.23865105858546,37)
(121.43547043439703,31.23856828286397,4)
(121.42567286904851,31.261610793690433,29)
(121.42700443014479,31.238133264669894,37)
(121.44781111860922,31.253836183240253,37)
(121.38428090545871,31.261270585036815,13)
(121.41906895912074,31.234008080681004,6)
(121.35175832465713,31.285881297775756,37)
(121.39347697968854,31.229699494915817,1)
(121.38465685758582,31.279081440244415,27)
(121.43503911707623,31.273324981351774,20)
(121.4434228187298,31.251305521770753,13)
(121.37885793145166,31.26674842296189,14)
(121.41001841746015,31.243030887601414,19)
(121.39138713415419,31.275267144263438,1)
(121.43861370058075,31.2536087796627,37)
(121.43921042051733,31.239077461162942,11)
(121.41590645917351,31.253434255934394,4)
(121.41403122104667,31.264248603159107,14)
(121.44426798961783,31.260660229106254,7)
(121.42897220895458,31.249681584788235,11)
(121.36317217385923,31.30545925343617,33)
(121.42882698461143,31.24514271030835,11)
(121.4380767146543,31.25494711407708,3)
(121.44250289749134,31.24241026017028,28)
(121.39806843742102,31.244861955434924,2)
(121.39062965004875,31.24621223251261,10)
(121.41678039276177,31.268688651416774,17)
(121.40407023193697,31.28467102032575,7)
(121.42562781792753,31.237576203145657,36)
(121.41527527625988,31.27429152784447,2)
(121.43987990800827,31.235020651250505,13)
(121.4596479355008,31.25619648292529,5)
(121.43527737731277,31.260164955874423,5)
(121.43815196085295,31.247728829386908,27)
(121.40889023914781,31.29620294694198,36)
(121.34278993673139,31.285897949684873,24)
(121.41064688471316,31.26494829833897,2)
(121.45304026829503,31.275987805570427,2)
(121.36943439930363,31.23635322780177,16)
(121.37692188051179,31.245749609229836,18)
(121.41666050725046,31.246901059438592,10)
(121.3789039944832,31.26678548970183,33)
(121.42911726969501,31.252354620124056,36)
(121.39805073356519,31.24179745796204,2)
(121.3955524709794,31.275863752107124,30)
(121.41993059074547,31.23648973117533,2)
(121.42461298226398,31.250993028103423,37)
(121.4173813412044,31.253296307339287,31)
(121.35258257702566,31.27921672087847,36)
(121.36204478956945,31.25187417960502,34)
(121.41602556265985,31.230762763429464,2)
(121.37966975833801,31.287269822571407,17)
(121.42519366719955,31.239503761087363,14)
(121.39524609457861,31.273547634432305,22)
(121.45339553442969,31.24782634989165,1)
(121.44124546041958,31.257835779052314,18)
(121.41108969596776,31.23982428280869,2)
(121.43688929478711,31.262376946132708,15)
(121.41021440017364,31.23091366305666,4)
(121.42146396327718,31.242356444080208,14)
(121.35502455196381,31.303149832333105,25)
(121.36699655606081,31.237167382841687,3)
(121.44093287415039,31.2560934928343,14)
(121.41558839751328,31.287889563123066,36)
(121.3631222595576,31.245888214740624,9)
(121.4609904008966,31.256894780984332,32)
(121.44322392350797,31.259609466335597,12)
(121.36969398026014,31.23816040813823,5)
(121.38976974977481,31.291034455817517,1)
(121.36444644747007,31.309409889329984,30)
(121.44160183618438,31.246656319830876,8)
(121.42362287853298,31.26221567354991,36)
(121.38390402231592,31.27817277147027,2)
(121.38477310338294,31.25781866296898,1)
(121.41693263301075,31.238544190619148,1)
(121.44287822221139,31.243987139903112,6)
(121.42649898606066,31.245667518429503,36)
(121.38031984269416,31.23193630257284,16)
(121.41343946341567,31.26138926590109,20)
(121.40467407791736,31.29352065135214,6)
(121.41093224027419,31.230749475204927,17)
(121.42478876780481,31.23541838500998,1)
(121.41899174124518,31.265439921008053,2)
(121.37085430154055,31.312479911743655,36)
(121.39851553917478,31.277350278066784,36)
(121.40451477000192,31.301641828975526,71)
(121.39363372219877,31.246232975251957,37)
(121.43444768372997,31.25545640195927,18)
(121.40847115814213,31.24495159377365,32)
(121.39316205131871,31.265087928819828,31)
(121.41799619364349,31.25178443903048,36)
(121.41986511168207,31.27596625500544,40)
(121.42862490141933,31.250357844525467,10)
(121.38944243365654,31.256137624337985,36)
(121.42683897047243,31.261069259037846,36)
(121.44441208323072,31.253507880541164,55)
(121.38548444920801,31.229988722523686,10)
(121.4527102737002,31.2555697510141,34)
(121.38421499137804,31.245632192007193,36)
(121.41601569440235,31.26684048479025,3)
(121.41253994025958,31.238451322037292,28)
(121.42590142386844,31.259168546981407,59)
(121.42822625201455,31.263141169978372,1)
(121.41058944380244,31.243715416633314,33)
(121.39430141281487,31.29515094169748,20)
(121.42760604119633,31.264163188945783,36)
(121.40024528228427,31.261121342844575,10)
(121.43314807357109,31.25278245524066,5)
(121.39944207207793,31.23899632259177,19)
(121.37327692171995,31.230276590525772,72)
(121.44010326882245,31.26662226163,36)
(121.43541140835339,31.26020508200777,8)
(121.42080699063918,31.264849501654552,17)
(121.4065922437056,31.248368764432193,9)
(121.38922684378548,31.251025865906797,30)
(121.36058965711467,31.242495014270997,6)
(121.41041498389343,31.249509021803142,18)
(121.45593734802495,31.254543751102204,59)
(121.45683133968785,31.25105634019874,13)
(121.44383997859157,31.240535608472623,2)
(121.39253136823673,31.269095540333108,36)
(121.36440734199707,31.30948468463567,36)
(121.45659719817192,31.25107120519354,2)
(121.38854917264511,31.25056851601633,34)
(121.43665579058032,31.236309168383062,1)
(121.41314351038277,31.2294874034465,2)
(121.38939641449699,31.256366690533188,30)
(121.3883917504183,31.235838794133535,7)
(121.38026859861176,31.296342728402387,20)
(121.40587827969966,31.283356647562822,1)
(121.46254980013553,31.253019520729115,11)
(121.42515595800667,31.239701252936722,25)
(121.37932160766269,31.244633288765048,2)
(121.4389049848328,31.239570118905476,8)
(121.43578567859993,31.281319350445855,36)
(121.40985567702543,31.30258743431668,35)
(121.39738707801565,31.252006907577606,35)
(121.369287660494,31.311285306484248,7)
(121.36386074031448,31.305164008089097,36)
(121.44460977676277,31.26320783507125,4)
(121.40612616181046,31.292277683873085,6)
(121.37049460834588,31.25353735963872,24)
(121.42295917864931,31.25894774708907,9)
(121.4060037679361,31.231585171356738,2)
(121.34143594315964,31.286131506184034,35)
(121.3784130805863,31.25214661280154,25)
(121.43256721246972,31.233647547927802,12)
(121.37620146882549,31.291202458597716,37)
(121.44803451284564,31.2545173922939,1)
(121.42631993059555,31.247004850432905,16)
(121.43995944450764,31.277210922245906,3)
(121.39232734758687,31.240225391296516,62)
(121.43195038099321,31.237448976568373,37)
(121.4332845130615,31.26437645517226,26)
(121.40726494138966,31.242539518043934,37)
(121.42239568274059,31.26372563502859,33)
(121.43334595973867,31.25467505259502,36)
(121.40820427134777,31.247179003201232,1)
(121.44657986555828,31.25409286917466,5)
(121.38035688277623,31.290290773355917,37)
(121.41016005246478,31.228146745196817,1)
(121.39049005937646,31.264882139936706,29)
(121.36378365614668,31.30826091592992,33)
(121.39445718238316,31.23403992677926,37)
(121.41915453237432,31.25268940657989,24)
(121.41539436133883,31.238075604633913,6)
(121.42812553688756,31.24215904853196,36)
(121.42562525625758,31.24257346054784,2)
(121.44653663099815,31.251741513827664,49)
(121.45063302323365,31.254974504216843,36)
(121.41812516510907,31.252477847685352,23)
(121.42526798621724,31.247833560858478,36)
(121.42707335670319,31.23814620866468,25)
(121.41113130825592,31.243515235264628,1)
(121.40401845208774,31.24457774838819,36)
(121.44597557316973,31.28373805884031,35)
(121.3668063285168,31.251906431847445,22)
(121.45608977919117,31.252383484801225,24)
(121.40991012769294,31.2386442301335,24)
(121.45589382985274,31.27035163581195,7)
(121.3928796432772,31.274091565461244,32)
(121.39999326650577,31.261913608767944,22)
(121.41064627223784,31.269649866194623,23)
(121.38699892841082,31.25272723781253,20)
(121.39074707326473,31.251214385731096,20)
(121.41811129302216,31.26530441062047,15)
(121.41829306372219,31.25248876864305,61)
(121.42348505274681,31.284054121466106,2)
(121.39726152777982,31.266318508248094,36)
(121.4556074193484,31.246655363720336,6)
(121.45285143165701,31.247490263935298,11)
(121.44136495401949,31.265602007105734,36)
(121.40849874400799,31.225677905002243,5)
(121.42234012748831,31.24088519849127,55)
(121.41280761742001,31.229443471808068,16)
(121.42877653939765,31.261465754300694,36)
(121.38647773819518,31.233359122245645,12)
(121.39086049633902,31.2894735886252,17)
(121.3724185249907,31.286857976925646,9)
(121.40721084913658,31.252496318504864,86)
(121.37280543524972,31.255965494259865,36)
(121.36821511163046,31.27943219568228,23)
(121.41309755538671,31.22982557172478,3)
(121.44775477497527,31.24835587753535,33)
(121.39528875909035,31.234988788090938,18)
(121.38233460978603,31.256295810405273,10)
(121.40390518747977,31.22710491486817,1)
(121.39633825765156,31.239427158897108,3)
(121.36420531331886,31.311682756339273,21)
(121.41044757923865,31.279314761753298,5)
(121.40349680639203,31.269333575523216,19)
(121.41333223683453,31.26134884354481,36)
(121.4521182692785,31.247163114629153,6)
(121.38875200380009,31.303954789101866,36)
(121.39757161974342,31.264884017837296,12)
(121.38835401075293,31.296627624888096,36)
(121.41409877647183,31.270910410156187,4)
(121.42988516312653,31.23887283261309,18)
(121.44272343567314,31.266040022371328,27)
(121.42962964298276,31.250149749007296,68)
(121.44632941128796,31.24482844236208,36)
(121.3821451968811,31.244961575436868,108)
(121.40102170474661,31.228950600557933,1)
(121.38280987686699,31.256683206219147,35)
(121.42480493888831,31.233392987310786,1)
(121.4289706960698,31.232307760734685,7)
(121.36496712728601,31.284775605237353,15)
(121.3892586460988,31.282211807238173,2)
(121.45702709931106,31.271798857551804,36)
(121.4097565527661,31.266392587502803,30)
(121.3943823879244,31.247674234741996,16)
(121.42807464653184,31.254218446242838,17)
(121.45593658036022,31.252052303882717,1)
(121.38414813119749,31.231015990790983,4)
(121.33474633758978,31.29169105547678,30)
(121.38764970161678,31.27668582871769,36)
(121.36431922923694,31.31130327032313,12)
(121.39537060860154,31.291119735339443,9)
(121.4530614742073,31.257264279378074,21)
(121.41030899487978,31.27231787037294,14)
(121.39892334754063,31.24443959500413,1)
(121.45025870729484,31.245529512662188,36)
(121.37736618908839,31.24648191478223,19)
(121.41417462180038,31.24656383780534,36)
(121.3500923880002,31.292527004962267,36)
(121.36966964093598,31.252502761306236,16)
(121.3864501454942,31.293680679709365,16)
(121.38809949866103,31.26927652478412,219)
(121.44426877362544,31.269680079767646,36)
(121.44386961643175,31.252171722643194,26)
(121.42412357810083,31.241087994483912,37)
(121.38213337321984,31.245007142323296,20)
(121.36364153647695,31.309125697851986,19)
(121.4412290460856,31.265252214063064,60)
(121.43132522064906,31.237579725074916,1)
(121.4520399068336,31.244782298233144,16)
(121.36503540195557,31.276967514378082,4)
(121.43708463109783,31.23539873630465,7)
(121.38188389274899,31.280685448434387,32)
(121.4187127714115,31.253716785351333,36)
(121.4549342663542,31.271049916194748,12)
(121.39037262143277,31.237966208744012,10)
(121.40909699064008,31.24414959404555,36)
(121.40204907852954,31.247357243810534,21)
(121.34360081253953,31.291802961152456,37)
(121.38960840709346,31.23124159975226,37)
(121.41309826479996,31.23796429084109,36)
(121.35138016360435,31.29645619398757,8)
(121.36472460582169,31.239532819876292,11)
(121.36226927227449,31.240213296421608,30)
(121.45875399776,31.264356976117345,2)
(121.42744984209635,31.271356385366317,5)
(121.42945933972848,31.2464026450698,3)
(121.40649675207275,31.299401045322057,36)
(121.44248948051283,31.250011432291863,50)
(121.37980360860831,31.299254447115477,36)
(121.4098021642353,31.2374359533125,15)
(121.39656628893248,31.24066946977756,36)
(121.38895400339347,31.256019212046386,5)
(121.39283063681606,31.25632302277614,23)
(121.43682913350527,31.253839869587114,36)
(121.42619401374543,31.26275342326417,24)
(121.40244364354679,31.26979258326115,4)
(121.42796618473608,31.2475135912432,2)
(121.42822569959336,31.256802431160697,5)
(121.36719431970518,31.232571316397053,67)
(121.4173206261404,31.25329739461763,36)
(121.44210674310396,31.267775725732218,31)
(121.33991733733242,31.300922306741988,25)
(121.4114072655099,31.255245372826696,8)
(121.41124530045902,31.243733311981547,37)
(121.38465323914558,31.237538431076736,25)
(121.46207853343697,31.258031795194224,9)
(121.43607402618743,31.26749420377267,6)
(121.42634955038692,31.25175577625665,17)
(121.4121571071806,31.29007781954958,15)
(121.37233596608131,31.304902996753423,19)
(121.35529889587961,31.30070035063036,23)
(121.40756915466004,31.247566406451778,36)
(121.36171468405543,31.297016213392496,19)
(121.40618637649831,31.29231839617367,23)
(121.39612838729768,31.24695577234853,38)
(121.42941490364215,31.263716254986125,25)
(121.3826679703464,31.248121306200883,26)
(121.40064817432912,31.24693424573609,14)
(121.37930945375176,31.277553454948876,5)
(121.42311931199544,31.262068979343336,36)
(121.41330847347021,31.23200771713218,1)
(121.3978010162583,31.246099918682688,24)
(121.38190692386598,31.28073149049988,28)
(121.3689436178538,31.28785339017539,11)
(121.38489952789803,31.266258367301685,36)
(121.42866671043103,31.242047068560165,36)
(121.36681252862267,31.237694359057276,5)
(121.43583160611384,31.281300283609433,30)
(121.36513665026654,31.288615416676308,22)
(121.42642559342467,31.278072272076233,1)
(121.43575454717369,31.26779974543064,8)
(121.4501913334951,31.25859091093794,7)
(121.39576102189044,31.223468706070854,1)
(121.39596079657063,31.231113339965752,10)
(121.41533003339732,31.289682805318872,9)
(121.445615046888,31.246279674673993,37)
(121.43862643891849,31.239208041409398,7)
(121.45941661099937,31.257610236246204,29)
(121.38741065197222,31.26950780108826,17)
(121.45734225789609,31.26860391541957,2)
(121.42397873764098,31.241385238857994,37)
(121.40396633949648,31.24473483747114,37)
(121.43900354694247,31.24526383359966,8)
(121.42266001133832,31.23116455325304,27)
(121.4067207289378,31.26620119023181,53)
(121.40038930358358,31.24935724761398,3)
(121.40728610745151,31.246903116535357,30)
(121.43849559182851,31.261556398951438,4)
(121.38801165787778,31.22722954713272,20)
(121.38748798362842,31.25952659781597,17)
(121.41132584260289,31.284533751395173,2)
(121.39780190509799,31.256293410073432,2)
(121.45887251952492,31.259599155007216,20)
(121.44671973243884,31.25728061967563,16)
(121.40253477716557,31.259635260687094,12)
(121.46400312470271,31.256283055067904,2)
(121.38442411083062,31.23886982522073,19)
(121.44101707021264,31.260087099575763,13)
(121.39355400239701,31.231804208167862,36)
(121.38586210154556,31.267560684943767,36)
(121.38306025082805,31.284012416040966,15)
(121.38490095322369,31.277220890995387,10)
(121.39303137873661,31.258387969513223,8)
(121.42624141420703,31.228674608030218,36)
(121.39105043652077,31.290927917989414,36)
(121.44312612593717,31.259786699112492,8)
(121.38948046808392,31.256162662952647,11)
(121.38230720587029,31.232600954495734,2)
(121.40340241697389,31.24212069204351,2)
(121.44937744193076,31.28075609899648,9)
(121.41269617993419,31.25841446535232,33)
(121.40891654625335,31.24619845266681,36)
(121.44042485001462,31.282482499351293,10)
(121.44853891573393,31.246360581995944,18)
(121.43004646398909,31.246193072128797,26)
(121.38035740150391,31.2962421416371,36)
(121.37854550268769,31.278008799107525,14)
(121.44776973898307,31.24830883001163,19)
(121.37480919246991,31.287113604854433,37)
(121.38993315313014,31.282634173137247,21)
(121.36768943075084,31.293332072582526,16)
(121.41918402735602,31.2356597718716,1)
(121.3975800234458,31.24613895700716,37)
(121.43699787269648,31.257041596171632,37)
(121.3923278921579,31.24696452905509,36)
(121.36643291194846,31.266086021429427,7)
(121.39268519891885,31.299400205572404,16)
(121.42234326954086,31.260357630639913,11)
(121.40228880155554,31.249071589284803,3)
(121.46220887273786,31.266076956555647,4)
(121.43921087335015,31.254479624201608,36)
(121.4354717927118,31.25417923360992,11)
(121.39017760417029,31.2740327891367,26)
(121.45464372637484,31.256647341142894,10)
(121.45324325364855,31.24685585428283,2)
(121.4475488627594,31.244330450305476,36)
(121.43634794586643,31.258403299240605,19)
(121.45290145032816,31.27948621166522,32)
(121.3781408152111,31.276244612496576,36)
(121.42978980709289,31.279299430045285,20)
(121.44697405442935,31.283253282546795,21)
(121.40942207060506,31.243846162107026,36)
(121.43607726111858,31.254977121682295,36)
(121.45706385760518,31.247059073745717,50)
(121.41484273314761,31.27315086735418,10)
(121.40471600474442,31.24680195524822,7)
(121.36118001772535,31.28965507331779,13)
(121.37670130461714,31.246783273157604,2)
(121.42875615491495,31.25213279917667,2)
(121.36659202882215,31.241172342382278,5)
(121.36750948301102,31.25133920372412,16)
(121.45751461876831,31.269090674185424,16)
(121.40071802441777,31.256437447464364,14)
(121.41393188615001,31.287812916152625,17)
(121.44338438444801,31.25695405719066,13)
(121.39380869637438,31.267586161493792,2)
(121.44536730980043,31.243180875617227,24)
(121.40155665788006,31.293927150082084,12)
(121.35213143031316,31.296757647653145,7)
(121.38605586467621,31.28321083280771,8)
(121.41229701827176,31.232239882615573,33)
(121.35404377202585,31.282570948939107,1)
(121.3846048688976,31.257720434208448,36)
(121.40231137230897,31.244089376639657,20)
(121.38680729535594,31.247571803391775,35)
(121.40540210734225,31.24730723915342,12)
(121.34028954719936,31.288087137688898,36)
(121.45732304071284,31.25678480133787,6)
(121.45060257750879,31.260555986451,15)
(121.41113129447201,31.243357164440024,11)
(121.37986491309098,31.25171701811364,5)
(121.42192326458428,31.24289097644967,5)
(121.34693461578729,31.298865808191398,36)
(121.42307562782155,31.276704197570595,9)
(121.46076170417179,31.253271713841052,19)
(121.37359167169566,31.245000667385625,36)
(121.43651509874903,31.253312504867946,36)
(121.45387975984195,31.247209737100494,16)
(121.42074419494399,31.242151163179262,11)
(121.43487537345193,31.23904124509787,3)
(121.40246970076184,31.242690368822533,3)
(121.44985507575855,31.258477490322814,27)
(121.40995643717993,31.24228286474624,16)
(121.39022357208539,31.25027361019254,3)
(121.38677032298442,31.259791126205478,35)
(121.4109472625789,31.231043607833065,11)
(121.41441730579129,31.25602518107171,24)
(121.44103819765425,31.250507883665296,26)
(121.4141754598351,31.256172069892184,22)
(121.40433014697432,31.279774672380892,5)
(121.37243355063517,31.2868870083214,24)
(121.41434977072458,31.249070894420456,36)
(121.42147095467791,31.264524940827503,17)
(121.3915461953499,31.3029113469764,36)
(121.45082462140618,31.25651028617836,21)
(121.45249723062058,31.24930541624497,3)
(121.43720471947435,31.25458454068219,2)
(121.36442951941123,31.24463266270689,34)
(121.37787855892032,31.254305955307366,9)
(121.44996283805091,31.258509303152017,11)
(121.41786748182706,31.232559632028416,1)
(121.40544768194484,31.242394047633415,12)
(121.3883079541418,31.296453520682864,27)
(121.40214368971793,31.248173160868685,5)
(121.39929994035573,31.27250388718793,37)
(121.36444818574074,31.24959005211387,2)
(121.43997191388036,31.23693838973571,4)
(121.4566151013667,31.251115407792444,2)
(121.4089805623097,31.224945006203548,12)
(121.3928485408623,31.25604932670559,1)
(121.40488616229263,31.238766036667855,36)
(121.44533170505416,31.25452584842446,18)
(121.38268711314015,31.29547620988304,36)
(121.43298763798221,31.23118555798567,8)
(121.3837279856898,31.283273330647035,12)
(121.4105516702311,31.241903031777067,15)
(121.41679236992647,31.26904361302659,8)
(121.43179836417612,31.27671833504935,73)
(121.38308895659402,31.284019520863207,3)
(121.4011708071377,31.286796326836388,7)
(121.42490898569115,31.242827160346977,13)
(121.38306133741449,31.293167657253733,28)
(121.45889795656397,31.256703356914926,24)
(121.38157450917934,31.234486081418424,37)
(121.41776634498999,31.252090852461393,36)
(121.42620437557588,31.239261477852164,37)
(121.38637283436262,31.26252623184106,29)
(121.44623250406725,31.254551272156462,19)
(121.40991209114506,31.259437333613764,28)
(121.43940491685203,31.254591460709904,6)
(121.40223577288506,31.26034850847546,32)
(121.37564124347394,31.2717359613728,28)
(121.37200652074657,31.251715579511053,18)
(121.4071640172304,31.22422143190484,25)
(121.42249490691682,31.26050166191712,3)
(121.45952937717456,31.25766738572434,5)
(121.42059500501215,31.24672094001658,4)
(121.37564377475387,31.292279218340756,28)
(121.40609057483748,31.27617004037786,6)
(121.40455518091775,31.26554731643237,12)
(121.3670125546501,31.25134635522198,30)
(121.3824384562506,31.24524179992498,1)
(121.42683568948705,31.245635418907536,66)
(121.39194313908075,31.253740961357508,36)
(121.42609748835133,31.239286580885626,21)
(121.42090689046586,31.236609200406903,9)
(121.45252776695887,31.256302429708022,27)
(121.37683339112404,31.26870394347109,25)
(121.4478405971137,31.27140068612967,25)
(121.43567189838151,31.281832706889556,9)
(121.44488080745458,31.24410718733734,9)
(121.3808766043921,31.29123969844102,36)
(121.42238747891196,31.242078074606802,36)
(121.38584666011063,31.262668583361954,13)
(121.44788409748004,31.25523667588564,4)
(121.40016252883768,31.257210145873152,13)
(121.36443000499374,31.250231149450894,36)
(121.35658366931452,31.3029143938308,36)
(121.37828636735833,31.280376485116008,21)
(121.42687557220009,31.238171397043093,37)
(121.39895375053781,31.248925601519943,11)
(121.39007882742538,31.28899285615099,23)
(121.44645884777195,31.28325399259526,4)
(121.4026729280033,31.247308569919518,29)
(121.39931301659202,31.25038736974884,3)
(121.44630330583982,31.244733237956428,36)
(121.44059873808024,31.259133313695955,5)
(121.41874194345503,31.242869266608633,35)
(121.37821573993276,31.262732989565432,28)
(121.39713167189608,31.23627386092932,3)
(121.37304755012099,31.229990163741494,22)
(121.45808477545872,31.264778612127017,10)
(121.45910375226005,31.260574583627427,11)
(121.44289958336188,31.24213583323603,30)
(121.38671854958112,31.230787944580264,3)
(121.39211187900004,31.23536942944256,29)
(121.40704310906749,31.246855096555304,30)
(121.42039152517209,31.273887791374687,36)
(121.46353727503875,31.2576047947687,18)
(121.41259433289738,31.225407657256923,25)
(121.42974036902785,31.246433978391583,36)
(121.39623493347621,31.231001416068597,4)
(121.3997847900817,31.234336314713122,36)
(121.41289512809998,31.232119508169838,7)
(121.41254326732286,31.258870700971055,10)
(121.43435021911196,31.23982724782761,36)
(121.42544212190191,31.238928970105516,21)
(121.40599087415683,31.255744988827384,36)
(121.44374958876477,31.243618716743057,26)
(121.409151325287,31.243181738210282,2)
(121.44576075926588,31.257870526276086,35)
(121.42322005483577,31.228030909285184,2)
(121.37307861671768,31.23021530741263,3)
(121.40152947634833,31.236757190817606,7)
(121.38022497136342,31.27020637021577,2)
(121.41233737482136,31.259390975566205,36)
(121.39107966115657,31.28940570825153,36)
(121.42459698283653,31.250824966600483,36)
(121.45288144011505,31.257176250823957,33)
(121.43012894056612,31.23978499380279,32)
(121.4102734802266,31.267121893595796,21)
(121.41385536595979,31.23379880584636,16)
(121.42239428056611,31.241831476483508,12)
(121.45374553683602,31.252436317959617,10)
(121.42020528182321,31.235180975124017,7)
(121.42693650591809,31.238162338605935,70)
(121.44421547314172,31.265028190730476,36)
(121.43520368454533,31.27439404545085,6)
(121.37953797105169,31.23411804147015,36)
(121.42315479157584,31.26880161402765,12)
(121.44248439389587,31.244304253318653,36)
(121.4135061799555,31.261401279838257,28)
(121.41594174203685,31.29580071937256,1)
(121.42311985017514,31.2682396137832,5)
(121.4122374190086,31.24810105186691,4)
(121.41796520542854,31.251838645285808,37)
(121.38869434289772,31.262532834797216,2)
(121.45677671900076,31.275067357716743,1)
(121.41720153170233,31.23907330959211,1)
(121.40115366578323,31.234053589506384,36)
(121.35263668583858,31.28044462448935,37)
(121.4269057165465,31.240198286626715,12)
(121.38567338332194,31.29334854421759,36)
(121.38593814012003,31.283187512235322,36)
(121.45948452449444,31.257997628390275,2)
(121.45193479990843,31.263749806449248,27)
(121.37571105595799,31.2717095718636,36)
(121.4578223398717,31.262720997090305,3)
(121.40910966018826,31.243403460831665,9)
(121.45126567205001,31.26751570402664,20)
(121.4099255944728,31.259586236128985,14)
(121.44002840052627,31.27809418733845,24)
(121.40296067956888,31.246053377562863,3)
(121.42624392396559,31.245372066551358,36)
(121.44294459633304,31.25647041499824,33)
(121.42048600915831,31.23463679210463,10)
(121.44210797011418,31.258928929814672,33)
(121.41750866128943,31.265462768229998,2)
(121.44938279563796,31.243208630441174,2)
(121.44508235043386,31.245846020093094,8)
(121.4112613007408,31.243780330046633,37)
(121.4457914609502,31.2666492484574,9)
(121.41305576817506,31.25274180249856,1)
(121.42166092342553,31.232214712722367,4)
(121.40678722487715,31.29397295219908,36)
(121.38399111669081,31.267303897048876,36)
(121.41330382467707,31.245189484662717,32)
(121.38718622715842,31.26019441133425,2)
(121.37306080327315,31.23024067156597,32)
(121.4213426217855,31.248821244251136,54)
(121.4595512970133,31.25741222630467,9)
(121.3942821007524,31.245829153234013,30)
(121.42567608554478,31.244983750374033,10)
(121.40530426140032,31.2987432016432,36)
(121.43512310538978,31.274639425717908,7)
(121.395477226059,31.27354174648081,8)
(121.42558700465116,31.23924699379097,2)
(121.42693999609695,31.27820670509452,8)
(121.41680609782914,31.238102015713146,14)
(121.37893273460934,31.251861065889244,36)
(121.39586207463087,31.246404210476676,31)
(121.4090435774832,31.24590657957956,25)
(121.39856886773624,31.297903954255432,23)
(121.38933133585613,31.256100526931156,12)
(121.42806593545326,31.257416849731282,34)
(121.43311689368782,31.25021736186087,17)
(121.39568018507988,31.26029721514793,5)
(121.45321398171032,31.265939227532265,4)
(121.45035095143459,31.258539835903978,187)
(121.45183735415269,31.27901842068766,9)
(121.41865367756903,31.242813724893185,18)
(121.40431712427552,31.244346409705642,4)
(121.37542686196322,31.250809530002034,14)
(121.42920054128061,31.245142341854372,46)
(121.38701367475797,31.22755871522494,37)
(121.40054839123549,31.261248484458406,3)
(121.42662476814905,31.271738286423897,10)
(121.41360205933542,31.23762999792546,5)
(121.39112119373011,31.237758622747368,17)
(121.42716500677751,31.24674298663916,3)
(121.4076878529461,31.301442881959073,8)
(121.46070856282287,31.26974889101223,2)
(121.4520452797997,31.25429812170493,37)
(121.42588473929297,31.239660931006274,1)
(121.35064990189834,31.284812895953532,16)
(121.37498955095411,31.242951500875023,27)
(121.4071512121581,31.298890381344147,6)
(121.4104433897258,31.254224092174304,1)
(121.40175346602,31.235228254173588,15)
(121.4351996084918,31.281728263209367,16)
(121.39102362711667,31.26656922111952,36)
(121.3893433390456,31.25601950041796,13)
(121.41040641306085,31.255513844171166,37)
(121.43677369138584,31.25334017540641,15)
(121.38604270633837,31.24944498924686,5)
(121.39293486937983,31.287716195747624,17)
(121.37574398785061,31.251158551108176,1)
(121.43815153288334,31.242807632943382,25)
(121.40249227903726,31.29985582111939,37)
(121.37314111382938,31.243249556533332,22)
(121.38141504925693,31.264145415109247,3)
(121.37468219503565,31.256663979304957,1)
(121.45845244518583,31.251623109353094,13)
(121.43231528262872,31.25123618718804,36)
(121.42816231330232,31.247855669660144,2)
(121.44569085437833,31.245837348851868,10)
(121.42317371966996,31.267284169391264,5)
(121.34125256029279,31.28644028647706,11)
(121.43212469193381,31.23223340198031,23)
(121.42105417039521,31.264020209602943,4)
(121.4095256962823,31.228169413320153,10)
(121.41879578490655,31.252908694436478,36)
(121.45615112915593,31.258183890161288,59)
(121.42973086758872,31.25259656490798,18)
(121.37683337022887,31.268463841801278,33)
(121.38288488979431,31.290322349967212,36)
(121.39511817051215,31.286732997685206,34)
(121.45300034324055,31.268095317335362,21)
(121.38261759270188,31.290415126540946,19)
(121.37846405918467,31.27706758247509,36)
(121.43972889799517,31.254845727556106,11)
(121.409807565567,31.237210554862774,25)
(121.44704645884391,31.24177877310186,10)
(121.37402726301107,31.256182556862893,9)
(121.37590385929079,31.300507778341785,36)
(121.38148026476834,31.29045800695119,30)
(121.40903347501339,31.24490617941201,36)
(121.34291939615791,31.28789599965478,3)
(121.3743782472344,31.249716754259598,5)
(121.39250666308989,31.277306678847552,11)
(121.4314063689809,31.262627283693167,2)
(121.38351547134462,31.24262681006277,6)
(121.38685626721158,31.281163204394673,37)
(121.422286774866,31.236334174971308,3)
(121.40170791733416,31.22906441729961,37)
(121.40428569206993,31.301063577447557,7)
(121.42390408550112,31.25605179382522,36)
(121.42132703255697,31.253388429085895,7)
(121.39232112561243,31.23526446885668,36)
(121.3387605395123,31.293062238906938,36)
(121.42412244634052,31.228095065585098,1)
(121.44798501809753,31.245310111100974,24)
(121.41849678772502,31.227840545783714,36)
(121.41171659314588,31.225507903204537,14)
(121.37008293255333,31.23032036604173,36)
(121.39034487261534,31.27555554100616,21)
(121.43979863990043,31.264754910524985,7)
(121.39260476288759,31.26618606546979,9)
(121.40793680562234,31.25393883469934,1)
(121.43924211073829,31.259105283222098,29)
(121.44405565927435,31.26537073138403,1)
(121.42363806456842,31.264503643302664,6)
(121.42289051142481,31.262082148826973,15)
(121.40872121967261,31.23798565898469,1)
(121.46344088067194,31.25947326131635,3)
(121.43630015265387,31.238575217115397,10)
(121.43709952986752,31.23451131156584,1)
(121.38426812958534,31.29845588466538,36)
(121.4182550867424,31.252485786408066,10)
(121.45417151709626,31.252528499258734,5)
(121.43660448708883,31.28100957411389,36)
(121.42419208598677,31.236173717433932,17)
(121.41335474241383,31.261382748187057,21)
(121.45211397783366,31.280149752008008,2)
(121.40507320454384,31.237239691648345,37)
(121.45449856498794,31.2507130355578,34)
(121.42662761733642,31.24566804485086,20)
(121.4628031619003,31.25977169501325,6)
(121.42868351394345,31.23784867973387,36)
(121.38026430204482,31.274812274092366,23)
(121.40207165657606,31.2938273581507,2)
(121.4158352588768,31.288909812804093,169)
(121.37784053010864,31.254560023068592,13)
(121.42393362992334,31.239675502228486,34)
(121.43864038357722,31.26196237049455,39)
(121.42878615991759,31.23464183791301,10)
(121.3854313072225,31.228982211962006,17)
(121.43938218859458,31.248991052214805,1)
(121.38090526586517,31.27545828566613,36)
(121.43852981706169,31.238823923708043,19)
(121.44806755972148,31.254721722441563,6)
(121.38256802968135,31.23861795090948,53)
(121.40544589869596,31.224340678539033,8)
(121.36423431732626,31.311738359548976,15)
(121.43183552590354,31.237348058680585,36)
(121.46359998254144,31.254253616397843,22)
(121.39337136390007,31.301458899734,36)
(121.43703267697262,31.23733433935017,7)
(121.42257662643382,31.253298192744836,36)
(121.45776232564847,31.25064601074677,7)
(121.36491881284022,31.31294043634231,36)
(121.35956922172386,31.278114334315788,36)
(121.40417011012585,31.24119671684566,1)
(121.4039281302704,31.244771929620047,5)
(121.41054666889727,31.268653978285414,1)
(121.46054279589876,31.24991440818102,4)
(121.44344033326877,31.280559962263165,7)
(121.4237369741833,31.264491564273136,1)
(121.38224325232349,31.279985519488026,36)
(121.37623448028837,31.290802337834247,36)
(121.3669041230957,31.23604748054537,1)
(121.46347446269058,31.25804296273481,3)
(121.45719326789197,31.25558455513359,27)
(121.4107597970849,31.271088283817686,4)
(121.46022912548048,31.253171865741578,4)
(121.40234244854368,31.250892196075323,12)
(121.43018808020234,31.274857114684313,20)
(121.42245529714388,31.260335953995433,36)
(121.42521047218906,31.24807524853213,37)
(121.4589131479443,31.259367480279494,1)
(121.46308304444746,31.2613729169916,4)
(121.45126712710142,31.245610010975646,30)
(121.38278578857799,31.290455306935847,11)
(121.38147855344093,31.27081793242046,9)
(121.3894026809448,31.257184485409155,13)
(121.38472479347277,31.25779045470364,36)
(121.44631990931623,31.244837740678502,21)
(121.41255216449844,31.226236478638373,24)
(121.41496728681453,31.246494541126467,10)
(121.4048980642429,31.260477396639445,36)
(121.40576373805206,31.2772141134955,32)
(121.42702041540144,31.238162263479758,1)
(121.41788279788265,31.269521313492778,33)
(121.4230031342184,31.235947497699996,36)
(121.39268742453169,31.267518403761617,20)
(121.41284147150911,31.262286099853533,28)
(121.36774823181344,31.29629861840252,21)
(121.41669254904319,31.259033371138447,16)
(121.36772933612039,31.314494306194884,36)
(121.41100132316573,31.243345182259688,15)
(121.38132401626014,31.232644533512893,3)
(121.43694382789438,31.249709254387128,2)
(121.34133672828403,31.286208350814707,11)
(121.43645797219166,31.2641603096242,15)
(121.41651662867785,31.258890384309954,12)
(121.41090467577074,31.270057825160197,3)
(121.4002062369776,31.28711839355678,36)
(121.38993019677804,31.24872471854281,53)
(121.40595142026059,31.260439612618274,6)
(121.4374622024376,31.267055498040065,122)
(121.42599852347364,31.23852131911255,8)
(121.39455530343984,31.223252998440792,5)
(121.40302183738335,31.247729133603514,30)
(121.41713368004123,31.251806021388987,7)
(121.44639102408718,31.244834953152196,14)
(121.3831755022628,31.293583932667286,26)
(121.4423381705101,31.281818755610907,1)
(121.40992509435809,31.258248938655573,36)
(121.41845092431072,31.229079141464325,1)
(121.42696060002612,31.26111728390179,38)
(121.40364998532007,31.227750636763126,21)
(121.33700968270807,31.294179358252112,37)
(121.36434553339949,31.30944887757609,60)
(121.4250148235444,31.240008523223572,36)
(121.36891329724745,31.314219887442864,36)
(121.41733472852516,31.22895524344496,37)
(121.39903706294265,31.261570013383274,19)
(121.43849590470913,31.26515194046077,36)
(121.39631612926154,31.248831199543844,4)
(121.41166366081382,31.226125200771953,5)
(121.40160977373428,31.24481926029418,37)
(121.40035177964884,31.229413955337435,21)
(121.38063568218111,31.232911920614516,36)
(121.42257464959576,31.278925473392373,12)
(121.39078224218332,31.29873021066225,37)
(121.42893619801906,31.25016183953019,3)
(121.4590382249821,31.259995945744134,4)
(121.42533037801412,31.263517896708684,36)
(121.38284217116924,31.236641322398732,6)
(121.36496791969859,31.313260241377634,31)
(121.43255811099219,31.279105515279067,7)
(121.3858132404912,31.235243415750332,2)
(121.43913235529307,31.268835876613547,1)
(121.39478720362574,31.254948445086672,37)
(121.39751854582676,31.242188055499785,3)
(121.42129933252357,31.248354267261877,6)
(121.40179856932673,31.23628274447499,1)
(121.37654442651197,31.248386499848266,1)
(121.409962037463,31.29498816820753,36)
(121.38945744142424,31.256080610430946,37)
(121.38400399537394,31.242756187966652,20)
(121.42249300643024,31.26028066194835,36)
(121.39363624275013,31.27513844124396,5)
(121.44870421301796,31.242407513697966,19)
(121.36790463815598,31.314555580866827,22)
(121.42838473320292,31.247818329605362,37)
(121.34139869189913,31.295786299260527,2)
(121.41400607395087,31.239530736709504,25)
(121.38146431818264,31.291290323940594,25)
(121.4053303899961,31.270630895597037,22)
(121.4253317017956,31.247968173753563,6)
(121.41408602316682,31.23585965025145,36)
(121.38257128037351,31.251096633908837,39)
(121.45900381711093,31.253678652523277,2)
(121.40424707773182,31.294087828677128,36)
(121.438331469832,31.248968929943352,1)
(121.43113010323749,31.26235402872344,11)
(121.3568512062201,31.302958861826497,20)
(121.40911489504285,31.24410429784765,28)
(121.41527283980015,31.268946965859854,21)
(121.42655790038549,31.2456539305583,6)
(121.45322739188407,31.248012399853444,1)
(121.45592200613656,31.270815698652374,64)
(121.40135150933621,31.287118123017216,34)
(121.36642994695008,31.25150195208767,25)
(121.42627508010244,31.259645433904794,36)
(121.41537944440785,31.252660089118468,11)
(121.34548171944438,31.29573288747815,6)
(121.42460752426868,31.24365483224668,18)
(121.41269578037372,31.253834469163845,4)
(121.42908265328585,31.24481331177818,20)
(121.42693864839411,31.262751189595058,58)
(121.43509012479414,31.27773115291069,1)
(121.45553200574768,31.246821651913596,8)
(121.35570727651537,31.308878106007963,36)
