(121.3999000635209,31.248485716366126,16)
(121.37440572967378,31.28934352019965,21)
(121.45196234879221,31.28046442685349,1)
(121.43006158081366,31.246167926742515,23)
(121.42921444268254,31.23273071340892,6)
(121.44994669229979,31.2449173489769,25)
(121.42366683133798,31.26212860337353,7)
(121.45295646404954,31.275953957552588,24)
(121.36883517851697,31.314344824336338,7)
(121.37936832745461,31.2894444988679,36)
(121.40992099345806,31.242815767755214,18)
(121.43282545133542,31.250804259316695,3)
(121.39578378205654,31.266487918386446,33)
(121.45216197766615,31.24720552161511,4)
(121.40971174411531,31.233875085494404,3)
(121.37805692205112,31.278755557741356,5)
(121.39422816459783,31.2354654541219,36)
(121.38736424398299,31.2578248169582,36)
(121.42518226531813,31.24829004230449,22)
(121.43954735160587,31.268668860998883,36)
(121.40698619609782,31.305107310204715,24)
(121.41101649740669,31.245382090480586,25)
(121.40031018274779,31.30556150161347,36)
(121.4177088219422,31.243080995419582,6)
(121.44405389439024,31.243257922229844,2)
(121.36453515926804,31.311599494632777,36)
(121.4156085627377,31.252988176032385,37)
(121.4333757652607,31.25292825198838,11)
(121.39710047781189,31.266636575818765,10)
(121.44711020272635,31.27206825956635,14)
(121.40567640653111,31.239079568900003,5)
(121.43646803614791,31.240265761273232,22)
(121.39158128008746,31.269177693955665,23)
(121.38483990627162,31.27741891816817,27)
(121.45378337303028,31.25159787298036,6)
(121.44687072261668,31.24176654254764,34)
(121.41110031665036,31.24352924713971,13)
(121.39063453598669,31.26903000206961,14)
(121.41463473348634,31.272898070548578,5)
(121.34693731678479,31.296357114111046,22)
(121.42562427504362,31.264953301668847,8)
(121.42727957265637,31.24544873364059,1)
(121.36217502646497,31.251815358783006,1)
(121.43509751921238,31.244536438912228,23)
(121.44481562609232,31.245954872679093,6)
(121.4576796631172,31.251446698889602,2)
(121.42134968176337,31.24956973272462,14)
(121.4112303068183,31.243765329107838,1)
(121.36885092852224,31.299655219865883,32)
(121.41227157405805,31.259461725481252,36)
(121.40992079340835,31.242836367674133,36)
(121.43504512376661,31.261904507092947,8)
(121.39244051097738,31.23017700145008,16)
(121.41981754535048,31.269444258901224,8)
(121.43061956278738,31.265466762096725,8)
(121.43676803984246,31.24531940515162,2)
(121.44913925389096,31.24231267638437,36)
(121.35427524296512,31.30566151138549,36)
(121.37410566942289,31.287244801770886,31)
(121.38990681170776,31.25708990858661,25)
(121.45090673152296,31.2587676358383,13)
(121.42208870679319,31.26044407747481,24)
(121.42948930213109,31.246387608218637,1)
(121.41034555768817,31.244469791185622,36)
(121.42282835320165,31.248197127106568,13)
(121.45147792239331,31.25300302781131,8)
(121.42620553993699,31.27918722459992,1)
(121.38481518792925,31.25797664779573,3)
(121.41152027115615,31.244171455146944,14)
(121.42809512924906,31.24855493189221,30)
(121.39886955850909,31.247105764769486,37)
(121.40455629116596,31.261746478498193,36)
(121.3929584685314,31.23180759549143,11)
(121.37904918028737,31.266760639361078,37)
(121.44735712288308,31.242574125541992,36)
(121.45496396962496,31.25696582400449,7)
(121.33450163644544,31.30162750408297,36)
(121.387039038231,31.276518436826407,23)
(121.40097693804394,31.254555695438135,30)
(121.4280814828077,31.263892629251732,31)
(121.38456953993716,31.242020378117537,1)
(121.43423838984023,31.262851527723537,9)
(121.43376745114034,31.278659757204615,6)
(121.39162436630872,31.269170270334033,37)
(121.38024073353294,31.26724613413424,36)
(121.42693668724374,31.24024427974101,36)
(121.42139473803287,31.239153045126873,10)
(121.3650483677085,31.295909904346736,1)
(121.36413910458238,31.310097452341893,11)
(121.38163548681473,31.233394644715446,5)
(121.38620919398078,31.299994923678693,23)
(121.43589995631041,31.275062614198585,9)
(121.4081501099003,31.25891636401836,6)
(121.463814502031,31.267198698462508,5)
(121.38517124617086,31.23136808032388,14)
(121.42243942219746,31.245213071139133,12)
(121.38064688213825,31.244014600109153,2)
(121.46144294507633,31.257696517147437,18)
(121.39644996314827,31.23017006752848,4)
(121.43901855373086,31.262409804296848,31)
(121.36496411920449,31.313096141305206,36)
(121.34446527103263,31.293217009369137,6)
(121.42998482918745,31.25803470600975,37)
(121.43045066109514,31.252676401260494,56)
(121.3652244088619,31.250097290742993,14)
(121.36814489993395,31.266614133672967,1)
(121.41070279128849,31.225030868911674,7)
(121.4090175214976,31.23021347737725,7)
(121.42614349124825,31.23986480271339,34)
(121.45466194802935,31.25045941142485,37)
(121.4255908644078,31.241724438893353,36)
(121.3599742675073,31.289745749017392,32)
(121.36819504275881,31.313579629764124,36)
(121.3886643114006,31.262475787525673,3)
(121.45070102085198,31.260881889514422,4)
(121.43768740390128,31.244017813893585,13)
(121.38974022865386,31.250903545686295,36)
(121.43687256544065,31.2537032032235,15)
(121.41091737950858,31.24377638999758,16)
(121.36263880160908,31.308940586468797,10)
(121.41048084812199,31.225163965728708,7)
(121.39907218690269,31.287789102370315,22)
(121.37637755138336,31.289319913311818,22)
(121.42798125571592,31.248523025054382,37)
(121.4136671192728,31.231403470935433,16)
(121.41362340872251,31.246351933545785,16)
(121.3815253835943,31.291204351760243,37)
(121.38912016892779,31.23328517910537,36)
(121.42176944240394,31.25062292481415,36)
(121.41111634837429,31.243935426132808,32)
(121.37403696459067,31.256619357352797,72)
(121.45899694398697,31.25955037562504,7)
(121.45444700757221,31.247575283319062,4)
(121.40553106995614,31.23531385053936,4)
(121.40738611943816,31.247078193066493,36)
(121.4334590009897,31.245514872221015,17)
(121.45586877398407,31.27113175796024,4)
(121.41259487041559,31.231575506272755,5)
(121.41544679290125,31.228911549079527,20)
(121.37465097140131,31.257628844689453,1433)
(121.4072396586363,31.230270589374822,37)
(121.41501069354656,31.297175811934213,15)
(121.36425192008237,31.310584364202295,22)
(121.42235551347711,31.24545723789895,36)
(121.45989229573239,31.250539658448613,12)
(121.43140992926824,31.246982856979585,19)
(121.40137944076628,31.234158165681997,89)
(121.4322829790271,31.277183331058303,27)
(121.41609715455095,31.25101711693579,10)
(121.44845795100383,31.257830386644436,49)
(121.40214962274295,31.26410726167032,7)
(121.36516547762741,31.275177966182937,36)
(121.41665829688246,31.22982945392576,4)
(121.36659463492008,31.271194421110785,35)
(121.44356873215877,31.26502524095101,3)
(121.38978305994648,31.282314702724168,18)
(121.40043479256923,31.28918109082101,26)
(121.42928356666457,31.24657489786104,10)
(121.41590337440866,31.25223669970751,27)
(121.38480270947107,31.25777226816807,17)
(121.4405596745868,31.2574098725697,24)
(121.46166298457149,31.269911523972006,1)
(121.40902017174123,31.24505317636913,13)
(121.38470228884887,31.257833050740384,6)
(121.42412357313233,31.24103096880495,9)
(121.36199755049319,31.23856816888945,33)
(121.44402042462477,31.244067433057502,36)
(121.42115429940945,31.284741165717985,29)
(121.37984102944597,31.231540495099573,7)
(121.35489669262513,31.308752137482056,27)
(121.4329745158953,31.277996417296567,37)
(121.3857613658979,31.248786455367732,18)
(121.38993799227403,31.303678551715002,28)
(121.45507734949855,31.25303587306988,4)
(121.43919594689314,31.25631613760548,4)
(121.4081429562986,31.247678589544478,1)
(121.45516494888592,31.279440034609255,34)
(121.42465015237691,31.241884943201168,14)
(121.44629090328745,31.24483743559016,36)
(121.4232492009716,31.262100899019394,36)
(121.41586828922014,31.251274321585843,37)
(121.40034346864331,31.299405195208205,2)
(121.39659909380465,31.267778821911012,7)
(121.42744675608249,31.235940868252758,2)
(121.46150834307335,31.2609103452833,31)
(121.44066359711601,31.255161896202992,34)
(121.36506645493746,31.27694255078115,20)
(121.37386063428896,31.25572653373166,21)
(121.3744394605153,31.22808805204919,6)
(121.45825641147944,31.2516230809712,5)
(121.40280182573096,31.259555276763717,36)
(121.38139126051321,31.234140737080068,37)
(121.37772172345912,31.264775792768923,37)
(121.46253560600607,31.261862397937964,36)
(121.40455526120331,31.249940329773743,30)
(121.37091990712513,31.272201943773666,36)
(121.38868009039177,31.27125953360187,10)
(121.44789033472986,31.25373719704798,30)
(121.42835480382287,31.24823254207049,19)
(121.4506334672019,31.26009172749586,7)
(121.33979823274079,31.30088810333541,23)
(121.43667484695149,31.253323298916474,17)
(121.42894703800378,31.247379589078776,37)
(121.43053725841558,31.237775555434478,2)
(121.43170086211433,31.2726273546805,7)
(121.40430014124462,31.247541730987848,60)
(121.38267165615237,31.290432186295238,36)
(121.39428049518854,31.227400779385224,2)
(121.44015910103167,31.279590813850234,1)
(121.38958755731197,31.256148734590145,34)
(121.40083076326556,31.23010167666748,2)
(121.38468788589677,31.25781734829293,36)
(121.38434633034656,31.230850097227382,22)
(121.41020536346787,31.255915301538092,20)
(121.41358429879966,31.23391354892084,36)
(121.43714617066267,31.2427299695939,1)
(121.38926727679939,31.256051458488603,37)
(121.41502499534299,31.289258655325888,23)
(121.44872812088846,31.241946262926188,12)
(121.35106969118135,31.283703191504344,36)
(121.43352449443547,31.25224377541184,5)
(121.45573684968666,31.26950174100639,32)
(121.37145158210807,31.249548395360918,15)
(121.39471788402503,31.259954805169635,1)
(121.4327908141552,31.267027026912427,14)
(121.40735606274701,31.28027336202915,36)
(121.39908240944011,31.232956454261984,4)
(121.45639528126685,31.2637243688289,1)
(121.41173371191,31.238391810282106,2)
(121.439214361645,31.284376946477902,22)
(121.37450303526931,31.268201911759576,35)
(121.40798876724735,31.243393531146612,11)
(121.36493611521945,31.313187337809808,11)
(121.46096052939872,31.25744508791523,2)
(121.41077520407914,31.26985249265665,22)
(121.41768343669189,31.235538535455976,17)
(121.43664389506712,31.25331233501394,10)
(121.3754473136773,31.250510377102636,3)
(121.41531499878514,31.290781161515348,36)
(121.43369077111853,31.25814015364902,15)
(121.45270922279117,31.243446389460335,31)
(121.43505235497251,31.253346397589645,36)
(121.439665416723,31.259531857870343,12)
(121.42140958231083,31.237500287002725,36)
(121.4542725000551,31.26665840720138,3)
(121.38458666433313,31.262485521234126,16)
(121.39991895510691,31.28156184292425,4)
(121.46375848669977,31.259944486495563,36)
(121.39607813001328,31.268643972535997,36)
(121.38626785824526,31.28307449431407,4)
(121.43882337052362,31.265362569550316,22)
(121.43601674425287,31.23867124009867,27)
(121.43714591416712,31.23978064203928,5)
(121.37992759933583,31.270206052813624,26)
(121.37411460376883,31.281324898537463,36)
(121.34133044613526,31.2947027423171,17)
(121.38190515186945,31.232286561157164,76)
(121.45962264505229,31.25586826861585,2)
(121.41163863978814,31.294554717490534,37)
(121.38250411132864,31.297867973374334,37)
(121.43269781187772,31.25406053763805,11)
(121.42957228925698,31.23592481317748,3)
(121.37885793180001,31.266752424663775,20)
(121.39462785938042,31.296828710995204,66)
(121.4196026534816,31.23460305865898,7)
(121.41005690043394,31.259254336520648,28)
(121.43376605495253,31.26263300362979,14)
(121.44054177572195,31.281418023312675,5)
(121.40634211595913,31.24578592167571,27)
(121.35567222273875,31.28420741422125,4)
(121.38162135891979,31.24362425982964,2)
(121.38716979983748,31.283828552373485,37)
(121.44631090666337,31.241675244853322,8)
(121.41778216854401,31.250175000469245,30)
(121.41489548899018,31.29426170025363,36)
(121.41171233559564,31.24568933542579,13)
(121.38875087057097,31.29097068014376,12)
(121.38926945505268,31.23717070132227,20)
(121.43625594525216,31.258352042834304,8)
(121.42571189388606,31.241288564647856,27)
(121.45513585767122,31.25107261559086,5)
(121.40326414975583,31.2278561663168,36)
(121.39518150890287,31.267258950784953,3)
(121.43958420876343,31.255527235050003,1)
(121.40711082474886,31.249965302833033,1)
(121.36925580793212,31.290561188089924,36)
(121.42944321595147,31.233287739690557,18)
(121.38584383141739,31.230183124823903,35)
(121.39075151433212,31.29066299215922,14)
(121.43028960136418,31.23819710859709,13)
(121.42273468530331,31.235022591214573,20)
(121.4540827355283,31.252569696989116,10)
(121.38485332279218,31.259065153892134,6)
(121.424710968938,31.240448248151004,34)
(121.38606186319338,31.299892898037463,23)
(121.42571649503023,31.241496065209898,24)
(121.38636788124985,31.293679853229964,34)
(121.44626919877493,31.244838231779614,3)
(121.36935898293551,31.28785394438012,36)
(121.41150425879617,31.232516180274025,15)
(121.42721921363868,31.249792290099897,3)
(121.38567718468487,31.289903752284403,36)
(121.44315546987595,31.2823055356224,5)
(121.38439661358886,31.279466361710806,2)
(121.37003346346225,31.24890668866641,5)
(121.43941863884082,31.2393709230411,2)
(121.43582270895647,31.27085895152363,9)
(121.44731642039203,31.24508619916412,24)
(121.36782585118355,31.267092692178974,31)
(121.41732334725401,31.232179466313436,9)
(121.4337185239391,31.244290016614304,14)
(121.3691289468156,31.287853714295256,6)
(121.39830402113566,31.23214080194463,3)
(121.41807782184934,31.236751842188276,10)
(121.39895661313497,31.281734599101334,1)
(121.3829910157133,31.290386478458707,27)
(121.42871462432464,31.27388725286517,5)
(121.37919218781698,31.25322194916186,23)
(121.4555668934984,31.27322552445605,25)
(121.43490655323258,31.24163937826763,10)
(121.43780165396542,31.249039893603694,30)
(121.43733098486003,31.2669713180546,12)
(121.4503900739937,31.26074646974558,3)
(121.40410827376958,31.244870466116023,19)
(121.41327234285431,31.233093616361046,3)
(121.43508473377324,31.281179182095432,36)
(121.4052069788941,31.28037738236158,36)
(121.39438918945595,31.247787935815868,37)
(121.45714035617122,31.255047433307546,27)
(121.39918117539517,31.229832052991014,3)
(121.4148996776723,31.2357345200127,1)
(121.37813090355446,31.245531896336047,36)
(121.42162487687732,31.254282628173748,36)
(121.36317267407499,31.304922654708374,16)
(121.36581236644501,31.249195770816957,19)
(121.41223801266779,31.25490704879599,1)
(121.43848091069519,31.264931867443895,26)
(121.4124434476739,31.283493087079147,1)
(121.45410367072581,31.252406582959868,36)
(121.34278224394221,31.289660453388162,34)
(121.36817720906824,31.2812889053025,36)
(121.38509356332113,31.292838444512086,36)
(121.42687852197047,31.272019179995777,11)
(121.38809820473837,31.228261207222356,25)
(121.45744227419891,31.264690937571512,9)
(121.41083111790752,31.23412727367063,2)
(121.41994899857693,31.24647398888859,14)
(121.41612610987175,31.239206832031535,17)
(121.37925552481849,31.233141019888794,7)
(121.3934947364915,31.235961272189677,22)
(121.43502398241834,31.282981996990507,36)
(121.45955961381244,31.249790866012134,5)
(121.45501805515197,31.27098871831619,5)
(121.42300540661074,31.26201803928535,16)
(121.45063315463597,31.256489164964812,11)
(121.38434868725847,31.25792520105445,8)
(121.36770212482328,31.296298612587037,27)
(121.39051880932115,31.250264811015587,9)
(121.3948695284192,31.235152650351136,21)
(121.38017228831083,31.254821201147656,5)
(121.41594814880634,31.295913961590156,35)
(121.43700235380142,31.253657009886126,36)
(121.40005020112996,31.272071693448886,36)
(121.37301978538247,31.256242892368462,36)
(121.38646649938902,31.276705038786048,6)
(121.3726912665529,31.256030374314427,4)
(121.41202927359755,31.24804607452429,1)
(121.41028598335356,31.25539201934014,36)
(121.38552101011129,31.2704906275245,3)
(121.43228544131448,31.24333125317951,5)
(121.42152570765829,31.251445447013346,37)
(121.44547093427768,31.254349473453573,20)
(121.43849738122856,31.282113036323956,3)
(121.44394104912107,31.265477830967548,2)
(121.38130481451627,31.299185285327116,36)
(121.3995555548226,31.232580439022833,37)
(121.38843577174595,31.270094856552014,26)
(121.45381439244262,31.252680286747985,22)
(121.34133674270856,31.28637541850943,35)
(121.4040372069326,31.25005831999896,23)
(121.39735249313954,31.231807371440528,1)
(121.43626510413374,31.253872860253352,18)
(121.37223715921903,31.251774011509745,15)
(121.36506645676197,31.276963559498068,21)
(121.41348239544958,31.266331596051895,18)
(121.39796567980585,31.287262485232862,15)
(121.3528200750433,31.28054598758627,29)
(121.4215976845367,31.246161802459728,36)
(121.45988803713529,31.26471762887561,2)
(121.40148148732258,31.259228855298534,16)
(121.4016301979921,31.30128819384713,36)
(121.45913724335145,31.264922150659878,33)
(121.38343589138596,31.294707627502714,18)
(121.34279033934534,31.29055882879756,36)
(121.40091740589048,31.28711883585881,36)
(121.40242773878536,31.259462164663763,36)
(121.44632480957385,31.24175994713828,1)
(121.41375474124696,31.245020863571998,36)
(121.44733592050333,31.25130892563225,36)
(121.4019695820016,31.228100296000942,9)
(121.42500368801329,31.240468023010962,20)
(121.40764985991387,31.301500905591187,36)
(121.39036032672855,31.269147863100336,1)
(121.40505883245848,31.24445594118241,24)
(121.39578007220965,31.258368428652556,11)
(121.40122050659366,31.248804226536016,25)
(121.39389157069172,31.299400934181943,36)
(121.37219380442372,31.23646401350577,11)
(121.3968258497983,31.260987038563556,54)
(121.4393563974688,31.25317453369089,1)
(121.41819330364127,31.243077640470798,19)
(121.4313264327425,31.251501948269453,30)
(121.43751448731818,31.24011902705867,8)
(121.37588059012374,31.25468113315704,5)
(121.39263449709823,31.223279150891077,9)
(121.41008876421664,31.269214593723255,3)
(121.36764519552484,31.314519194425593,24)
(121.43742819463142,31.26675449207516,34)
(121.38602461124259,31.29449788580436,3)
(121.36303027310424,31.239997380316073,11)
(121.40866798517597,31.24675590005845,23)
(121.43664389689525,31.253333344228295,5)
(121.44686530280009,31.267322683175113,36)
(121.38553306079598,31.259442920733434,1)
(121.43654799666015,31.284765287057734,16)
(121.42145937167918,31.243590309665663,12)
(121.41806337730398,31.243020679336535,1)
(121.3793683275094,31.28917729944718,24)
(121.44936743253281,31.253183749446524,22)
(121.43032450975218,31.253024484143012,29)
(121.39458677420383,31.291097279982097,28)
(121.40711136839025,31.249843421371367,1)
(121.42753586256974,31.27276551032005,19)
(121.41422763463238,31.29276132702341,17)
(121.4176064416518,31.252132947048857,35)
(121.43027618979447,31.267684066203586,4)
(121.41835404267636,31.252677820936682,36)
(121.37290513210624,31.250722324824743,19)
(121.44393250745118,31.2509896044773,8)
(121.38811390456397,31.25094106499758,7)
(121.40364695967627,31.30009326027039,36)
(121.36903815992235,31.25265195688688,3)
(121.44748495280162,31.257175120787682,3)
(121.42868001524667,31.254588547758193,25)
(121.37025733476534,31.251902540634998,36)
(121.36511255132278,31.277110689876285,15)
(121.41210091616847,31.23041909115317,34)
(121.4105732665958,31.230177270968667,27)
(121.43262905960489,31.244344315592706,15)
(121.35648896347413,31.297223701162753,8)
(121.42682568518458,31.229030447582172,14)
(121.44907139401772,31.24221175548517,34)
(121.42913339407919,31.235651127919056,10)
(121.40979521596586,31.227969360566078,11)
(121.37414258318694,31.255452875104854,36)
(121.4018002431657,31.244009230441332,36)
(121.41035600058568,31.26806100890555,19)
(121.37812479358708,31.27624059270033,11)
(121.35811598929774,31.284308964400754,2)
(121.38928202193227,31.252979125710844,36)
(121.41268027531113,31.263297503357826,18)
(121.4099769071456,31.255603754618704,36)
(121.44104828281495,31.258651861392796,37)
(121.44123013873678,31.265302017439957,2)
(121.40053258244042,31.229081124527976,22)
(121.45774369493063,31.276743390810015,36)
(121.40035547418765,31.26204087470733,14)
(121.35045144615732,31.295969012556313,23)
(121.41035022362543,31.29792027179236,2)
(121.34345210439663,31.29202755429699,36)
(121.37715961845298,31.271355292137617,33)
(121.38024690601083,31.23825764696783,151)
(121.37544878282374,31.249536994892736,13)
(121.42194707046552,31.243039081129776,5)
(121.38957041703156,31.259207911863136,18)
(121.40652716062816,31.260502730881992,4)
(121.43347127418053,31.236483775840647,2)
(121.4083151329921,31.224930083006225,13)
(121.38490010175141,31.267450790888905,36)
(121.43908174442318,31.25473079926183,27)
(121.44611426571888,31.24154941054356,16)
(121.38941240998213,31.256158611574488,35)
(121.40997163065151,31.244530870097798,10)
(121.404525581242,31.2536479580584,36)
(121.3740448290529,31.273596608864683,36)
(121.36203259475245,31.28453099249774,37)
(121.40105158929791,31.238833720134636,3)
(121.43039912684065,31.24775620909272,36)
(121.390611998423,31.27454230277255,36)
(121.41630240693515,31.243628749715153,17)
(121.38659651070815,31.28685230726698,24)
(121.40903757602106,31.244995680090444,30)
(121.38026430204513,31.274811174094715,25)
(121.37435967226389,31.28946151006929,36)
(121.41113131122209,31.243549250502273,3)
(121.43297221370545,31.251567125615367,13)
(121.37128128579812,31.313625644674584,5)
(121.3659890671987,31.30923077213807,16)
(121.38770638948391,31.296283982278325,21)
(121.36497222029588,31.313299641793044,1)
(121.37270400468309,31.22972959906814,4)
(121.40179353584216,31.290897134765054,6)
(121.42048623838828,31.237015642434553,6)
(121.45017636343776,31.25854892080636,3)
(121.40934002185983,31.259359466254804,36)
(121.40956661821465,31.23217532406512,3)
(121.43768816037486,31.25271466973067,6)
(121.41509397317384,31.239269754866818,27)
(121.41530432610293,31.262999053268448,13)
(121.37516617677827,31.2472256254589,9)
(121.36393717723493,31.30822053350031,24)
(121.37254602413206,31.255800084818578,18)
(121.4231048122017,31.267654376364657,6)
(121.39286674740886,31.236327669382632,33)
(121.4427067853396,31.258212682268415,35)
(121.4110432702713,31.232422121077178,37)
(121.42162670129484,31.24082364872754,5)
(121.36664583554405,31.24941209700943,34)
(121.42923184834314,31.260558079880433,4)
(121.41988555085582,31.247135543835913,18)
(121.42575526400411,31.24416806642276,2)
(121.4144366100796,31.23609822318762,2)
(121.41877878681542,31.236786531231218,20)
(121.3373691727153,31.290426545596365,44)
(121.40748458602036,31.241004473481052,9)
(121.42682962782197,31.238244471006787,28)
(121.41361634195876,31.229462258537612,19)
(121.38455006043891,31.24202145671471,27)
(121.442779382603,31.25605651724079,72)
(121.40940835212606,31.251793157363497,21)
(121.43826555907667,31.247459957465015,42)
(121.42653283186775,31.248434299950095,36)
(121.40056338935439,31.238231316146493,4)
(121.42722328012465,31.258629455280275,26)
(121.40557715075823,31.23620926114575,22)
(121.41080572752142,31.270403987898476,4)
(121.4389511225198,31.242052172013036,8)
(121.40734876181916,31.245256330101157,31)
(121.38203580246974,31.266105499333044,43)
(121.45200127160965,31.25523011284683,2)
(121.4232492056827,31.262154922246506,36)
(121.42933093149335,31.262874978309146,20)
(121.38380905326211,31.280349180570305,36)
(121.37185839658368,31.249831162891994,27)
(121.3896865256218,31.254830230639943,6)
(121.41054353651599,31.244671851664734,33)
(121.4157693368789,31.25127436034375,4)
(121.38735724546346,31.252457411206855,28)
(121.42513763208291,31.241327301752857,41)
(121.39589779372581,31.300291770982636,37)
(121.45206916220404,31.2554448914603,11)
(121.39743999085326,31.246339429174203,8)
(121.3882954394825,31.276529944858076,221)
(121.42946043738314,31.259003178871485,22)
(121.43513034506788,31.270625807092074,2)
(121.41840049325697,31.239986846070167,89)
(121.43631611279767,31.237026301254666,4)
(121.43923859781214,31.235827895431083,12)
(121.3780850044816,31.256266045489706,11)
(121.40468023393073,31.232714837231494,8)
(121.37534749426801,31.25787734692689,1)
(121.4444878654867,31.24123430065957,1)
(121.39772625758816,31.245138287660648,1)
(121.46369874885823,31.25475560430862,1)
(121.42469929316108,31.278412678572597,36)
(121.43627192832045,31.258005285237083,9)
(121.42189935193262,31.250782909241238,36)
(121.45176867803178,31.280911333702893,20)
(121.44872855895619,31.246995520330458,4)
(121.37936226460954,31.27460128524106,35)
(121.36414670545567,31.310752851723155,12)
(121.3973432005474,31.239170623859305,18)
(121.44699377386338,31.25284420245639,25)
(121.40533326984082,31.261721783252607,12)
(121.44189406862913,31.25937541677539,8)
(121.41057351869736,31.23306959871602,24)
(121.34536491305022,31.29909172574556,36)
(121.3875591860656,31.284048956788183,35)
(121.44151848284561,31.243102577511753,2)
(121.38045600803046,31.290319889693244,4)
(121.43370301522344,31.238197291977578,20)
(121.44806982089437,31.268121890917815,15)
(121.37726137104642,31.273234349646174,1)
(121.3698091594464,31.23806352360992,2)
(121.3976038468967,31.256663492151215,21)
(121.41003936962919,31.230203360206087,21)
(121.42217301959893,31.24952917147051,36)
(121.4538954740271,31.251262599639475,3)
(121.415439077016,31.23505121323994,16)
(121.4147042985354,31.240294776502772,2)
(121.42412502935916,31.26232082797689,15)
(121.45457722312561,31.27200304768942,32)
(121.42815152796737,31.276780999292416,2)
(121.43831547481565,31.27013752425774,1)
(121.41328182433867,31.261375932944546,2)
(121.40880557825614,31.253517970002772,22)
(121.43247095671744,31.263611935696378,32)
(121.38883866306242,31.230827235638525,1)
(121.36372954718786,31.282615853399555,7)
(121.37632909764885,31.230545681188158,26)
(121.4185126272169,31.23758200022627,2)
(121.375758693051,31.300959779643254,33)
(121.38016848467313,31.269327770235357,37)
(121.39677873740877,31.247057798571586,118)
(121.39830463101198,31.23913898850228,1)
(121.3686063286317,31.297432002709172,36)
(121.41825679248531,31.27203818953656,2)
(121.35956902183445,31.277651835317542,15)
(121.40251858065665,31.257422298267034,36)
(121.42651725465433,31.241627273400614,14)
(121.35327383653629,31.296241235323777,13)
(121.378788819374,31.266493237805037,15)
(121.3595692216969,31.27820553411419,12)
(121.4061014566583,31.26502893430188,27)
(121.45899694528592,31.25956538211497,15)
(121.41229197910981,31.259470129728083,18)
(121.39747769672205,31.301460924001013,16)
(121.42381922040597,31.245248091004175,34)
(121.3813907198454,31.22792388006148,8)
(121.42466461043095,31.235828191477168,2)
(121.42707335957846,31.23817922362111,27)
(121.38640840562677,31.23031766858519,36)
(121.38806433324028,31.24593708813615,2)
(121.41057446133243,31.243881493340147,36)
(121.4253963102354,31.24056574707831,26)
(121.41433968605116,31.236102002890554,2)
(121.34092383110895,31.286504693952878,36)
(121.3828157737931,31.278407431065254,23)
(121.44605585355337,31.241578700214543,13)
(121.40857987314918,31.290988711305577,2)
(121.36496728026543,31.276960408775132,26)
(121.43483868276537,31.253436703739325,13)
(121.43748953415648,31.253282189331305,33)
(121.41439262140929,31.272854773644948,2)
(121.46403884346479,31.25535406547707,3)
(121.42410859511682,31.24112402218821,6)
(121.38012263645527,31.23330303023466,3)
(121.40366143046103,31.230315362618665,2)
(121.40905007926308,31.233234905104364,8)
(121.41117868766703,31.259452244492472,49)
(121.37086785724759,31.29561241514635,36)
(121.42377100862362,31.233143054513054,1)
(121.43765935726714,31.24295537606905,37)
(121.39289225023039,31.259523427908373,20)
(121.42338682526413,31.24789527134856,11)
(121.37300403900727,31.247917211984888,8)
(121.41219210156919,31.255773437637075,4)
(121.42311931234441,31.262072981064087,36)
(121.46222351566337,31.262424359478775,7)
(121.42219562728968,31.245245252513122,25)
(121.42042629542672,31.249672851393576,5)
(121.45746789673878,31.259396625176453,15)
(121.38831903581277,31.239869564881086,34)
(121.38406275301404,31.28710537950677,36)
(121.34424125139613,31.282593210380515,36)
(121.42390281291091,31.241450325722912,36)
(121.39187469110975,31.30578866844151,19)
(121.3812191713742,31.28149510506332,11)
(121.36987025261735,31.237992575846715,14)
(121.45163681019108,31.244421918454197,2)
(121.43918107150627,31.278322673112363,36)
(121.36487977354116,31.23827548596606,18)
(121.4212843287368,31.247252266228642,29)
(121.4471419166227,31.24333618982586,2)
(121.40272854064509,31.25948905710501,24)
(121.41825508787659,31.252498792122633,7)
(121.39120799061187,31.292048852210844,36)
(121.391578584293,31.238248144246448,14)
(121.39885011947206,31.256126187303632,36)
(121.43527770388967,31.286773035652512,2)
(121.37603903761138,31.265191565891023,6)
(121.3979475002553,31.262371096692107,21)
(121.38015865426935,31.29049864639124,37)
(121.37818443373997,31.250962924602447,1)
(121.45029094024774,31.260889821523982,11)
(121.40346845678881,31.299740948497444,3)
(121.38899259921322,31.262476034693965,17)
(121.45210966975091,31.254655799472467,36)
(121.42588474792043,31.239759975732117,36)
(121.39105304830153,31.25966327897898,36)
(121.4053297677541,31.29456191559682,2)
(121.41576933644262,31.251269358139936,12)
(121.41760694320402,31.257883459681295,29)
(121.42449750513313,31.244266131203755,19)
(121.41052830205943,31.241948633510365,1)
(121.39880805026621,31.241556261594084,12)
(121.39172008607687,31.28038496484963,36)
(121.38231730856685,31.250983660748858,11)
(121.42436833586997,31.240928733782923,36)
(121.39680453801653,31.302476889468064,60)
(121.38118568909033,31.233288809555642,1)
(121.45910325204163,31.254795073507616,3)
(121.37547791857752,31.227575093865877,36)
(121.36317237395598,31.305206454031705,24)
(121.45108109501693,31.260480952899172,9)
(121.44220326927169,31.241433053292155,3)
(121.40234245605973,31.244969776522773,31)
(121.38994320219909,31.230805736749303,9)
(121.46350926864088,31.254620989799122,1)
(121.40836068857809,31.231349047459133,1)
(121.39588281157414,31.300589880223853,23)
(121.44976047326777,31.26062559575658,6)
(121.41126144704833,31.24545807989111,12)
(121.3982802869436,31.244649297557732,5)
(121.38616760935555,31.26987792776115,6)
(121.37733830453428,31.27126561259448,8)
(121.45459247992797,31.275385432066813,22)
(121.4157681840281,31.23805245176491,4)
(121.4454505719477,31.282937624126532,3)
(121.42027407861534,31.240563067997737,11)
(121.41159130143556,31.26764467583323,3)
(121.36765839398068,31.29351510068177,47)
(121.40878980633468,31.24464904522969,10)
(121.39809075447636,31.24161702484893,8)
(121.39694567625043,31.245124034942933,434)
(121.46396061749579,31.259823012634094,36)
(121.4091162953874,31.24409999814646,20)
(121.43337863303091,31.251240198704192,21)
(121.44150267136955,31.242676692474966,31)
(121.36055008449573,31.2877359303592,37)
(121.43096668762588,31.27347820556926,23)
(121.44766265919519,31.256265519390276,2)
(121.44244807101883,31.255900082744116,37)
(121.38130400177388,31.287102117195193,36)
(121.42574880536712,31.250299797527763,34)
(121.38519040699559,31.26747606088704,37)
(121.43214410545423,31.283140482489337,17)
(121.44906107821836,31.27941034818198,26)
(121.40559045447152,31.239080011293346,8)
(121.4091134946747,31.24590389409125,36)
(121.44895777416606,31.255221729061084,20)
(121.4083479056843,31.256758416536425,37)
(121.44618828194209,31.244842317562284,34)
(121.45638208109341,31.246201814032272,2)
(121.37845895822062,31.27710148160185,15)
(121.42452990885658,31.2796364468437,4)
(121.45451529501649,31.25958587863909,13)
(121.34861210814982,31.30270133854463,36)
(121.39869328346725,31.246794274818377,4)
(121.43332960825506,31.23890505493646,36)
(121.35515248295717,31.287795981079196,36)
(121.41288111907785,31.258395409871135,21)
(121.44456193983966,31.24381063085315,1)
(121.43994993540166,31.282649177030212,1)
(121.4178794292051,31.230890259979006,14)
(121.4383324856581,31.257203743033735,7)
(121.43256764349648,31.25946422198959,6)
(121.44048096246075,31.28246600989043,6)
(121.4450753489565,31.245843618850582,10)
(121.4044178492276,31.231899054146677,2)
(121.38224323567246,31.279794440776296,2)
(121.45175419878561,31.245351058908454,10)
(121.3944778314384,31.24230679461339,2)
(121.42365846155717,31.23487653080358,12)
(121.40277882458034,31.259595289823746,27)
(121.43381755029918,31.25540120975324,4)
(121.37748165815485,31.250081643793703,5)
(121.4079161007256,31.24562154659955,25)
(121.38620320398535,31.231815064013627,2)
(121.4073338578301,31.25869790075189,36)
(121.39048868677001,31.260617308361503,6)
(121.43095434627723,31.233494264618386,7)
(121.43802462747934,31.275899127197842,1)
(121.40649645576238,31.2851804136924,3)
(121.4567537249342,31.24778783459579,17)
(121.44510845593638,31.24582982477085,36)
(121.44392484068402,31.251236679699595,6)
(121.40149834457826,31.280462823205227,4)
(121.34220225387094,31.304727296504062,33)
(121.42596045429639,31.23960541896492,1)
(121.44560325077732,31.282802310425097,2)
(121.38781519223663,31.246940338841394,7)
(121.38011200963639,31.2837608725728,70)
(121.34940010057612,31.29088477310892,36)
(121.38525720572002,31.252876817012368,2)
(121.42677578902286,31.23943305655752,25)
(121.37127798526856,31.313575244336,36)
(121.38654967262791,31.25527287788552,36)
(121.37666793259089,31.253304554938744,29)
(121.34110723444955,31.286427007715915,36)
(121.4123390310335,31.278366005068545,17)
(121.43028151903883,31.23767613544221,1)
(121.4067087791308,31.265963416475866,36)
(121.39586195472378,31.24502859712383,7)
(121.38685525537137,31.269557369649647,37)
(121.44597933839712,31.24485118078743,10)
(121.34263746453539,31.283953539460214,36)
(121.40797309566436,31.247147207123184,3)
(121.44064891607606,31.256028123415714,1)
(121.39047357070241,31.259423782411037,4)
(121.3921455906651,31.256490607799282,37)
(121.3520838909274,31.284561336257475,28)
(121.38634922602188,31.283271384199175,29)
(121.40534337091556,31.298666709821546,19)
(121.45910256038374,31.265167177447143,9)
(121.41301533249116,31.249886649497906,37)
(121.4359731647735,31.24663866202944,1)
(121.46375928503745,31.25478009615751,2)
(121.41163961761832,31.24572702017878,3)
(121.34693841688635,31.296277914353507,35)
(121.4193285128941,31.242329709575486,1)
(121.46116077164291,31.249192413624545,2)
(121.42208580606477,31.260281077185574,37)
(121.4001291431112,31.24456589519276,29)
(121.38930886421002,31.232908016870343,36)
(121.44856757365518,31.259734401775916,5)
(121.44243931508974,31.28410640115735,1)
(121.41007953244373,31.255551476068437,24)
(121.3643026274369,31.309435572656547,14)
(121.3794230152253,31.270840775152617,6)
(121.42968205439949,31.241635475496093,36)
(121.40533323289078,31.23733275469721,1)
(121.37867175836817,31.233017318894927,15)
(121.40581550879423,31.249593037031005,1)
(121.45365567650016,31.263068117007855,19)
(121.41894292846696,31.253956333060753,11)
(121.37680508276047,31.300105692479494,13)
(121.43331106292221,31.25904569992795,5)
(121.39717002626209,31.26601783689628,30)
(121.45113127994213,31.251851845247653,12)
(121.43738818556169,31.26701148388264,41)
(121.43807660011771,31.253630537881286,37)
(121.38856482764682,31.257932750397714,36)
(121.45462826453907,31.250895851744588,2)
(121.42176312652781,31.261050808475517,32)
(121.44722308057445,31.261905739641044,9)
(121.37673306338291,31.25501493879664,36)
(121.41300005450744,31.246642214703325,16)
(121.39072547190723,31.240255262046094,2)
(121.42391645442271,31.2384555988632,42)
(121.4378134566592,31.23551680206382,7)
(121.3536020858128,31.29668885162314,1)
(121.3819676110851,31.299289998306303,36)
(121.42363577118265,31.238193055396536,37)
(121.38594734203896,31.283186413848423,29)
(121.4207961488299,31.28444390295755,3)
(121.3721546971399,31.24745489995804,6)
(121.3404047276656,31.29879361071496,1)
(121.45232133075078,31.2474541789212,13)
(121.45443290922603,31.275849950630207,24)
(121.45801705241253,31.26758178423349,3)
(121.40738493335824,31.233475057897362,2)
(121.36804899159789,31.30430788937611,60)
(121.42360604404116,31.241015352440716,4)
(121.46306084800145,31.264161166219697,1)
(121.39825317654947,31.290957197989503,36)
(121.42121809057765,31.24264152994603,36)
(121.37821611947082,31.245396009916636,37)
(121.41215560952955,31.27292778326055,3)
(121.37755173197735,31.272857527138193,20)
(121.43417234323248,31.23826775906218,36)
(121.4562420580707,31.252747780933692,51)
(121.40200906855814,31.22993988839248,9)
(121.39636934008246,31.274210264017597,20)
(121.40625330462723,31.294946326165398,36)
(121.35620715679501,31.282580659172293,36)
(121.42854610177005,31.232103793696698,2)
(121.45695128002608,31.271659960307908,9)
(121.45047282113637,31.25998498492422,3)
(121.41354071407035,31.23341609634986,35)
(121.40369173345479,31.233737936878807,5)
(121.456843113406,31.25506507287295,13)
(121.40274567947083,31.235069387679573,3)
(121.40488152146841,31.229599179728787,28)
(121.43940591512752,31.244992978692927,8)
(121.44822626997131,31.242665494116387,35)
(121.37614813172388,31.253664654661936,24)
(121.42257214880952,31.229066223860144,2)
(121.384638991503,31.25786043798288,31)
(121.43264434831234,31.247897881579554,36)
(121.37396644530457,31.28709778191469,13)
(121.34691422003043,31.2814613467708,3)
(121.40261776689157,31.259315138294184,36)
(121.45371643513931,31.261969522969988,42)
(121.42995362012483,31.246516421397082,32)
(121.44176284745275,31.261666645473095,4)
(121.38895194502955,31.232387642913658,15)
(121.44414495634345,31.266010214642282,2)
(121.44546209866157,31.243312607536524,11)
(121.4262289252397,31.25732046554745,30)
(121.3870546148339,31.28296610615476,25)
(121.44858627573014,31.253258217006238,1)
(121.44886033769623,31.27074456984584,1)
(121.45835766796912,31.260174041460452,1)
(121.37924997379032,31.29589981469235,4)
(121.38941240248425,31.256072574076395,33)
(121.40826460784925,31.264724857188753,21)
(121.42982198864827,31.24687989408386,18)
(121.43307089046827,31.249441072353346,36)
(121.43277791216832,31.24042128244346,34)
(121.4413908256578,31.265065672412998,28)
(121.38576830400689,31.287657973003075,5)
(121.37204392361349,31.265588755458158,23)
(121.45414536117512,31.279407376585084,36)
(121.41016894706242,31.22562022314573,3)
(121.41780509781485,31.249518699374505,6)
(121.44404029283949,31.270499799701422,2)
(121.38718364846673,31.270460020015832,36)
(121.43693455354153,31.266174510906236,18)
(121.41534685766688,31.252757013130683,9)
(121.39571381031112,31.267255211041483,16)
(121.43067805574393,31.249042558648863,1)
(121.36435283440427,31.309491778321483,37)
(121.36499373000717,31.288615099858024,36)
(121.40685492153469,31.24608589360717,9)
(121.3887651702877,31.282792381936382,2)
(121.34997318617374,31.281541350161508,4)
(121.42238967169513,31.281963850407685,19)
(121.41786458854477,31.232617059743195,3)
(121.44754309102059,31.280780240595764,2)
(121.37523389622235,31.25476346765746,15)
(121.37129808860237,31.313448547376744,36)
(121.4226345084032,31.24808321297955,26)
(121.43416298973922,31.279929804896174,14)
(121.40893611379913,31.259824704876817,14)
(121.43723116275095,31.2556885915722,51)
(121.42267025049394,31.264994689688653,38)
(121.38991199159919,31.25723037834959,36)
(121.41511087908711,31.293430551735558,3)
(121.36253888306035,31.31163042642749,20)
(121.41888781383784,31.23705395354453,1)
(121.38942740774415,31.255986547535045,7)
(121.43708714564,31.26430250764578,8)
(121.36241190933282,31.25204081840168,1)
(121.41799340779909,31.231422449015078,37)
(121.37531758170482,31.23786260910441,23)
(121.42226061239182,31.25715045473179,36)
(121.43485277015023,31.254680230867642,29)
(121.38607707052242,31.27461055470965,45)
(121.4463901493756,31.257793160828953,3)
(121.38900762708298,31.262646118943124,10)
(121.40099412415421,31.287115051253828,8)
(121.44630520546826,31.24163434392734,33)
(121.44054174327424,31.235059694126708,15)
(121.39475419823127,31.23215121861144,1)
(121.45143753752602,31.245093807768384,19)
(121.38970517034157,31.239081242088876,37)
(121.42407861438157,31.24102700143518,66)
(121.374128945959,31.27350967835704,4)
(121.38236524050448,31.245125611718674,47)
(121.45040485483372,31.258609517615046,16)
(121.45758049185713,31.246537737533345,6)
(121.38610518867897,31.254271165694025,8)
(121.40580787713228,31.255867032945925,23)
(121.42780453548521,31.237978463212727,3)
(121.40259966878328,31.22381717260349,35)
(121.36408399669571,31.311078143790507,36)
(121.40155115892871,31.25718622410845,14)
(121.45203096033627,31.274689649053357,23)
(121.45388162531674,31.24756942705006,11)
(121.37263887373794,31.286978313122027,36)
(121.4251876657413,31.23957725971222,12)
(121.38607307282615,31.230313381831376,13)
(121.35875512626038,31.304968806893438,36)
(121.45106746689186,31.249595138915673,108)
(121.41189226707093,31.245244857825487,14)
(121.38084224411442,31.25309365639727,20)
(121.4435512413298,31.24751563807326,3)
(121.41490684457781,31.25258625652866,37)
(121.46010048050992,31.253302210359575,29)
(121.42677635722411,31.277929013394274,3)
(121.39467578667427,31.296803793388108,14)
(121.3848833437374,31.258943128067923,18)
(121.36317297412123,31.30490175478928,36)
(121.40903487535782,31.244959079600598,30)
(121.36128493377576,31.280149305472992,21)
(121.36137584116877,31.294876382228402,32)
(121.40692811170156,31.246866101198496,36)
(121.3755643143696,31.253759993553384,5)
(121.40447219774039,31.260785055079133,5)
(121.36497282041809,31.313161242178936,36)
(121.387065043191,31.24326319136951,8)
(121.3928740464335,31.257226929133214,1)
(121.36678961406076,31.232444668765833,36)
(121.39504567012847,31.247068104510564,36)
(121.43772343744735,31.25388424174056,17)
(121.44315384759278,31.282953102600604,26)
(121.43004672322995,31.259055604273435,33)
(121.40210431133426,31.24393926611556,18)
(121.45024520007736,31.258447747755866,17)
(121.37290617578715,31.235441639151233,92)
(121.4011832683618,31.30018146185288,37)
(121.4232060790499,31.227570571518665,13)
(121.37575197090823,31.237691648802198,47)
(121.37680685951376,31.245844191482046,29)
(121.41680418839167,31.232653564199058,7)
(121.38566518227567,31.289390751290224,36)
(121.42320324850192,31.262182967669254,55)
(121.37068312782331,31.240215853337524,22)
(121.3949989250056,31.238828385616003,12)
(121.44851726716887,31.249862175089696,16)
(121.42928357485499,31.24666893971309,31)
(121.44891072200066,31.241938926788507,31)
(121.45636208517064,31.271159764463718,25)
(121.43774802574437,31.240817293518425,9)
(121.37196581060316,31.265594744589613,36)
(121.42106505601063,31.285662514357597,36)
(121.39644886284094,31.230683566327336,3)
(121.3484780343838,31.282017850509835,8)
(121.41187027464959,31.24578536820652,17)
(121.35895279340187,31.29669390729386,37)
(121.41874073519416,31.229004957418542,33)
(121.43006355109104,31.27984347974216,5)
(121.41973275480498,31.236790981398624,2)
(121.38759901838006,31.281698027621324,18)
(121.36476526627607,31.246323926062345,4)
(121.38885507580505,31.257842931147664,19)
(121.40501434522719,31.26184356531182,36)
(121.43849590601506,31.26516694686746,16)
(121.43371804998989,31.238843566659355,3)
(121.41090392374456,31.261441151638007,73)
(121.45504451876558,31.252484566811155,10)
(121.37131519138192,31.313578749427776,3)
(121.40220131497958,31.247045075134043,36)
(121.42305840068593,31.262477198665604,36)
(121.38426776746509,31.29430424627014,17)
(121.37870162207396,31.230998426332224,8)
(121.40212699628195,31.261699431105054,19)
(121.4372448285392,31.25412744926665,28)
(121.42790115855054,31.246371144041504,26)
(121.37734070943411,31.298879837283913,25)
(121.41920279167812,31.234235324678547,36)
(121.41004470422702,31.245519301895328,8)
(121.39905847916754,31.302649980333335,24)
(121.3892549469221,31.298289957887057,37)
(121.43759223374249,31.27593050589465,25)
(121.36429882690588,31.30944807219007,11)
(121.40422517775926,31.22649267253403,40)
(121.43465069194629,31.273270441308007,17)
(121.4384883078247,31.239470014622572,7)
(121.46332585777373,31.25549780211011,36)
(121.34928302280147,31.308239680506322,12)
(121.4247434601604,31.2696219107109,113)
(121.41700326801067,31.235363393321684,4)
(121.40961536717101,31.26377333678323,25)
(121.42558538471312,31.242412167763856,117)
(121.44782271881539,31.272360121292376,36)
(121.39931148026368,31.232763443051557,4)
(121.39840338749255,31.235862539108435,37)
(121.37378370950988,31.25365473875673,16)
(121.37900309566022,31.266472466009983,36)
(121.37165157438342,31.25506558614132,21)
(121.43251473551157,31.250296091688366,3)
(121.38938142150907,31.256593778447865,36)
(121.45803237697862,31.264871023713873,19)
(121.37771789410074,31.241460364369733,2)
(121.4513631481426,31.252563055209787,10)
(121.36419141187073,31.30992655873798,6)
(121.3825417201049,31.292879036618825,36)
(121.43430563417282,31.255313181283235,36)
(121.43752104226202,31.259700942632236,13)
(121.39396018623614,31.29940124725857,62)
(121.42284553941785,31.26196012826604,3)
(121.40149646725243,31.25895273936206,33)
(121.40457138636818,31.231946285386535,1)
(121.43719431788983,31.25876473081606,29)
(121.44404036483212,31.259846250031686,11)
(121.42537533281967,31.23640513562718,12)
(121.43751933502094,31.240075270699105,30)
(121.39892236923077,31.23321551761206,5)
(121.40717237232954,31.249904448055435,1)
(121.39316295881635,31.264019472629467,24)
(121.38656386944209,31.293253200680496,18)
(121.41896863645655,31.28097618543083,28)
(121.42699952389019,31.239147728264317,36)
(121.44624719338982,31.24156293387563,7)
(121.40364508068015,31.2263305190193,20)
(121.41446641746292,31.23583832991548,43)
(121.43140769177123,31.255693697383144,12)
(121.40079577872235,31.26171086344053,37)
(121.40555371436436,31.254156270390332,17)
(121.37933612587227,31.26713034145245,13)
(121.43829976984365,31.262933535007903,26)
(121.4084309918497,31.2463668364226,5)
(121.37396871429465,31.2735745036493,36)
(121.3959823329943,31.30594199971338,36)
(121.40362495186325,31.247835278119823,36)
(121.38375460077697,31.229535445638653,19)
(121.44557565325638,31.24199631469949,24)
(121.38199656843034,31.26394353706124,23)
(121.41798269199941,31.284068172728983,17)
(121.40285979403066,31.248264436826958,5)
(121.44058889905682,31.23818114521448,3)
(121.46381389410116,31.25685969933178,2)
(121.42843005590281,31.261890482918076,15)
(121.39286435880616,31.270949238343498,35)
(121.40330490207869,31.230375561697418,5)
(121.40834552201046,31.22942316205916,4)
(121.43507787774227,31.258065481325843,2)
(121.41018155755481,31.26550667767365,2)
(121.42191806487514,31.26253363788753,36)
(121.37227075013257,31.313197782658865,32)
(121.45417676545587,31.274197991473418,38)
(121.41114634672974,31.24399644800518,36)
(121.40280203819215,31.261990326936797,28)
(121.45316649575469,31.247540311324897,32)
(121.37117867522767,31.287854488014798,18)
(121.37986875096347,31.29578544047472,12)
(121.39645016347906,31.227393672889715,22)
(121.36015638963589,31.24215084340483,1)
(121.40135671047753,31.28865402086903,23)
(121.33411098769255,31.29277727620442,10)
(121.34888626345445,31.28165276165854,3)
(121.44865430068377,31.250113848121753,1)
(121.36499562469119,31.30928075368252,19)
(121.38400398727549,31.24266314621787,12)
(121.43506552738663,31.255505923195965,12)
(121.45179652129423,31.24534902388299,4)
(121.37127798525943,31.31361294425095,15)
(121.38301504263208,31.29038350047916,20)
(121.41343396205124,31.26135266482172,28)
(121.38954155014035,31.256511859423235,36)
(121.34438845221332,31.297278473523715,28)
(121.41483714056577,31.23270635885469,1)
(121.37055769643801,31.230317013831307,3)
(121.33606909230434,31.300450034375743,16)
(121.38426232872146,31.231870488527928,9)
(121.39150010993967,31.250706562012965,4)
