(121.40107351206406,31.306636123781423,15)
(121.37910388883948,31.23316937432462,6)
(121.41866546489355,31.236824577435495,2)
(121.37230166409398,31.25598284491943,36)
(121.39483013982675,31.230958710540563,19)
(121.36790458870752,31.31398736766136,31)
(121.40457231991586,31.262055613202442,24)
(121.3684022939762,31.266389998444218,10)
(121.39647986643052,31.240244735997187,2)
(121.36787458074132,31.314479509253047,32)
(121.41723186247715,31.243059090736747,37)
(121.39382408007103,31.24892327669619,1)
(121.42483972088647,31.227552253066904,35)
(121.43076141703288,31.273646032736245,24)
(121.36774584693724,31.237001045347384,23)
(121.39787719467279,31.23627652695847,10)
(121.39626673327821,31.239992525458266,8)
(121.40985187630393,31.25962722071791,10)
(121.40019413501153,31.294004949173274,13)
(121.39860696474535,31.229492891355644,14)
(121.36886244230902,31.247728536629918,6)
(121.4380931685936,31.271939376472126,23)
(121.40150014797115,31.301109093257153,36)
(121.45620447273132,31.263680148833974,37)
(121.41983973467849,31.27064425268497,6)
(121.44121702366307,31.286651920681198,2)
(121.4224259899255,31.26036634783828,37)
(121.38090470427959,31.26901057917945,4)
(121.40461021573981,31.259205771214127,22)
(121.40563316554025,31.270734397184686,28)
(121.39823449128849,31.306662231182624,31)
(121.43367492346961,31.271091710128736,18)
(121.39885432791527,31.244529611098415,31)
(121.4298492312219,31.262080112501664,1)
(121.36650644286748,31.30920063508357,15)
(121.36768802268766,31.296298610809647,31)
(121.43381006768291,31.263504324851773,29)
(121.42937480669123,31.239117460447073,36)
(121.46178196805754,31.253668571235952,4)
(121.37810177744578,31.276406635636416,2)
(121.45665339337522,31.252756462939328,6)
(121.4400527591796,31.243602003152386,6)
(121.3748091960823,31.27122253915021,83)
(121.42222333991702,31.25959830714064,29)
(121.4073709165856,31.24474615389901,37)
(121.4182954172943,31.279463260928193,7)
(121.37696606601055,31.297366807434166,36)
(121.41088758005749,31.24600038854211,3)
(121.44501322532551,31.24588251092079,4)
(121.4133882862224,31.23935484018453,22)
(121.37322657322713,31.25019150492894,18)
(121.36960937309097,31.23274682578553,36)
(121.44008597341023,31.239922574118207,18)
(121.37048926691347,31.27257832779613,36)
(121.43134900751004,31.246963915017385,5)
(121.45079309335689,31.25995636638667,23)
(121.43650009478135,31.25299538542715,20)
(121.42481044507322,31.24700310466261,22)
(121.387480368569,31.25804593719073,26)
(121.42755496176284,31.251140578674736,17)
(121.40517717366336,31.29408392167721,4)
(121.36758446023826,31.23806338223983,20)
(121.4090911360276,31.230483895273675,1)
(121.38385496444155,31.26726275248349,29)
(121.40993269641106,31.23412438671144,2)
(121.4456617462752,31.255406621534604,25)
(121.38859293264261,31.23587196317231,22)
(121.44244589427282,31.283245972611528,1)
(121.39665340296223,31.302883159127344,25)
(121.3460316079708,31.280509764105915,29)
(121.39185420384659,31.24301046690882,8)
(121.44562106400612,31.246616814613557,3)
(121.45303044396545,31.266239720140717,1)
(121.3445331838455,31.29047303993346,37)
(121.3857165262426,31.262643459846473,13)
(121.38867353664499,31.253483892643967,34)
(121.41103233316665,31.24354026420473,7)
(121.39960306206493,31.261148157601596,5)
(121.3432743962182,31.28796755612631,1)
(121.42564154087367,31.246024990887094,21)
(121.36883050023594,31.28785307550552,20)
(121.38697341429958,31.270076686304193,4)
(121.3930469132546,31.264400567640823,27)
(121.39471650468082,31.247413088358716,16)
(121.38227769811502,31.238659683443945,9)
(121.44481850008279,31.27902707647234,16)
(121.37090691760758,31.295591459674835,35)
(121.43700928331704,31.252975701728495,4)
(121.4427381685075,31.26329282453682,11)
(121.43376644818868,31.26714793239748,5)
(121.44458994738112,31.278949423537323,1)
(121.36591115857568,31.233248742641738,11)
(121.41130187310235,31.27336714475033,7)
(121.4179801798166,31.251647553858,17)
(121.4399108053775,31.24594753374381,19)
(121.44595853636413,31.254251159815826,36)
(121.42519886230258,31.24465674536948,29)
(121.45696475783639,31.25452657916693,17)
(121.41117731470476,31.243712315148574,6)
(121.39284774065081,31.256305626036497,36)
(121.38958551063435,31.232653230676455,17)
(121.38491511071702,31.267372771244247,27)
(121.43796299096302,31.267430651196456,36)
(121.36483772336318,31.284731405358077,14)
(121.45316749145884,31.247662314001982,7)
(121.4513122114223,31.27494374184912,6)
(121.42864494100496,31.253662657181252,3)
(121.40704662247069,31.287109202233747,36)
(121.43656247240392,31.25380481805225,35)
(121.43605783062357,31.253492180665525,36)
(121.4104984525137,31.243605381470875,12)
(121.39589125778254,31.225358647947704,29)
(121.37948984577065,31.24490059141029,14)
(121.43794330778455,31.246067629976746,1)
(121.36744280225578,31.233077115342933,17)
(121.41333159351694,31.288468875022755,19)
(121.44197918374434,31.243566561787006,1)
(121.42593875332676,31.278948039120724,36)
(121.44637392053576,31.24483525015393,29)
(121.38831954374521,31.28249423662911,28)
(121.38387384416694,31.242650018934192,36)
(121.38553200151645,31.2472805876018,14)
(121.44369744063155,31.264536824286917,4)
(121.44581250280528,31.24181595689417,37)
(121.39279022740286,31.25920680931242,36)
(121.38805069003705,31.25756974016622,36)
(121.419702115419,31.236598424691465,19)
(121.41129128508221,31.243683280958248,2)
(121.43877662053792,31.244369458187013,27)
(121.4239487378692,31.24107212066821,15)
(121.42019783841472,31.24212121795383,36)
(121.45264258640384,31.271066404634514,2)
(121.40257137546337,31.243471151693928,1)
(121.39500055185299,31.25749166288335,18)
(121.4060131807897,31.247786487517747,14)
(121.37632978756827,31.281302599996607,12)
(121.45175550105911,31.252556145926096,32)
(121.34277409003731,31.28808480421193,27)
(121.40608899910102,31.245673550705657,24)
(121.42243199140705,31.260401549019228,23)
(121.37422690153966,31.239545320196488,76)
(121.41190963464618,31.24951275040339,21)
(121.3469142110187,31.309280882945355,23)
(121.39629392191493,31.281822233586965,36)
(121.38928229331799,31.256093487850787,36)
(121.38684162780223,31.293861748463506,19)
(121.39412368675903,31.26517050709666,16)
(121.45845019250028,31.257468667772578,19)
(121.41620413246778,31.25137623170626,36)
(121.4098184682019,31.24293564621147,24)
(121.42592184548512,31.245122400740122,32)
(121.41853022616088,31.253695547180076,26)
(121.4063315123569,31.277684156089162,5)
(121.36021279673353,31.289864072914366,35)
(121.42391780024373,31.241462319775927,24)
(121.38879442239354,31.262433867928742,6)
(121.4252974834554,31.24142821676449,29)
(121.39968988556548,31.281690824450923,30)
(121.40916102740172,31.224749935644287,29)
(121.42299141439118,31.273422889695397,1)
(121.39656254882269,31.22462561580101,2)
(121.41747739846305,31.25078941587312,36)
(121.37157236881096,31.235693839117964,3)
(121.37127958552023,31.313622444448765,23)
(121.41006926513731,31.22906483148207,2)
(121.40140982302749,31.2905998274938,3)
(121.43958616028272,31.26865696834866,7)
(121.40242865273396,31.26993564066256,2)
(121.37014641698813,31.25191692579052,6)
(121.43436829439847,31.27540167857655,26)
(121.40488165487727,31.231129884167647,71)
(121.36970994911518,31.24903729995364,1)
(121.45309865142465,31.247476417717344,6)
(121.43498222037047,31.239119147119922,12)
(121.41926758369709,31.24267489798813,8)
(121.43575468742576,31.25869665187019,16)
(121.41341187941359,31.24625092762393,36)
(121.36423731838065,31.309392765231067,26)
(121.41451823136372,31.275600363609605,2)
(121.41498327608096,31.246451516318658,21)
(121.45613732889697,31.27159665106989,1)
(121.43531344630073,31.28184416721363,8)
(121.39351969527486,31.258262197873883,1)
(121.45968959552492,31.2535512338887,3)
(121.4077137992928,31.243572621251914,11)
(121.38391111808362,31.244128869479884,3)
(121.38237406657498,31.299078319987387,6)
(121.41782579622034,31.274191418141054,31)
(121.4259836672128,31.239994997954796,36)
(121.42346387409465,31.271988945302645,8)
(121.38136227593289,31.26922714250541,6)
(121.43367201385213,31.23767209085577,36)
(121.39457715817608,31.301745676389846,36)
(121.43410661435091,31.263223847438393,37)
(121.4314741827695,31.247012126784195,37)
(121.4555244041996,31.24625465178471,2)
(121.42509968426371,31.24149940999824,36)
(121.42903873560111,31.23368732536992,7)
(121.4388064345427,31.242813719028586,2)
(121.44632070948268,31.24483984081495,36)
(121.45291322300771,31.255133127687714,11)
(121.43808562064251,31.254037703833067,16)
(121.37241852751515,31.28688698866553,21)
(121.3773224949853,31.27370361680151,1)
(121.4028897275594,31.223813224791257,18)
(121.41973270728933,31.236245733557098,21)
(121.42715130480643,31.26145143971151,36)
(121.45369982736187,31.254516322058755,3)
(121.41949029343618,31.252526150303133,36)
(121.45524529621581,31.25718834166655,4)
(121.42307438145669,31.262416160951652,14)
(121.45984999995717,31.25159701877179,36)
(121.38524278804404,31.259740793897876,22)
(121.3677983920112,31.233089425760706,19)
(121.41226377212637,31.25947122383265,36)
(121.41637711250752,31.23014227189859,4)
(121.41712957846354,31.247176466316827,36)
(121.44874456160714,31.247426682919823,2)
(121.4131573143926,31.23507258858181,1)
(121.43690446043757,31.264554859680086,11)
(121.413238913219,31.232038480192156,37)
(121.39194726413368,31.231686336920607,1)
(121.36617183904808,31.247400507966145,29)
(121.40678308238051,31.246516944693916,5)
(121.41015605138324,31.242452517336403,21)
(121.4039804421027,31.260953008401017,33)
(121.39745726277978,31.239267714701903,19)
(121.42513763670232,31.24138032561512,12)
(121.43328040992228,31.250925179815813,5)
(121.41913379586525,31.23129684693182,7)
(121.38347884112679,31.250993655830985,36)
(121.40764593454435,31.245578390843278,36)
(121.38740145183387,31.258045123131726,16)
(121.3839344298991,31.270277293311068,24)
(121.45223943706799,31.267740915345573,5)
(121.41160192976896,31.282209171010372,2)
(121.43879518547749,31.28203789263139,2)
(121.44364354692672,31.25683234137724,3)
(121.43945993201876,31.26854434472252,30)
(121.44820052054996,31.255374479057927,120)
(121.3901580417547,31.282254571612803,19)
(121.40895185493328,31.2461339601143,36)
(121.39561223759321,31.285414307706915,2)
(121.44356755409252,31.251470361432304,16)
(121.39649626220421,31.24469073924356,36)
(121.43136114777808,31.24363231866961,23)
(121.36875704670197,31.314321705514352,6)
(121.38417791856484,31.228198720169598,22)
(121.40603512014269,31.24708217560313,7)
(121.45401348277429,31.270749664205525,11)
(121.42479766654591,31.27231806085926,8)
(121.39241259962493,31.25439385792678,33)
(121.43457972020629,31.23797913018259,2)
(121.4509524679619,31.25693475269043,1)
(121.42468013725257,31.24203998918193,59)
(121.37756431337866,31.27556777638868,54)
(121.39105865928536,31.289570760587626,37)
(121.4144794926087,31.246487705015152,9)
(121.38934334401507,31.25607652527511,33)
(121.3995581172585,31.261968496306345,13)
(121.42888236543375,31.265615567855928,20)
(121.412352208278,31.24607212301752,28)
(121.43824063150332,31.257118833909008,36)
(121.3997756393428,31.23199501815948,27)
(121.42298820455008,31.23660580780844,1)
(121.43628320644906,31.243713382637107,23)
(121.37030502172286,31.249133761732477,16)
(121.43942660041971,31.27983678126012,7)
(121.38594164858091,31.23694710806078,6)
(121.36283508258599,31.28456826536682,18)
(121.38783144280853,31.261135565907253,24)
(121.44077523860247,31.279972857167074,24)
(121.39651829924073,31.23897119477835,40)
(121.37365989973515,31.255498405298933,19)
(121.38455659150472,31.277249591388784,36)
(121.34931201196945,31.284244266408667,12)
(121.38962941759202,31.300039916303923,36)
(121.43708720407301,31.264973794587984,26)
(121.37540005213958,31.299468762574083,36)
(121.43014166523814,31.247322157911608,10)
(121.37445785653462,31.278417130934006,4)
(121.37171639345118,31.29788044652754,6)
(121.39129904664382,31.26895041385182,8)
(121.3641160011982,31.310787848120366,23)
(121.36328562096635,31.281252610151448,19)
(121.38938137573693,31.25606854964585,36)
(121.39143673918011,31.275695334368766,36)
(121.37253368898432,31.286708066714134,36)
(121.39960209846758,31.23862620689204,29)
(121.42014603034863,31.254739745472865,15)
(121.43861070558742,31.265082749871258,16)
(121.39644476124754,31.237002753303937,18)
(121.353455628922,31.283327236646972,36)
(121.37818376460731,31.251996288545307,11)
(121.423234371454,31.263904683874554,11)
(121.41083184174721,31.22592526318079,14)
(121.44135325210617,31.268629299169504,34)
(121.43604202041675,31.24391295612444,3)
(121.40164151179752,31.259024804902282,3)
(121.42699170805693,31.26516458248842,1)
(121.45767986335736,31.25375971493453,7)
(121.4385797668513,31.26518783820705,7)
(121.45373095417031,31.256836272119415,6)
(121.40574460976164,31.229898382516815,1)
(121.39182417506335,31.242934413703715,11)
(121.44030971711074,31.247617643991898,36)
(121.46009272662242,31.2655013166029,6)
(121.45769564009352,31.25165475618391,12)
(121.35252251166054,31.281173723603622,26)
(121.44760867898094,31.26050953592253,31)
(121.41196212834598,31.24387422999149,35)
(121.40926171777447,31.232821652276325,4)
(121.38296013823994,31.243307783919757,26)
(121.41940604242954,31.241390053825835,7)
(121.45541748671467,31.252558323916514,2)
(121.38353043572701,31.242300538852678,37)
(121.39666721236516,31.239553191601743,22)
(121.3937962633744,31.27418213210953,36)
(121.45578197327227,31.245682724255577,32)
(121.38689984969352,31.25291623922082,34)
(121.43648409376931,31.252694274222073,17)
(121.36323967842948,31.28288420717096,37)
(121.44585981925353,31.260880660336852,19)
(121.38259845103593,31.243063983152876,13)
(121.42471193486439,31.251533187874784,20)
(121.40612286277353,31.238747590169865,4)
(121.40159549209683,31.236730204144173,1)
(121.41422455673161,31.291855966744432,16)
(121.42858577792592,31.273923392903985,2)
(121.39553985049542,31.2618319286515,2)
(121.4252207741541,31.242733760672948,27)
(121.45586199538684,31.271020689157098,2)
(121.40731060567441,31.252623644801304,20)
(121.43653066508642,31.253690812103624,7)
(121.3906404495533,31.26690039247919,24)
(121.45967345011736,31.251381315813127,12)
(121.37394867370313,31.24395830202756,53)
(121.42973406755436,31.24670357661242,33)
(121.37939157393862,31.254723824642888,20)
(121.42542799914757,31.248826412919946,26)
(121.4505796692829,31.261015227904366,7)
(121.45990160745735,31.248654603844553,31)
(121.38921323888638,31.256148460942416,36)
(121.37257505987502,31.24417298787923,10)
(121.43955264922256,31.236993024226578,9)
(121.39954045257178,31.23146992481833,3)
(121.40343923596946,31.23997273062975,8)
(121.37505964791478,31.254421667024943,36)
(121.41029935685395,31.242066720778837,47)
(121.42471109724023,31.241920911125586,36)
(121.34851293501725,31.281708338625325,13)
(121.42526842256885,31.25186588607041,13)
(121.42211259659003,31.255573868353434,36)
(121.42392036653492,31.270899145869862,7)
(121.43924408363844,31.258833162516332,1)
(121.40028655476753,31.304661772701433,36)
(121.4451032548396,31.245832723839662,36)
(121.38883863295904,31.252921770789634,7)
(121.39818555999773,31.299416666816864,36)
(121.44510025420779,31.245837423296788,27)
(121.38605753093938,31.235760861596212,28)
(121.43676692900192,31.278879064812543,36)
(121.38690282445289,31.28704363912964,36)
(121.4098371726811,31.259603017708184,1)
(121.43769853196304,31.254794035257902,14)
(121.44075151583519,31.251752618972258,1)
(121.41222766318978,31.259560916112935,36)
(121.45730512335477,31.25169900932758,32)
(121.44134975133946,31.26864369849237,5)
(121.39930592628784,31.260659168521293,9)
(121.40623708985278,31.261017770179908,19)
(121.40454019873799,31.26016675499614,40)
(121.44029701411347,31.246767243178486,36)
(121.39849638269877,31.246836511285075,6)
(121.42468013969318,31.242068001769915,32)
(121.36155576366382,31.296793496971365,20)
(121.43589792072721,31.26012707707072,31)
(121.41209608575089,31.289633654933674,39)
(121.41134497131063,31.240234720762718,4)
(121.36595239949435,31.249443229851867,38)
(121.42409359233393,31.240932947613036,36)
(121.37243086094105,31.255958003269367,36)
(121.3649728203814,31.313297141869302,20)
(121.41313211257462,31.270729616581455,3)
(121.39567036630045,31.267026993137176,1)
(121.45457757900287,31.27610676282353,36)
(121.42110656244692,31.234542521781897,37)
(121.39616984308125,31.264791376580753,36)
(121.41726357463132,31.251424794606187,7)
(121.42262967689109,31.238502921998656,9)
(121.40639340103803,31.238730442379598,1)
(121.40253474993301,31.25932312567294,11)
(121.38079055720213,31.26892042224403,27)
(121.39761916672566,31.2602510535843,19)
(121.3913208975141,31.255568677897198,19)
(121.43448250320576,31.268257535866383,31)
(121.45019092052114,31.260915804833356,15)
(121.36790462474907,31.31440152309624,36)
(121.41768041574609,31.26031455641296,24)
(121.3652419326695,31.27886460993555,32)
(121.41285607891541,31.257842176294723,26)
(121.42541353345963,31.254786047829203,3)
(121.44379566477116,31.25781576824034,3)
(121.40378042881032,31.287403089043725,6)
(121.46050357172986,31.2552671682634,5)
(121.43458082269665,31.262118793717907,37)
(121.45169099352964,31.27000810278056,4)
(121.39960294519679,31.2483385579438,3)
(121.42782343589501,31.27147008790255,2)
(121.40492227035098,31.254855712728126,10)
(121.36339785324867,31.246932105972554,36)
(121.45038983778686,31.258024291992317,5)
(121.36891351316011,31.28785338626716,36)
(121.40589007275298,31.246602955626393,2)
(121.46111289157706,31.257491472584686,8)
(121.35598401197767,31.288338576756637,16)
(121.37601948961964,31.30587699620637,36)
(121.36417620987983,31.30950635794646,36)
(121.42321831064007,31.263046327581343,23)
(121.41604360980054,31.255930292778814,37)
(121.42094562641888,31.279750887410515,3)
(121.43580759600084,31.238321800022703,28)
(121.3917216900544,31.252700622098363,117)
(121.43958460557434,31.26008921588822,1)
(121.4152451860984,31.230335077182033,2)
(121.3862789104376,31.288531260618015,23)
(121.42517859065102,31.24131326212844,9)
(121.44658936747956,31.24997064122704,17)
(121.42078049342864,31.27680677171188,9)
(121.42919025866235,31.24653989797258,1)
(121.42204699619256,31.256584476222,153)
(121.38625531104942,31.254758227145537,29)
(121.4010516412363,31.237940361564462,42)
(121.3913959615024,31.290069183443585,6)
(121.4108217369086,31.231438107904953,2)
(121.39934993454791,31.287118223039894,14)
(121.3964261303036,31.232112013034268,6)
(121.38946411085475,31.252218925083266,9)
(121.43374924998605,31.253124894970874,36)
(121.34758354409689,31.287074282253975,5)
(121.36687406212452,31.235940387959385,36)
(121.43370258454829,31.233247038187727,5)
(121.44269168413133,31.256723058574384,37)
(121.45895253316543,31.259697166280002,4)
(121.43822110932412,31.25075307214004,21)
(121.38748337233427,31.238337277478742,4)
(121.3761056175469,31.246681081574806,2)
(121.45642506346795,31.25383841941796,48)
(121.42727017567476,31.265382739153218,9)
(121.43054858516969,31.241757444249433,25)
(121.36420391361419,31.309886960265167,30)
(121.3799981818161,31.287377219069178,20)
(121.41367522156067,31.246177544720947,31)
(121.39076654599403,31.29089009332007,36)
(121.34685671437663,31.28674483165115,12)
(121.45630786182114,31.271148104420725,36)
(121.43342890088581,31.2438761753423,24)
(121.45344962511534,31.25850210668713,36)
(121.41246474072815,31.22963064333871,12)
(121.3623283800035,31.240280002695656,11)
(121.41321260718283,31.261400918415124,28)
(121.43122237189536,31.283629700126927,17)
(121.42412403149908,31.24629132464042,35)
(121.36422531668933,31.309491463625854,21)
(121.35880632992493,31.283077202135193,36)
(121.42715374509245,31.245654852808496,25)
(121.43955462711054,31.25974010832926,36)
(121.42692154407597,31.24988259762104,25)
(121.45539124432858,31.2722524802555,6)
(121.37756759289654,31.2744241484498,26)
(121.35166578128394,31.28183448465469,6)
(121.45315139911216,31.246014662337405,2)
(121.45928258726089,31.254055223822977,1)
(121.43252408338513,31.231486606839294,1)
(121.39217885192933,31.23624661685649,18)
(121.41313023749979,31.24923933242634,18)
(121.45675214852069,31.25146085983869,17)
(121.45316650104374,31.247601338428403,13)
(121.43600054052757,31.23870103689243,34)
(121.39419375947283,31.307161605726527,1)
(121.37131299100915,31.313622649027,20)
(121.38076492852495,31.233234372144725,34)
(121.39909597544384,31.27813299128553,36)
(121.38938138105517,31.25612957624432,30)
(121.35172686285328,31.281298372871653,24)
(121.41933685365096,31.27067706498897,1)
(121.4104604665095,31.255142491182923,36)
(121.38698742582643,31.270054688542004,3)
(121.43643796765873,31.264495305103626,8)
(121.4478154235111,31.269416954736442,5)
(121.37368589572739,31.268998220752064,25)
(121.41124184065619,31.273138114210614,10)
(121.35313812565563,31.289789939454078,3)
(121.37306583021008,31.25595482623344,36)
(121.40229066829717,31.27046783715092,3)
(121.45826535001271,31.261813048743747,49)
(121.3743760793351,31.30536578713114,23)
(121.36684054788667,31.288355849393465,36)
(121.397015412337,31.243416396620454,21)
(121.41937400831715,31.236894229261562,10)
(121.44741273813284,31.25768510735018,31)
(121.37119370967176,31.253399245060148,36)
(121.43576833060678,31.25408981585919,36)
(121.38203336278178,31.238078176939307,38)
(121.41090625683566,31.288164298485345,2)
(121.36896739748836,31.314342009310906,2)
(121.4333550275131,31.251378993764455,37)
(121.43216385085726,31.27727150708828,5)
(121.42254978858165,31.284837913418787,2)
(121.40535951278022,31.28636183784661,37)
(121.37109874562567,31.31311948259866,10)
(121.39250400563438,31.246829577070528,25)
(121.38271307027729,31.237173438287414,16)
(121.37127638499057,31.313639443971983,2)
(121.42495596449619,31.254570326072596,33)
(121.40940599853931,31.22479793365875,4)
(121.38005894325435,31.283760815945715,27)
(121.37337689922862,31.228280798462382,21)
(121.39644848109617,31.224522516660308,6)
(121.41503472904054,31.240438803887276,3)
(121.42300541472447,31.262111079293433,36)
(121.43652796451775,31.253969711057938,36)
(121.3911098402265,31.291191444482102,25)
(121.41825513612372,31.253052035059593,4)
(121.38948222893485,31.276360262253483,24)
(121.42875917297745,31.25785437499239,36)
(121.4184229988444,31.252664780215863,36)
(121.418116713955,31.247248540688854,20)
(121.40901427029151,31.24499947524835,16)
(121.41813840339769,31.232372813615278,1)
(121.39183351855624,31.25139367917741,24)
(121.43898292361376,31.26164106751325,28)
(121.40935683669598,31.23433433443449,36)
(121.40932601796634,31.270749331417424,4)
(121.37678722105584,31.26747937025227,14)
(121.42692034163078,31.2360784067879,10)
(121.39853024400787,31.26116271398165,36)
(121.3605833414798,31.293870501841816,13)
(121.39413648776497,31.239837386676893,2)
(121.43227042047451,31.242858057941266,22)
(121.37417493533748,31.27260535740647,11)
(121.38479656293738,31.228016200670282,37)
(121.45567313144487,31.24737047242976,1)
(121.43155515409993,31.2517548094686,4)
(121.44173286053709,31.27265936398584,16)
(121.39930462835365,31.23178902500007,36)
(121.41579875027074,31.244712437018904,36)
(121.38566518227756,31.289379651314036,12)
(121.40242647535045,31.244976796614008,2)
(121.42680662365711,31.237914341822023,36)
(121.45154935921647,31.245272025697147,7)
(121.42416253812664,31.241043944746767,10)
(121.37574380000127,31.233374083250478,28)
(121.39175470001187,31.238068175948385,36)
(121.4291987415722,31.265594232202652,36)
(121.368912707581,31.309352938216378,36)
(121.43092498923663,31.274832389465296,5)
(121.41858365959754,31.231136732125115,11)
(121.35956902180627,31.277750635099395,8)
(121.44638932373383,31.24483225285919,37)
(121.42585530724027,31.257292772134047,7)
(121.45153815243891,31.245740697810266,9)
(121.43331681832765,31.250040088692174,36)
(121.37263019463714,31.25627840292463,30)
(121.43815451603422,31.27709144307873,36)
(121.43416743715875,31.237288911961215,12)
(121.45626258326081,31.255118321228963,2)
(121.43757444737905,31.265347296076815,22)
(121.40984407078128,31.260792028242356,26)
(121.4212003071148,31.235190271385935,31)
(121.41207838163045,31.258610697058902,16)
(121.40332346361205,31.300103067037778,21)
(121.44269391816842,31.282411910641592,4)
(121.36997301253116,31.24511474811682,21)
(121.43605998260192,31.278208714405068,25)
(121.4120542699579,31.245792066473815,32)
(121.39909861529436,31.24672367407035,36)
(121.40994059817919,31.258313741752627,36)
(121.4459049229782,31.2516415564062,27)
(121.3852881044588,31.287245490256673,36)
(121.39604458377214,31.228150013702844,1)
(121.40033376889193,31.2640851662536,5)
(121.38835595972424,31.22900775208439,36)
(121.3839048224958,31.27807427181556,14)
(121.41526965160875,31.229284631533694,28)
(121.37667123776276,31.23256319776427,1)
(121.42407865691942,31.24151522118591,34)
(121.40386883324373,31.246047518026195,36)
(121.44140579476957,31.265024632087133,15)
(121.42406479143214,31.273647753797963,13)
(121.45838461556973,31.266818239038475,1)
(121.40671572852584,31.240363240053668,58)
(121.4045600697161,31.30501313930878,36)
(121.42964036673322,31.24649798935786,31)
(121.40153545284956,31.293371346977594,14)
(121.40896535857458,31.22495720302843,15)
(121.45554930853669,31.254479530728013,36)
(121.3708205139136,31.269494669505203,37)
(121.45660619977647,31.251088506509408,36)
(121.41864384650188,31.25250559676226,4)
(121.3914840129148,31.28989417060617,17)
(121.34339380113573,31.2924008509761,75)
(121.36452435766596,31.311937492609793,20)
(121.40521994670202,31.257081522692822,7)
(121.41229931445575,31.25857062921462,33)
(121.36242226561089,31.283928359599336,2)
(121.38643606889377,31.262254274416733,1)
(121.45383087358657,31.270179791933,37)
(121.36816272800581,31.25203349814125,14)
(121.42471775491096,31.27984108530601,3)
(121.38358150797556,31.299929820800774,8)
(121.37736654355221,31.25055772104391,14)
(121.443826596563,31.25772267761535,26)
(121.39280451555213,31.227296892204293,17)
(121.38502577181794,31.285421979419233,11)
(121.42586296485459,31.24199300023716,7)
(121.38213940993037,31.232114670339907,54)
(121.4024046863115,31.22479439004057,2)
(121.38157960455081,31.293000123558244,37)
(121.38091495570696,31.243105376677658,15)
(121.39066740835875,31.290210753630838,25)
(121.36431482865297,31.311202070045876,27)
(121.39250396204325,31.24632935444696,36)
(121.40267100297784,31.25042826452263,19)
(121.34657548330425,31.300102615975213,32)
(121.37756857712255,31.293812100574538,7)
(121.45894324476019,31.24986825842004,3)
(121.41314382376686,31.233083055179574,18)
(121.40548960644433,31.300186936633732,36)
(121.36366894021752,31.309128200948013,36)
(121.43183628981339,31.246124004887257,5)
(121.41039858859854,31.24494099392761,13)
(121.36457206424488,31.312289597346556,13)
(121.44130523940802,31.258760108950817,36)
(121.41924000208299,31.254137394871464,36)
(121.36981573248961,31.313674941196815,46)
(121.4507597623255,31.252672914631763,5)
(121.4474150075203,31.28025833415609,1)
(121.37253641153775,31.24300067158511,31)
(121.42771595797468,31.274892201360885,9)
(121.38561742092904,31.262591351207412,20)
(121.43817489445259,31.2818183648918,10)
(121.42517976381149,31.239587058062938,26)
(121.41354278903141,31.26135998758025,26)
(121.41616492141843,31.271138304242555,2)
(121.40541668905763,31.242499092623806,20)
(121.44805449087723,31.255340454093155,8)
(121.40519457346355,31.26428762903053,36)
(121.37921346012429,31.23301791750283,36)
(121.39496253380975,31.25754166518661,36)
(121.45511523536511,31.252795689610203,14)
(121.44624749426538,31.24485452793973,16)
(121.43320261454095,31.271329368224766,10)
(121.37499392504424,31.287097132113924,33)
(121.40915227335061,31.296306779610916,2)
(121.4046012772643,31.25006639039973,27)
(121.45395891719652,31.247861406541514,1)
(121.37650220633107,31.237310782997852,2)
(121.38918832959206,31.291082775615703,18)
(121.46042230735937,31.250857414666847,3)
(121.41932938729839,31.252359165995323,8)
(121.44805661659373,31.25927909178152,5)
(121.36843305236255,31.23500973673253,36)
(121.43101098087425,31.27617660067956,9)
(121.38876701099197,31.3038857737648,36)
(121.42845319088083,31.242505891887134,9)
(121.45172067170095,31.24505904118935,14)
(121.38046798633633,31.243906193559063,10)
(121.4130022762426,31.253603520632392,63)
(121.44605645447577,31.244824394414184,37)
(121.35242310726129,31.278885607258072,16)
(121.40447242934147,31.26343919622589,19)
(121.41091741536503,31.244187574018497,18)
(121.41038397671693,31.24935795959176,27)
(121.39867818454344,31.232222976705454,31)
(121.43866315229633,31.25974938393625,36)
(121.41524353335127,31.239261196866654,10)
(121.42437931813257,31.240843686924038,36)
(121.45348673336211,31.247555679653257,3)
(121.43552104766204,31.280896514946683,28)
(121.37169838160153,31.263524307285046,29)
(121.4220587707864,31.24560450539881,21)
(121.41077438421084,31.24347427879303,3)
(121.4229731818934,31.247662786917008,5)
(121.40340562592381,31.278898558117582,11)
(121.39014563902472,31.28239346904133,3)
(121.42308184933,31.23686202866503,36)
(121.39309279959852,31.224334235254496,3)
(121.44375367200453,31.26315204943567,3)
(121.36904352206291,31.314326110240412,40)
(121.40251168859506,31.2595893130326,37)
(121.44790056704272,31.261038164500203,37)
(121.4231193153107,31.262106995689845,28)
(121.40982149038557,31.227984906266983,1)
(121.41846753206143,31.24763253478854,33)
(121.4359609359654,31.264065381855342,2)
(121.439596697002,31.238418607127436,36)
(121.37442875056337,31.27216231236034,8)
(121.4103326729824,31.26868233430583,5)
(121.4149662455703,31.23455115716301,37)
(121.34751105273287,31.309327016304177,36)
(121.44537161412431,31.257313350316544,17)
(121.39420235722072,31.29522291665913,11)
(121.4274929927339,31.239241323047167,31)
(121.45995269945908,31.25359731922932,4)
(121.38645106932009,31.28342179098416,14)
(121.43665987636119,31.25338834724214,4)
(121.40566165054148,31.23879579540163,22)
(121.4217080798996,31.245905873142473,25)
(121.43711872877932,31.279598092384894,1)
(121.44392030535896,31.25320879816288,36)
(121.41707195377829,31.243092177799415,36)
(121.43150737992762,31.25362168202026,62)
(121.4231882563219,31.262121952296955,23)
(121.36503686435587,31.293801351840997,36)
(121.4498812327098,31.2456046495839,7)
(121.40307152480385,31.22878408629361,11)
(121.4385128370652,31.276171561646017,5)
(121.41823915087667,31.25310906809901,36)
(121.40523504501013,31.286814012236057,11)
(121.44491523991113,31.255289826587827,35)
(121.3717833075616,31.241889000159404,1)
(121.43410856030586,31.26263659299914,13)
(121.39716148733497,31.26640650372496,36)
(121.42591431691153,31.23516286478677,35)
(121.38040293522883,31.290237800778996,36)
(121.43335952967496,31.238488831310082,22)
(121.4482126370056,31.25804531012843,11)
(121.41231938589442,31.2594568354804,18)
(121.37590387454249,31.30068284663815,30)
(121.44116065292349,31.246797053995895,12)
(121.42289051709577,31.262147176786375,19)
(121.41325841853752,31.261403627993534,35)
(121.42878029732991,31.236629920492085,10)
(121.43118178586357,31.253386933780718,2)
(121.41256619748978,31.258151383508622,51)
(121.36486700554599,31.312864230443328,12)
(121.40862867553972,31.24566999400958,17)
(121.41097024576214,31.230909542215716,6)
(121.42788377877244,31.264719168696537,4)
(121.42159598413483,31.246399701656006,31)
(121.45732228817735,31.248092981933514,12)
(121.41017775682647,31.22826554865754,37)
(121.44681887762091,31.261324197374268,29)
(121.42212778337903,31.25785685195304,10)
(121.43744509541861,31.258892695835012,3)
(121.44387218769015,31.254044999256372,62)
(121.42315032367306,31.262513147882235,37)
(121.44796815161878,31.25777280291782,29)
(121.41159768361206,31.25860151498521,2)
(121.42315085810775,31.268640761368232,1)
(121.37082082770624,31.273104187995255,8)
(121.44513826149986,31.24282763555519,36)
(121.41748434541586,31.266267222497984,1)
(121.42604481315416,31.24238902380259,10)
(121.4146363152616,31.291012493992948,36)
(121.38317018385156,31.23252175977742,22)
(121.43305715993289,31.266365106221222,36)
(121.45262752700751,31.25624120689075,7)
(121.3902319536082,31.28900596890553,36)
(121.37366720220061,31.250353817073155,25)
(121.38291316751659,31.258675171441478,36)
(121.41595756690879,31.23202662976945,15)
(121.39940004869618,31.257757393026164,18)
(121.36496631970512,31.312394643161205,36)
(121.38654966644746,31.29331639803878,24)
(121.3616937965324,31.24376762716081,51)
(121.38252764799991,31.26381706933586,6)
(121.38915172563398,31.250861097975537,28)
(121.37451456148847,31.227984097609372,36)
(121.45908905027821,31.26356290146781,1)
(121.42155509039388,31.244635406095714,18)
(121.39185320889558,31.231588283726232,20)
(121.46148252717985,31.253746897460633,21)
(121.44728102884825,31.262714985493883,1)
(121.4251835941082,31.2414093012813,4)
(121.45657870817959,31.2772340777722,36)
(121.41666212942351,31.265498163054858,1)
(121.43208055978978,31.252979764610085,2)
(121.38942742901723,31.256230653926664,37)
(121.41139212440855,31.265043607707387,19)
(121.42407861647358,31.24105101224784,24)
(121.42271567991743,31.262298365374196,21)
(121.44714908778307,31.272607433477713,20)
(121.43446288806437,31.260113796147554,10)
(121.43700121390994,31.240553184486767,4)
(121.39978973838443,31.28711831050339,36)
(121.45108109501868,31.260486952887867,1)
(121.4153916478247,31.264394468826467,2)
(121.4129851084161,31.247203468282976,1)
(121.44920808541008,31.2421144608995,36)
(121.45795362588754,31.247628419374216,1)
(121.43157780681904,31.243333954392863,34)
(121.43203911708761,31.249690134917245,37)
(121.42483058202266,31.260256898258483,18)
(121.41571922155444,31.29548288085999,2)
(121.41257844965813,31.225939153482578,7)
(121.38578760752509,31.290668169926075,36)
(121.45816392394349,31.268849172582488,6)
(121.45977361964098,31.256400292865997,25)
(121.4041521254442,31.26041085559528,12)
(121.38586273142039,31.24130688557671,36)
(121.43119802775418,31.267866164097512,27)
(121.41210835498175,31.25840260012138,18)
(121.41923299915653,31.234225031015402,21)
(121.40892126888433,31.234019708008976,2)
(121.4570496990574,31.2678531427372,11)
(121.42409910332883,31.281104754708803,14)
(121.4349602072152,31.279993655560254,1)
(121.4053481167324,31.235988144809504,35)
(121.40274014406675,31.248514881158812,32)
(121.44457589732782,31.25394230060412,1)
(121.39329399771191,31.29785544576829,36)
(121.43230137779423,31.24285101977087,37)
(121.42231586277983,31.26028332507896,11)
(121.41179615835675,31.25516325830772,1)
(121.44296502588826,31.243625840421725,4)
(121.43336045027856,31.24906656727202,37)
(121.41189800277328,31.238485319006333,22)
(121.35494170078817,31.297014468110973,25)
(121.40546269521771,31.242535112003647,8)
(121.4403997389337,31.25507784500996,7)
(121.41737917332212,31.27048395813194,37)
(121.43229475675707,31.244411524077083,1)
(121.41650090389582,31.250491718368707,37)
(121.38999768631514,31.23072864242195,36)
(121.43532732321113,31.262560627018317,82)
(121.44407873701866,31.24383954398308,36)
(121.4186143387778,31.2693878905503,7)
(121.4226696479028,31.236371443918554,6)
(121.41550999474384,31.23219077860991,3)
(121.42790027610839,31.247707739276827,1)
(121.37648978916064,31.267249922060827,36)
(121.39402275929949,31.24378109725581,8)
(121.39464724674949,31.259945060790233,24)
(121.42818044706333,31.264775913492507,36)
(121.45653896619001,31.25602513535244,4)
(121.39112995827837,31.25948649826586,31)
(121.35903064808838,31.291143165270725,3)
(121.44317183628725,31.257463619035242,6)
(121.38505882182017,31.2508327414891,37)
(121.43261324124136,31.234703977850195,30)
(121.4513784741972,31.25671884377806,4)
(121.44106245668755,31.253985376333013,42)
(121.43495350049562,31.25331450715962,9)
(121.40974735054989,31.259365099501736,8)
(121.45992770033892,31.269091286717853,7)
(121.44267435690361,31.24287352246843,84)
(121.38948012599319,31.252236944662453,34)
(121.40518873565556,31.239177097773222,5)
(121.46003166230417,31.253281354734202,36)
(121.45177123441293,31.28040002774135,1)
(121.39312443558505,31.26978890272034,20)
(121.43809232274567,31.262221246274994,5)
(121.3905342945588,31.255695204656543,37)
(121.41694833313694,31.238769844254385,1)
(121.40416623285317,31.250156379812548,16)
(121.39083797836112,31.23781545884154,34)
(121.36471918422382,31.246325857194833,3)
(121.3769179176037,31.273423028493728,36)
(121.38356547885061,31.256750789659495,28)
(121.34837542164199,31.291206208779805,36)
(121.41832254595086,31.246762221531117,36)
(121.4446721683937,31.265572210119984,7)
(121.45064195239645,31.261292329526338,3)
(121.44724319932094,31.241856407109967,22)
(121.39608925124985,31.224055134425587,3)
(121.40483510663414,31.30510720370447,7)
(121.42777105023092,31.262940211859075,3)
(121.38940567968856,31.270270659022277,20)
(121.3892383385435,31.280004591067275,36)
(121.35920217443143,31.289409872880018,28)
(121.38157939411802,31.290586159172868,13)
(121.40567545518567,31.228165578967864,5)
(121.36325249640251,31.245873409997067,7)
(121.4308632882011,31.265889683483756,18)
(121.39400916250533,31.25998721853836,3)
(121.45946175208837,31.25992651443474,6)
(121.37477754594192,31.257954858355077,36)
(121.43298732598758,31.253096780572992,33)
(121.43512037064845,31.266168856559162,36)
(121.40085609306497,31.26163137568221,4)
(121.45381472273168,31.256490953340045,18)
(121.4293462961328,31.246362929980478,2)
(121.39745790932838,31.246685041163285,23)
(121.39320712045775,31.26553214464333,37)
(121.42878984032302,31.2438751902227,36)
(121.3916943236721,31.245747588526285,24)
(121.37228932522375,31.286850804778908,18)
(121.38597885075973,31.270209046729686,24)
(121.37870470605549,31.26645112642381,32)
(121.43129731195374,31.26114618241045,7)
(121.43636082430292,31.24384379745932,8)
(121.37739129368202,31.270313272809314,34)
(121.37936812754185,31.288830100167676,29)
(121.34443419925928,31.293177936179834,5)
(121.41923114554365,31.260296678163133,29)
(121.39781694708245,31.24522353419591,27)
(121.42320309347596,31.260405201856972,37)
(121.40699687536365,31.260377427904004,19)
(121.4471913948816,31.25325903777724,6)
(121.43635536290917,31.25345877859925,25)
(121.42587683451067,31.245093391525668,36)
(121.38239492162703,31.274165255763215,24)
(121.44358388057564,31.267065085865493,7)
(121.38248787088831,31.28383834000648,29)
(121.40819152689731,31.298081547577045,36)
(121.45600762406194,31.271255779136247,1)
(121.43221858099838,31.25536265271639,24)
(121.43787690958683,31.27633651254676,37)
(121.42040411487585,31.246377902396784,37)
(121.41399281361403,31.25941153386315,10)
(121.38932835848848,31.25638965070239,16)
(121.41187765243214,31.226682414299244,2)
(121.43067061438316,31.255104181329997,5)
(121.44866725165642,31.24192736509059,21)
(121.44451238239634,31.25921920391135,7)
(121.43745317336756,31.24012661525819,16)
(121.42482584529682,31.251761197638988,17)
(121.39909713576944,31.229748986210165,16)
(121.45927106022648,31.257675959955765,4)
(121.45795243498073,31.24785581138738,18)
(121.38207883270597,31.24287338366946,36)
(121.43353229079491,31.250856761274143,32)
(121.38878148873034,31.29775139334559,36)
(121.34100801626735,31.28646883792366,6)
(121.43207919676166,31.283182572593486,33)
(121.35643880988701,31.307879059307943,36)
(121.41673320269201,31.27583425823155,2)
(121.37236188005002,31.252008628454803,24)
(121.40016003195372,31.24710618252003,21)
(121.3387917747501,31.294977058054105,37)
(121.44067060044411,31.26354108174237,29)
(121.45641585509576,31.27419815685569,21)
(121.45653885198874,31.2547065596783,19)
(121.38819386059743,31.296562475279963,19)
(121.39142798492283,31.29005920035136,4)
(121.43152711643711,31.250898462937197,2)
(121.37789393795636,31.25843176948237,36)
(121.45410367636124,31.252471611535707,6)
(121.39216717434464,31.240047331117776,8)
(121.41183442266126,31.258309619720084,14)
(121.4220827358221,31.25688946186029,28)
(121.42762338282778,31.256839011578837,4)
(121.42855271042696,31.262837695747944,2)
(121.40362968118684,31.30200785674327,21)
(121.36486751217801,31.288614885059694,36)
(121.4023131287065,31.264225190481994,20)
(121.43111969854074,31.239990038616565,36)
(121.45096057413855,31.258368360180828,30)
(121.45719222698088,31.25394392069731,6)
(121.38243808545666,31.240980889647773,3)
(121.39496444318908,31.24501114668244,24)
(121.38259528631133,31.245003650371157,56)
(121.39463625424281,31.25771997356503,1)
(121.40620060297394,31.238458137744,10)
(121.44213331945312,31.25303547271929,33)
(121.4223448515412,31.24923092225647,36)
(121.42579841505076,31.241916481304514,29)
(121.43232432857204,31.25411498757529,7)
(121.4100564268283,31.24269369615226,19)
(121.34900666587,31.303138920146495,36)
(121.38139618762868,31.290727028929748,37)
(121.4366926602278,31.28590704113537,36)
(121.38374356876027,31.229619971187425,11)
(121.40981546733362,31.2593828136286,9)
(121.39281977968182,31.28759807953438,37)
(121.39706760595617,31.23386609732873,37)
(121.43763377239729,31.24724032464622,16)
(121.34353996586995,31.301757647124678,37)
(121.41456740586545,31.29172080052374,21)
(121.33531960157407,31.291256975416726,4)
(121.4545771529456,31.271193707407132,1)
(121.43748846163298,31.24095170784334,20)
(121.38428074302824,31.25940578004173,30)
(121.41530892725301,31.263214253810393,4)
(121.4234047319906,31.27329912608876,2)
(121.42553114983573,31.24171682659672,30)
(121.41645391199607,31.275598869282273,3)
(121.44261039601948,31.286085539518485,13)
(121.43906576537647,31.24019517263282,12)
(121.43883851799069,31.28618072406398,49)
(121.45514600889265,31.25106086271957,36)
(121.37903059674954,31.231281097683492,23)
(121.34693401480057,31.301790101411417,36)
(121.37960222641637,31.224608460090618,7)
(121.36767402410595,31.300467861357465,36)
(121.43390299345583,31.264188506418776,57)
(121.40115646416133,31.29436735753614,36)
(121.35554414710063,31.297876664609213,19)
(121.39862105970512,31.280381324436398,1)
(121.42571912789698,31.26511225636793,2)
(121.40444600648787,31.30443890519442,36)
(121.36498231819388,31.277089484975964,27)
(121.41107731906058,31.243496236477245,12)
(121.44538824763416,31.266287777887662,5)
(121.37128338643207,31.31243424764865,17)
(121.34683201204078,31.288741325758295,36)
(121.4361125699459,31.25883262128436,42)
(121.4147634875945,31.270704104575852,8)
(121.38392462790493,31.27029219160891,19)
(121.42232456492466,31.260279726897192,36)
(121.4484587485936,31.247992604965116,36)
(121.38617254591826,31.231164157898604,12)
(121.37146153865928,31.281129377198233,10)
(121.37727463912479,31.273438905373542,99)
(121.44182917806806,31.266516322831148,26)
(121.35633960332726,31.30778485556103,8)
(121.37231875818576,31.313198789377836,36)
(121.45699717673145,31.271813927514945,2)
(121.40436116005449,31.260503921106082,33)
(121.43565302944995,31.2371243954972,22)
(121.37936752744946,31.288720200310056,2)
(121.42707450316718,31.25130708924138,5)
(121.42971426404084,31.255774755535818,5)
(121.39589851789614,31.22485501723749,4)
(121.42180303649018,31.262471714040355,27)
(121.3841650767405,31.270769131660288,82)
(121.45142384060121,31.250630087269254,36)
(121.43733099304623,31.26706535802822,36)
(121.36557047004797,31.278372898650076,35)
(121.42042411839319,31.279677023368638,4)
(121.45528188787031,31.263022615771014,13)
(121.39544623061069,31.24716824001098,36)
(121.40478204953529,31.22429371213932,6)
(121.4413616144956,31.260882921478377,25)
(121.38149507089176,31.233778490512915,7)
(121.36484830294032,31.312741028533946,36)
(121.43701813965777,31.26296302595289,36)
(121.45599051399833,31.246468074797676,18)
(121.40234713374761,31.26419518458908,15)
(121.44193557764261,31.259116424919863,17)
(121.38651195848023,31.293609890757008,17)
(121.37127308445757,31.313600143608493,10)
(121.42289161315716,31.274712499927944,5)
(121.40903287381875,31.234276338826625,1)
(121.45826726139194,31.264305014142643,8)
(121.39638344680847,31.23988143577459,29)
(121.38008956349164,31.299445192708653,30)
(121.45951250185395,31.250157131278677,2)
(121.45329826234871,31.271476404899627,31)
(121.43392523061105,31.2443371899945,8)
(121.42391779989505,31.241458317975404,36)
(121.38633259777646,31.23338701261806,13)
(121.39184398049888,31.297904584108906,48)
(121.39830438686796,31.236337718421733,30)
(121.45475839358785,31.256043843744294,2)
(121.43265960124747,31.251040254295177,4)
(121.39094527342894,31.24024162798859,15)
(121.43940831936833,31.24182441606471,36)
(121.39030432516596,31.24668507620035,35)
(121.45158118959618,31.251490051501985,33)
(121.46104317190111,31.27235557027484,1)
(121.42404764358525,31.24103402825604,37)
(121.43178896040268,31.266613652751293,34)
(121.4416999632756,31.238699597542354,36)
(121.38944246521773,31.256499782106875,35)
