(121.38265787920187,31.23589104810709,36)
(121.37241350952434,31.229154955503024,36)
(121.40154248160036,31.258976760753775,13)
(121.42958814056999,31.234440120310467,35)
(121.39669295082751,31.228480460807504,10)
(121.41905606553965,31.24659676567924,37)
(121.40122142798721,31.259367851472483,34)
(121.41284331525466,31.230508700346657,25)
(121.4470242767382,31.24242529996505,12)
(121.43648482958004,31.26114895260412,36)
(121.42871336387809,31.259427101324665,34)
(121.38939639671125,31.256162601613973,2)
(121.43214844465368,31.260763035863746,23)
(121.37435828217971,31.27348895720422,4)
(121.42295817688728,31.247456706093516,27)
(121.45316149031301,31.247614313135795,36)
(121.42833875520925,31.247463215874305,26)
(121.40748717444762,31.27067341028908,14)
(121.4070203721011,31.24986643166045,1)
(121.44605508075355,31.262403093287205,5)
(121.39340759068766,31.23156261195901,3)
(121.38346546322968,31.231936823015484,7)
(121.34247595059509,31.282545997422996,30)
(121.41271076962005,31.253765435147365,37)
(121.37360528948106,31.2288303436409,36)
(121.42515325651351,31.24866256535486,37)
(121.40994539951394,31.237247483444804,21)
(121.34962622265815,31.302082927991247,36)
(121.41531842901153,31.244583091813265,2)
(121.3965263796891,31.240929861504828,3)
(121.43908050811918,31.237529945638624,19)
(121.46112027107657,31.261222934326852,25)
(121.38552564273054,31.242080558833706,2)
(121.44298390638424,31.263308509318772,8)
(121.39418704828485,31.29179254422749,36)
(121.42313399498381,31.247122431299214,20)
(121.45513105226063,31.25113592662496,5)
(121.39184249070959,31.235959498536914,18)
(121.43716200637034,31.25261433836407,36)
(121.43500911047582,31.284193510194864,36)
(121.3910516064139,31.231627779848246,22)
(121.40264568454944,31.223887214060415,1)
(121.43487918718247,31.28284312083916,3)
(121.43750448819681,31.25671319438425,21)
(121.4520258926145,31.25575016992149,36)
(121.39682625455069,31.265627027973633,36)
(121.41101636427241,31.243855408152953,37)
(121.40916133490872,31.228278571890378,9)
(121.36427536781687,31.234524864591123,23)
(121.38720021301928,31.28823836528887,36)
(121.40076229563724,31.235174631843226,3)
(121.44394113782683,31.266498265774832,10)
(121.43599424363883,31.264044688377165,1)
(121.42551864676757,31.24156002431061,18)
(121.46120363299333,31.254700340459245,36)
(121.42527748855498,31.24799176252174,28)
(121.39644096159608,31.2250672755401,4)
(121.34695111752289,31.29700931337216,19)
(121.45760248043136,31.267810723146525,1)
(121.40519035653125,31.25708289408693,4)
(121.3764609124171,31.292135139749934,36)
(121.41817443793292,31.253452473154333,36)
(121.3867084957157,31.24291796148898,2)
(121.38044014197926,31.280593923691548,4)
(121.38941240632037,31.25611659326237,37)
(121.43030652760578,31.256401105410216,45)
(121.4493298292513,31.24225129835712,19)
(121.3768487285746,31.27234349511343,26)
(121.38946079441094,31.25123020807934,18)
(121.42515185699912,31.239646752191305,25)
(121.36853814038473,31.308088036815427,21)
(121.40350978264317,31.246108492874978,7)
(121.43049955083374,31.24783272921005,36)
(121.39729265484924,31.26493446308661,36)
(121.44051456406636,31.2549112688099,30)
(121.42465015804262,31.241949972431655,16)
(121.44058890282473,31.256194111885616,4)
(121.4112153095016,31.243755327409865,37)
(121.38225629948214,31.23504788277992,5)
(121.4580723830933,31.26231903433959,20)
(121.41904691822788,31.234846875644404,9)
(121.44187206792851,31.27795807726422,16)
(121.45974263596631,31.255640030088227,11)
(121.40587508275637,31.24672500918104,44)
(121.43094075688028,31.253638507195372,2)
(121.44974260430484,31.242234632504402,36)
(121.37233441069347,31.287033937966203,8)
(121.3923173465634,31.231007407528047,83)
(121.40308984776085,31.27607242759596,61)
(121.4334115897783,31.274428421818026,2)
(121.43895103588969,31.2410557237703,16)
(121.40121935917738,31.235643314990238,6)
(121.42954216020266,31.234023976697674,1)
(121.39303191531964,31.26454161911566,20)
(121.40922562227661,31.243820121372575,1)
(121.40371267885524,31.233840106840663,1)
(121.40172860476187,31.29420543188715,1)
(121.42390374982575,31.252201107981815,36)
(121.37812634793406,31.29408584552096,32)
(121.37061866827328,31.240403690558285,36)
(121.42519636785897,31.239497761655983,19)
(121.46208832694406,31.262113863490452,31)
(121.43003646198056,31.249018064805682,4)
(121.40166078645211,31.236639186416426,36)
(121.44827553381921,31.24784650583714,6)
(121.43870848009392,31.242866781954632,26)
(121.41039743619231,31.231723008359282,4)
(121.42465105069438,31.252193526667188,36)
(121.38156219506743,31.26555178594304,15)
(121.45737226420479,31.271948913490377,19)
(121.38026400198801,31.274811174046157,50)
(121.40528395844065,31.24719630176256,36)
(121.42404923492899,31.259292091141266,13)
(121.40183992834477,31.250177896116462,36)
(121.41090081692236,31.22581319945161,36)
(121.46329583077319,31.254218312761285,5)
(121.44346771065919,31.263287397376654,17)
(121.3912020953442,31.25989114169841,15)
(121.42433725914341,31.254615555617136,21)
(121.45670814652172,31.27027681803316,2)
(121.39734256645201,31.264905372915095,36)
(121.39161023744221,31.245478414392547,36)
(121.44557227041582,31.282306159817725,23)
(121.36853577776708,31.280922264465328,12)
(121.36706704167169,31.249496534604607,9)
(121.44664738140487,31.261529067092706,36)
(121.42312746114412,31.243720725354105,37)
(121.45280116799678,31.2453130430998,3)
(121.33309534904183,31.300573409196172,4)
(121.42219455342884,31.249012452556062,19)
(121.36431102854814,31.309643373153047,2)
(121.38911259921244,31.27276248914929,1)
(121.43918046656128,31.25463861814487,36)
(121.45421739116354,31.252358331526253,19)
(121.4133302619281,31.27321960809628,4)
(121.4596792836558,31.272688468653325,7)
(121.45245135824796,31.256867182456755,26)
(121.40850434486879,31.253889352276,27)
(121.44313293315227,31.239537380498103,8)
(121.42578786141996,31.26285723309969,15)
(121.40138187677786,31.252536913104468,10)
(121.41377702358976,31.283784846594074,4)
(121.43711292610739,31.250786599534493,6)
(121.42856866029267,31.26088887303008,37)
(121.41236830923032,31.25874468843922,36)
(121.41018440697344,31.230928674153166,36)
(121.43399740223471,31.26630482388336,32)
(121.37543653249921,31.281391561736214,27)
(121.36485970452523,31.312827329672377,26)
(121.37096656901282,31.27897182446871,37)
(121.43918221373657,31.270581273272263,1)
(121.34342448440961,31.287539798599315,33)
(121.434064089156,31.27942071476948,31)
(121.44080677373913,31.267258888908483,4)
(121.39442524102326,31.22345102182175,12)
(121.43027534499853,31.257988904695004,13)
(121.43755089691926,31.247062121299162,20)
(121.4252155691544,31.264408371943116,26)
(121.42812746894221,31.264333774619793,36)
(121.45532190197383,31.266339122599966,4)
(121.42923061988903,31.24645689809887,36)
(121.42175442313552,31.24528533677532,33)
(121.35019159064116,31.292437146762644,18)
(121.41090392191128,31.26142014259086,7)
(121.36449013192218,31.238901178944005,29)
(121.41836712980239,31.23083999517409,29)
(121.38021113298095,31.283756976460968,16)
(121.38491617575907,31.279592885217706,2)
(121.40222962639231,31.270147689484595,11)
(121.42690655853315,31.249863602592114,22)
(121.38196376572472,31.23214540358418,8)
(121.40393718860447,31.250009285049693,15)
(121.40208360475302,31.299593174995042,29)
(121.4197764359899,31.270361675516558,7)
(121.41341665775974,31.26123896142409,7)
(121.39813681118541,31.24203723134396,36)
(121.44975729881317,31.258538698826445,4)
(121.41942614808804,31.252454737036924,16)
(121.44655239604892,31.260908481472242,27)
(121.43248808858137,31.253926719041235,36)
(121.38306595876709,31.247027894190236,8)
(121.43129534219423,31.259966966480327,11)
(121.42590143782195,31.259328616258184,3)
(121.398324099803,31.29028683964504,32)
(121.39805013479098,31.303499942542363,12)
(121.45159392243079,31.279075915151104,1)
(121.43520081453823,31.245234970637206,2)
(121.38885604829015,31.2689997131497,16)
(121.44007259196923,31.258235702377576,36)
(121.38536676146731,31.280937839502208,2)
(121.42661731583293,31.254458726156003,28)
(121.40794126148114,31.226085637913712,13)
(121.39653975148451,31.227087748656903,29)
(121.39283934126281,31.23637866411648,36)
(121.37896917027828,31.233307781489653,1)
(121.44971063419074,31.277291242101636,1)
(121.44917149333794,31.253117816518152,429)
(121.4361427378028,31.265414229051352,15)
(121.43727680328762,31.252410094113483,13)
(121.42638809405817,31.249695984748488,8)
(121.42296640266609,31.28449047836977,3)
(121.44038483758466,31.267383170043107,16)
(121.43654505076042,31.253304461920433,2)
(121.4292207093856,31.258812336021688,6)
(121.44860705741876,31.249689936167922,4)
(121.43850411155327,31.240300716120377,19)
(121.39012113365847,31.28247536436726,19)
(121.45547283412432,31.246832314325935,4)
(121.42404893794124,31.255885611291248,26)
(121.42489412990358,31.24431583919021,4)
(121.40148694954523,31.24042734840295,1)
(121.42121699311697,31.279748857885128,24)
(121.42635807904668,31.24916377533163,22)
(121.38219638412073,31.253356135758125,20)
(121.38564345109907,31.26263339195047,14)
(121.36768736072818,31.26951430087117,36)
(121.39648829378378,31.22479321638556,1)
(121.3631536703246,31.309229042807722,37)
(121.39127128659895,31.281011779946684,6)
(121.42548473913888,31.24770960580992,2)
(121.42750577387338,31.272764769432033,2)
(121.4326484642995,31.249293395417673,1)
(121.38388721892757,31.278038468891538,36)
(121.37515344350494,31.273536961748185,36)
(121.3892973331045,31.256402633580986,30)
(121.34693591587634,31.298866408261492,37)
(121.38665877888332,31.300705863577377,36)
(121.43282690929239,31.24575671880528,4)
(121.39818666575113,31.236958594132183,1)
(121.38074546455097,31.279983993183116,37)
(121.42242278913346,31.26032124725931,30)
(121.45704193345829,31.247290223185885,33)
(121.45936260223519,31.258646226659312,143)
(121.39825317545437,31.303816670797605,28)
(121.46232149641234,31.25378138194701,30)
(121.38777026754614,31.259770928651367,1)
(121.42576800762576,31.241815875227832,36)
(121.42250170858269,31.260385363556832,37)
(121.38299601274292,31.290287443579587,24)
(121.41098523097703,31.230778479339158,2)
(121.36805538619576,31.266838521805987,31)
(121.39373888560175,31.235839354802962,37)
(121.38569478874521,31.28749546051453,20)
(121.39534339846008,31.24197097575007,2)
(121.41986397690779,31.236461989995068,18)
(121.43634125919236,31.27495299552922,4)
(121.42493522878503,31.271233978262075,23)
(121.42466655727361,31.258169124807115,18)
(121.34110723591783,31.286444014604427,36)
(121.40834100489275,31.24727773131508,36)
(121.44844127843852,31.2710874753679,3)
(121.3486782212943,31.30236932944943,18)
(121.39811474968238,31.22895889538176,26)
(121.36875302018701,31.3140936142602,36)
(121.37216924154959,31.27795694635374,5)
(121.38382075499108,31.242292808905738,11)
(121.44049286510206,31.28247171210727,10)
(121.40457605015789,31.304769046933227,21)
(121.39739167937725,31.248926214598963,19)
(121.39633003097805,31.27452275573368,36)
(121.40650067630105,31.233157209587485,6)
(121.43080736391194,31.243002729291742,11)
(121.38712964464344,31.271006206040713,34)
(121.4380905252267,31.24155715547733,35)
(121.42222193963109,31.260310105475366,22)
(121.44479981771083,31.265953863864627,3)
(121.4499467010638,31.24501839410431,16)
(121.44865379050373,31.259285050133382,22)
(121.40891990039661,31.257357636909344,37)
(121.39528999484442,31.247202909830943,23)
(121.42124431946196,31.255461242175468,35)
(121.42317173072641,31.244471221894468,36)
(121.43972839784077,31.24909419749648,7)
(121.46058722311876,31.25383935554561,33)
(121.38285944387061,31.251055790007573,31)
(121.4286263037498,31.26581161535986,4)
(121.43903686654221,31.240790482247686,1)
(121.45686774829657,31.274608373210025,4)
(121.44814128430876,31.24809915050089,16)
(121.36909660866543,31.314313179840948,28)
(121.44267435983183,31.255998498137032,3)
(121.3888125470979,31.300159287926924,1)
(121.39474470659475,31.29541027906014,28)
(121.42030130958013,31.24843761978387,7)
(121.43777913189365,31.254100153004682,2)
(121.38991814708479,31.28270719233765,36)
(121.42110638840963,31.255517500809844,13)
(121.38847828422179,31.240128152232362,36)
(121.35571924407428,31.29491779605132,37)
(121.38214980987483,31.264658996055164,54)
(121.39685557349755,31.23469338391062,23)
(121.41752231412964,31.250117098121873,17)
(121.39267063895434,31.241273192238722,28)
(121.36478179354519,31.312825120563325,14)
(121.3762726625309,31.246302009486037,10)
(121.4370825920585,31.257056612492054,2)
(121.44592142666485,31.26930315273627,28)
(121.41062047026895,31.24409158011618,28)
(121.38509836430306,31.292893245225663,37)
(121.44271995348598,31.281916525415742,3)
(121.43713214078073,31.253604813191917,37)
(121.42651699087816,31.23859890702018,36)
(121.40906388249962,31.24420418707144,21)
(121.4267308408103,31.239477116238508,22)
(121.40602088842832,31.25589605606847,23)
(121.3990588919791,31.22972671133902,9)
(121.39597515580279,31.223663898711962,2)
(121.3828962885518,31.237284667012247,36)
(121.44831118220398,31.255258919202152,4)
(121.45344246900606,31.266310930357086,3)
(121.39940095091963,31.2330995415943,28)
(121.40190100424068,31.263915970038987,10)
(121.38473979088157,31.277306781349314,36)
(121.35345065692472,31.28495787465888,36)
(121.42690632885449,31.247227434255294,6)
(121.44343815687154,31.255528349385862,37)
(121.41119230960886,31.24369430432839,30)
(121.4502751850261,31.258111979090536,4)
(121.41874118457888,31.234162325156543,27)
(121.3631732741679,31.304877654877362,29)
(121.39645156280638,31.23711445440841,12)
(121.42708835744818,31.238341283544703,13)
(121.43069350920351,31.242999849041375,19)
(121.36467397599728,31.244853132182417,36)
(121.44635241606265,31.244807546434362,14)
(121.43363731407587,31.24260079745986,41)
(121.4132573182661,31.26142942771266,36)
(121.4321938259654,31.23484451851242,5)
(121.37181356878594,31.263608496219298,21)
(121.42711936470086,31.238810468027157,36)
(121.39299391560034,31.26484272537111,25)
(121.45571827279525,31.270413027530658,18)
(121.3752478774577,31.25405714012561,36)
(121.39105374474434,31.235542832045663,36)
(121.4051900357397,31.244726087330584,36)
(121.38459236802069,31.248138751638997,3)
(121.41100133886896,31.243525262946093,32)
(121.40179958370612,31.236444818393313,27)
(121.41093224995329,31.230860526267175,1)
(121.38464398161,31.231031894716523,3)
(121.41649920301727,31.23098092747118,12)
(121.40745028651493,31.251032739840596,21)
(121.43701908163133,31.278719958753143,30)
(121.39412019320476,31.225084618037553,1)
(121.40269475469374,31.2434334128828,8)
(121.36814864892891,31.309944189925062,2)
(121.34092382799982,31.28646867936738,36)
(121.42862960378731,31.26105488565787,36)
(121.35942220167759,31.286207601747954,28)
(121.39574609938094,31.24712899798932,36)
(121.41016941039916,31.23093667991629,16)
(121.433459033382,31.245887038175166,26)
(121.34759546126699,31.30152783921607,36)
(121.37145798727246,31.30937454716483,16)
(121.42319358083033,31.281758565503203,16)
(121.42884207859227,31.246424267020434,15)
(121.41771072226416,31.239992401639768,4)
(121.42581861513354,31.27185002734467,25)
(121.45029004306245,31.257801382951595,4)
(121.40003014835291,31.248944959436034,10)
(121.45610571385524,31.263605323781437,1)
(121.36970765104144,31.236428899613482,9)
(121.34523675273083,31.290747452274193,1)
(121.38386631469696,31.277960065496274,37)
(121.36445104734159,31.31224698340806,36)
(121.39339124227953,31.26551524393685,17)
(121.4184658277193,31.228077671286467,2)
(121.43724542702212,31.247509970777447,32)
(121.40241968866914,31.2443923553925,6)
(121.38154432407107,31.24427747388089,8)
(121.42245179627643,31.26027895337701,36)
(121.36869428821288,31.252300334480317,36)
(121.41111629690232,31.243345161775302,7)
(121.40198605680051,31.27573998087589,3)
(121.39788300095597,31.302817613299684,36)
(121.42067802423922,31.236180146328984,32)
(121.41872574553723,31.229013969419235,14)
(121.38801384817747,31.25238290090726,3)
(121.38269791631802,31.247105884657543,14)
(121.41750800294336,31.257916520527438,36)
(121.43070850195954,31.25669455465146,13)
(121.42573849961329,31.234142583330886,33)
(121.44865381230247,31.259536158770036,1)
(121.35204832132784,31.278827923727075,31)
(121.45152508689574,31.279141074758552,10)
(121.42846939896182,31.23363685703131,2)
(121.40364391561737,31.25885111167495,17)
(121.38822259079703,31.28169651797387,6)
(121.36504517427426,31.23950829273707,36)
(121.40003149056972,31.26433265790571,36)
(121.36645464314137,31.27936649522404,36)
(121.41067815821481,31.29792022140938,36)
(121.46016096694171,31.249243286320528,36)
(121.36338891870966,31.249457100495047,29)
(121.41072449161207,31.22945976021494,25)
(121.39372360475349,31.267167135927306,2)
(121.43726088969363,31.253106421425443,34)
(121.43662891243972,31.253239322766927,35)
(121.37690419366267,31.268552689918916,7)
(121.45195208278042,31.278961174419994,3)
(121.39930678908519,31.258127955147863,2)
(121.43652839910942,31.234044857189435,35)
(121.42833991122242,31.260731024742743,3)
(121.40719376633541,31.23149215134006,3)
(121.41590712043181,31.26101455163,14)
(121.38925804995797,31.254941363648822,31)
(121.39075853362061,31.26787659798031,46)
(121.42414654930167,31.241001938105097,37)
(121.40758347680534,31.239800928615377,15)
(121.46371330336693,31.26142381034768,16)
(121.43342913859618,31.258077436961745,1)
(121.40970554024713,31.259629590289432,21)
(121.3944166986658,31.297607973069976,21)
(121.38763634367476,31.296505013702728,36)
(121.37885793362886,31.266773433598402,36)
(121.44006966519078,31.254458086244977,29)
(121.3865635262715,31.252948974026058,34)
(121.44466206188531,31.247229442525565,1)
(121.43721628573424,31.256824106504485,2)
(121.43028152484278,31.27933905590769,35)
(121.38750015966386,31.22693700608547,36)
(121.42892582789678,31.244682407824264,11)
(121.34935552201175,31.281784622328825,12)
(121.43334392484635,31.251004392264225,2)
(121.3739438919178,31.25301165946743,36)
(121.38836577531755,31.25937322198257,30)
(121.43934305439043,31.283390359501563,4)
(121.43479636256986,31.242008095517694,11)
(121.42346278675225,31.259521630235266,1)
(121.35154247579867,31.281289042816923,5)
(121.41966392799755,31.246139929929164,1)
(121.43675671873696,31.253344199681003,36)
(121.45676890410765,31.273517126445995,23)
(121.4065406862625,31.227220229054513,16)
(121.39951947692211,31.25685381855426,60)
(121.38916772452659,31.26217503548614,50)
(121.38566227778993,31.248929432593204,7)
(121.38784824657174,31.259402600127974,1)
(121.41243739095484,31.25991817979453,3)
(121.36727977345663,31.24947706107486,16)
(121.4420247226283,31.265792008959174,7)
(121.41708856875364,31.257509537862113,37)
(121.4602502324246,31.2733076915832,1)
(121.42230175826448,31.236286142877237,14)
(121.34876384914782,31.297006119182765,36)
(121.43319973323229,31.23823790536819,1)
(121.42695948892559,31.238251358400404,29)
(121.42666525868536,31.27784880058883,2)
(121.37236818107873,31.25212532909327,4)
(121.39508294558402,31.264820334525886,31)
(121.41280900469638,31.245356691595923,28)
(121.41447879015392,31.23843108779552,15)
(121.4403843079373,31.26129456567415,9)
(121.4025177647585,31.248068190666555,71)
(121.38880688700262,31.233177895908558,37)
(121.42747693382063,31.23836193985946,25)
(121.40229034296996,31.26674025866456,6)
(121.44937770468579,31.242033112035486,36)
(121.36717775820034,31.249459948418753,17)
(121.33492229352503,31.29815995221539,26)
(121.39527801180891,31.26084391101184,1)
(121.37054692203822,31.29075004489027,5)
(121.40300625414609,31.24107315489415,2)
(121.43432095242011,31.244959696597764,18)
(121.40518769224313,31.231254968369623,36)
(121.4003903390327,31.261228431024648,1)
(121.33785566852465,31.293941469924366,12)
(121.4229904148827,31.261964026781424,66)
(121.40753092752442,31.250125389227765,3)
(121.43263708056445,31.252680580011056,4)
(121.38133503762342,31.243471444672323,20)
(121.38019428343591,31.26273515880119,17)
(121.43424017091874,31.28329609232264,3)
(121.40437793920013,31.23977503094704,8)
(121.3879426698628,31.239108858008105,6)
(121.42759355401229,31.264903006289195,36)
(121.4534815559479,31.266333329025546,15)
(121.36470311936593,31.234355437105787,17)
(121.42945820566413,31.23337776581427,18)
(121.43613187356684,31.25430083356871,36)
(121.34665111348855,31.28232364569947,33)
(121.38296284010906,31.23617479868553,3)
(121.43651798061816,31.234742376150063,70)
(121.44775586235656,31.260881355012046,36)
(121.43611184169532,31.266053541821737,21)
(121.4374381918436,31.23988754441383,22)
(121.37701878526053,31.293308263326278,36)
(121.38997219924171,31.28279326591033,23)
(121.44861478322765,31.259900209504806,21)
(121.42423892286665,31.246270226876735,36)
(121.45608977667834,31.252354472050076,11)
(121.4615922463522,31.262432809549416,36)
(121.4260745098665,31.239261589231425,11)
(121.42413110721398,31.240109840259244,20)
(121.38929861087749,31.282536674726504,35)
(121.39144889767977,31.231480974318025,30)
(121.43990475151315,31.25954497721907,2)
(121.4132128067444,31.23139147594099,2)
(121.38155929064656,31.232179010785767,3)
(121.40535417915777,31.225225194661714,22)
(121.44936096158132,31.244563277309762,36)
(121.38822020731709,31.254354926369707,13)
(121.38304331481076,31.258675297335582,20)
(121.44880272627861,31.279410804388164,1)
(121.3871819061273,31.253220893935485,40)
(121.37545351563872,31.246718885851315,1)
(121.36473525318213,31.24679108849074,2)
(121.45155337555794,31.24871198956318,36)
(121.39805212878176,31.299405840554932,8)
(121.43881798318223,31.24494456734553,11)
(121.40991699235447,31.259289534924118,16)
(121.40362605455897,31.30153885297685,20)
(121.44193877735893,31.254659533852557,36)
(121.42214191992319,31.26055668833834,36)
(121.42584138915517,31.280979802606417,8)
(121.42878603915149,31.241884093145615,36)
(121.42565710708331,31.252695929652635,2)
(121.38669392100985,31.256024427946592,6)
(121.44100641232471,31.25231372716466,1)
(121.43332361489436,31.23888405248681,36)
(121.42591655446107,31.26084225741239,4)
(121.44293477976727,31.25162544190522,6)
(121.35505392189418,31.295179762842377,37)
(121.4073843705223,31.245608436770176,2)
(121.36018359725256,31.285052906014446,2)
(121.41396229250665,31.236160723791755,1)
(121.43938561105838,31.24734107052931,25)
(121.42670855393743,31.247382678723614,8)
(121.3680808868431,31.313995623080277,36)
(121.4186504294011,31.236308350599387,1)
(121.40929536010329,31.29619766173219,1)
(121.44397036424287,31.2467826329378,1)
(121.40418219411144,31.249688174928334,3)
(121.4331681561259,31.231104687017563,6)
(121.40535711258441,31.25886730825499,31)
(121.38752757863908,31.25772364626846,36)
(121.44379646869557,31.26706474184763,24)
(121.44247923095712,31.258408124872044,12)
(121.43496499863795,31.26495983521169,1)
(121.44762600247346,31.259314909096002,12)
(121.40821597421801,31.247218005547843,37)
(121.45249805190005,31.258777563834535,19)
(121.4594587940431,31.25390631680192,30)
(121.40136835119985,31.28094198865414,3)
(121.37122463199978,31.26346664983857,11)
(121.40991195482454,31.259592501691223,5)
(121.4298997325313,31.23413866528999,3)
(121.39540457827106,31.30097279801391,14)
(121.39232852867316,31.254267751029094,2)
(121.45350213889448,31.252647898908176,3)
(121.36171979899216,31.293620153845282,31)
(121.44697074325327,31.24180395989085,5)
(121.39965544761907,31.24241193037375,22)
(121.40507535467351,31.26189159128319,7)
(121.39120798005398,31.26898636903345,16)
(121.42806646471662,31.23475745964189,6)
(121.37149261646103,31.23536258368976,17)
(121.41018520664997,31.240101852205747,25)
(121.33614626093609,31.300377152947174,30)
(121.40698210083869,31.25821308636844,36)
(121.38656487374867,31.267943454429133,36)
(121.45940051097479,31.255282631593573,22)
(121.39287974590101,31.271878800213347,26)
(121.42656488439766,31.26088671790815,36)
(121.40499739343319,31.239481700238205,3)
(121.44662118597101,31.260136028688265,37)
(121.42149885926804,31.234561603541398,6)
(121.3682656266161,31.235132315076914,29)
(121.4495841769967,31.25784767724583,19)
(121.43224049553864,31.243253269006832,25)
(121.40449176772161,31.30164582798341,36)
(121.39796704624149,31.30290668062926,36)
(121.45376939175661,31.262934831454867,36)
(121.4222287412706,31.259860907758526,8)
(121.44199819554159,31.278141200177725,23)
(121.39399785280712,31.25651570672472,1)
(121.45923415491279,31.249966192162837,1)
(121.45499910470257,31.271022771606425,1)
(121.44684711774677,31.241775438419268,24)
(121.43089754383848,31.234532333932954,37)
(121.39467159891983,31.24880568257755,26)
(121.4022126944455,31.24804311772043,2)
(121.41680420356242,31.232827643934215,36)
(121.45180123988014,31.279261034821335,9)
(121.39041942418612,31.24675618767973,11)
(121.41025437661433,31.24219678566179,1)
(121.43168642681307,31.26833883040693,36)
(121.44289866823212,31.249556586051373,1)
(121.4060517588527,31.25439840325209,13)
(121.33462099315705,31.29452981661572,23)
(121.37687036211133,31.287097713993116,2)
(121.42773743392735,31.2474197632063,10)
(121.4409486168156,31.264943289284528,4)
(121.40198354718203,31.24697659496525,2)
(121.3937953742206,31.263988820767974,36)
(121.36875940385762,31.230824087220782,35)
(121.39420236228727,31.295280939627908,36)
(121.4131302378488,31.24924333419721,29)
(121.41235329064568,31.258480577511722,37)
(121.40334898301114,31.237247482959827,8)
(121.41295226385787,31.253998509404212,13)
(121.37819289291156,31.276343712534082,22)
(121.43685691627026,31.245966804039487,56)
(121.42519276698027,31.239507560894477,12)
(121.39783698123047,31.302828599474818,36)
(121.4212505714715,31.247424845242602,2)
(121.44353954969182,31.26966562986607,21)
(121.38514747540032,31.287237865879113,10)
(121.38941244189198,31.256524771078432,36)
(121.3742592909418,31.27526657538342,3)
(121.37633066888158,31.264949179406173,11)
(121.42281327518066,31.247154674836015,2)
(121.36317267407202,31.30493215468689,32)
(121.43979260933033,31.282743580065322,1)
(121.4096274210053,31.25950237430324,5)
(121.4186652357642,31.234195379881665,7)
(121.38463367945793,31.231274092467956,10)
(121.39928677989259,31.30508800007226,37)
(121.3992131067832,31.23226290594589,27)
(121.41801337325641,31.231163320182525,17)
(121.40629330259114,31.292362918080997,14)
(121.45483038163312,31.259393920986824,1)
(121.42682136441813,31.24569818456733,13)
(121.38522729551093,31.26595052465763,37)
(121.35220134191513,31.28694551026345,12)
(121.43835777867409,31.24108538678446,36)
(121.39089651897339,31.28940958717554,13)
(121.45556572510903,31.259744787359423,13)
(121.41746202569396,31.25787652461739,24)
(121.42006143137336,31.247185464175047,33)
(121.39255849093398,31.263438863790828,27)
(121.41101521724146,31.230698437265428,7)
(121.40704028701124,31.2240049068016,36)
(121.42103954732198,31.2540227711142,460)
(121.41809321656822,31.229916707301875,4)
(121.43557804605966,31.255507323426095,20)
(121.44829499156401,31.252665812303793,7)
(121.42599216283435,31.247075011555957,21)
(121.37818587882792,31.276288681746486,21)
(121.40247372189458,31.25915304005756,27)
(121.41799824953796,31.28692745825511,1)
(121.42397872203779,31.241206158256855,25)
(121.36717115719742,31.249522847466842,4)
(121.45162187462702,31.256272180494197,36)
(121.41160436908542,31.24554004967117,36)
(121.42391778856302,31.241328259450217,35)
(121.45064852054249,31.261097132956476,37)
(121.4337480279992,31.239084639904608,36)
(121.40126328748111,31.299645179062026,152)
(121.39883950603824,31.246641547754425,37)
(121.45842595161258,31.25396619193018,20)
(121.4323252455839,31.253177575602166,11)
(121.36464017460081,31.309291912084284,30)
(121.4414156647467,31.263690420137916,35)
(121.43797779957637,31.254042854941307,30)
(121.38685677124552,31.286942560209035,29)
(121.39457715660326,31.301727669386615,25)
(121.39074690994646,31.23785241393971,23)
(121.41316479506901,31.245360339509197,6)
(121.44621746808207,31.2537819611312,3)
(121.39838636089196,31.304426427739457,19)
(121.38918323024303,31.256345524631122,34)
(121.40909919118147,31.244123894551553,23)
(121.39276529201882,31.270970187949555,12)
(121.37430797566866,31.305325686509935,36)
(121.44704028403278,31.25835427328493,21)
(121.38106055991547,31.257500939881123,217)
(121.36505043646578,31.27705757436939,17)
(121.40584051364962,31.283314974359083,31)
(121.39957312691746,31.262016521785085,30)
(121.43959726141027,31.262073582968466,26)
(121.41705633778939,31.28175979417732,18)
(121.38546018380198,31.29616105405944,3)
(121.39336653088672,31.24606074615523,11)
(121.38487153956828,31.29578738324119,4)
(121.41092581707056,31.22587822535271,5)
(121.46145294800051,31.261632511158194,1)
(121.40627459802592,31.29236401422967,2)
(121.39967167447666,31.244948071171375,16)
(121.40161049951764,31.258976776840235,36)
(121.45793858208971,31.246676028319033,5)
(121.42503613738562,31.252861412497523,6)
(121.34807491797827,31.302292205602647,9)
(121.44487982945597,31.24410591896952,11)
(121.44647745798315,31.259835147752202,34)
(121.44098481765036,31.245037534909585,8)
(121.43323095135648,31.25271732961104,13)
(121.38582184357095,31.2420785156413,1)
(121.44254061829719,31.264179515477363,24)
(121.40369097247732,31.255911759504233,36)
(121.44396049927926,31.281506847889712,1)
(121.42618811079804,31.249179747919978,8)
(121.43641964532468,31.24638356726937,1)
(121.39530506344076,31.238376335272097,4)
(121.42763844324308,31.24625933865407,2)
(121.34843774975685,31.30288609430795,34)
(121.42344702955178,31.26214277231767,48)
(121.40044900089558,31.23418944570489,20)
(121.43555964624738,31.28038087212206,16)
(121.39190753543639,31.24636800086213,5)
(121.4220660011895,31.260389572851484,15)
(121.43051125363014,31.247856031526812,25)
(121.43324712135022,31.25492827949044,20)
(121.43479375035552,31.25344376263191,36)
(121.45106671543068,31.251277056850547,1)
(121.37352361298925,31.25702187767652,9)
(121.41446361062168,31.23630112627324,4)
(121.39347966801084,31.235288957481583,1)
(121.42919025685178,31.232595923791745,10)
(121.45138162668728,31.24507619866216,19)
(121.43826787573846,31.260442236310364,15)
(121.45784085338565,31.25841940032704,1)
(121.43365724812374,31.24011821517276,21)
(121.43636461097836,31.27940581234731,36)
(121.44911792245611,31.260960927072297,36)
(121.41928378129722,31.245063958696356,11)
(121.38240680518622,31.2381715902049,21)
(121.44627889999886,31.24162693932499,36)
(121.44310993241479,31.245723547633173,36)
(121.42121994411013,31.239961522139804,17)
(121.36856656869162,31.251399419924656,13)
(121.40986137864566,31.259619322709415,23)
(121.42685417241061,31.245903790914415,5)
(121.34081477668843,31.292731153634502,13)
(121.43483487378,31.255193378552228,19)
(121.4072852904837,31.226061643506178,6)
(121.45384653453908,31.266713291308683,1)
(121.39219885104681,31.259037746873,36)
(121.39727325033799,31.22864278463919,6)
(121.42182124086158,31.2609765207293,2)
(121.39363744103699,31.28886906736255,25)
(121.3784994871739,31.278524961068094,29)
(121.383516342838,31.28337289449719,19)
(121.37746632563534,31.25800409400316,36)
(121.41842299038167,31.252567737588063,36)
(121.43574177509386,31.25871986719932,1)
(121.40865244223089,31.240308106510337,1)
(121.43693875782004,31.24974639840499,11)
(121.42146426297542,31.245794982671864,18)
(121.45920455219924,31.257060374899304,9)
(121.41604360168473,31.255837252204866,10)
(121.39690219004558,31.26445355986541,9)
(121.44422527080022,31.254666450407793,10)
(121.33797327370569,31.29898008168161,18)
(121.39031187880484,31.257870650445373,31)
(121.39149433240271,31.236082106569857,4)
(121.40392189171658,31.246629784557186,10)
(121.44482139559656,31.2470843712807,2)
(121.45059377486542,31.2516876569635,4)
(121.36603928575947,31.267019771626224,36)
(121.37199591578863,31.264874750304052,36)
(121.35233137353077,31.284176615391942,26)
(121.37650740969991,31.297108166084207,14)
(121.4235921121829,31.2645757082849,2)
(121.38380463962426,31.229664048816684,11)
(121.38993681810992,31.25802591216908,27)
(121.37663617775054,31.280887792556783,36)
(121.4378330492669,31.25416910928665,36)
(121.4185883027889,31.23440651617116,8)
(121.40636302008659,31.276340065304165,5)
(121.42160118540671,31.24624890302491,36)
(121.3639306763082,31.308337732492472,23)
(121.3696782791711,31.230364828118304,36)
(121.42050311343037,31.235287794469194,7)
(121.42195325881171,31.261674619884133,37)
(121.38126127674175,31.236122507043056,36)
(121.38755634917162,31.25150315166686,19)
(121.38944243618491,31.256166636981654,50)
(121.39610820556848,31.230781131106877,39)
(121.40154415881044,31.23395926810737,12)
(121.45445908821502,31.256678892320025,6)
(121.37128128580697,31.313589344756465,26)
(121.41859790816841,31.252879784914786,25)
(121.4095072914721,31.254092459955693,36)
(121.37202334547908,31.249829016945633,8)
(121.3942565471419,31.2970106519495,36)
(121.41318029917608,31.261435611588418,36)
(121.40530486013029,31.267476996923737,3)
(121.37027553699177,31.254667337268963,36)
(121.38472889431671,31.25777825543505,2)
(121.38386012069071,31.237593447611545,47)
(121.38934337025755,31.256377656485572,9)
(121.408002643448,31.23051468199535,21)
(121.42448410580415,31.262467124257817,32)
(121.44508805163616,31.24584552110923,21)
(121.38599815404952,31.27464474080947,12)
(121.3890446393191,31.273897913935343,37)
(121.44905647021679,31.254212106850307,36)
(121.45767679337781,31.267772434127327,11)
(121.3824720063756,31.274116311328527,36)
(121.42782290490216,31.265379507597885,1)
(121.38098929083073,31.2745710029756,33)
(121.42486938842046,31.24437018504372,37)
(121.37885792997116,31.266731415728707,14)
(121.37487401577994,31.23501092400313,2)
(121.45303074625924,31.258663639877323,36)
(121.45793926143408,31.25452449108337,9)
(121.4538154846823,31.26527974272781,1)
(121.46383939905019,31.259908996949633,25)
(121.4308928307629,31.261081590728345,7)
(121.4288161691274,31.25022881498985,74)
(121.40057924852158,31.26117695202326,6)
(121.41275902281191,31.279749473549046,37)
(121.39593144012801,31.26475109843735,84)
(121.34606238861598,31.288781185199763,14)
(121.39703330631072,31.2765116988442,27)
(121.43613789533289,31.246017281679453,169)
(121.45931259186213,31.252618230739067,21)
(121.43819081140055,31.2582313864379,26)
(121.44548497691129,31.242445179624568,4)
(121.39283714077831,31.236315163825925,2)
(121.37738971071599,31.252120435965185,18)
(121.38143421337801,31.29049997680045,11)
(121.41100134131169,31.243553275494556,30)
(121.39346587082588,31.289626890478566,33)
(121.41500641756112,31.248189280369818,16)
(121.4280790848492,31.236367474241305,36)
(121.39734526867304,31.24807660719713,8)
(121.38931196314489,31.252009721855238,11)
(121.4003729033172,31.24482622867448,20)
(121.42254596777892,31.24102812069433,19)
(121.40234967188368,31.24453734096459,7)
(121.42532911972869,31.249082607761828,3)
(121.41172212773436,31.288944458447766,4)
(121.3993261965696,31.229442922171874,12)
(121.38130502866842,31.25917640742157,36)
(121.37116387828576,31.267411250482084,36)
(121.42667682841655,31.23867580152092,21)
(121.36446194961974,31.30946139100782,36)
(121.36587585062848,31.276577609709037,20)
(121.42302040059512,31.26209806296078,4)
(121.42214382037386,31.260343189146482,31)
(121.44984909500693,31.25854553097078,27)
(121.45545201297836,31.271321963244816,37)
(121.41775135804173,31.252139881203107,19)
(121.45705297882905,31.25106527315123,26)
(121.41121531290399,31.243794344879372,36)
(121.43122223442629,31.282053055399942,2)
(121.3868679255769,31.242648656026297,36)
(121.3782400066508,31.276934010780806,19)
(121.45452993539142,31.255857228858815,9)
(121.37937768709527,31.26773341245277,26)
(121.36994018800075,31.236335630583746,49)
(121.37429056710552,31.28942140748311,30)
(121.45210942092153,31.252561610903214,8)
(121.44419868310993,31.24408805731838,9)
(121.43721548922035,31.247669081762496,1)
(121.38558214557655,31.22534666081095,16)
(121.3400622441535,31.297507018985264,1)
(121.44087182882186,31.254311806132584,12)
(121.40939036951085,31.229028895718283,6)
(121.45613588465902,31.277950306062102,1)
(121.40584051587767,31.223929091368067,3)
(121.36497282039565,31.31324504198793,36)
(121.38191770676231,31.232089331677987,22)
(121.38689784238407,31.276759494814296,11)
(121.4541053512931,31.271791917305393,7)
(121.44262606158091,31.282588089653125,13)
(121.37925520394869,31.299299859360328,10)
(121.43686381708844,31.248397975797108,15)
(121.39454227708447,31.246012373746094,36)
(121.37127858535493,31.31362704430142,25)
(121.41093226652121,31.231050613644836,2)
(121.41742306678447,31.24663359981737,1)
(121.42079288506731,31.235785154034566,40)
(121.35352088563724,31.284769911916868,10)
(121.38593416252445,31.267427690607825,17)
(121.33499319715717,31.301612804144078,15)
(121.37308790490658,31.24269105011833,11)
(121.36821813492799,31.31419389335207,15)
(121.3443695481862,31.281479590731173,4)
(121.37261404457972,31.28938225000479,37)
(121.3931076303305,31.260680005466945,5)
(121.35925407923057,31.247034557880312,20)
(121.42185321429832,31.248779054091916,6)
(121.42058118281696,31.260101816367914,7)
(121.45531087065658,31.2635364872016,36)
(121.45687533334561,31.24702045717608,14)
(121.4414967196275,31.25458998187586,2)
(121.39282749570627,31.27281199888051,19)
(121.448614359798,31.241849426084112,1)
(121.38551975531253,31.270177166649134,28)
(121.37502386193495,31.24231846239827,2)
(121.37746768801355,31.273658765772865,1)
(121.36817814646085,31.292071270456127,5)
(121.37247985279336,31.28954514042951,36)
(121.40698079288794,31.25259127086976,32)
(121.36969330323805,31.230359846638915,36)
(121.44906910324342,31.24220917822981,10)
(121.40350913844053,31.238720175450513,3)
(121.42095495582083,31.260698844253458,37)
(121.34457870395053,31.28374640555745,67)
(121.41007043688715,31.24250594992391,11)
(121.42680746401291,31.247561670715083,3)
(121.3593836961624,31.289283791057866,36)
(121.41531133425987,31.248794438300934,21)
(121.43148680783152,31.249321356370803,18)
(121.43736293170376,31.27842207785348,5)
(121.4368877453966,31.24566519611163,4)
(121.41235502485878,31.248143475104122,2)
(121.38535960970705,31.29075981766784,32)
(121.39255927871454,31.23560061291978,17)
(121.41062729409049,31.242087680490513,6)
(121.46355044509926,31.257988361048238,3)
(121.36043483788242,31.287418616715446,14)
(121.40640483173348,31.231257962378194,5)
(121.40821635632935,31.238871484495608,4)
(121.41940457193641,31.235566108253174,8)
(121.41918266550766,31.25442815358186,14)
(121.38182221050768,31.251354177810427,1)
(121.42346309618587,31.263070158833774,36)
(121.45436099172653,31.24771766966696,1)
(121.4265630423275,31.239746385548575,11)
(121.44801426100358,31.257780910818415,37)
(121.44346862596315,31.261588928295456,36)
(121.40892494833028,31.245410455929516,28)
(121.44831084450134,31.251368212779237,22)
(121.34697361985006,31.29460722012741,9)
(121.3799472614418,31.231513022717746,36)
(121.36773767666925,31.237562375776488,3)
(121.3934193699988,31.257586047066106,1)
(121.38611858945076,31.235732901068324,16)
(121.45298467897902,31.256190479568453,36)
(121.41100135867262,31.24375236465683,5)
(121.44730839287904,31.279045817508475,6)
(121.44791013736825,31.248322410431552,36)
(121.4129002297442,31.259450956904242,36)
(121.38549205244412,31.253246296825463,36)
(121.4573037227846,31.25065841102853,29)
(121.42756169652924,31.24818526562746,18)
(121.42596251335753,31.260910247751983,36)
(121.40043329390839,31.244851824368077,8)
(121.37397374160018,31.308701735237168,36)
(121.36509674809142,31.279703737795156,32)
(121.40812915224596,31.283281615757968,1)
(121.38785225553833,31.281727240747774,6)
(121.38269876051433,31.256803150097735,14)
(121.38787295327464,31.250176323343727,5)
(121.41236740248763,31.24835013197411,1)
(121.41243455919472,31.227443640420372,2)
(121.43106878477475,31.235769366116664,9)
(121.380026057261,31.269414247097863,36)
(121.45196469696593,31.251861584621704,33)
(121.37926090506593,31.299134160630967,36)
(121.37133659495734,31.313348652882187,36)
(121.44861436127346,31.241866433729907,3)
(121.3887095801333,31.25361797872074,27)
(121.40533443305054,31.239627793759066,1)
(121.40557677044177,31.23184626794662,6)
(121.4493847359786,31.253151452420454,25)
(121.41993517419023,31.253632441212577,36)
(121.40915132531319,31.24140874162228,48)
(121.3778073521217,31.24150919693343,1)
(121.37952846983349,31.23124564568381,7)
(121.42412357522433,31.241054979617516,36)
(121.42323413763968,31.26122353228427,36)
(121.36414370502256,31.31081555123602,11)
(121.39610575410342,31.229729771201438,12)
(121.38089160142032,31.290995616369198,11)
(121.383596528085,31.299969850643514,37)
(121.38893659950618,31.26992970528412,22)
(121.43777766863225,31.237275651006872,18)
(121.41084174186138,31.22700312038152,29)
(121.39825397565258,31.30369157122185,36)
(121.4297446701142,31.24683997850488,27)
(121.41731654128526,31.251382751835692,3)
(121.34149760856468,31.292257084461827,31)
(121.39635086283566,31.24097300586095,25)
(121.41259749325435,31.261650888167203,20)
(121.39202898605056,31.22754653213801,22)
(121.42302039422628,31.26202503155637,36)
(121.38929958956756,31.282282571447382,1)
(121.4336067991196,31.280010506155993,6)
(121.40611888112373,31.24430994297451,17)
(121.45023692895899,31.25854681693435,140)
(121.42354887533259,31.284322986505202,7)
(121.44854551068053,31.241866558641387,21)
(121.4094534783581,31.2416619728171,36)
(121.42347486683359,31.23018475386652,66)
(121.45179410846058,31.252413752463585,98)
(121.42829332354292,31.241913778892393,37)
(121.3962228684242,31.264759387376852,31)
(121.37134313550229,31.313159825925418,10)
(121.45545029538812,31.251501428348394,21)
(121.45101105890784,31.260458809524213,11)
(121.37137170597728,31.284683709655592,3)
(121.42513926765976,31.260094579573252,1)
(121.38106606567003,31.233679689205616,30)
(121.4368414162304,31.239943122242085,9)
(121.42489269602525,31.26308465425647,25)
(121.42535530754868,31.247846378853545,36)
(121.38492775843571,31.240181874238814,2)
(121.41215931568064,31.235192264034417,33)
(121.42213476003202,31.234727546521174,1)
(121.34918301784973,31.299080959621755,13)
(121.40271793810038,31.25947895497897,22)
(121.42465015987308,31.241970981874495,37)
(121.38194889794836,31.23386817713442,12)
(121.45155096772261,31.274475871455515,15)
(121.38589097639144,31.25429899401487,20)
(121.39079307700612,31.239354124787027,47)
(121.4084311474994,31.290959493239114,62)
(121.39901505776263,31.261651908859665,17)
(121.39510061903039,31.25758975632833,4)
(121.41595863583575,31.24428918475619,29)
(121.42279045267883,31.24896549446815,22)
(121.39275001870739,31.256723406771254,6)
(121.43147680789286,31.265818322952295,18)
(121.43251425274474,31.244750628548164,12)
(121.41298335037068,31.261476770313347,26)
(121.44779215643423,31.24216004459877,9)
(121.4316231126739,31.240839872861482,14)
(121.41688861551103,31.238070995702937,3)
(121.3972972559236,31.26487446410892,8)
(121.37430343789931,31.253180185419588,36)
(121.40791102065457,31.249213469562527,93)
(121.3870369434677,31.2869317041727,17)
(121.36514259472527,31.276996687782496,36)
(121.40520143640182,31.298637380789064,36)
(121.3780843449676,31.248684714620577,25)
(121.4231710718796,31.24388433410419,7)
(121.42122116843494,31.254006767615646,17)
(121.4261777114949,31.278047690097324,2)
(121.43883953505187,31.26756448414642,27)
(121.44403946365178,31.24947471484138,3)
(121.37336442697675,31.269151875756435,35)
(121.44981811206127,31.25858166900187,38)
(121.39427159424996,31.29744283022476,13)
(121.37925881866886,31.230847603539072,36)
(121.40291430206979,31.241826477536403,2)
(121.39116173162053,31.266543301991454,37)
(121.36728439870735,31.300906469504536,8)
(121.37461889314667,31.25309854297896,4)
(121.43130998128971,31.234604387758868,36)
(121.39559027878008,31.27341674939196,38)
(121.39519265003455,31.257331690595723,37)
(121.40399184566509,31.244525343071782,21)
(121.36509784740787,31.27883843367277,30)
(121.42992161249924,31.246792614406832,37)
(121.38756269703565,31.243940800013174,2)
(121.435608839173,31.25711434009647,4)
(121.40911054742845,31.253575969589793,3)
(121.43089106522157,31.240808653478776,20)
(121.40539658671767,31.224460368214523,4)
(121.36434033267389,31.30945727695679,18)
(121.42059328162145,31.236342440164968,3)
(121.44218979868556,31.258709707651683,8)
(121.38925155189727,31.232361907518463,4)
(121.38976736322655,31.235733794928965,36)
(121.43238100312796,31.283047839129658,36)
(121.37707768509748,31.268227027158765,36)
(121.41836118424438,31.25356701203658,12)
(121.41281210773788,31.24685416290503,30)
(121.39187012582403,31.231229892313934,15)
(121.43908294312949,31.26552827173263,1)
(121.45988268853466,31.25587830518929,1)
(121.37570950199579,31.26505605446742,13)
(121.4490427246739,31.268285196864518,2)
(121.42281630795479,31.281927537830125,1)
(121.42125100014823,31.25234201817288,36)
(121.42791247690114,31.25016781742156,8)
(121.45016034883189,31.246466640437376,31)
(121.44296120147466,31.263297905196623,17)
(121.39398440305375,31.23997036337263,36)
(121.4614775554315,31.25086003082863,21)
(121.43185179434877,31.240677546598103,3)
(121.44561581233155,31.25509356271022,13)
(121.38627571062631,31.28327217126916,1)
(121.46377698800977,31.255550797010997,3)
(121.39720633460128,31.266990642015198,37)
(121.45620364661794,31.254144018692436,4)
(121.38233580896194,31.268401427723322,5)
(121.45344288617915,31.248108012561676,36)
(121.44519092034939,31.269447450751077,11)
(121.40650279707079,31.266181505482542,2)
(121.40692616129739,31.224492915475658,5)
(121.40935205340462,31.24154985197136,36)
(121.37854370174358,31.257320020201984,19)
(121.33503189785434,31.30161500458844,1)
(121.44713445607556,31.254062256483802,5)
(121.45121876850735,31.255888788317527,2)
(121.43703888206429,31.25701480413724,26)
(121.35344187901273,31.309672598999203,10)
(121.40601133343927,31.30409133560066,31)
(121.34194224388139,31.29972786865231,2)
(121.43173693718818,31.24055962084792,5)
(121.43671376174944,31.264526100639408,1)
(121.34425625130126,31.285493104470575,19)
(121.41335884884953,31.24568669111736,1)
(121.40710021645073,31.29391993246649,25)
(121.44439605547187,31.241335497554708,22)
(121.3395719346071,31.299674382591483,12)
