(121.41538996514386,31.256435765969243,37)
(121.44065934830063,31.26737876023046,2)
(121.44649138220164,31.259295890357574,15)
(121.42042331430561,31.271737870943134,20)
(121.42902518338144,31.250108721385406,37)
(121.44278421646456,31.264843415703268,4)
(121.36811611188517,31.2813528443513,10)
(121.42131408912479,31.276831447119488,25)
(121.39095952462331,31.23150966405844,3)
(121.4222909651602,31.238556180333124,31)
(121.39320452517218,31.235757011992614,37)
(121.43637178431153,31.270057901381364,2)
(121.40089599468433,31.28986049082273,3)
(121.39545082695159,31.291515549983426,36)
(121.3645131562115,31.311525992247265,36)
(121.42775155058698,31.237470282062414,2)
(121.43885851642177,31.255788786433058,16)
(121.36805268579279,31.26680352153808,17)
(121.36316887429007,31.302300060219594,36)
(121.40817108431908,31.254081513830965,15)
(121.353010614519,31.286909636140376,18)
(121.45493272196758,31.25323125605141,6)
(121.3844264703163,31.231472456585333,2)
(121.38105682168981,31.256737470946046,5)
(121.37723825468527,31.27225791357456,2)
(121.38130174792798,31.263991853715677,2)
(121.38141579092562,31.251413509362777,9)
(121.4241997254206,31.25454282727751,36)
(121.42718379599273,31.278939789107284,36)
(121.38566518227235,31.289412451243738,43)
(121.39203426253547,31.229307726716566,36)
(121.43713309022053,31.264514536739085,34)
(121.40247234498152,31.243366085217165,6)
(121.43203025501126,31.283094591480687,18)
(121.41746179418637,31.255222368896888,20)
(121.34873860622298,31.293749054325414,13)
(121.40812095090868,31.247373185582898,30)
(121.40242629713362,31.24293288184642,8)
(121.43168514920006,31.253672508663158,3)
(121.37365271995836,31.24450452345536,25)
(121.43349026683472,31.249074417429444,1)
(121.3893433687754,31.25636064907738,8)
(121.36310732208825,31.2469266536962,9)
(121.43649886806494,31.238894101028023,4)
(121.40971263792967,31.244126721457665,36)
(121.40122998007274,31.29136008975784,15)
(121.41246739000889,31.260011212786832,3)
(121.36435743437002,31.31197357320619,36)
(121.43271428972238,31.25980101675914,36)
(121.45258738802747,31.270361178881927,40)
(121.43861031028112,31.260539799733944,16)
(121.43277584902314,31.267189113063882,15)
(121.41129127374097,31.243553222707245,10)
(121.45940167124552,31.268687396421917,2)
(121.40108344542705,31.287117169172955,36)
(121.40574620031073,31.24814163159592,36)
(121.33707844443705,31.299794240368026,36)
(121.38996490284428,31.259229383966808,27)
(121.340289542968,31.288038117917438,36)
(121.39599016853292,31.223716930489342,9)
(121.44628760260252,31.244842535001673,23)
(121.43377882753026,31.255528169880307,1)
(121.40764423412979,31.245496490650336,3)
(121.425984306342,31.24733128345932,36)
(121.41252723720295,31.246363304308492,36)
(121.39899855635771,31.232246263483006,7)
(121.44836540920237,31.247717499311516,1)
(121.42796994610808,31.272786367943944,4)
(121.41410549773954,31.24483108694714,2)
(121.40445951627532,31.287363159348367,3)
(121.41334634033134,31.26140174639177,37)
(121.42959875518845,31.241639372398645,5)
(121.3787427571789,31.266468175988177,36)
(121.40286128449092,31.241744431094848,4)
(121.41342684217939,31.24588476022175,14)
(121.4411762109878,31.26500797354354,18)
(121.38793376587103,31.252516229495644,12)
(121.39421859971583,31.29788497543855,10)
(121.42069546389442,31.2762890558787,21)
(121.44329949163532,31.241541638928627,19)
(121.43205820593522,31.248575846911752,36)
(121.41196620959154,31.29063508555747,19)
(121.42518616163133,31.27086413649529,1)
(121.39942395408035,31.26086149154394,5)
(121.44972045727145,31.27091305738305,31)
(121.40961430793259,31.251633064400185,15)
(121.43382044574221,31.279471028765542,16)
(121.39691515461915,31.241025279567072,4)
(121.39944645731218,31.287117942214767,24)
(121.40047314142578,31.247188309766997,3)
(121.35417342826202,31.28186193912823,33)
(121.3774893033759,31.257767802530655,72)
(121.39720050345666,31.26637550695301,28)
(121.40185453218324,31.244768009663513,36)
(121.39088087191682,31.270655855541904,5)
(121.35427438608919,31.295777657453165,28)
(121.37716004328236,31.248033365064707,5)
(121.4158928718032,31.252251597478157,36)
(121.3552217297544,31.296250893394006,36)
(121.42729783279596,31.280788447532185,19)
(121.3980111212369,31.27607168128008,15)
(121.44887281889002,31.24210106887578,5)
(121.41254319068554,31.257992320113708,31)
(121.40143513657097,31.25535015812167,7)
(121.39479097821781,31.29820440442066,36)
(121.39206716985929,31.229242332998773,14)
(121.42089154976817,31.23256936619913,5)
(121.36397548246211,31.308388737491455,13)
(121.41107743788479,31.244858846045574,26)
(121.41072628230155,31.23072049646168,6)
(121.41225103819092,31.232313927249525,2)
(121.41748476685923,31.253210129171514,18)
(121.41793219030652,31.22850913697596,36)
(121.40224345521779,31.245217866916985,24)
(121.42035338310248,31.271943999371974,2)
(121.3745860263181,31.25518541540275,4)
(121.38231251375171,31.2935500775493,7)
(121.4442443783844,31.241616873450415,10)
(121.41568775588719,31.23270304555348,26)
(121.42610551239903,31.25052525961723,24)
(121.42113929208799,31.235704257703166,17)
(121.35113902514453,31.28588019994416,36)
(121.43395739498753,31.278984791344627,24)
(121.41658254221974,31.23416427624706,18)
(121.44756503883174,31.258244553393066,1)
(121.36337830070083,31.309073868300022,72)
(121.384983519998,31.259761571973936,4)
(121.42162399232225,31.262746276191155,32)
(121.43093916492145,31.26559547685503,2)
(121.42952826237573,31.246473607244596,1)
(121.40021063072156,31.299618166624203,10)
(121.38929543020825,31.23455788989488,35)
(121.41399083551033,31.236729472257363,6)
(121.4463619180411,31.24482634806605,20)
(121.41904735332889,31.23665578766409,17)
(121.40914370193795,31.258965474894364,36)
(121.41129124346885,31.243206067143444,21)
(121.43824624824619,31.24134884582729,12)
(121.42942978379207,31.262548739137305,9)
(121.42820600043405,31.251014457909342,24)
(121.38286782056731,31.232271353149624,2)
(121.40333590874322,31.244484540773197,2)
(121.40709625351789,31.24852283696139,27)
(121.45999261636152,31.251551681329644,25)
(121.38627603532203,31.262620245513567,4)
(121.41782029061046,31.25183071208872,36)
(121.44114127144978,31.26497501231652,37)
(121.34410535320136,31.29176976432741,19)
(121.39539142967963,31.276434910502186,19)
(121.45355539743737,31.25709073493603,8)
(121.3702752116448,31.253030837864184,22)
(121.39068054240855,31.26868488743326,12)
(121.40255576427803,31.247969154148567,18)
(121.42492748893287,31.260263823676116,29)
(121.42931246717225,31.252598080078933,13)
(121.44593397601189,31.241439964540255,14)
(121.41513438549701,31.237005214383434,7)
(121.40013331799639,31.261958670244677,29)
(121.40912569769951,31.244094900107285,92)
(121.4285361031228,31.26201073549741,2)
(121.43849335752749,31.23586601890078,6)
(121.42248710789534,31.264988677667745,12)
(121.46391040981419,31.25971910640267,16)
(121.38357901629466,31.275944041779354,9)
(121.39447128490082,31.223630129846047,7)
(121.36461437011377,31.312502901778462,36)
(121.41057579744887,31.236998684889226,2)
(121.43902533193344,31.255626586885597,1)
(121.3469527177762,31.2965679144748,36)
(121.40436033391535,31.261748184259464,37)
(121.44077782283063,31.25731251350405,26)
(121.39165865067046,31.272765254221373,13)
(121.44251932547898,31.252802475713555,42)
(121.40514435052259,31.26177854846162,37)
(121.43851921468642,31.238907221536568,36)
(121.37246511100284,31.292777414202032,36)
(121.43653007510868,31.253312485154193,36)
(121.38500994607486,31.292843030027083,36)
(121.42185024815005,31.2626060236176,36)
(121.46342671192225,31.268604204568593,4)
(121.43787911766948,31.267296709682576,72)
(121.389135136846,31.232767953472408,30)
(121.44046052272162,31.253835211122198,36)
(121.410931679478,31.2243144972081,10)
(121.38301654882045,31.247219185486134,36)
(121.43541319820581,31.280737586573625,21)
(121.43707124324607,31.253656917679013,36)
(121.38034156337487,31.286839366897212,6)
(121.43700328872247,31.264399661432154,36)
(121.44439495114936,31.25275127666854,2)
(121.37199338283922,31.23518316668222,1)
(121.44679601355053,31.262337673426263,38)
(121.40831510919168,31.224656955932307,33)
(121.44605068466866,31.26382159828959,2)
(121.39135393024314,31.290077159133418,17)
(121.42954634255764,31.234267992969954,67)
(121.37287527493875,31.264413231500455,2)
(121.45940001929642,31.249600134560445,4)
(121.42378925132464,31.245290132311496,36)
(121.4380766006399,31.253636540512144,37)
(121.42189793021687,31.23446958781785,22)
(121.43994453388375,31.277936244681783,36)
(121.40204037553949,31.261848613330464,35)
(121.41148940643068,31.24563311415601,36)
(121.42390280611167,31.24137229060912,25)
(121.3885493552478,31.2526644386528,35)
(121.42303976401443,31.277201573551984,10)
(121.357500062302,31.28644140524854,25)
(121.43125823173274,31.247099147239346,1)
(121.4414185907465,31.23998560925925,3)
(121.40439095301173,31.246623840790008,8)
(121.41464626941207,31.233255675845502,17)
(121.36502463438143,31.288615103489263,37)
(121.41822086311561,31.28404417690287,1)
(121.42254664962277,31.248851614903597,2)
(121.4364747523008,31.253931200817213,37)
(121.45493589931142,31.253857347541405,3)
(121.34881895185231,31.3017370117064,11)
(121.45527537162324,31.247396973875354,14)
(121.36497793057913,31.278275520809594,36)
(121.38728328101162,31.276637685499693,8)
(121.4118672260205,31.290513058039092,36)
(121.38154663176991,31.27078498785017,32)
(121.41456266259306,31.23219288805478,41)
(121.40362935545278,31.29951735789754,36)
(121.4183369987213,31.229123219655214,36)
(121.40850654561443,31.242190975401698,14)
(121.3935382911366,31.296558573042542,227)
(121.4473064562215,31.256751361638738,39)
(121.42702045661414,31.238635477750872,36)
(121.40647104771237,31.23619556662994,31)
(121.4348791893619,31.282868131066056,7)
(121.4300299875238,31.238912701779572,13)
(121.4225025087647,31.26020576406996,7)
(121.43444859344199,31.257252851821047,13)
(121.36493941574945,31.31295423872816,19)
(121.39856165282052,31.24441635349971,17)
(121.45128113368077,31.259548987466818,2)
(121.39491992494352,31.29671388450871,36)
(121.41502526204067,31.292311878469413,28)
(121.37224445703609,31.265877982793445,23)
(121.34903638081309,31.28375456987492,12)
(121.45766547859294,31.27193655053083,18)
(121.43750778902073,31.257092194305944,21)
(121.3517445720103,31.300646145590665,20)
(121.38462565878359,31.27717862478558,36)
(121.45518959728935,31.25907227429975,2)
(121.42077756055151,31.243179246417018,19)
(121.42759184310016,31.238782024342868,36)
(121.42267375002037,31.249461220241344,36)
(121.41332669414814,31.232317654180378,36)
(121.4120946254141,31.27291078989342,3)
(121.44821156870064,31.24573689499064,1)
(121.45733302950677,31.255724906033993,84)
(121.45297143041194,31.275974936644886,18)
(121.40234514954818,31.245044808082472,24)
(121.43909566411644,31.239618869811185,7)
(121.38559627419903,31.25235601678161,6)
(121.42690641967728,31.24826989706615,36)
(121.38846535695025,31.253543760175155,15)
(121.43556777006894,31.28113710347231,1)
(121.43669088077404,31.265474536097514,9)
(121.37484930615472,31.258012173008055,7)
(121.38265663118895,31.290343135898976,28)
(121.45665363726849,31.25557269576618,12)
(121.42409449919765,31.250173013786718,21)
(121.42246462091087,31.260355486981837,96)
(121.38386212571147,31.28051329778068,22)
(121.46286317175692,31.26116770029174,4)
(121.37564435243969,31.298911841248124,4)
(121.38165944708547,31.244118519621274,17)
(121.42287598205047,31.26733040247289,14)
(121.38616600889462,31.283215182857894,26)
(121.44322424080283,31.2517760472452,10)
(121.38968629468496,31.252180068869656,1)
(121.42285471732976,31.264332560395324,52)
(121.42097816900693,31.27479581214884,26)
(121.42229085656281,31.259645021105626,3)
(121.39359763004992,31.259874591570746,2)
(121.4418469164424,31.26423862007797,14)
(121.4153553381565,31.244208500257407,9)
(121.37620744588374,31.290842321601527,4)
(121.44247932380017,31.284148408417092,28)
(121.45897253651631,31.259544169426714,6)
(121.39187724377449,31.2679862507911,8)
(121.36832533370057,31.314411127461604,2)
(121.38129995529252,31.243396830252408,36)
(121.44288247974144,31.242476829492315,28)
(121.42511084695848,31.239455444079436,36)
(121.3965589838638,31.274548300209496,36)
(121.44340774934192,31.26166005676505,19)
(121.43148200137759,31.28328227535005,29)
(121.42656295623529,31.238757938769176,16)
(121.43807944962161,31.286365351032774,18)
(121.3847574132241,31.295718253024177,2)
(121.41509924798387,31.269629533175006,8)
(121.40999153217771,31.23639492574315,76)
(121.40485611724762,31.2707522456922,7)
(121.39669443510579,31.245513194573455,19)
(121.37329549190933,31.24920855897776,8)
(121.41884328778988,31.270475229921423,36)
(121.43877854764162,31.266523127609876,22)
(121.44106096030293,31.2367686944079,27)
(121.36496728765019,31.277045444053538,17)
(121.37678417675272,31.24592971896787,2)
(121.35989587562455,31.241967339094927,26)
(121.3995121092304,31.262069524897505,37)
(121.41825917886409,31.242108172326105,37)
(121.40511334798595,31.2617785458748,35)
(121.42789735827388,31.248612143244312,36)
(121.44809297619753,31.25465813012775,11)
(121.37916526567089,31.289014976884037,4)
(121.38653176678396,31.26803624839883,37)
(121.43028870318194,31.267137649991415,2)
(121.44288221200259,31.257695892813,1)
(121.44212131270709,31.263146727637988,30)
(121.36736678004227,31.274025619525403,16)
(121.4294606285559,31.2611971265539,37)
(121.43720200108787,31.253293582835482,5)
(121.41498493824918,31.26550582322194,2)
(121.37665491059235,31.23146329476398,3)
(121.4130222814421,31.27016149215451,6)
(121.41999740217403,31.276118453781027,1)
(121.41947359094759,31.244344532359644,36)
(121.38248449054817,31.245025748838003,2)
(121.45812917963784,31.247717079170396,3)
(121.43054658182817,31.23400919565763,35)
(121.40881681001053,31.233256890849947,3)
(121.45246857522547,31.27550073045374,1)
(121.41097290790586,31.26143513713876,60)
(121.40834911314839,31.270594343593242,36)
(121.43867035728893,31.28178986936529,37)
(121.38757859028614,31.252546865924867,20)
(121.42363490602573,31.22909678905849,36)
(121.44883672466341,31.247450470264575,2)
(121.4063050054455,31.292430520349217,6)
(121.40478318814898,31.23735771852504,2)
(121.37867104527604,31.22481353298616,3)
(121.37607082543552,31.24955227236828,9)
(121.42452014542353,31.24038737120131,28)
(121.45210526912065,31.255412397360548,16)
(121.43453431506471,31.255508986760834,2)
(121.4240800090329,31.25702908565389,31)
(121.39485450928645,31.246517761840487,24)
(121.39996098210486,31.244865830116222,11)
(121.38039886124388,31.24344991637739,10)
(121.40934525170299,31.24387324610424,16)
(121.40698137854582,31.249933461219953,4)
(121.42041986275255,31.255080732116046,8)
(121.40597849870782,31.228506752613463,6)
(121.38913898635533,31.27694425269886,6)
(121.46322815782574,31.267347135133566,22)
(121.37221214031106,31.313197974462003,18)
(121.4019967657541,31.251504425108898,37)
(121.427522918004,31.23876407969225,1)
(121.37094685676556,31.236542387758924,11)
(121.38925894615342,31.28228450713933,36)
(121.37362410749033,31.25061590031064,2)
(121.43970088050078,31.277032224792457,11)
(121.38689986171991,31.253054299812586,5)
(121.43943442343493,31.254481066493856,12)
(121.44134491781249,31.26516278373838,37)
(121.37142972030458,31.272070056703626,6)
(121.45606943630952,31.272433716611555,1)
(121.43241160319043,31.23705653265399,2)
(121.4349842256854,31.262160311235046,1)
(121.41720609808486,31.261080255547196,8)
(121.42505853511503,31.24868091601864,37)
(121.41333157892414,31.288301807672564,8)
(121.3677023784701,31.269425284878125,25)
(121.40405053983201,31.23091369169629,18)
(121.36688091161649,31.314783184923968,34)
(121.3644825524982,31.30945379341178,4)
(121.45934689594743,31.258087971644784,16)
(121.45325832378592,31.248076366667195,36)
(121.45841156308047,31.260580099650785,8)
(121.3911262839697,31.29613341974762,36)
(121.43595584121768,31.28619612148468,36)
(121.39642335599537,31.24007674314665,1)
(121.34533591367365,31.29167904135927,36)
(121.3918707255232,31.234507286038934,10)
(121.37987873480182,31.24068168281562,18)
(121.42629025007527,31.261774339268793,34)
(121.41147521797306,31.254894206146297,50)
(121.42577811007925,31.241721477484766,29)
(121.4035409368814,31.244808450799713,7)
(121.43728333730822,31.25406095680853,36)
(121.44981084745869,31.26902172603658,7)
(121.46332935035609,31.26129330811815,8)
(121.44319124956286,31.256408260062425,1)
(121.40575193859705,31.233667112409453,1)
(121.40863700263598,31.246715978231073,27)
(121.40049267070935,31.299025015800616,24)
(121.34879265134244,31.297033520896615,21)
(121.41300067412904,31.253746351890804,36)
(121.42598381693446,31.241713772259754,2)
(121.40353141239669,31.23034735788716,5)
(121.4210042590968,31.240708220171136,34)
(121.4334612289196,31.271099967306405,2)
(121.44115600316432,31.242895010635195,9)
(121.43791017236018,31.268511182295413,13)
(121.39144929952992,31.236095083179613,2)
(121.41638065729097,31.28589857435599,1)
(121.40743280292692,31.24346858129219,36)
(121.41061707482629,31.296821798781618,4)
(121.41463170924118,31.272605949081743,3)
(121.45940258798171,31.2643861893688,6)
(121.36977825815119,31.252529375600833,21)
(121.4038081803641,31.25013132117491,37)
(121.42951230503301,31.24674074224899,10)
(121.38341596506592,31.238348648389994,1)
(121.38590817426835,31.267862852879645,20)
(121.3741143781098,31.25622736939273,18)
(121.3860343116414,31.233505812990476,12)
(121.38195986336176,31.233321938428674,2)
(121.44356689806266,31.243919008606845,11)
(121.37205663224982,31.248458215861795,6)
(121.37770807595335,31.228343081551465,26)
(121.35506806471315,31.28493867921331,24)
(121.45755097315875,31.25121087132142,7)
(121.411506816838,31.26184721516602,1)
(121.38982326013802,31.273433287628116,1)
(121.39375062411806,31.267188160015426,1)
(121.43162332464811,31.243274967110413,30)
(121.42284460738735,31.25127047436183,2)
(121.38198208014563,31.270021105349677,11)
(121.3712882869574,31.3135893457158,28)
(121.36542264467366,31.24877500325797,7)
(121.43164119868005,31.27649630411733,2)
(121.38257264894563,31.291653578127224,36)
(121.4143973180181,31.267019668086306,8)
(121.43610688918997,31.266509742555254,14)
(121.40912759816706,31.244085900518904,36)
(121.41454771052989,31.283669555375134,4)
(121.44561500545173,31.245802462034053,8)
(121.40158550482758,31.259112829859447,7)
(121.39702445085788,31.232327374727184,36)
(121.40946140116775,31.279420730742853,1)
(121.46110485031593,31.254118309622164,12)
(121.44508595119248,31.245840920743685,7)
(121.38936751793545,31.23485908013734,4)
(121.43549234851372,31.237965982154122,27)
(121.44180701654192,31.241576731392165,4)
(121.42119757219722,31.246964674364804,7)
(121.37934913556032,31.232051815501553,19)
(121.42238561537346,31.235446703204946,17)
(121.43741067048944,31.25337533710626,15)
(121.42641729927082,31.229462819483434,1)
(121.33088134386033,31.297448758903382,8)
(121.44346897252976,31.265575636596104,2)
(121.41712387732314,31.25327215344627,31)
(121.43576848957736,31.252914065438148,28)
(121.4540429840689,31.25432454705536,21)
(121.42221143900417,31.254698418874963,26)
(121.36497282039689,31.313239642000276,27)
(121.44223447392574,31.25593743267616,34)
(121.45184151642209,31.24825826779213,20)
(121.3849991659573,31.26699568640108,37)
(121.4276505642144,31.23514227397463,23)
(121.43359435682049,31.251807500553976,24)
(121.38576400386437,31.283134581899915,36)
(121.4205804436143,31.251625119649542,26)
(121.42289057982619,31.26286648578044,36)
(121.41909970279819,31.23129982328138,21)
(121.3863901318978,31.29992175566362,36)
(121.33972552992196,31.30100150096889,17)
(121.4437146964004,31.244887202884218,13)
(121.41724240595889,31.236245010581605,36)
(121.36483610126089,31.31258722745607,8)
(121.37205826864212,31.26728638819839,22)
(121.43371848876396,31.24388583576486,1)
(121.37194471043372,31.285920974347036,31)
(121.38934335116416,31.256158561028943,3)
(121.39122286481268,31.267532762919593,12)
(121.45274123033248,31.25591083883105,6)
(121.42863265090193,31.250172133151207,36)
(121.42805046427462,31.262369704556825,9)
(121.40001714658136,31.27190886523568,9)
(121.3968983881849,31.228444289224573,1)
(121.40284435314179,31.23109658752289,4)
(121.45483558558843,31.271937491986623,24)
(121.38380991043364,31.23803363819076,7)
(121.40171458675366,31.305487839251686,7)
(121.44229785624347,31.28463543976761,2)
(121.44879864546657,31.261242632196364,20)
(121.45930164225989,31.25378819584304,30)
(121.40399470470881,31.290204246423095,25)
(121.3692267509368,31.31348004918009,36)
(121.42602417043508,31.245257221553036,36)
(121.41711726841865,31.23551973485074,3)
(121.43607835844101,31.238708152012883,3)
(121.45767421449055,31.269154358525114,16)
(121.41499444998135,31.287884538634426,25)
(121.41222116157927,31.259472214928557,29)
(121.4593119707878,31.258454387581665,36)
(121.4179907923037,31.25178173790458,4)
(121.38693503337507,31.231647718662632,17)
(121.41633994010941,31.23849542246335,2)
(121.41116140211766,31.24467174726847,14)
(121.42815497458592,31.236094278180186,1)
(121.42702059019007,31.240169170766706,20)
(121.36445734897498,31.309471690451655,36)
(121.38925615217374,31.237187198871016,2)
(121.41357347837008,31.28813467133448,36)
(121.4388062759753,31.24098989919878,18)
(121.39778630542325,31.249494419536468,20)
(121.44765665820802,31.256107461150542,23)
(121.41584346108216,31.293164105860473,5)
(121.39273743780261,31.251112446640448,21)
(121.44631500829819,31.244840439813842,11)
(121.42234136905472,31.26015503063542,19)
(121.41100133633898,31.243496249948695,36)
(121.42645559709277,31.24565834080601,5)
(121.3848862085116,31.291810816520258,13)
(121.43355032397653,31.24002708864092,1)
(121.37845171263984,31.2588355746791,1)
(121.38274361184449,31.24300309776869,16)
(121.40131190326004,31.236840915905628,34)
(121.40107634529501,31.264059814955324,20)
(121.45246899699983,31.280360742414864,1)
(121.40989038599037,31.234111877939498,5)
(121.42793513732146,31.269867766515667,31)
(121.42699032798254,31.248254815402326,21)
(121.37818588666774,31.27637871916429,19)
(121.39060488107683,31.273260762186098,29)
(121.3979326894981,31.241671988494108,1)
(121.38438333541589,31.299396359076827,9)
(121.44838634257056,31.247471352164638,2)
(121.38830341574496,31.244397586769452,27)
(121.37404224816837,31.243913752237685,36)
(121.43665401817175,31.269542337277816,28)
(121.39222043893804,31.27707940840182,22)
(121.42848487515656,31.262236534099316,4)
(121.38371825004738,31.23099257812102,3)
(121.39922719237363,31.229825065259018,41)
(121.4182700956212,31.252692869856766,37)
(121.43796296335933,31.267113516472616,3)
(121.37756739288012,31.27432464863128,18)
(121.36795269874078,31.24145949359703,6)
(121.43370513040988,31.26249601755727,4)
(121.37869600268128,31.277419418206247,16)
(121.42294449859442,31.262468276367276,26)
(121.38245682646233,31.283739269032882,16)
(121.39185851499383,31.292445432198573,24)
(121.3907767365071,31.235589406143816,13)
(121.45951470384786,31.255169322382564,36)
(121.43259812693734,31.244628478091744,15)
(121.37905286557609,31.29924342733831,4)
(121.35663729346497,31.297337306854203,17)
(121.3821614753815,31.22614183221819,13)
(121.42651709831956,31.239832464632062,36)
(121.38461626386533,31.300159846244682,26)
(121.41011156170123,31.242698938653028,6)
(121.40249970798916,31.24214437595146,1)
(121.38432426958852,31.241927111893258,1)
(121.38501577452217,31.25792703556666,21)
(121.34288610061162,31.280567288710213,59)
(121.34878014836312,31.303354605576924,36)
(121.38299154382133,31.24714268143548,4)
(121.44496985676653,31.278763869623887,4)
(121.4240093133619,31.23684216124376,9)
(121.44169709770938,31.239034653553055,7)
(121.40074870015331,31.264077754528877,2)
(121.35598400761651,31.302778144011686,17)
(121.45193386444234,31.252964129226996,18)
(121.42519526759241,31.239516261394524,36)
(121.36916585259777,31.2878537191111,24)
(121.38333268571027,31.24770576399229,2)
(121.4113602495064,31.243467171051204,37)
(121.45266464864177,31.24713912595574,1)
(121.4445888315802,31.266115039662218,1)
(121.36367079094849,31.252029780386128,1)
(121.40893745139886,31.24567355801528,21)
(121.34089378527452,31.286752737755492,36)
(121.42930017821027,31.253816079650505,26)
(121.42522529829343,31.25714006554863,46)
(121.45006161436122,31.258477104585694,29)
(121.3684053037839,31.26644502613161,2)
(121.44150461304294,31.265011475755184,6)
(121.42380468918017,31.250470420210736,7)
(121.45159099057011,31.245280390519813,7)
(121.42627555150793,31.229385333940172,4)
(121.46202493203984,31.249397132981237,39)
(121.44506130778544,31.27090928492251,11)
(121.39095613362709,31.295923223137663,36)
(121.40904187707895,31.244955581059905,36)
(121.43902693355874,31.26191127535307,96)
(121.37512221996083,31.271482061701658,6)
(121.4589625348503,31.25964916780029,2)
(121.36553789392141,31.249307411163162,26)
(121.38731145123815,31.243826546644488,31)
(121.39749480187945,31.26469280316612,66)
(121.41678974461172,31.238943433947266,36)
(121.45784101416463,31.260276203733863,36)
(121.38622300172871,31.27028228938812,13)
(121.40694900346196,31.24554827384908,20)
(121.36578468205818,31.27647643217394,11)
(121.43147924391407,31.251636840807617,37)
(121.36760877443366,31.2527549693404,14)
(121.37698999289972,31.245999719129017,12)
(121.36513284972762,31.288615416228208,4)
(121.41801823107762,31.252495908356455,36)
(121.42642226739164,31.245598602793372,36)
(121.38310422887245,31.256897584316434,4)
(121.43722512437525,31.248581804948085,1)
(121.38983025381654,31.238842223641345,9)
(121.43485465735748,31.253418675974178,26)
(121.43378689876747,31.249716348368512,58)
(121.36742546300952,31.25275870638777,35)
(121.40000024091333,31.307417121699025,19)
(121.41126131574627,31.243952407076726,16)
(121.38467537888214,31.283409392494566,35)
(121.3862156980699,31.283264560740214,7)
(121.41671652538508,31.27036220289262,21)
(121.40932251662666,31.230608630481665,6)
(121.4179801861854,31.251720586004613,36)
(121.4252050708489,31.24787474779468,6)
(121.42357884749596,31.28431195979933,2)
(121.43760823062908,31.240409576138212,4)
(121.43482046865553,31.244847195016916,37)
(121.3912064738886,31.26896019301725,17)
(121.37756330224148,31.22730294495033,62)
(121.41104735217694,31.24379737669094,11)
(121.42742701653296,31.273066124201556,9)
(121.44722310742252,31.262214872571363,2)
(121.42806353928856,31.229905530921783,4)
(121.42587747758286,31.248041689520782,63)
(121.38114513009927,31.224532054777292,8)
(121.40980648667866,31.229142900977774,1)
(121.42653193603948,31.238150690953738,36)
(121.41147555226686,31.25872587360575,35)
(121.378640559256,31.231193447932903,5)
(121.44035485063345,31.25474007080281,1)
(121.37847737109219,31.23225237736967,3)
(121.46274109034817,31.26247618627672,36)
(121.4395796884343,31.278149563482877,27)
(121.38918286061603,31.25210366807223,36)
(121.41433478482041,31.235450103088006,2)
(121.3677971546776,31.237127951554925,1)
(121.39466491957724,31.257123129251084,1)
(121.39882753475523,31.28142542712425,28)
(121.45563273317381,31.277062510759382,4)
(121.44229803689643,31.28671128250268,36)
(121.39457660522295,31.295414192532437,28)
(121.43170833828272,31.246710974281456,11)
(121.40600655442486,31.27418802714259,24)
(121.46011536657322,31.25244680143295,9)
(121.41098634538376,31.243561281708118,1)
(121.40121940116784,31.255188092313638,37)
(121.3743725152885,31.26441913890755,36)
(121.44415400218031,31.258235366591226,7)
(121.40667889869914,31.22719822640392,36)
(121.44611721514711,31.248505807427346,36)
(121.37415604512715,31.228105705416617,36)
(121.45729124006567,31.246624395478776,1)
(121.36118392361143,31.28358125983487,2)
(121.43320070610503,31.249415909551633,5)
(121.42542759431839,31.2441803447384,36)
(121.439304197162,31.268697314977086,2)
(121.37954257192779,31.234119642201307,20)
(121.44672850367976,31.28324593976385,36)
(121.40901527053614,31.245055075348755,36)
(121.42409360087628,31.24103099176999,36)
(121.4223237647271,31.260280026730015,1)
(121.46307387065653,31.25791984461096,23)
(121.43397875141719,31.26266876363372,36)
(121.42954062425427,31.26952869397859,23)
(121.34869574875796,31.282027549060885,28)
(121.42261825068435,31.27934161354179,13)
(121.37306649621146,31.263948302697603,32)
(121.42984720552178,31.238822848861066,2)
(121.36745979876778,31.2905476299026,36)
(121.36490501090073,31.3129046348052,25)
(121.44398664242514,31.261829193011227,11)
(121.37395124993186,31.255827246609343,23)
(121.44752038152399,31.253904364810175,7)
(121.39181044796427,31.269144827151557,43)
(121.37873944558538,31.228397270083974,33)
(121.41727733603277,31.23651444857147,21)
(121.44447242242806,31.247284032919,10)
(121.40671072697985,31.250541219242855,3)
(121.43170939316245,31.26830278975408,29)
(121.40385971375149,31.24486821550739,6)
(121.42994672313601,31.246168045097054,14)
(121.40605504475181,31.28319268797998,8)
(121.36926725338509,31.249373833151278,7)
(121.3930940786058,31.27740106943498,27)
(121.38452605990149,31.271517170267902,2)
(121.42679531985985,31.280136630488336,28)
(121.40002359565291,31.261235710099992,18)
(121.43253612932637,31.25514919907224,25)
(121.4078471837698,31.24871512635705,36)
(121.44177703707258,31.241177597872095,11)
(121.42718024874989,31.23824015485845,1)
(121.41042997250784,31.24941197663378,27)
(121.399984786691,31.258369208115003,6)
(121.3469834230828,31.286715538680216,36)
(121.40761222598191,31.258708758220788,9)
(121.439324626528,31.282604823304343,1)
(121.39669711649805,31.267575941416773,36)
(121.43282601048784,31.235429063780334,7)
(121.41714719188107,31.234831407599675,2)
(121.38026859862545,31.29627682854613,36)
(121.45271278932292,31.27017506744916,4)
(121.41635494528451,31.23864248280046,5)
(121.40902097223815,31.224905114657123,15)
(121.40362335467786,31.285593785674234,36)
(121.43492230380521,31.250522317347162,13)
(121.4430194405007,31.28235351073457,35)
(121.37413987720832,31.272532282722718,23)
(121.44338929450359,31.266361377320646,10)
(121.39221940045475,31.254547511448326,37)
(121.38465615428501,31.271012076112154,3)
(121.3987442924456,31.290491074849392,29)
(121.41286914911113,31.235769354328077,25)
(121.43154850039537,31.246909041880198,4)
(121.36773474521941,31.237142643658242,5)
(121.4145426577728,31.23808987277117,1)
(121.40469823575934,31.249472137840495,36)
(121.34017374878303,31.28183037631422,11)
(121.37706050816004,31.250514745239318,13)
(121.37904998491074,31.23227309684257,11)
(121.4259331863928,31.231592715349677,2)
(121.4030895660029,31.232997502717442,29)
(121.44308697858276,31.2572366556628,36)
(121.35470970630843,31.28921279160352,25)
(121.40185073093151,31.250089998465604,33)
(121.4389513463291,31.24462632563175,4)
(121.4173612048077,31.236350001582043,6)
(121.38556076667479,31.253304108665024,1)
(121.38651606552548,31.25558507132487,36)
(121.37483690745782,31.30714404249957,11)
(121.4357397803911,31.238504086475235,185)
(121.38037582311476,31.27712238721457,36)
(121.44624849446998,31.244842828136672,2)
(121.40084898935667,31.290852214361752,36)
(121.44139081182301,31.264906604474696,36)
(121.45419366074282,31.2476846436177,36)
(121.38774405100092,31.246072296172994,1)
(121.40772815438089,31.25872998213666,16)
(121.42148002178409,31.254633876076735,36)
(121.38426651958375,31.279992458931954,36)
(121.4224896256691,31.243389524610926,22)
(121.42576985949061,31.239699045092106,44)
(121.43440513427635,31.262722268757894,34)
(121.45892914195053,31.259781624394247,7)
(121.43817794758218,31.28248563407715,36)
(121.46305256295909,31.254839151678688,35)
(121.4394412854296,31.276515385503117,35)
(121.42457344958775,31.229725850890492,64)
(121.36442126068332,31.248358320279593,1)
(121.40028990817345,31.245192368166276,8)
(121.38384871443327,31.25946000123931,36)
(121.38066727001487,31.29034011975619,23)
(121.35425095783698,31.28183597679322,3)
(121.45210446869635,31.254454299004195,3)
(121.3868879637367,31.300278887187,14)
(121.45401532768358,31.24784131542361,18)
(121.45263167395845,31.270385354050312,2)
(121.39403777632357,31.243867144017823,9)
(121.38956221188941,31.28252296191497,3)
(121.45226132163502,31.255806153818046,18)
(121.41826220676302,31.23327616557145,2)
(121.40369147214206,31.264917241648227,15)
(121.38774661385834,31.252512747274302,15)
(121.43763631890462,31.260445312675287,37)
(121.4217073898864,31.23798831449928,34)
(121.41039897914298,31.2494189843631,36)
(121.37465980695977,31.22836845574548,12)
(121.42061704152681,31.23443011984358,36)
(121.43017287266163,31.247029964762945,35)
(121.4353327314748,31.262521028339137,3)
(121.43651510466883,31.25338053470334,3)
(121.44077323056467,31.256891079747717,14)
(121.40645394275904,31.26054121573574,36)
(121.38622347570296,31.290666528420523,11)
(121.4297856799666,31.24702178646876,12)
(121.44672740347163,31.28332263942291,28)
(121.45875330881,31.256398540777276,28)
(121.44228060649418,31.258448452933003,12)
(121.4079731046515,31.247250252924484,8)
(121.46409574563377,31.25607824727123,6)
(121.42102115712458,31.24065896215982,10)
(121.35868751635219,31.280173743356833,8)
(121.38211001992606,31.24460819136347,20)
(121.42663094916728,31.239502215641025,7)
(121.42541379306725,31.25776434550055,32)
(121.37646411083819,31.28109159601801,51)
(121.38107073726476,31.244067894762743,8)
(121.3902796717545,31.257915144431678,27)
(121.3754841671666,31.299407841110547,3)
(121.40813613920099,31.27069739831501,18)
(121.42462542871998,31.24434463465822,15)
(121.45772750699662,31.27410032417772,18)
(121.45566485139612,31.264033427102238,10)
(121.39721550509208,31.266311485997306,9)
(121.42453423633302,31.23011367756759,13)
(121.38616849411042,31.280027159960127,14)
(121.38519688562539,31.287112074714088,21)
(121.40521844835929,31.239901908606146,4)
(121.44028336515815,31.236934930466873,3)
(121.38873315883905,31.282984436252804,7)
(121.41254062993036,31.228625161034426,5)
(121.44632150964924,31.24483824095822,36)
(121.39291527979042,31.235199588099157,31)
(121.41564329769612,31.29594209168091,36)
(121.43293012568375,31.23898503237051,36)
(121.45910444340858,31.268557996562375,4)
(121.45566632991157,31.246365973222563,36)
(121.41097295293275,31.27019923318491,1)
(121.46035877309433,31.253110548613584,3)
(121.45464326006686,31.251265984328555,9)
(121.45727048574996,31.27187837227683,2)
(121.35568023759109,31.28419242177006,36)
(121.42869462019435,31.26560792966386,23)
(121.46008694992017,31.2614386333974,3)
(121.43334395522734,31.2316427278607,2)
(121.41373053617633,31.28777027407331,37)
(121.4260843852469,31.24656093150246,27)
(121.43911037762454,31.23661748864733,36)
(121.44371156455436,31.243302498673803,36)
(121.4477388069183,31.24833189533283,30)
(121.42520286944718,31.239499962993893,36)
(121.38293060167459,31.28641782066441,36)
(121.46026142179613,31.269108663537033,5)
(121.40426434753799,31.23985779316072,31)
(121.40630946002925,31.239424753799163,21)
(121.39684081348953,31.260484828489613,16)
(121.4248799035152,31.253026710691582,4)
(121.44636081703638,31.24169265357449,46)
(121.41759036981466,31.239740431146096,6)
(121.45819029324723,31.26237235210176,5)
(121.42961094263846,31.280469986863647,16)
(121.38893708029337,31.257229700715335,36)
(121.44987205096221,31.258627523754665,20)
(121.43784539766105,31.249524304516722,2)
(121.45215130718553,31.279164091750854,5)
(121.42520827076844,31.239517064076946,23)
(121.43453404430943,31.25239862450691,37)
(121.41020188194786,31.25934035393371,37)
(121.43158270798138,31.243334255374744,25)
(121.41341237752158,31.231934647822488,23)
(121.41121530575025,31.243712308146936,34)
(121.39984580901918,31.234307320446536,34)
(121.36496632613117,31.288615096640555,34)
(121.44882772600329,31.25939704664144,36)
(121.40968081271994,31.234606423103365,7)
(121.38391542810751,31.258710214150113,21)
(121.43417183383207,31.232412090980752,10)
(121.40475336464198,31.239416647832144,10)
(121.42392864987384,31.251316699841855,27)
(121.39319314613039,31.277406129455436,6)
(121.44208601676827,31.258995992935613,9)
(121.3571421987687,31.307746192718735,18)
(121.39495095492373,31.29684695287572,27)
(121.42410858979964,31.241062994709164,36)
(121.36414260492066,31.31063265152599,25)
(121.41151889209655,31.228352261288485,33)
(121.3645216573825,31.31159169308384,26)
(121.3837205416162,31.229598939849083,8)
(121.37603733100455,31.246236241092628,4)
(121.38296583938173,31.243310484872726,15)
(121.3670222193172,31.30904209896777,61)
(121.35624583579528,31.302083768562408,36)
(121.3892973028517,31.256055482319116,84)
(121.41780422620863,31.2395212302765,1)
(121.43929861122756,31.23566790708079,45)
(121.42887197566206,31.24564789173889,11)
(121.40924134760355,31.231063779998326,4)
(121.3839952433573,31.26411141656515,36)
(121.42307459198827,31.264830195271113,3)
(121.4561213424561,31.271291556187798,2)
(121.4289261964046,31.256301825846744,10)
(121.42905714645856,31.26158469568011,26)
(121.42404765108165,31.241120066998317,101)
(121.44774000419328,31.254204770314118,28)
(121.40880356282221,31.23040458303768,15)
(121.41252621065831,31.235235197211757,15)
(121.38941243509147,31.256446737096784,4)
(121.41902303959493,31.234586369427895,3)
(121.4323198837198,31.251258888063855,23)
(121.38581593533392,31.286414114702854,11)
(121.42937630164128,31.233417960046584,40)
(121.42412357060451,31.241001955739037,37)
(121.45636417834913,31.253396353729652,10)
(121.41173401851749,31.241908396796344,2)
(121.4261970135835,31.25474643921177,23)
(121.37846545945321,31.277037182759965,3)
(121.36216774770841,31.279983900060785,22)
(121.33867634810439,31.293042071321654,36)
(121.42895437113893,31.262762303320265,4)
(121.37813897856306,31.255142616635336,35)
(121.38499919951848,31.267380850042343,2)
(121.44799823652666,31.248147350247624,36)
(121.33396558329626,31.294643210459117,36)
(121.45503128566668,31.250996070258736,7)
(121.42518276454334,31.239572358709633,27)
(121.46253622799087,31.269054466148805,35)
(121.43625909982755,31.237729488909736,5)
(121.42726545884372,31.25318274146574,23)
(121.40986948064113,31.2597669241035,1)
(121.43008292445114,31.277653343764147,4)
(121.36736784152215,31.292846415157776,9)
(121.43282876371796,31.267051993735176,5)
(121.40922532220226,31.243825821299406,6)
(121.42510082074892,31.25454119639593,9)
(121.42414655392147,31.24105496198358,37)
(121.44252294651766,31.244599974314475,10)
(121.4339567716134,31.262535732966025,4)
(121.42070036513665,31.276687556112286,36)
(121.38903628506003,31.23545410677746,6)
(121.35734708937404,31.290246682831803,12)
(121.42705038376756,31.23817124065152,4)
(121.43513810939639,31.274944534208792,21)
(121.3928393382888,31.260162016629593,4)
(121.40041915073157,31.24749342998262,37)
(121.43281432962299,31.27330865061968,4)
(121.43737692042214,31.267086304863795,16)
(121.4227176622766,31.266207297190146,1)
(121.40441754857135,31.244221630432506,37)
(121.38672183551527,31.231739584389803,12)
(121.42320273487063,31.256292418244552,9)
(121.42181662673016,31.264626977327712,2)
(121.39149716438418,31.231632253096507,2)
(121.36900780620172,31.24915037100421,3)
(121.41256764438138,31.228886274973345,1)
(121.37883203087219,31.233750832371573,37)
(121.390813011082,31.249479090781428,5)
(121.40660540993186,31.246834083152425,2)
(121.40709516279038,31.236014218842037,2)
(121.43188104599574,31.232538814531203,36)
(121.41764940805561,31.26038024978937,36)
(121.40698167525585,31.253334958593125,37)
(121.45421169444225,31.27396642930169,42)
(121.41044962376671,31.242545678250163,7)
(121.44735067472459,31.248841809438183,2)
(121.44848045656771,31.261695383253983,2)
(121.3722892614187,31.28611750774541,32)
(121.40417010887899,31.266468666829144,40)
(121.40902157208548,31.245050776664197,28)
(121.44296442213125,31.25380655524895,15)
(121.42406262696673,31.241002002392097,29)
(121.45586150210148,31.254137731660315,11)
(121.43459539454547,31.257455759625184,2)
(121.44831491942723,31.24775008085153,29)
(121.39318536087374,31.245503392765013,28)
(121.41118232591911,31.243854377836765,10)
(121.40164404041982,31.287992925772468,40)
(121.3893123125495,31.256019477649645,37)
(121.38328577014762,31.237777265399707,10)
(121.42183847509321,31.251632324037928,15)
(121.33254434454238,31.303467480856707,31)
(121.3769325547768,31.269017192173646,3)
(121.40435705928047,31.24788939927677,20)
(121.38293843542908,31.23505829680905,1)
(121.40690405272565,31.25863751221173,1)
(121.46266621965037,31.266306632374267,36)
(121.40385197274333,31.2362050845624,30)
(121.42321823639503,31.262194961955725,7)
(121.39543387693112,31.23539104327742,12)
(121.43885402335148,31.261976074938655,37)
(121.41025557585255,31.255671112465613,36)
(121.4578551642753,31.250905082312517,36)
(121.37600345892879,31.305783941214248,29)
(121.40816608299092,31.258996503096107,13)
(121.42721316337474,31.278145602578533,2)
(121.4402514114805,31.282434966932087,1)
(121.37494395695326,31.271419816346544,36)
(121.40248970557197,31.242453373327645,66)
(121.45337004751035,31.271289666242556,1)
(121.3819751636156,31.243021551165743,18)
(121.45542788697617,31.24716933537197,20)
(121.4595126273025,31.25808324895799,8)
(121.42815712704112,31.260803229842193,1)
(121.38600569516082,31.24169530177415,4)
(121.35007445849976,31.279436542881154,27)
(121.41088721896337,31.241859535151686,5)
(121.40192454990255,31.229553253066832,11)
(121.41484201108689,31.28852942603155,36)
(121.46139294107604,31.26991248740073,4)
(121.38692438453407,31.28175650402398,13)
(121.447884123188,31.255532805168468,31)
(121.45652529131071,31.270884535615746,7)
(121.40590599559833,31.24571055888935,36)
(121.42821055207182,31.254912621218907,36)
(121.37178064364386,31.2420099738408,6)
(121.44631640859097,31.244848040045625,37)
(121.43678882128553,31.255106928861643,36)
(121.41401065063494,31.29197408125775,22)
(121.42891133393108,31.25028891298568,22)
(121.4479877544704,31.253373114457386,29)
(121.41024637364873,31.242433536164416,20)
(121.38362346686688,31.270213440545444,3)
(121.45853246391736,31.267376091494864,37)
(121.44653615639996,31.246275093594686,4)
(121.38819229602711,31.278628231571535,1)
(121.41152044294147,31.246141334549105,16)
(121.43724593269413,31.25332253640869,36)
(121.39118856694617,31.229960104120565,6)
(121.43056563190571,31.265473822062347,36)
(121.3498010624483,31.284344186497446,2)
(121.40738778193973,31.266133488608975,14)
(121.44546419041407,31.255907174599002,2)
(121.4060512105645,31.248112633917053,37)
(121.41934404821268,31.26920862503252,2)
(121.4299240131505,31.247352513847044,36)
(121.44700525034492,31.241729666027247,19)
(121.41936593251377,31.24163334498035,19)
(121.44613377058883,31.24482920800543,25)
(121.37975771354127,31.23139538203524,22)
(121.42214111970894,31.260349988570976,16)
(121.33956114796293,31.287338859854273,3)
(121.40916099680146,31.22439877219412,15)
(121.35820339366434,31.28584733439229,22)
(121.38268530579663,31.236913681769455,40)
(121.44226430109602,31.243106710202944,4)
(121.44512555954603,31.24584442778876,13)
(121.3465375159999,31.30143806675637,37)
(121.4236886120428,31.236914435942637,3)
(121.44243205379111,31.243871790986688,3)
(121.3723674471322,31.229252940405782,11)
(121.43717942685784,31.269231480772554,2)
(121.3670203220067,31.247584834601767,17)
(121.44295709806879,31.252211225209447,1115)
(121.39983944942601,31.241682660428424,36)
(121.42242358927429,31.25965454871214,37)
(121.4152693182351,31.287361597308166,21)
(121.36447503036099,31.249591935569978,2)
(121.44276525429302,31.2420897087819,9)
(121.40507535685597,31.261916602041744,36)
(121.42835481593649,31.248371603734522,33)
(121.36194581886544,31.279735476678937,16)
(121.40955267072391,31.244221782326175,45)
(121.40179401870748,31.229837426240106,16)
(121.41137829894926,31.27845624762101,12)
(121.39333431917049,31.232390549619453,37)
(121.42594567779147,31.23966988342373,36)
(121.3830578128398,31.27570354399029,15)
(121.42716541862612,31.251470079110916,10)
(121.42618938545257,31.23919646134746,36)
(121.37226832919983,31.229654995784994,36)
(121.37501996100255,31.23564623784854,25)
(121.41080185004762,31.225946277956954,37)
(121.46017581679756,31.2632776001365,34)
(121.35552786232006,31.294965488697283,2)
(121.45977304456876,31.249753376147098,36)
(121.42160578653495,31.24615750415645,18)
(121.37214401136275,31.28582419796168,36)
(121.39485249869487,31.223440240879036,5)
(121.42519846837159,31.23949206210004,36)
(121.40909348977894,31.244153693311315,36)
(121.3807289872272,31.299161796961393,31)
(121.41296314237425,31.236044454991383,1)
(121.45281640559762,31.258385906185097,28)
(121.44458705317751,31.2456461141537,8)
(121.43980872944024,31.2563279652072,8)
(121.41114531009153,31.232106060456065,3)
(121.40457004621473,31.2359860733298,4)
(121.427232164112,31.245664968857223,11)
(121.44176293705796,31.26269708845249,9)
(121.43329261289887,31.25161908093709,22)
(121.44503036549904,31.27086031604951,36)
(121.42400657764435,31.250301595327162,13)
(121.37197485359926,31.27551573831304,37)
(121.39804636760785,31.260348263820468,36)
(121.42689056029464,31.238219405445097,37)
(121.3725460289144,31.255855108813783,4)
(121.41569979389858,31.24467045669307,17)
(121.43094916018893,31.262622291817614,36)
(121.38637853428419,31.270283116726493,9)
(121.4087712321017,31.229971684557675,11)
(121.37314771732153,31.230169375232922,36)
(121.4099701780119,31.27438866834539,6)
(121.37231445746335,31.313198288776633,24)
(121.37458366651329,31.228030204900143,64)
(121.43609436510691,31.255257924480567,36)
(121.43874287453892,31.28624627444391,3)
(121.42168842762744,31.236027371585394,11)
(121.42774199054101,31.26960762754202,2)
(121.3808573848213,31.242994192740063,9)
(121.41309756916306,31.229983644538258,6)
(121.38095834265627,31.24394735096554,1)
(121.39429778849718,31.25997272472873,31)
(121.42037660869397,31.27472014800944,17)
(121.3883719588135,31.257229898614657,168)
(121.39795863374255,31.236899480425244,39)
(121.39776220348662,31.23697279799845,33)
(121.42687569832451,31.23787844158821,42)
(121.45360125520892,31.256718481051763,9)
(121.44017268464808,31.237836236177124,33)
(121.37132766424725,31.30801985638833,36)
(121.4307084893939,31.242991829551084,37)
(121.40907803326176,31.224696918609972,36)
(121.40901873526889,31.244135796867358,36)
(121.41782985160289,31.235940734173884,3)
(121.42183712916103,31.23618941197571,6)
(121.44164091880207,31.282859731019393,1)
(121.42760673949279,31.237783558304262,37)
(121.42547500746507,31.260920660902798,24)
(121.42609852479394,31.25118289071691,34)
(121.39682700184242,31.274191643389287,19)
(121.44038407552567,31.258622411059793,2)
(121.40603577174222,31.254552469953612,6)
(121.34873937637099,31.302646547601295,26)
