(121.41980460903046,31.270070530811015,16)
(121.4293554964439,31.2811436282846,3)
(121.37950386405018,31.233392405579913,25)
(121.43880628238178,31.25415244804755,11)
(121.42519766817671,31.239495661928217,37)
(121.4440397979354,31.253322409543255,20)
(121.423820899018,31.264503506360747,33)
(121.39169657136274,31.271530760332826,36)
(121.39919868810412,31.247116882851877,12)
(121.3728083461913,31.289434523508437,16)
(121.42973644331353,31.274382442902873,24)
(121.4450754425069,31.26129816577142,20)
(121.37499135295951,31.256775044932073,30)
(121.41836901029602,31.252412696868785,29)
(121.44508935655288,31.249142832198988,2)
(121.40164150045126,31.258894748579966,27)
(121.44260492884113,31.283292601679168,20)
(121.44524216758546,31.25049817505061,28)
(121.40771097131591,31.26258140183182,6)
(121.41132058461025,31.22426140201974,1)
(121.45003151913879,31.245106274915475,14)
(121.37677254536925,31.271444027906586,8)
(121.40276012726777,31.228698467433972,4)
(121.43982870913457,31.254675507912726,1)
(121.39678897930801,31.27415161007491,25)
(121.44996079912525,31.2695050155909,2)
(121.40991259126864,31.259451433690078,9)
(121.41635868991492,31.281565015277305,27)
(121.38145919886392,31.23249605419364,4)
(121.45888388492853,31.258909846219886,1)
(121.44617987942497,31.2417257217575,31)
(121.42093787468417,31.248161369160133,24)
(121.39062137677507,31.290267745051366,21)
(121.45309835785282,31.24408890746986,3)
(121.43747659032735,31.27662517906385,36)
(121.43441190610363,31.237274016380837,5)
(121.43609896702938,31.2600151164028,8)
(121.4435540642697,31.27998954435145,2)
(121.38380646241914,31.250608496572973,2)
(121.41865905714107,31.23656080659798,68)
(121.44116224415987,31.26509803314858,36)
(121.4337186533255,31.245776680482862,6)
(121.44672058038822,31.26704281645091,2)
(121.41594498222257,31.271096832244574,3)
(121.39224602655331,31.27213736191722,36)
(121.39895464442293,31.259175089257567,37)
(121.41192661756027,31.27228456425604,2)
(121.43719950898945,31.247600072607057,36)
(121.43770825493218,31.248700580021758,6)
(121.38100343812738,31.25306981327827,26)
(121.42295948460112,31.262456260510255,18)
(121.43457753672287,31.260998948380262,11)
(121.3633366665983,31.246064625418306,9)
(121.43749820553822,31.240070555618296,19)
(121.43108527486363,31.257556858554405,26)
(121.40633183977475,31.23230451380936,36)
(121.43958260889043,31.237126041320103,7)
(121.40258710668598,31.259643028178015,19)
(121.43611189056324,31.25279726396421,26)
(121.3761196333105,31.253634071261004,15)
(121.3894835471488,31.29147042350779,1)
(121.3772230577973,31.270231043318507,15)
(121.43724731240408,31.26917536570129,30)
(121.38263824163079,31.243874988677728,13)
(121.44052950244279,31.266488575002484,37)
(121.43178687710045,31.23636144056557,80)
(121.43736129313075,31.259600115521465,36)
(121.43070879061698,31.246451375429558,36)
(121.40379108540945,31.237601710341217,22)
(121.43731871462107,31.27167192236734,4)
(121.42804286101986,31.251007924626627,17)
(121.4140525361801,31.234194777516354,30)
(121.3795535185368,31.27471554092486,4)
(121.3762996983303,31.248532674345537,3)
(121.40042489240884,31.23827823548298,11)
(121.43152334174086,31.23048026446776,25)
(121.40811885663217,31.255987092607608,19)
(121.44438171049663,31.248537738961115,22)
(121.39064921406782,31.253720420082868,30)
(121.45530188845612,31.25285463779606,17)
(121.38209502275811,31.244842280974762,13)
(121.38203620347915,31.27070944970376,18)
(121.43342967411319,31.252759114096477,36)
(121.42663085087769,31.238373705220955,37)
(121.38919814307314,31.255197034784864,3)
(121.42188596035105,31.28053860605413,1)
(121.4587852506335,31.268211549737536,2)
(121.40216474114342,31.283092051522473,2)
(121.43845630349776,31.254212581307197,17)
(121.43501764149796,31.275127007569896,26)
(121.35956902177483,31.277858834860414,71)
(121.41078837947396,31.243454267507744,29)
(121.43693741132904,31.253123862727367,37)
(121.44338297492654,31.240730872228667,33)
(121.39439521659914,31.223382974058357,15)
(121.41421957203599,31.234731490636726,10)
(121.40957150723398,31.259487662712743,24)
(121.4588136191313,31.25026871938345,6)
(121.42481192760114,31.264010527238934,3)
(121.33768259931273,31.298771447932843,16)
(121.43903701528149,31.26545630643897,37)
(121.42574330197324,31.245287863655296,15)
(121.4232510735968,31.2835658962388,1)
(121.43539722564861,31.28077362163301,37)
(121.38881335329017,31.259514573635446,8)
(121.42118103802218,31.240694877606792,3)
(121.40462355876022,31.24179870814861,13)
(121.36972825023464,31.25245696914123,4)
(121.43674467119513,31.26405085633214,36)
(121.38026210162323,31.274800073762652,6)
(121.44121511502377,31.264716790191738,12)
(121.39703709530721,31.267120808670715,11)
(121.36343990903627,31.309136075082257,28)
(121.36069677103224,31.240549429372315,70)
(121.39894886380026,31.256829636316034,45)
(121.36620620512161,31.28554277976115,12)
(121.43526621587516,31.25545104992892,3)
(121.43591422134921,31.266889153226987,2)
(121.42493983713146,31.24146652418186,22)
(121.37950700020215,31.26943627407564,7)
(121.41926843011235,31.252383210004957,9)
(121.39590763984901,31.24112786994031,15)
(121.38634710464046,31.22755033995679,4)
(121.45636575860556,31.25644196057257,30)
(121.4371398032861,31.24727574178078,28)
(121.42692051710493,31.238093321605135,36)
(121.39490952302212,31.238401878190192,1)
(121.45947262283991,31.265083230185187,3)
(121.3994740952366,31.26206951255363,36)
(121.40820507154005,31.24739540294778,6)
(121.36822228262191,31.29278561817455,1)
(121.38887185025675,31.23210145171174,27)
(121.40779707933183,31.235367911866128,6)
(121.44411424624391,31.25090143740677,37)
(121.39201748969542,31.279350220755934,29)
(121.42612551618485,31.24048928260276,15)
(121.46262774703182,31.266428139522638,3)
(121.38285779161261,31.23206925076147,4)
(121.44399161847149,31.24406472786817,23)
(121.38257160898193,31.279722735342737,27)
(121.40420160712094,31.300214235861553,4)
(121.37873811055267,31.27768992426603,23)
(121.3892132578923,31.256366555965393,36)
(121.45306834541856,31.254635634655394,36)
(121.41191477066427,31.24995861436266,19)
(121.37882269869199,31.29908559705635,11)
(121.39933006675427,31.273822449431755,29)
(121.4392650734822,31.259130261143493,36)
(121.41664586401886,31.25090183761227,7)
(121.38620233290247,31.231824186256308,1)
(121.3641404045987,31.31069755112577,36)
(121.40801981775938,31.255460867547036,37)
(121.41596331375432,31.229155306554173,11)
(121.37890399030293,31.266737469279757,68)
(121.4378984678945,31.249881132893,8)
(121.38035737839458,31.29597703694172,53)
(121.4477557482098,31.25956678734721,30)
(121.38160943770116,31.290676225759682,33)
(121.40990418919824,31.259455731934267,3)
(121.44134490754502,31.265044733332626,36)
(121.40454947902948,31.277145591805326,8)
(121.41294007633675,31.25812627775188,21)
(121.39706800446595,31.246519756068654,113)
(121.37136350556226,31.287856913311145,13)
(121.41453254119004,31.23582988896856,37)
(121.42543402676309,31.247761995251878,36)
(121.38378861256996,31.229554983531067,17)
(121.43324840239421,31.250860073587763,28)
(121.45905694679112,31.249874011384506,1)
(121.37562614563677,31.25008910462018,30)
(121.401233781639,31.281306211391712,7)
(121.41022496846,31.228142158707612,23)
(121.40183954539134,31.258830766299624,11)
(121.38863701820767,31.240677179778416,30)
(121.4317868828816,31.274983367317684,18)
(121.42861432824249,31.25769244534408,11)
(121.41532512226361,31.234971219145834,7)
(121.39070617548401,31.298654129168657,32)
(121.42282909661846,31.256724874315225,7)
(121.40126692337405,31.25343527896914,3)
(121.43826599315598,31.238797666897106,34)
(121.38413387299447,31.25606695686883,36)
(121.4297894401339,31.27509068447786,3)
(121.42880644714715,31.265626652388974,37)
(121.39537410982462,31.28711554444468,27)
(121.38459413518099,31.2715492457447,7)
(121.42831026038183,31.26434160425574,37)
(121.42715226372417,31.27245011554843,3)
(121.43171269650229,31.237428231214235,18)
(121.37220593096983,31.295305077998947,26)
(121.42520557098678,31.248030447604723,22)
(121.37067388189176,31.25338153523288,4)
(121.43553879300833,31.24388158828949,29)
(121.36074144692796,31.287728234688483,30)
(121.40608909568569,31.246781043983813,15)
(121.37934500998368,31.248919220452514,12)
(121.37321090735163,31.254314296570268,1)
(121.37303408111914,31.247877233010005,2)
(121.4052566638324,31.242340009310244,3)
(121.4365862778618,31.25379912267394,20)
(121.41447860133924,31.236265104930272,12)
(121.38134724914104,31.25762815684962,34)
(121.42076217747501,31.23569044780164,36)
(121.36695702555355,31.31458722257071,8)
(121.43704808356757,31.253819211911033,36)
(121.44990150092818,31.25305803896975,31)
(121.37882082411667,31.287512416178593,15)
(121.43493606950953,31.236594059810006,3)
(121.40595017312994,31.2247830250422,36)
(121.38216595404387,31.277592454357908,23)
(121.37983951265385,31.235965942009987,5)
(121.43714946933265,31.2806302762488,28)
(121.40174199044102,31.275675899479147,4)
(121.36749269317224,31.296298286255542,36)
(121.44092989515669,31.256661673276657,2)
(121.42113718821565,31.253493595938416,4)
(121.40844349894218,31.29800350275177,7)
(121.40694016167564,31.25415592848387,24)
(121.41220724910693,31.246053148279238,36)
(121.4279337573799,31.230721028411363,9)
(121.4000173933658,31.27207198690657,37)
(121.39733116532977,31.24876750306884,36)
(121.38511184669746,31.2504836347915,32)
(121.40162567600517,31.24948762740663,31)
(121.39745751478513,31.242159017549923,36)
(121.36439984040764,31.311488279211297,29)
(121.40818565398534,31.23078779907589,15)
(121.45526147015177,31.27115928874472,1)
(121.45888325097131,31.259651668771948,21)
(121.38309305743654,31.28391672177438,24)
(121.36398899819146,31.282400163258803,4)
(121.43022518517297,31.247048475296385,36)
(121.39361026896707,31.241204710745503,20)
(121.41220724945592,31.24605715006231,14)
(121.40492861295552,31.24207086056064,7)
(121.44382960765935,31.25126571709886,53)
(121.43832839890985,31.266322665453586,43)
(121.4288580419568,31.25768520495115,36)
(121.40599152860932,31.304075331562352,8)
(121.39048799268333,31.252653841696205,2)
(121.45285690272475,31.27828812315476,1)
(121.40432945586937,31.286849936762845,2)
(121.41740954707117,31.228891259230895,11)
(121.4592707624503,31.254170789650008,36)
(121.43971371348741,31.281909898178974,1)
(121.4269594886642,31.238248357040973,33)
(121.42766776737793,31.238882999870523,37)
(121.41114629909623,31.24345020340543,35)
(121.41041343553127,31.231751018830558,3)
(121.39194203887823,31.253420061799247,29)
(121.44923703190892,31.242231460264133,30)
(121.38052855273627,31.238055623154416,16)
(121.42287552815463,31.26212617840661,51)
(121.3488867566098,31.30314571265889,12)
(121.41167907166675,31.23088439597703,10)
(121.41573851748153,31.253175208084357,36)
(121.40661189091055,31.29015142382859,3)
(121.37240349507294,31.286779925682556,17)
(121.39958640395248,31.230719594810378,36)
(121.41013564627951,31.255435387970035,37)
(121.42685959779892,31.238268455231076,36)
(121.41121542283022,31.2450549085018,17)
(121.44817139386053,31.261342731095706,18)
(121.4228136863526,31.25187176102994,18)
(121.45915734811615,31.25754215222982,10)
(121.40921912067799,31.2438065200493,12)
(121.38156508488196,31.23250950457068,15)
(121.42311937071104,31.262742268636348,37)
(121.41473859342338,31.237417540809606,20)
(121.34349930819624,31.288242864969355,21)
(121.45868594214743,31.26166697017768,13)
(121.43695769716423,31.26824636055683,1)
(121.3981175262298,31.26180992098874,9)
(121.4365477656192,31.235177749518837,37)
(121.44375794221082,31.260160845249672,30)
(121.36803139678834,31.250697839398974,62)
(121.39671061618732,31.30315366970393,18)
(121.4302675935474,31.234363507264817,10)
(121.3740142607557,31.256193454957696,31)
(121.45954263229781,31.257944253458867,1)
(121.42391678502403,31.229808012928245,1)
(121.39620585152336,31.24171927526417,15)
(121.38205299776911,31.29109784126765,30)
(121.44161080562928,31.25481137297935,1)
(121.38457260324034,31.277188580672217,12)
(121.4275481216803,31.264348321546887,1)
(121.38219894826022,31.300054528225097,19)
(121.43860863412901,31.24126830313992,12)
(121.41098636483848,31.2437843816194,44)
(121.40622060769448,31.24272613362158,11)
(121.44610876457256,31.241549909575184,11)
(121.39889107646792,31.22999702930096,3)
(121.42046519716956,31.247831512061726,15)
(121.44780145817731,31.280330472984453,16)
(121.42298202535589,31.24342529569702,3)
(121.35459614443458,31.285390051649504,11)
(121.41228709892914,31.22637842301062,23)
(121.36499503019063,31.288615100010677,36)
(121.40903487535815,31.24493307965073,36)
(121.44133534505063,31.25424952298121,7)
(121.44459885613963,31.255140286796095,36)
(121.44200921193362,31.2414614028912,4)
(121.38074237736366,31.244524757982965,36)
(121.45629142707632,31.277177659402373,1)
(121.38463928003199,31.261172870570423,7)
(121.3502054197524,31.278540531116107,5)
(121.36892933190876,31.314312944901197,4)
(121.37274207792862,31.229903728715755,8)
(121.38562557431773,31.287768347856517,30)
(121.3996490269756,31.27824773160037,2)
(121.36141334941344,31.28351659880759,36)
(121.43103986493144,31.26565700175535,9)
(121.3913804315095,31.238210998588194,26)
(121.40836140968732,31.258992112642673,21)
(121.42783494191082,31.26281530973383,1)
(121.37161524714486,31.28754284862409,60)
(121.41100136364537,31.243809390188854,68)
(121.41853695400296,31.252965854125062,16)
(121.39171418550245,31.27473067555927,25)
(121.43108271414327,31.265753243910172,11)
(121.40727764407539,31.258683489177315,13)
(121.40196866070266,31.248320188283046,2)
(121.41442077984382,31.272417940491135,12)
(121.38541780847753,31.257901151644344,16)
(121.37310410467884,31.258448959569396,5)
(121.40938626613864,31.227836345212364,11)
(121.41532163151302,31.29535279198113,22)
(121.36143953440124,31.238873423578443,28)
(121.38721357591587,31.269300554982372,30)
(121.43214194333366,31.25832802971203,15)
(121.40014572699799,31.255133715756365,36)
(121.37396539134225,31.28602702847684,64)
(121.41385126490061,31.23161270907109,33)
(121.39503295704573,31.27339246197557,21)
(121.37519446711549,31.257924824135053,34)
(121.37595721014542,31.29217855614016,20)
(121.42513877963077,31.254496145888517,35)
(121.45819736514603,31.251890776901018,6)
(121.37238528398008,31.25199213176589,36)
(121.38641745499783,31.276749015743597,36)
(121.43057895404522,31.24643050355243,7)
(121.40490252831628,31.286968045188285,2)
(121.43327690657185,31.2351695081927,15)
(121.38481680867991,31.276577548329342,6)
(121.40772859366349,31.241223565993895,37)
(121.40593855325021,31.275008205272783,41)
(121.36911263382713,31.314298196680422,36)
(121.37517685563503,31.254868005933755,1)
(121.44577327108505,31.24680824120209,2)
(121.4516927737365,31.279992102204307,2)
(121.34345473244915,31.289640700871466,19)
(121.36317267407381,31.304929154693678,7)
(121.4123252992867,31.25848458583316,16)
(121.40211506826415,31.264057077110056,2)
(121.39653621698874,31.26688243445133,63)
(121.37501643567914,31.257727598230257,35)
(121.43536614296521,31.267821249412425,1)
(121.46295377599345,31.254126069415214,1)
(121.40490028691511,31.239738868713083,11)
(121.38185476206783,31.291065629577883,19)
(121.44509705353254,31.245834122732962,14)
(121.39261805834398,31.246512505307678,7)
(121.37754649516705,31.245680805317868,2)
(121.37480400342339,31.235204813319537,17)
(121.40568175737057,31.30038043649423,6)
(121.39637964753426,31.224316365058584,23)
(121.40908908869763,31.2441346924347,23)
(121.41726266334115,31.240973139180486,36)
(121.37060423613484,31.247219721249607,14)
(121.39352315444222,31.297905597065135,11)
(121.45974237066214,31.25257368761053,30)
(121.45746324938094,31.24636914238516,19)
(121.3813450126012,31.23192467562148,12)
(121.43732841981135,31.237488358577224,11)
(121.40336177691258,31.234857397628314,3)
(121.40657832610536,31.260777190893663,3)
(121.39957312272803,31.261968501133158,36)
(121.38280205359703,31.293285452955992,36)
(121.38653966596733,31.28327741773147,1)
(121.38560241512282,31.262700384924646,2)
(121.41817355830477,31.23769363404372,2)
(121.43056500761833,31.258308739805724,13)
(121.39423344068075,31.295956223485998,12)
(121.378386425768,31.291024918664647,37)
(121.40648750677671,31.262857083743423,37)
(121.43771803914119,31.25188526421477,30)
(121.46207202542777,31.265296155354743,28)
(121.44584643362721,31.279105377472124,10)
(121.3489394071966,31.30961758540939,6)
(121.4417623876495,31.256378355585934,6)
(121.40495973294139,31.24341446627695,36)
(121.3856638910205,31.235937661577115,6)
(121.42349705680775,31.262966089130984,20)
(121.3893706732386,31.262462468777453,4)
(121.44775589189315,31.26122150161827,4)
(121.3535290662342,31.27922249365865,16)
(121.38423322751925,31.242570316920148,26)
(121.42067842450513,31.240773225719284,23)
(121.38161508827189,31.265562445076128,40)
(121.43967947819479,31.25435961298432,36)
(121.40867487172954,31.245259326388847,18)
(121.37300868306713,31.277947764505882,36)
(121.41016635396821,31.23530223307706,36)
(121.40527575443741,31.299588694029982,1)
(121.40354793925918,31.23189397706554,29)
(121.4085297191929,31.243345480462544,28)
(121.34702952615243,31.287059540446407,2)
(121.41392868417424,31.235996117067984,72)
(121.38012998234203,31.244038416422125,21)
(121.37817085159158,31.2762046298385,46)
(121.39903606007361,31.229152690408995,3)
(121.4449023233195,31.278916891375726,2)
(121.42237306314806,31.26338406965371,36)
(121.42436496493329,31.24435408075288,13)
(121.40195005393001,31.26186729507946,3)
(121.38222406203568,31.243563837702265,3)
(121.43510709904108,31.274290299989005,11)
(121.39274714594586,31.23499739558385,8)
(121.43733095098337,31.266582152537563,22)
(121.43890720507532,31.265097337587683,29)
(121.4120763520234,31.235338349309476,33)
(121.37237318275494,31.295231268204876,14)
(121.42749435206808,31.254845260695998,36)
(121.42693650635375,31.23816734087205,32)
(121.40373795944775,31.236249088487654,2)
(121.41844998756368,31.252727794139624,30)
(121.40836185659661,31.24474611764983,23)
(121.44909527968701,31.25920149233391,126)
(121.41011614157816,31.237758817980584,1)
(121.40240256964435,31.23464612821045,31)
(121.44634624884043,31.254313972338668,7)
(121.42893381217809,31.233139177907784,7)
(121.45660349973606,31.252510303494745,1)
(121.39439665176553,31.239858536597417,38)
(121.40436107340122,31.293875758047417,6)
(121.37871052805126,31.271077964907473,4)
(121.43181694207732,31.267066545823436,1)
(121.37533496028867,31.253457582020783,33)
(121.39050543802524,31.269086937619033,6)
(121.43390888530271,31.240103907571147,5)
(121.44856845977431,31.241853511178007,20)
(121.44193595416255,31.25508152211311,36)
(121.39418707178027,31.29206165170416,22)
(121.36445354845941,31.30941499014043,36)
(121.42410746152368,31.22811008401024,4)
(121.39647923437795,31.23299143988082,1)
(121.3639976855486,31.308286240261218,35)
(121.38574471626156,31.230010959769576,11)
(121.40114205939346,31.28711808093783,10)
(121.37133769514112,31.313335953061742,72)
(121.38206398116732,31.24478122271661,1)
(121.42593464821775,31.241541110058403,22)
(121.43763384923565,31.248123716892593,26)
(121.44656215958034,31.24483038312046,30)
(121.44279794848882,31.239094065123776,5)
(121.419846687569,31.236926978141135,40)
(121.45106739587125,31.259121482891665,20)
(121.43638532369705,31.25354877884261,32)
(121.44218810769863,31.23925209302358,36)
(121.41383787103072,31.293743839291206,3)
(121.40346226408904,31.22877662325529,4)
(121.44733242072377,31.254020000264237,7)
(121.3649939551335,31.23802754591894,4)
(121.42521237210003,31.242715558972638,37)
(121.42996066511895,31.234228643830118,14)
(121.41036190213256,31.242613459861552,21)
(121.39517664625355,31.257394709939796,34)
(121.42837773981871,31.234509823580918,37)
(121.41300005703759,31.246671227613973,37)
(121.42864861734792,31.25000104208801,36)
(121.37667453026461,31.284331246164143,1)
(121.39030597752051,31.25782784944716,5)
(121.40547740575364,31.23904015716027,15)
(121.4377191305156,31.264427705763683,3)
(121.40948530653664,31.262856958293565,30)
(121.34132172001951,31.286501441287843,35)
(121.4545319265155,31.25862047617609,11)
(121.34280603351847,31.29820689062954,36)
(121.40409797128038,31.244871264015433,20)
(121.44119321474578,31.258678988295856,7)
(121.44648514361919,31.244842869622868,36)
(121.42666895011355,31.228504156706627,4)
(121.42476405045677,31.24196688973952,36)
(121.43213784469857,31.277250601931655,2)
(121.41301205745147,31.25947158024971,36)
(121.42967115249706,31.246901063501017,17)
(121.43472483761711,31.253268771274307,11)
(121.40580707577733,31.24667998559191,5)
(121.40916620766092,31.244071508558562,5)
(121.3725610543925,31.255883140626622,36)
(121.41346897072977,31.261344272163814,31)
(121.39649762449781,31.260314603352565,22)
(121.40548280765186,31.22449018582144,16)
(121.42053295246404,31.23412929958202,4)
(121.44452023104031,31.244039022961676,26)
(121.40294582524449,31.247757132646882,19)
(121.37893399016124,31.266288311358174,11)
(121.34777449417653,31.281718450103067,37)
(121.43893645531946,31.24558677570815,18)
(121.45573207418288,31.25701125579888,9)
(121.43803300519103,31.24098312491472,37)
(121.40980896573146,31.2593535123345,59)
(121.4015415957156,31.248820312222584,3)
(121.45513303210812,31.273979737141378,3)
(121.438841022845,31.28465459077785,4)
(121.38670993993249,31.267550399331682,17)
(121.44928418987996,31.245242722342137,34)
(121.36534093893306,31.276916952437443,31)
(121.43246842618595,31.23454607119472,13)
(121.37132170784443,31.250490787617093,3)
(121.46111990902583,31.255265777451523,36)
(121.4085306820128,31.254384369226674,16)
(121.41041344024023,31.231805043623478,36)
(121.45227132763071,31.270192128341787,17)
(121.44422969757771,31.27031675328903,23)
(121.39079605773357,31.273552014221618,37)
(121.40521765865202,31.23084278133794,37)
(121.4152291076683,31.270210123288066,18)
(121.42715021396435,31.24893397268719,24)
(121.41214404236872,31.245983224988017,10)
(121.43792851206314,31.26128406887221,6)
(121.4301929813801,31.27489041560986,8)
(121.38574249863372,31.28768616843569,36)
(121.44449974950267,31.246676846235474,45)
(121.4259986579362,31.240065016806508,3)
(121.38238571573359,31.28528320020869,36)
(121.45736816703761,31.248048864259662,17)
(121.43055106320271,31.248348738633798,7)
(121.40816608309045,31.254191512579506,36)
(121.39101000961134,31.282552882502696,11)
(121.42364268834427,31.250413019674742,36)
(121.42530029357233,31.242666977208458,20)
(121.3877192222485,31.28275555641327,11)
(121.43346182411399,31.277930819085586,15)
(121.38801444127607,31.25918986976131,35)
(121.4226102343806,31.24943020709162,30)
(121.39704849795461,31.26710211093631,36)
(121.42505485825833,31.25445619641232,36)
(121.38269811660521,31.249406904998484,27)
(121.41303266233747,31.245217312152242,26)
(121.43284407344086,31.277721454504885,20)
(121.42846514427966,31.265058762461138,37)
(121.412742211508,31.22461352135409,4)
(121.44865420228267,31.264028091572882,9)
(121.42405822026396,31.259219052667795,12)
(121.43150960614717,31.27917155686319,12)
(121.45577922393001,31.27159739953319,1)
(121.37127668504208,31.313630044034277,13)
(121.41005752701538,31.25608507044627,21)
(121.39779095729257,31.302792567330176,29)
(121.45983412902766,31.252598494661825,11)
(121.38154468754597,31.248454333560474,42)
(121.36513234965659,31.288615116169872,36)
(121.39907287137656,31.261412920793656,7)
(121.3710466000391,31.231754336240208,11)
(121.40451501795754,31.304478928355557,26)
(121.38155939915558,31.233426582099025,1)
(121.39082369343372,31.240609779490953,36)
(121.39147103362099,31.259536761537206,25)
(121.39233171088391,31.290749050549664,20)
(121.44988701480335,31.258595481972755,17)
(121.36512741012781,31.275177908928566,36)
(121.42231256196644,31.260289824379296,34)
(121.44782478260356,31.273143446164188,2)
(121.44548857948922,31.254441778694,2)
(121.39648897108381,31.240609754857484,1)
(121.45702710095813,31.271817865539514,20)
(121.41048733306799,31.242383686410122,36)
(121.42842085238419,31.251700000428414,1)
(121.37228599672227,31.248569566830632,35)
(121.38926134667062,31.282307007528665,9)
(121.42472602238892,31.241226586914898,37)
(121.38305537864976,31.243229731157466,2)
(121.3769325013188,31.268402932146326,16)
(121.37260883385673,31.229438341066388,36)
(121.42242579169303,31.281628506087873,2)
(121.4138147813013,31.23534189464702,36)
(121.42131048575558,31.23550844507821,30)
(121.44803652027247,31.25235313939434,21)
(121.41814014189858,31.252315769020765,36)
(121.42429175353533,31.244894572373152,21)
(121.40197002282758,31.263934993443943,4)
(121.39936403787334,31.287117925841372,36)
(121.39129638232295,31.238381020464182,36)
(121.3672488387417,31.23748863648056,3)
(121.42568664702908,31.247763726657784,36)
(121.40186973479977,31.26064908133098,34)
(121.4328641724665,31.260837291436104,6)
(121.39025729825775,31.235323928042952,5)
(121.41265606938389,31.268271388457865,2)
(121.4387134890035,31.2821537081914,15)
(121.45639595571674,31.274779441540066,21)
(121.44529049642858,31.254717840748537,3)
(121.43995778194021,31.25810281287438,14)
(121.400366578561,31.23868752304445,24)
(121.34519650264507,31.299122117416996,18)
(121.43682644193395,31.239964151640045,36)
(121.42827091170136,31.24836368031616,14)
(121.36718484577587,31.296498597187632,36)
(121.38494517734827,31.26777596933767,3)
(121.42271495969044,31.243903439294446,13)
(121.38347857293356,31.256039568552225,13)
(121.34948520730752,31.29092977845852,59)
(121.38799032910028,31.25470830162001,1)
(121.39172399203217,31.241684788584436,36)
(121.42541330056113,31.25211387618363,36)
(121.39558808600397,31.231819028498606,27)
(121.4444397381286,31.252556824582964,4)
(121.41678854488885,31.282473204602077,5)
(121.3895586399686,31.268859172325744,32)
(121.43518319205967,31.26520736754703,3)
(121.39926251844194,31.23182591657923,19)
(121.40585938411799,31.238720416596312,36)
(121.38571430101251,31.238704564864392,36)
(121.37306380378236,31.230242071988993,37)
(121.37064503961481,31.244200430949473,3)
(121.4104016332194,31.242591999218593,4)
(121.42911679885547,31.246949230236066,4)
(121.38294697585002,31.290501481954053,20)
(121.45916034368254,31.25383337456465,23)
(121.42087751510343,31.25497940885926,2)
(121.44371223410789,31.251009924762958,27)
(121.46378331191195,31.255125831073027,2)
(121.42526530658365,31.24263310132438,10)
(121.45823005004381,31.272275474040867,1)
(121.42968811161037,31.246977669738182,2)
(121.3861086894808,31.294430931217523,19)
(121.38573519620039,31.29319665533513,9)
(121.39400701516709,31.235350281016284,23)
(121.45667621263264,31.2524609144632,4)
(121.44241032052334,31.25795203487263,3)
(121.3928520441089,31.23637056652673,12)
(121.37070316382045,31.244561671343227,18)
(121.38386011757271,31.254867112640344,15)
(121.4529867327123,31.279867518502726,8)
(121.41010090802928,31.236503234000565,4)
(121.40687210828469,31.304087916315655,36)
(121.41988990341453,31.268396874135664,3)
(121.39122169235144,31.25408396370412,36)
(121.45281181057781,31.276003264107718,8)
(121.42313584520312,31.2683426459132,3)
(121.43832367070385,31.239725882756186,4)
(121.39266270299309,31.22647875006222,127)
(121.42320168955048,31.244300123676485,27)
(121.41173278674879,31.227777952254968,1)
(121.36826273956707,31.266424480218323,40)
(121.40049267735213,31.299101045588788,23)
(121.43019042199346,31.24618680175007,23)
(121.4452709945345,31.26384842017668,25)
(121.42516626051659,31.23963345518935,36)
(121.38469138592998,31.261738740799764,35)
(121.4223904811733,31.260339740500253,36)
(121.42387980479992,31.241116192705107,32)
(121.40865418180108,31.245813999017297,34)
(121.37389374539536,31.23274648573565,5)
(121.37383990359803,31.28946485748829,27)
(121.44381069782433,31.247044008810743,3)
(121.45819755739093,31.254111751656726,15)
(121.38651104927372,31.27103470582722,16)
(121.41240860798344,31.25949865404183,23)
(121.41113134105846,31.24389140371408,22)
(121.39260928574376,31.268443156336893,77)
(121.42830742488097,31.250675479235216,36)
(121.37499203341297,31.27149890880858,36)
(121.39316353398372,31.24620053690516,19)
(121.41406101774491,31.269641379720966,1)
(121.45656174651474,31.254157270952987,36)
(121.4215948838365,31.24605220208294,11)
(121.393786249818,31.27377626804978,22)
(121.37763458131695,31.25833242991868,30)
(121.41740743841494,31.2393283304612,1)
(121.43466823211344,31.23804867760794,17)
(121.42767521045084,31.264389483548957,1)
(121.41585314424734,31.260987561273616,31)
(121.39638065469182,31.238404859800788,2)
(121.37872773889607,31.26648316567228,15)
(121.39734636813303,31.256452990721524,1)
(121.44100148736933,31.264552042463855,25)
(121.40524007625949,31.22413968086149,49)
(121.44512305901956,31.245849627334096,18)
(121.41248231126234,31.25916084142256,16)
(121.39557808063257,31.26013497032793,22)
(121.42344274092528,31.268879942638154,30)
(121.37050478446666,31.243848082498772,36)
(121.40887363551731,31.259328318143563,36)
(121.41358129857885,31.26133559568717,14)
(121.41719331751364,31.287940330279344,1)
(121.43981320158956,31.26001685283579,9)
(121.46104266705477,31.261593697257926,1)
(121.4222995802546,31.260567452220414,63)
(121.40449356717244,31.239760654566023,36)
(121.45985568607585,31.248152483306665,27)
(121.37606975282692,31.273592095044066,12)
(121.3974889459958,31.246939166882974,16)
(121.38403461030322,31.237944046887304,9)
(121.41343126138291,31.261413164137913,24)
(121.45873088676919,31.262382179672116,3)
(121.39017784947515,31.258092025358476,36)
(121.43240270324435,31.251014805046548,36)
(121.3895094786927,31.233023345013176,10)
(121.38685033242339,31.276420587116387,49)
(121.36446765040995,31.30948069162422,21)
(121.42771997138313,31.230420089396528,6)
(121.38658484974678,31.226183063994075,4)
(121.38915883050434,31.24145687272751,29)
(121.42531410728371,31.24876948139467,19)
(121.3907800423347,31.273519989975167,24)
(121.3909935326813,31.226895637724468,20)
(121.4183798908032,31.2879074482041,15)
(121.43636794712121,31.2399273375929,24)
(121.41614805698528,31.265668155781434,5)
(121.40988308399838,31.259156528134124,21)
(121.3699732932639,31.236376534895424,9)
(121.44655227769779,31.259545893074087,33)
(121.4391804633547,31.238698947535255,36)
(121.39665763542637,31.259500322833095,29)
(121.3973005566498,31.265311463866947,36)
(121.39047284412992,31.251087142060996,36)
(121.45922355544417,31.257164477409688,16)
(121.3641694086083,31.310714854416556,36)
(121.39196784934869,31.237979271063743,22)
(121.43755979638219,31.269075900644673,5)
(121.36584825804847,31.267105948437802,35)
(121.3813961667003,31.290486932710028,4)
(121.34319500227252,31.287840491909705,15)
(121.40362475430855,31.30020955550741,36)
(121.41635022910143,31.241868940190205,5)
(121.39639184524651,31.274540367711687,24)
(121.42328018521367,31.262232933242576,34)
(121.44946577506497,31.25513469427254,5)
(121.36726536410349,31.289361872611522,3)
(121.42390280942412,31.241410307716556,27)
(121.40910399236202,31.244115695563515,31)
(121.44743804322431,31.25730881242869,1)
(121.42417501933303,31.254232822751693,24)
(121.42539666454128,31.244632572484846,13)
(121.3806183657277,31.299255078755344,4)
(121.39330728801107,31.266682692777053,3)
(121.42747949488476,31.267753835754807,4)
(121.3716372876539,31.263543234155996,22)
(121.37223924485158,31.313197778251755,5)
(121.3801279670608,31.294532221671933,37)
(121.43732972696377,31.252517069720795,12)
(121.45173249537335,31.24810625035445,9)
(121.4157042542094,31.295775002181635,27)
(121.4376514621121,31.266959878186693,2)
(121.43630270251722,31.26787706873582,32)
(121.43724541858067,31.247412927667593,36)
(121.43330345922477,31.259714294220252,2)
(121.38908663770202,31.231250810843846,20)
(121.44619858330083,31.24165762516713,1)
(121.43097669003357,31.273640207265956,1)
(121.36430592782106,31.309711172410765,24)
(121.36905730209374,31.3000216531207,36)
(121.37238848125146,31.28688694933398,18)
(121.38509784125023,31.262081674110814,9)
(121.41044497489753,31.249473001371257,36)
(121.43774821575036,31.243002275678897,8)
(121.39075067609592,31.249967647328205,64)
(121.45221555719638,31.252376722608616,2)
(121.44600432076894,31.25854940524133,25)
(121.38016229085062,31.232681244482745,20)
(121.3832029831448,31.264149482061413,26)
(121.4540777291229,31.252356613440796,15)
(121.41401089315971,31.29475018582132,8)
(121.42059416029069,31.277054064131377,15)
(121.44541869354792,31.260630300786424,4)
(121.42498574091613,31.252339323757088,36)
(121.43614046688423,31.239317761073682,9)
(121.414442811929,31.248671700613457,28)
(121.40265442283447,31.259764841554023,1)
(121.43191728781716,31.24686161583009,34)
(121.36335475376762,31.28132874833758,12)
(121.42519686798194,31.239507061741875,37)
(121.4073592098873,31.293924932300634,19)
(121.37586776065821,31.23089809758923,10)
(121.41270861834109,31.229092335005635,14)
(121.44316406721761,31.282899364375886,5)
(121.3738828713469,31.25381893621537,36)
(121.39087850865516,31.266508097746883,10)
(121.43594364090735,31.2492824736603,4)
(121.37635882123676,31.25820888643676,5)
(121.43474056673553,31.261899502102935,34)
(121.38599359307175,31.283169298944436,4)
(121.43681805247192,31.251743402855354,8)
(121.42577308121353,31.24227920460209,34)
(121.40238745954196,31.247401312023495,36)
(121.41021520560666,31.24015287102842,4)
(121.4071095047738,31.238337187757075,9)
(121.3772097627272,31.290047182832296,19)
(121.45262933446837,31.277078070493758,5)
(121.39187252787767,31.281007811378874,15)
(121.38528620985248,31.25327266101391,14)
(121.34097959956308,31.305580328249583,6)
(121.40237266970543,31.247342839727693,3)
(121.43457860293094,31.26033243678037,4)
(121.40069371193788,31.241467813143693,2)
(121.34575660533937,31.28744108199924,23)
(121.41441733071314,31.232874577779672,37)
(121.37685113484366,31.299974695351864,14)
(121.44511435718573,31.245850925782836,35)
(121.42534420423387,31.242062887394912,18)
(121.4636461874819,31.25811419115654,17)
(121.43894001920313,31.286541216798163,28)
(121.37285920925858,31.252417011236933,36)
(121.45648707758471,31.2478267946217,36)
(121.44481699894548,31.26499283711584,4)
(121.42248466280887,31.23694031428454,36)
(121.40509034677024,31.261786547372218,22)
(121.42661668064918,31.24771690811117,20)
(121.41139213069488,31.2651156384648,37)
(121.41287107938018,31.257903198908174,49)
(121.4559745511239,31.24643609391849,8)
(121.42138115691864,31.255296229314652,2)
(121.38517051985703,31.24011589889843,2)
(121.41252993787135,31.246370704858585,2)
(121.45067959746588,31.274286673536466,1)
(121.45019048906616,31.248857646001174,9)
(121.43617207727556,31.258363156885626,25)
(121.41807732663436,31.231069245479855,36)
(121.39050404621672,31.25312105781958,5)
(121.3945617152337,31.296778723545234,31)
(121.42277007262253,31.23649276456999,15)
(121.40319090268297,31.25958435767117,16)
(121.38150626305986,31.24409735460356,12)
(121.42248407729588,31.230219240982464,27)
(121.42690070834348,31.27224538115284,5)
(121.36316870545062,31.25005813624741,41)
(121.39757197494119,31.246828151250213,23)
(121.44702336463452,31.248853390171785,2)
(121.44087271529037,31.264505216042927,36)
(121.40715620647194,31.30526236971491,7)
(121.43689986975343,31.282922250068314,8)
(121.42465015272556,31.241888945000085,37)
(121.45983268279852,31.26390428317759,31)
(121.44474187876527,31.247091057057403,36)
(121.38942565555992,31.23587258429897,18)
(121.44779444495379,31.282707357231526,55)
(121.43710831961259,31.260151695865535,36)
(121.36493287365477,31.23834059557281,36)
(121.38638068154364,31.256795501094008,7)
(121.38576295718471,31.267053383734257,30)
(121.44902796621895,31.25932408071702,3)
(121.35618992974025,31.302280963188714,36)
(121.3784965841961,31.245168615577413,16)
(121.40771388287205,31.244531050120223,37)
(121.46027593665461,31.27323859529179,22)
(121.41142066364316,31.2768394132576,7)
(121.438149171313,31.273036759487734,1)
(121.39230912125622,31.23826461337387,9)
(121.39935862929859,31.245747326509175,28)
(121.40231128019279,31.243032903413894,26)
(121.43615157924474,31.24080641854725,2)
(121.40035167313579,31.264084869830477,34)
(121.37139030376727,31.313465659990477,37)
(121.43200030063173,31.283155649952942,36)
(121.42635525112311,31.245931388395032,29)
(121.38385804425455,31.233646926632723,12)
(121.45282436395372,31.248199281875106,31)
(121.40242976948575,31.250641014211766,36)
(121.39285644258693,31.256421227443646,21)
(121.45758051263932,31.246777844378876,24)
(121.42400970985881,31.241393218888682,35)
(121.41002551921106,31.242864889396408,27)
(121.44385729392741,31.25493241177937,15)
(121.41842248136496,31.246730156619893,11)
(121.3445033523559,31.29318806849706,36)
(121.37818376277968,31.251975279304787,36)
(121.35408976644268,31.281416555786862,7)
(121.42736290364496,31.2365742329969,6)
(121.42760656865228,31.23582166704377,2)
(121.38237272639373,31.2837061725457,31)
(121.37653044956353,31.297198228804238,36)
(121.4378629880389,31.254032008146538,3)
(121.38090595703171,31.28339155738635,11)
(121.39135710719063,31.268800521335923,11)
(121.4259307001848,31.239750932733624,4)
(121.38633262720856,31.254854040535026,27)
(121.37486530370651,31.28113062610512,37)
(121.41028583574318,31.258989190023005,21)
(121.41250394592126,31.266506989568892,1)
(121.45023970524348,31.251763498081147,32)
(121.44372896208475,31.24319468201616,49)
(121.39603818225595,31.246543355417607,16)
(121.42170879201085,31.254074482030124,9)
(121.44416958660216,31.265297380859028,4)
(121.45937818390408,31.26448738572001,3)
(121.35826619417125,31.305220096654686,37)
(121.39205686750869,31.2296996301861,17)
(121.4226126488299,31.283845465272304,2)
(121.37441860329768,31.253136310137247,24)
(121.33972324276108,31.287694910046405,11)
(121.45615228331793,31.27150358057585,3)
(121.41007155336504,31.25530661837613,12)
(121.45205726680297,31.279645143805485,29)
(121.45453119235165,31.270357448663393,10)
(121.44357413422281,31.266300910969278,21)
(121.45286521162296,31.24716303466412,36)
(121.39622536968547,31.29341721465708,36)
(121.39470679823533,31.296721777267404,30)
(121.42713567152293,31.253998216407243,36)
(121.44612206734041,31.241535011941536,14)
(121.39649838785843,31.26906534315876,6)
(121.38923625839115,31.25614547661783,36)
(121.39904706529543,31.261561015382785,30)
(121.4450613070028,31.27090028113054,35)
(121.38389241998124,31.278050669751885,28)
(121.39043684060312,31.274338097091345,34)
(121.38395104076973,31.243941669769885,1)
(121.38634806257258,31.238556377472776,18)
(121.38765541488719,31.25119809644241,3)
(121.41508426597359,31.269759593487112,36)
(121.4132429377665,31.234778802959898,3)
(121.41896813324827,31.22855138608679,36)
(121.45828242129019,31.268451053293937,6)
(121.42139588554406,31.252317914836436,36)
(121.44317944698942,31.264642702098662,3)
(121.38035416267296,31.259060744540314,1)
(121.38926184676012,31.28243340735279,32)
(121.43867285111732,31.24802933405653,21)
(121.37623408049242,31.230593666748014,1)
(121.39866335145369,31.245686059522267,34)
(121.38011140045775,31.276767994731642,33)
(121.38374589382225,31.256332948846072,5)
(121.36137285377868,31.249444081192035,4)
(121.3877239728372,31.24538757499766,4)
(121.43419256823043,31.26413013155971,6)
(121.38229522545478,31.25112658778679,91)
(121.45272634162309,31.25678725013066,3)
(121.44369690393631,31.258362165395898,14)
(121.4151341750713,31.234591115452563,22)
(121.40826110682681,31.234134571029752,11)
(121.39154051215851,31.237747892953934,36)
(121.38235688178786,31.274213238218483,30)
(121.382743945327,31.246834809063,29)
(121.4189472280701,31.22853518174353,18)
(121.41080173196065,31.234469098018984,32)
(121.42884215056834,31.247250634613977,37)
(121.45436527624095,31.251713847864277,1)
(121.39083553965422,31.290194861387192,71)
(121.37360665671063,31.24456949389246,37)
(121.42327967289351,31.2563573906451,12)
(121.4026456802782,31.223838191211573,14)
(121.44138205805966,31.266894107821674,14)
(121.41532666728939,31.252691151517226,36)
(121.40377534750537,31.229161847568577,9)
(121.38926434732069,31.282299708090136,12)
(121.38399712096572,31.267277891594475,31)
(121.42811391955175,31.280774685094205,3)
(121.4416534149076,31.254540081368578,36)
(121.4326070731328,31.25039757833013,37)
(121.42494132351946,31.258522058870966,36)
(121.42399620964969,31.25844276358503,7)
(121.38566928349907,31.28716505677052,25)
(121.38297357967527,31.251128932837524,6)
(121.42297312948813,31.24706151975723,36)
(121.44511605754377,31.245850626086032,12)
(121.4368974376578,31.252692726688934,5)
(121.43502009687371,31.2383537533663,53)
(121.44782542153126,31.253860285656707,1)
(121.42409360200944,31.24104399762686,29)
(121.38706950390454,31.281529530170253,36)
(121.43648295511736,31.239605443555636,10)
(121.44651494979952,31.244846174833356,36)
(121.39648767086702,31.2397932562021,25)
(121.40343180773966,31.300260516157238,23)
(121.4076451391366,31.24742934366041,14)
(121.40790534619322,31.249969460571474,1)
(121.40303523933062,31.24084005496991,1)
(121.36570133744442,31.285721103174932,1)
(121.42258529869308,31.256664019108513,3)
(121.44311062411417,31.25368406678109,22)
(121.40971264199868,31.25939689222397,18)
(121.44927037376542,31.258506585550805,35)
(121.45963566304847,31.252680971462464,4)
(121.38797661121414,31.261538853896752,23)
(121.4076609597366,31.235553444235126,12)
(121.42330069014956,31.24530550091806,37)
(121.41978163541891,31.24168823179343,5)
(121.40880356709499,31.230453605595432,32)
(121.42762274864998,31.249560818632183,30)
(121.447261106026,31.253799988316775,8)
(121.39226520878205,31.26928598994624,35)
(121.38293095306386,31.29044844517922,25)
(121.38295858427344,31.251377027609337,8)
(121.42521047162649,31.24262655874648,1)
(121.46080751617203,31.25252828405043,36)
(121.42776349656427,31.26681177317928,5)
(121.41442300701833,31.248687696435862,36)
(121.44573400967165,31.24610506703296,34)
(121.36486823703942,31.2769870418836,7)
(121.44282939538324,31.264728510005064,19)
(121.45670640953621,31.254487109656555,13)
(121.38468672155909,31.277155670664072,23)
(121.38264807736691,31.235255147734488,8)
(121.38486986375264,31.276568592383665,4)
(121.44049095916708,31.256479161460092,36)
(121.44195256951257,31.27397557664215,6)
(121.38351907978206,31.28432753562007,31)
(121.45528189036233,31.271292600115085,5)
(121.38372878675402,31.27822754152315,35)
(121.44765564617914,31.244448313483797,36)
(121.35319323100835,31.289362144682748,6)
(121.37600811418179,31.249458963130312,36)
(121.42710433772797,31.24978138902376,29)
(121.38765706976096,31.27018828687019,6)
(121.43346076266788,31.26574769978208,12)
(121.3795355153436,31.240427634204124,3)
(121.41589038037775,31.275351635912646,5)
(121.4291616290274,31.238217676255104,4)
(121.38260108043282,31.273261080480165,37)
(121.45618832619076,31.25418473802093,36)
(121.4461836809842,31.244842316753974,36)
(121.4332998750954,31.25295735410287,37)
(121.44727850674964,31.24256461194414,26)
(121.41366664185658,31.244579108016396,36)
(121.42449511680937,31.22824596878929,5)
(121.39735849135062,31.264731307207036,4)
(121.38773148788385,31.251226169315636,24)
(121.37332282182093,31.22832675045139,20)
(121.42679247759467,31.24753367156815,37)
(121.4230869900136,31.235129064684465,10)
(121.34567190591676,31.281478499403015,21)
(121.408058630376,31.26480390115742,27)
(121.42370540374874,31.250473732567265,15)
(121.38086722107711,31.27547625360059,28)
(121.42243419194988,31.26040214947597,36)
(121.42766879324087,31.250660261755495,37)
(121.41049693291606,31.226173432151416,9)
(121.4280791102862,31.236659607031875,7)
(121.39122356893843,31.27560615736547,14)
(121.39904888558794,31.277390614213097,1)
(121.36948052593749,31.23694255968892,36)
(121.37795909942881,31.293789538131822,4)
(121.41680511808714,31.24331939761664,24)
(121.37865501521806,31.2247084662613,36)
(121.42366959493651,31.250252125560625,15)
(121.45616737273883,31.272968164035674,5)
(121.43929603176646,31.27073517517119,2)
(121.3668141883859,31.309025173283146,7)
(121.41039854785514,31.24447378515514,32)
(121.42956912799963,31.246689743223094,36)
(121.42920268885165,31.26979005089922,14)
(121.43033573597843,31.25187516931886,37)
(121.44898568052136,31.26095360233239,12)
(121.37401471020856,31.2727422131823,37)
(121.45569195896324,31.252114698761673,51)
(121.41147817791663,31.283921410932063,3)
(121.42708834716693,31.238223230077313,4)
(121.37285975002649,31.310865970823407,11)
(121.4636849375002,31.268021352259044,13)
(121.39703519486672,31.267125108290816,26)
(121.44364515654065,31.28306866107762,1)
(121.42430775262088,31.26185893561217,33)
(121.38268197752402,31.270614280922395,184)
(121.45389491294495,31.273911947852554,23)
(121.4441018435347,31.25062963567524,36)
(121.43888119746637,31.245270678755656,27)
(121.3415504116904,31.285445495412617,15)
(121.41723261853322,31.251729943082083,36)
(121.3807966134561,31.23259614740862,8)
(121.43717675094562,31.238477011070064,3)
(121.41016925456391,31.255865594121452,20)
(121.42294447372939,31.262183153835743,10)
(121.4052592400808,31.271868848453607,1)
(121.4113047807138,31.226467430289585,6)
(121.43717671496202,31.264531316488842,21)
(121.38732433543737,31.258402908671062,31)
(121.4296042098025,31.246929733497435,36)
(121.42169780850637,31.236714941010693,59)
(121.42519496840283,31.248100445284177,36)
(121.43999984808579,31.246896587154104,1)
(121.42698770312529,31.231125545591297,25)
(121.3710859276353,31.246348985786245,14)
(121.42214442053518,31.260505388958112,36)
(121.4302065098856,31.24742533612801,6)
(121.41896353509827,31.279440487431494,3)
(121.37763433085603,31.254489831782827,62)
(121.44606865701489,31.2448055965958,8)
(121.37936832745933,31.28942309891425,36)
(121.4429079069038,31.241011756658047,9)
(121.37966519171188,31.234806225953793,10)
(121.45602201846302,31.25222474866296,43)
(121.43995756667647,31.255627735890656,7)
(121.45534546124847,31.273445075058866,35)
(121.40543719660573,31.22378077780139,11)
(121.43432747799167,31.258320904256546,83)
(121.43481128886835,31.282847206904595,14)
(121.4424092304399,31.24540951416198,9)
(121.46014502082122,31.249373379525895,23)
(121.42406416152251,31.25860878376955,26)
(121.41264373080995,31.264537114911825,9)
(121.41384864742456,31.23509927383225,6)
(121.38954445906174,31.249166172260708,50)
(121.41677854052243,31.28236216349266,4)
(121.39644746260166,31.229871367616543,5)
(121.43537079427244,31.233498323543817,19)
(121.37898906628669,31.266343395612164,36)
(121.41496728402284,31.246462526874744,9)
(121.38789335539124,31.270960799629314,10)
(121.38941241312078,31.256194627269213,66)
(121.38786169094405,31.25217869153193,8)
(121.37191064354539,31.239673093648864,36)
(121.40248732329628,31.24307995992795,4)
(121.39734831226484,31.297756421671636,12)
(121.43514797633138,31.24188311207876,46)
(121.40647686732471,31.23259465078046,36)
(121.40574606498252,31.24658994215982,13)
(121.42306976896285,31.249478633693546,8)
(121.40994166838779,31.244905041162898,12)
(121.44316372686411,31.25602900736934,12)
(121.40178701690257,31.23183862101987,5)
(121.38160941302235,31.290393112278903,12)
(121.3426611528116,31.303320612471907,16)
(121.44647614175508,31.24485646802221,36)
(121.42588380919572,31.228981054856977,29)
(121.40454287411393,31.27990012309911,6)
(121.44728919506763,31.241834789920215,35)
(121.37650381279865,31.255787005233124,16)
(121.44491161497524,31.27099857257248,4)
(121.43684317034544,31.260105028439952,5)
(121.3832058074302,31.285214597776626,1)
