(121.42610609034313,31.24482403922249,484)
(121.39154884958305,31.2691048563951,8)
(121.41237723285968,31.246439280633624,34)
(121.4081456559845,31.302536879374244,22)
(121.3561452249333,31.30235385909314,7)
(121.39189022378639,31.281024395292686,3)
(121.44447240748211,31.247111956433795,37)
(121.44389070189948,31.265513469734024,5)
(121.40482913013697,31.236640397272836,31)
(121.44254433771094,31.28316542226401,2)
(121.4113544243231,31.245455060954285,36)
(121.41579274698198,31.25296697512045,37)
(121.42442206794743,31.24990169607611,3)
(121.42951227924267,31.246444610451295,12)
(121.43308828443074,31.254239163822398,2)
(121.40066426868718,31.26145596847138,3)
(121.36731260330757,31.23687542267024,15)
(121.40626370240662,31.235333996185062,6)
(121.42076253547117,31.2427630689808,12)
(121.38286251346271,31.286292703935803,27)
(121.4495445028403,31.25545375111361,6)
(121.44796678606376,31.242192747414638,10)
(121.39547187309618,31.235099929304027,32)
(121.4468956459868,31.260505710368136,5)
(121.41496627722469,31.234914322839387,7)
(121.44765646886424,31.2539265082182,25)
(121.37047309547441,31.23401483777931,66)
(121.40847648679573,31.240623260456506,7)
(121.35549681147775,31.283542844213777,4)
(121.37353749691351,31.232392895434014,17)
(121.41624050342327,31.232909920232263,19)
(121.38942744157194,31.256374716687816,8)
(121.45504899027368,31.27111770903922,6)
(121.43668699744572,31.23476897721171,31)
(121.40479906197767,31.247362212586324,14)
(121.3804409932974,31.290363891503286,36)
(121.4252688501949,31.25677203307673,35)
(121.35572333340683,31.284296537569507,6)
(121.45224282009569,31.26763666447633,1)
(121.39947409026166,31.26201248803221,36)
(121.42169400894039,31.254326707011646,14)
(121.44121515809587,31.265212001708548,29)
(121.38703994730174,31.286942711088688,3)
(121.38377514878054,31.247397045702584,20)
(121.39994131749546,31.239761826294938,29)
(121.43830654116297,31.268815762813645,35)
(121.41591736182903,31.229449460469986,1)
(121.36423861791931,31.31175056001618,36)
(121.4614881019163,31.252212581087857,2)
(121.42687539837986,31.236175491018944,5)
(121.44151991142218,31.268757045509126,36)
(121.39327625492272,31.266541614802474,36)
(121.39553284509546,31.298013452053638,15)
(121.36722596537267,31.249588854141983,36)
(121.42505641035648,31.272256827483332,27)
(121.40509034642105,31.261782545650377,36)
(121.42277768823156,31.274453472476875,4)
(121.4224531966196,31.26025755370971,21)
(121.45497183371943,31.271214552573195,1)
(121.453486804629,31.24837804457196,36)
(121.45750586378011,31.26851730760684,11)
(121.36377935556257,31.308242815482483,36)
(121.41334201270618,31.236032346532518,9)
(121.38311286138173,31.284110924697472,29)
(121.38291594169529,31.290513456690473,36)
(121.44205980087723,31.241489780429905,82)
(121.3923135128725,31.254209716364766,7)
(121.45114881127685,31.243033234121196,14)
(121.43244703512269,31.248814549397142,9)
(121.36507675537035,31.23868661681583,33)
(121.45577928498105,31.272301695398756,4)
(121.3826158483085,31.270398892573887,5)
(121.38646649162645,31.276616001812506,9)
(121.3893307678279,31.240477105930623,6)
(121.41888772574407,31.25290864587618,4)
(121.44381060135892,31.245933514461765,14)
(121.40323945791896,31.300208094323317,36)
(121.39209724925857,31.230000707765363,36)
(121.43215603202117,31.236622370666968,18)
(121.40396684002506,31.236622053231102,36)
(121.41403551056084,31.231778747314845,7)
(121.43607404996818,31.267767319698418,30)
(121.4227175561416,31.283803374606666,2)
(121.42711932104878,31.23830924114731,8)
(121.45548847323988,31.254638726529404,22)
(121.4036542614385,31.300113561713708,36)
(121.46036703517171,31.269065208667012,3)
(121.352537566551,31.281446862091805,3)
(121.38293096117549,31.290541482475607,36)
(121.3931738324629,31.228036452433944,20)
(121.41216084652706,31.246028228411014,8)
(121.43440887801917,31.27502095689499,5)
(121.43790483083623,31.275961318112234,10)
(121.44749631119802,31.259699305408695,23)
(121.44309811803768,31.28203711649068,2)
(121.43784801217433,31.254026026088308,54)
(121.4218185401904,31.26091252029033,36)
(121.36948442656892,31.281843974375587,28)
(121.43599864271094,31.253301709532035,5)
(121.40314584156152,31.248446963489823,2)
(121.45938475389315,31.257602677289846,2)
(121.37628222034368,31.25252231349573,37)
(121.42700654138042,31.262363962508502,37)
(121.43765991920482,31.23391196625346,20)
(121.4118341484208,31.255166251569538,5)
(121.40616117062827,31.28326730964747,1)
(121.4278287439807,31.252148768826704,37)
(121.3391507559755,31.296986531296096,2)
(121.40402226112178,31.262167595617697,27)
(121.40475525176576,31.23982683890007,3)
(121.38544624388351,31.247825899877373,1)
(121.34126757590855,31.286232230456722,8)
(121.34357045801845,31.29508708773376,36)
(121.39733848824918,31.24863133571216,1)
(121.39816868277688,31.236899521737413,19)
(121.41695165147713,31.27024702373495,28)
(121.39007802424638,31.28243955652686,36)
(121.40594554084623,31.23892908444148,28)
(121.4306179198934,31.24660654076661,23)
(121.39256208090663,31.223385237072996,27)
(121.38240993053323,31.274068230045327,23)
(121.45122190138369,31.26555193458253,2)
(121.39906843180655,31.244752785077576,16)
(121.409016670882,31.24499327575829,25)
(121.39995950809117,31.230399564251638,3)
(121.37276035309151,31.2558113685917,27)
(121.44931812397793,31.279828517268523,17)
(121.42696160114104,31.262493058209174,27)
(121.40163908026226,31.251896852289708,17)
(121.4157192726824,31.296068112213895,36)
(121.38265663319496,31.290366145126207,19)
(121.36977276640214,31.268809946200694,36)
(121.4134773936428,31.232994659432848,1)
(121.38636248773994,31.231782302807577,36)
(121.37838528451498,31.277922583911792,31)
(121.36611911712454,31.251671317887325,12)
(121.35344188213531,31.309708612691903,29)
(121.40495103564125,31.30416985296618,30)
(121.43334444709707,31.23729630841555,11)
(121.43164132294413,31.277921895359434,3)
(121.45198068636775,31.263670683392892,2)
(121.38517580851973,31.25212407519049,5)
(121.42795108659233,31.25765706218572,11)
(121.42549800674367,31.26117575183022,17)
(121.3764422726845,31.250553637113697,26)
(121.3879013883896,31.27125492974194,25)
(121.45553512807803,31.263509471956176,21)
(121.38868110043056,31.28284133833834,34)
(121.40245527502313,31.26030360020079,36)
(121.37446294281669,31.23891655585016,17)
(121.40123859410286,31.27267952671932,16)
(121.4138974769793,31.261161562207636,36)
(121.41527941243473,31.238060640368463,2)
(121.40427021314942,31.239836308861012,4)
(121.44907462692257,31.279454810539193,19)
(121.41553881028831,31.232523020015094,36)
(121.42917021687492,31.252473619924984,22)
(121.39859396147845,31.23199688399173,21)
(121.41990122849215,31.24356594172226,9)
(121.36424463272004,31.23822449911645,7)
(121.38462577789363,31.23096919171014,17)
(121.41957209752445,31.227987036356375,36)
(121.37446564530826,31.230215673821288,36)
(121.41151868590063,31.225986165512815,16)
(121.44467377449861,31.278873253257387,24)
(121.40604444418516,31.224778700485626,1)
(121.43335503120531,31.27405885049775,27)
(121.40728964646947,31.28091274701077,16)
(121.41776614380818,31.249783835317746,10)
(121.43154182611103,31.270720996448485,11)
(121.40734446042445,31.25870000293655,3)
(121.41812671087554,31.24728255085226,9)
(121.3898527474906,31.232808493765916,19)
(121.40790101853025,31.23549149396322,5)
(121.38080641533323,31.23273094873613,12)
(121.41461163253663,31.271631546656277,4)
(121.39490172312908,31.260126753685444,37)
(121.44415338874562,31.251175279675206,3)
(121.41240156335341,31.296117167493502,21)
(121.40236845477807,31.25084910141353,16)
(121.38239491596153,31.27410022859252,34)
(121.40637713785082,31.224240788893027,5)
(121.41289402824053,31.26156495146044,9)
(121.42136629971577,31.256799894435975,36)
(121.36693622222285,31.24944991852008,2)
(121.42838762738413,31.2810225264742,10)
(121.44427847956185,31.243703980176807,1)
(121.42979640875228,31.280318955838172,35)
(121.39560808751726,31.26012897613533,7)
(121.39671201043676,31.274952910767652,29)
(121.42495591191329,31.253967062043976,24)
(121.4160009439564,31.293866129010173,2)
(121.37663619935145,31.28113589446826,36)
(121.43630142162213,31.253161718796434,16)
(121.40528933010275,31.238484273300635,13)
(121.38436262412046,31.23085984676536,36)
(121.43146165278932,31.233117542595593,30)
(121.38299201344465,31.29034746378109,36)
(121.40120892632827,31.28803783819262,3)
(121.43046566160437,31.25289948348518,33)
(121.41578375712083,31.244708441084974,29)
(121.40610339913003,31.2387874581848,1)
(121.36496981995934,31.313288441536653,35)
(121.39474151675842,31.258856121288012,3)
(121.43335921429957,31.2348641842591,4)
(121.37369738477864,31.228342235379902,36)
(121.41396389344801,31.261021276386604,11)
(121.44860548135536,31.259919207885723,23)
(121.4526816816113,31.270989421527627,8)
(121.38267209873906,31.29550820786056,9)
(121.3906999936621,31.22774775526117,25)
(121.38866092084548,31.257168050866884,16)
(121.40828690836823,31.256730407785433,12)
(121.38774825531334,31.27134784777027,36)
(121.42362292328743,31.262728894032108,3)
(121.42214302459433,31.249304092222538,1)
(121.36417350944488,31.30973015712753,33)
(121.42064702522676,31.235928050535744,30)
(121.43691682712229,31.234561578737186,16)
(121.35354916763687,31.280936391409327,7)
(121.36523875843898,31.27691980035956,4)
(121.45566523718716,31.270949727362698,1)
(121.44519172060751,31.255686537221173,35)
(121.38206018007074,31.2448615615249,6)
(121.38255237508059,31.24279881905091,30)
(121.38532391085667,31.293235883612986,24)
(121.36227706902841,31.28476347176777,25)
(121.41348857559062,31.261334776284805,27)
(121.37004630031981,31.25455200692019,36)
(121.38961702718092,31.259011520773107,3)
(121.40689674987185,31.299126328342215,6)
(121.44149781795282,31.267220427378163,9)
(121.41601694063621,31.293918143281566,1)
(121.45653867749171,31.252691676735562,4)
(121.37375266253132,31.253646695867342,36)
(121.36289235123574,31.240262336012552,1)
(121.4344050335702,31.261565771543243,37)
(121.44080324277706,31.257649364563157,2)
(121.45540238511344,31.25633281463944,32)
(121.40399796409783,31.247336108831096,11)
(121.3688371790565,31.31431281514994,27)
(121.41285411793957,31.23140770092781,5)
(121.36370808434275,31.247325972278894,3)
(121.43803833190037,31.25944862309654,89)
(121.38937037020098,31.28292962606622,3)
(121.42279162577277,31.262420364291312,3)
(121.38629631709577,31.270110602627927,21)
(121.36762264666305,31.249220435761444,10)
(121.40741337729149,31.258707417150546,21)
(121.41727846704859,31.250287286148026,20)
(121.42442136022359,31.241780075674797,36)
(121.37994601168744,31.251678087967125,23)
(121.41185199147915,31.25517727719221,3)
(121.41391368064288,31.24495329696281,8)
(121.43698828686286,31.264102554328108,7)
(121.41393053360197,31.244468979438935,36)
(121.40741087700312,31.24578364190295,36)
(121.41327860161644,31.288350842189093,36)
(121.42544572899017,31.241755008910808,36)
(121.39453058080316,31.29545618483205,1)
(121.43203693858318,31.25149046247194,1)
(121.4114887647331,31.238273806505667,7)
(121.41449251254119,31.23701943965994,4)
(121.43931809743893,31.25474204400828,36)
(121.42297447513259,31.262496266992127,18)
(121.36912765863319,31.31429821773913,11)
(121.43669429914992,31.234944178307426,2)
(121.38565058736269,31.241204248766763,5)
(121.4278627148969,31.22994242681425,13)
(121.3815243525321,31.279373544672257,20)
(121.39736032454206,31.26344832330445,9)
(121.42231806332227,31.26028762552867,23)
(121.38045600837921,31.2903238912981,36)
(121.44339119924726,31.243490099170973,11)
(121.43236667706552,31.267943801390285,3)
(121.42689073761332,31.240255325711715,3)
(121.41149131861012,31.26755065586796,36)
(121.3814785558808,31.270845944218618,21)
(121.43085666005314,31.26418620144091,36)
(121.38491412841984,31.280669939505614,36)
(121.44530539959415,31.25483614317597,1)
(121.40795571043462,31.245568954891947,15)
(121.4101443484988,31.242451414904085,22)
(121.44202921629822,31.241459406581285,1)
(121.4042199367546,31.24668084579288,19)
(121.44395541994805,31.247087793037192,2)
(121.41059285914282,31.22998713182177,71)
(121.37760524116582,31.277883681838823,6)
(121.45786979915428,31.247132379768107,22)
(121.40103735025966,31.24761165087537,24)
(121.35308165234736,31.292528295614442,36)
(121.42886365898443,31.25072849241647,15)
(121.43300328530165,31.252885669345922,6)
(121.40777535981506,31.250037495227936,5)
(121.44897558068449,31.241944810899465,1)
(121.42605861353137,31.22879181895867,29)
(121.39637936514829,31.223603057063887,3)
(121.44795234517683,31.248266485236638,4)
(121.43305925592482,31.238181559500443,10)
(121.4005043562754,31.261007368188213,1)
(121.45360089428799,31.252554660215075,36)
(121.37345494771273,31.250543952935487,13)
(121.34123753301468,31.286513287768145,36)
(121.43885139867432,31.284682198147873,23)
(121.40309232871232,31.248079853356966,3)
(121.39833339056618,31.22475640202323,13)
(121.40234465290737,31.270151714890062,36)
(121.41924548121598,31.24133130617827,2)
(121.41884334392482,31.271118500907885,6)
(121.41004154430803,31.26053188929229,82)
(121.43672901500351,31.277569104927192,18)
(121.38891759312793,31.240181160634187,8)
(121.43668401960801,31.23988739890993,31)
(121.3864820972718,31.283392805251516,20)
(121.4063672377817,31.28041566168885,1)
(121.41009083539119,31.230957825546675,9)
(121.41941259088718,31.24387135448939,36)
(121.37647636450629,31.297085120248052,33)
(121.38429853827893,31.291293075060217,34)
(121.40902017204132,31.224907814486098,13)
(121.45761708297823,31.267806325299663,36)
(121.4133252346056,31.232578297234564,7)
(121.44779941790725,31.260374469046326,17)
(121.37185863313537,31.263540526809727,36)
(121.3846373808925,31.239362242203065,27)
(121.44151797991772,31.246542397377382,2)
(121.4429179929249,31.26677929071291,36)
(121.43341491181074,31.255245220515786,17)
(121.41893182580286,31.255439127884596,9)
(121.4357707523127,31.28190060809982,1)
(121.39101033783,31.286314414340115,32)
(121.46299870323662,31.254728228500944,33)
(121.3712766850426,31.313625944043523,2)
(121.42426006056871,31.242324894087584,95)
(121.45391472434234,31.27078687910647,2)
(121.43589994393716,31.274920554959422,2)
(121.43534265116828,31.26177269398355,35)
(121.4259926664767,31.27893205025663,21)
(121.42680568300507,31.252744399311773,51)
(121.3686617835024,31.251051932909707,81)
(121.42855349279986,31.258766970365848,36)
(121.41732475144126,31.26530078434934,1)
(121.38387361619154,31.27789336688155,28)
(121.3856654823445,31.28935365142213,23)
(121.42402748277044,31.250274199710713,26)
(121.41225241778233,31.24813706437759,28)
(121.40636387717474,31.244196900936245,7)
(121.41404465621977,31.24637679542451,26)
(121.41583030391065,31.251232318002028,4)
(121.376851670549,31.23279302478122,18)
(121.37414957214796,31.30864806086652,36)
(121.38087606558007,31.285057204818262,7)
(121.42195449484757,31.25664438794282,3)
(121.4254962184672,31.24065570509721,36)
(121.38584665339877,31.262591550283034,36)
(121.34038830400672,31.28269313420526,12)
(121.40932814749515,31.2438952425108,18)
(121.36082656369568,31.31029220720695,13)
(121.35381652006527,31.308171678621466,7)
(121.43066398866276,31.23789298076215,37)
(121.41599989669969,31.231815774823296,4)
(121.40402225099537,31.262051545721775,36)
(121.45365510874274,31.25651928632249,28)
(121.42586975823899,31.239702962657,45)
(121.40846331676258,31.2615864994699,36)
(121.34284797242478,31.29250312827649,36)
(121.45531035155602,31.27118419828573,3)
(121.38278491506163,31.280434236750732,36)
(121.42036608233182,31.275451888726895,4)
(121.43360350408915,31.242174205001046,29)
(121.40850648958086,31.240687287387473,11)
(121.36491581242667,31.312902236077377,36)
(121.45038992467971,31.259025726112476,32)
(121.41139030644963,31.244204495370486,2)
(121.40527436594476,31.261839585110536,3)
(121.46133455766594,31.26945939186384,1)
(121.37736834663505,31.27128065366597,8)
(121.39403922388307,31.2604724445514,6)
(121.43745847434433,31.24053756186292,5)
(121.39287657077656,31.238848221574575,7)
(121.43702809824906,31.239509466097353,2)
(121.42475896092792,31.239589371135054,30)
(121.36938478699822,31.287853947764898,14)
(121.40593512844035,31.247220232371472,19)
(121.41512023580201,31.246681569825704,24)
(121.38288076737938,31.242996228095112,11)
(121.40215256750585,31.24674752948378,1)
(121.37208666041055,31.248246161454883,36)
(121.43432323130256,31.273921115551833,3)
(121.42747613161946,31.229148728510243,18)
(121.43365974027536,31.268742736347882,29)
(121.43576780975133,31.24428721285125,1)
(121.43691947368329,31.264982022260273,24)
(121.44338609452775,31.2694456708698,5)
(121.45420721566205,31.251205244502387,15)
(121.38955171490143,31.235328428218935,14)
(121.4356077237457,31.244296686201757,28)
(121.44195920064023,31.239731396830088,36)
(121.39172660898143,31.271705853194792,11)
(121.3738153950218,31.27252286936835,37)
(121.3947684797001,31.223798364370406,8)
(121.45627206394876,31.25441878236479,1)
(121.39164719256871,31.269088205562564,5)
(121.39187532695992,31.23137359300597,31)
(121.41311598862787,31.257792085886305,48)
(121.40757291635346,31.258716350084093,21)
(121.3939974020633,31.235645684980717,20)
(121.44126051959124,31.258829187176318,9)
(121.45184124016454,31.25287309126243,48)
(121.38393505286496,31.267272831603115,36)
(121.41246214227382,31.23218944871343,13)
(121.3782681518673,31.25516777344678,11)
(121.4251963678579,31.239488861672456,36)
(121.38962273247601,31.231176277441037,9)
(121.40764538084389,31.250200571109758,9)
(121.4194895463599,31.243957350236307,2)
(121.40317986815,31.247745167756985,24)
(121.45876921520252,31.26732020644157,25)
(121.44880842212255,31.259408943342283,21)
(121.44075602070318,31.242644806791418,7)
(121.40253477157938,31.259571232999715,36)
(121.3712980885588,31.313627846972267,6)
(121.44368381226751,31.279977329828974,8)
(121.41144517014446,31.29777272692566,1)
(121.45410545870605,31.273030437013066,1)
(121.41855199223197,31.253512086025154,27)
(121.4186007426043,31.234925797439473,1)
(121.39812324849,31.264201927605626,2)
(121.38459463260224,31.277256628927972,35)
(121.4379477273994,31.264118259699167,36)
(121.41620704979432,31.252865262126925,1)
(121.36733045454447,31.300643433717667,7)
(121.39680403783372,31.303182387865707,34)
(121.43765324644096,31.269750529577497,1)
(121.40998130823014,31.25557615558809,30)
(121.42434815924909,31.22807430732845,1)
(121.40352893216513,31.28015967765568,17)
(121.38121879062193,31.25851526368691,16)
(121.38962941698071,31.300032913567694,21)
(121.458860474933,31.261544535699407,17)
(121.44705085997734,31.24268177222798,36)
(121.4262078005662,31.27855349037457,3)
(121.40320335122674,31.230293280667652,2)
(121.37565543408738,31.25364505360554,1)
(121.42414654363586,31.240936908816558,5)
(121.46396910081603,31.256054535632472,9)
(121.4093243465596,31.243891441729023,10)
(121.43633935246255,31.253050620457813,27)
(121.38942760862558,31.258291549824577,22)
(121.41434508738847,31.236046604125228,12)
(121.37127638499756,31.313608344042095,17)
(121.39124878534511,31.25321833303645,5)
(121.44004436540845,31.282434728049946,10)
(121.37814580637338,31.24533499906346,28)
(121.37210492673051,31.285547034033115,17)
(121.42286468094952,31.263769891579475,36)
(121.44593567848828,31.261044601535456,17)
(121.39195913934634,31.279192812018934,30)
(121.3902434023276,31.248138679405702,17)
(121.3905054341868,31.269042918999876,6)
(121.36604179953102,31.249562273355547,18)
(121.43130594138971,31.23735951085214,10)
(121.41252621467001,31.235281218184102,2)
(121.40875078613318,31.23290073291754,30)
(121.39755841828642,31.26345840872156,37)
(121.44680641980418,31.283262753325822,2)
(121.42266271523194,31.262187354819027,36)
(121.43352154176607,31.264205969175098,13)
(121.37417329376848,31.25372926290646,31)
(121.38613972584515,31.294492982327885,20)
(121.41101636174241,31.243826395164625,36)
(121.38466647416924,31.300160654889766,36)
(121.41059475960776,31.2310277302703,7)
(121.41078547433756,31.244534751551313,29)
(121.44186315456773,31.267315907336034,22)
(121.43344511548604,31.2580724159053,31)
(121.36773824577331,31.23705014428904,21)
(121.37264519363698,31.2560023021578,7)
(121.42230253792063,31.245233174214377,23)
(121.45376160299983,31.247826407701755,2)
(121.36445084803071,31.309608189388832,36)
(121.41212165412136,31.227480730372218,14)
(121.44988701228564,31.25856646939743,4)
(121.36720024347952,31.30077629668724,5)
(121.39168297336609,31.287728427267957,22)
(121.37151909815356,31.27501492469784,1)
(121.39226901390346,31.23599855764816,9)
(121.46115287634282,31.26113883893608,35)
(121.38925288000281,31.274599361094648,21)
(121.39388505183474,31.259626994290635,6)
(121.41036162344834,31.228205018178855,69)
(121.40397744217613,31.244747539707095,12)
(121.41325995797658,31.229532393587764,3)
(121.4094243143439,31.26284596007963,37)
(121.41970781684867,31.236898425324544,7)
(121.40475397764911,31.246446801014613,37)
(121.38608599698243,31.254460228996358,8)
(121.4288191344767,31.23528527054565,18)
(121.42078115899255,31.284431907302114,3)
(121.38775301295458,31.257029726597317,36)
(121.34913692512907,31.299147902705162,21)
(121.43647915053214,31.23873592976028,7)
(121.43643342361213,31.27849834734548,36)
(121.4232248101864,31.284140598172755,3)
(121.38244093979836,31.273763133109746,20)
(121.44048206618774,31.237548915082453,1)
(121.44303551753629,31.263314218719717,11)
(121.4279501495612,31.246902334557053,35)
(121.40908228700148,31.245885987650436,2)
(121.43522596761642,31.2404294331258,24)
(121.36183640646458,31.24037372984653,1)
(121.4296185612525,31.23969147430313,15)
(121.36507103536984,31.309312262483264,22)
(121.44634348863828,31.25438061304206,1)
(121.38988500802414,31.246985914784965,72)
(121.41254894257585,31.246401108771625,22)
(121.40152947294393,31.287540088597613,4)
(121.41104891920567,31.261761264162264,13)
(121.4026477497831,31.2475799991102,16)
(121.41890334039162,31.237143597338218,2)
(121.41602821964065,31.251372301203862,4)
(121.36410314823053,31.281754073325025,36)
(121.39740327534746,31.22822164396354,11)
(121.40790531425523,31.2496032987302,30)
(121.39431779541677,31.239599769368976,47)
(121.36262187093233,31.29819337923958,36)
(121.42531455343126,31.25388873649709,36)
(121.45577753144192,31.252064996806947,1)
(121.38876644320652,31.259409865361405,36)
(121.42766830918518,31.2451037956373,36)
(121.43037282230091,31.260127880423646,34)
(121.41206862382555,31.259468383073024,36)
(121.39144885348044,31.239012659050044,2)
(121.4250540478575,31.2451570864364,36)
(121.44481850208359,31.27905008597183,2)
(121.44890875500118,31.242269078776467,28)
(121.39863767082097,31.24227577270166,17)
(121.44876716944314,31.254981972025544,22)
(121.42404924173267,31.25937012490732,21)
(121.43752821323851,31.24470855284833,2)
(121.3947994770019,31.22355426664818,10)
(121.41583217858577,31.272718558155017,2)
(121.44351353903129,31.24755866674313,24)
(121.44301730167766,31.25942171449457,5)
(121.38483838106238,31.259915508165022,36)
(121.45322811139296,31.256313049619482,27)
(121.43479476071614,31.2333162110503,36)
(121.39834872466325,31.239097552910728,1)
(121.45828077107055,31.247537670838767,36)
(121.41207622570747,31.259470284657024,36)
(121.38606199172035,31.286958898050568,36)
(121.36412470276235,31.309465452126453,6)
(121.42964339508256,31.261066885856653,17)
(121.42328687212365,31.26329618490808,1)
(121.37696872039376,31.293352222327883,4)
(121.41654733333728,31.23034887595695,36)
(121.45961375377148,31.264582179954605,32)
(121.38475705888094,31.291655638123956,8)
(121.37127878541538,31.313512244587795,5)
(121.44533355204292,31.245539820564005,26)
(121.448797915864,31.252836976155493,19)
(121.43605658351315,31.239157797586977,21)
(121.3404724067267,31.281697885470095,17)
(121.43139736675637,31.2620529829842,18)
(121.44650384749434,31.24483147291731,36)
(121.42709563330007,31.265239003657033,26)
(121.37688149222052,31.2921076243907,6)
(121.40190584346047,31.260223189460124,36)
(121.38607627036157,31.27457395464633,34)
(121.38793676689085,31.250075934976252,36)
(121.38895256844556,31.274002889111756,5)
(121.4406133560229,31.266524465495994,16)
(121.43984883527312,31.23707122486916,1)
(121.42617040603842,31.245124851892193,10)
(121.41241440450574,31.259994218146794,2)
(121.4109162381472,31.230684448053392,28)
(121.44133644841855,31.26866159598941,36)
(121.42476736277662,31.237514176717333,32)
(121.39928232310639,31.231776520600736,5)
(121.42620592284928,31.25701935438931,10)
(121.37893856915369,31.28020098139128,1)
(121.44247841758333,31.249050024325886,27)
(121.37252886923183,31.23126007494488,17)
(121.42902519157325,31.250202762918725,2)
(121.43893660984175,31.24485909003486,1)
(121.40213009528489,31.26432619545816,10)
(121.45540468193617,31.25465190582256,15)
(121.36169328130399,31.296985211178328,17)
(121.44859737971204,31.259885306569764,36)
(121.45307051400817,31.27963825786665,21)
(121.40102357376472,31.261688802345834,6)
(121.37552112687598,31.250250788627262,1)
(121.40619888158533,31.23033642178018,6)
(121.38465684363284,31.278921374160586,1)
(121.42321732566752,31.251749417971148,14)
(121.38296197760462,31.29032642629837,36)
(121.38612488073821,31.23901039325601,31)
(121.42391763741632,31.23959347729339,1)
(121.44616437615493,31.24154991935204,26)
(121.40520506485863,31.258449115357553,36)
(121.40530266226001,31.242282987231462,10)
(121.40996820494136,31.26550743327969,16)
(121.385746599149,31.289723864787938,36)
(121.42302039675637,31.26205404403273,32)
(121.44039464330636,31.28246999371718,36)
(121.43521826545641,31.270622824314163,23)
(121.45946088803831,31.249941150862472,13)
(121.43905158312833,31.260783280579492,6)
(121.42439144835033,31.25393149310639,12)
(121.35500852801388,31.303248843175748,36)
(121.36800378869815,31.31436165017033,36)
(121.39658159813722,31.259517296415208,29)
(121.43274231548529,31.237599146915272,19)
(121.36417510943505,31.310577055384996,36)
(121.39800837432357,31.260617365285235,20)
(121.3860735355342,31.235629815639165,18)
(121.41836328476487,31.25356371248275,18)
(121.36497282038702,31.313278141912598,6)
(121.36252699320717,31.286059525695894,25)
(121.43529723226408,31.26764626225053,3)
(121.41338595820912,31.235584130133944,19)
(121.42208472710543,31.27971613421869,16)
(121.43413891496265,31.274789004137176,1)
(121.41469315333823,31.24017750509419,3)
(121.46007770652729,31.255207095256786,36)
(121.37378145471686,31.22770304661706,23)
(121.41987085704328,31.23459656367959,1)
(121.40688224855738,31.248429795284885,3)
(121.40271778089053,31.259237123510903,4)
(121.42285471863154,31.27927053096735,1)
(121.41825505306599,31.25209961665477,16)
(121.39964384621985,31.28142970272578,29)
(121.43245641577539,31.25004451757592,1)
(121.42258372637528,31.238625009347118,22)
(121.44399982019247,31.243931229591006,36)
(121.38475549646654,31.27683092026482,15)
(121.43591148798681,31.235478314943062,18)
(121.4099245944758,31.22717479805058,17)
(121.3922134353196,31.242661536154827,30)
(121.43208444154502,31.24019247205076,9)
(121.41582632014776,31.251396391847944,7)
(121.38831444996161,31.23467943350693,15)
(121.39493393741596,31.22347191865639,3)
(121.39850060730534,31.23791750815802,1)
(121.44970464275292,31.26114692436192,29)
(121.40463827531383,31.238529234756022,34)
(121.37127448488344,31.312791545623796,36)
(121.39553714980697,31.262482926808644,36)
(121.40642809265239,31.28103271707335,40)
(121.3856296136299,31.23017493516786,36)
(121.39423076725076,31.26532263019285,2)
(121.4423788706283,31.24276393677386,14)
(121.37336857337719,31.246291213859223,2)
(121.46096153231804,31.269037058716393,29)
(121.43558808012337,31.282443064031508,11)
(121.41428947491345,31.287645691395724,78)
(121.40232966684806,31.248411329319897,3)
(121.33373685879096,31.301166865193508,36)
(121.40980110339243,31.226688766957363,3)
(121.43684136098148,31.239307835313245,7)
(121.38753853981193,31.27685298062625,13)
(121.45805303314978,31.25528157627887,12)
(121.45420428615921,31.27379855863993,1)
(121.39553796325664,31.247188403216235,11)
(121.38844727228864,31.241266292999917,36)
(121.4211363727518,31.244139452752638,12)
(121.38916122293563,31.29654255899692,17)
(121.43183689507738,31.277182373029017,4)
(121.42472635075069,31.244995276680065,25)
(121.44079192470346,31.251460227055844,2)
(121.37386809235731,31.256618139579277,11)
(121.41357089588394,31.235626096290694,19)
(121.38111789871903,31.256773549707834,5)
(121.42537351143505,31.2424882926482,26)
(121.39175487274574,31.240051072520455,4)
(121.44786852689114,31.24829464752599,35)
(121.44223347802553,31.244478372545228,10)
(121.41372071117,31.291414945772615,1)
(121.44170090724806,31.24956245750259,19)
(121.36700982475261,31.29971360494706,36)
(121.45746680857913,31.246828110565655,19)
(121.35571217700911,31.308950506264495,36)
(121.39481642462037,31.24580642533143,10)
(121.43721171773767,31.236831474782672,7)
(121.364622210169,31.249098073308026,36)
(121.38429312353578,31.229128255518305,36)
(121.41117606653538,31.229394808002983,4)
(121.41596311516953,31.295612836586148,4)
(121.40709637035877,31.2498624298166,1)
(121.40550701068192,31.30016114025873,36)
(121.41839429155026,31.23679325075113,36)
(121.38867091930292,31.281815901466377,26)
(121.4184232488144,31.255531035147467,5)
(121.4308080505527,31.25088823614403,22)
(121.37602595172515,31.25356946674374,22)
(121.39737832404185,31.29772842307376,16)
(121.40975203704281,31.26023479899228,34)
(121.3912383800091,31.273308207836227,36)
(121.40139527842084,31.234157681106804,13)
(121.36800379992883,31.314490698570044,7)
(121.43605657750899,31.239088766376398,17)
(121.36685113807867,31.23727295983201,7)
(121.44703695687566,31.2417345715305,36)
(121.4013398102361,31.232083430637214,20)
(121.3967289073161,31.227772149252218,4)
(121.40066195720959,31.232918924309093,36)
(121.45633838775336,31.25354130835694,1)
(121.39263314873139,31.247428921898685,14)
(121.4291789646484,31.238232255160217,26)
(121.43810834754755,31.258325638619674,6)
(121.33972318879972,31.28706965741426,36)
(121.43698783790455,31.258944333489364,1)
(121.44908729420385,31.252965503750346,7)
(121.40881998164332,31.24669695611684,36)
(121.45004607253138,31.251846236299833,36)
(121.41012578474638,31.2523384106551,2)
(121.39052037832558,31.268264599789138,3)
(121.41289224898335,31.25347949786586,23)
(121.44055326351182,31.252754599249368,30)
(121.4363179354105,31.238681330172437,10)
(121.3428129734694,31.28392154649941,28)
(121.39329105662627,31.275624446262572,34)
(121.41116393838499,31.22789211628853,9)
(121.43144457856113,31.26598008493197,1)
(121.39471850972342,31.258934143091075,36)
(121.42644806977478,31.238672000251476,24)
(121.46107402516645,31.255171840333624,3)
(121.40441134458902,31.299878816554358,20)
(121.45194126428215,31.270163075009236,34)
(121.38491630152102,31.281035478845308,26)
(121.38393704772889,31.267188797772118,36)
(121.41876218270798,31.236883627575658,21)
(121.41050383719373,31.229345014490136,20)
(121.42731786782916,31.247064991287175,36)
(121.46051861073714,31.256182533982198,4)
(121.41048099301486,31.272572786448233,2)
(121.37035475504591,31.233454291729558,19)
(121.41093338347014,31.243862425761616,36)
(121.3762916643164,31.2537186970366,32)
(121.37759779065428,31.272817563331884,32)
(121.40502763463738,31.242217935534512,37)
(121.38543281416969,31.23479588004965,16)
(121.37525372850841,31.286661486353733,36)
(121.45174439713792,31.246213655744363,6)
(121.42157127650822,31.246915412208683,8)
(121.364345685189,31.24828516043183,24)
(121.40463007319408,31.304965128281182,36)
(121.39626633006276,31.235365427319376,37)
(121.38874761686974,31.253655023721556,21)
(121.39335394283535,31.251235538810757,4)
(121.37315222572826,31.29354260963636,36)
(121.43521395563293,31.274494250898247,33)
(121.41333413730634,31.26139304385572,18)
(121.38308135513903,31.283623720428686,23)
(121.4109863450348,31.243557279915557,8)
(121.41004204473991,31.260878039921547,37)
(121.43744573225561,31.26620983870859,32)
(121.45930199817667,31.25790098950062,4)
(121.4512637885773,31.2458022525589,11)
(121.36499725303408,31.28512403905076,2)
(121.37993893806286,31.281733306857454,36)
(121.45914354084151,31.253841172157124,5)
(121.42249978639086,31.23850301247256,16)
(121.43092114949553,31.234783238225166,22)
(121.4313276496214,31.258248976235635,96)
(121.386296040862,31.254497265778074,10)
(121.4256711507618,31.24189411700773,4)
(121.40984127386308,31.237803760743002,16)
(121.39113884238752,31.268016912685113,4)
(121.44114250022294,31.243037707864264,5)
(121.46220415161312,31.257611323772313,1)
(121.4137422378732,31.230855787670404,30)
(121.38054888488861,31.2420443192917,24)
(121.45518187269431,31.273160581194734,3)
(121.34903486808616,31.303045122127827,15)
(121.37732927824682,31.237881818871706,2)
(121.42932951708966,31.246639880885542,2)
(121.42248462741378,31.27902445445995,3)
(121.40528175732861,31.261634472872817,36)
(121.34913577903015,31.28590562379923,11)
(121.41691897082364,31.2308656932629,17)
(121.39816795587845,31.299404763372785,37)
(121.42059544259716,31.251740161191552,13)
(121.41140523839782,31.231998962519963,26)
(121.38265663720698,31.290412163578992,37)
(121.39728885391703,31.265453061288888,29)
(121.46011556831569,31.25477882353735,12)
(121.44881239073085,31.24716144147989,3)
(121.40253165395076,31.223813157540732,10)
(121.38277078147894,31.290570338419045,4)
(121.4397817060118,31.278502386263774,36)
(121.38307565392533,31.28399591867169,20)
(121.389889332527,31.29657674332534,36)
(121.4115052110818,31.24343913025426,36)
(121.41160375277322,31.238471873216263,1)
(121.41002031784598,31.255559363734903,10)
(121.41034476634248,31.235393694706154,2)
(121.38150947095227,31.280938173477114,16)
(121.45142343782418,31.245985027576122,2)
(121.41895753274979,31.265174114368225,9)
(121.41732062552609,31.23997901996409,36)
(121.34568843208426,31.298750456063313,36)
(121.37713823564407,31.272427717490007,18)
(121.37168336062716,31.26355329974098,2)
(121.38190515192727,31.23198956174877,18)
(121.4626951790872,31.262032101707604,7)
(121.38123122998947,31.23600042065555,6)
(121.41693680132472,31.263420154700476,1)
(121.3788220814506,31.29200279569613,11)
(121.40508916889262,31.24828464853157,36)
(121.41076385381504,31.225896261038734,14)
(121.39316760926842,31.28249893249025,36)
(121.4350510251476,31.238063583190765,19)
(121.44605092752776,31.26661679146485,14)
(121.45195126865464,31.278813060042495,1)
(121.38781609594768,31.25731390009656,9)
(121.46292213139611,31.257211489710297,10)
(121.34381470920641,31.291740212019096,1)
(121.44511275291113,31.254236035591774,44)
(121.36141342044003,31.284334932450474,36)
(121.40942278744637,31.2453432974623,36)
(121.42759320797396,31.254449996850852,37)
(121.46147765361273,31.251995530910943,32)
(121.40921611993949,31.24382791938538,19)
(121.33820527934894,31.293834078068688,18)
(121.39092204667587,31.237844528643368,66)
(121.45653887564302,31.254979679058152,36)
(121.42376493863965,31.236904801618028,1)
(121.46046992386967,31.269810493049487,1)
(121.4363551156757,31.2506175289307,3)
(121.39396908144332,31.247871891053055,17)
(121.44287077720838,31.242465927375495,2)
(121.43912859362383,31.262413872918152,9)
(121.38834945017292,31.282383042250935,2)
(121.38928191558348,31.25175858931081,36)
(121.39479097987781,31.29822341188485,34)
(121.40989118599113,31.259724028701648,8)
(121.45155718534318,31.25288804500131,20)
(121.40554515339174,31.224787004105515,32)
(121.44400050387206,31.24906259596768,24)
(121.41719329454935,31.25332286789226,15)
(121.43784871101008,31.26205751153309,2)
(121.43915081849565,31.253955170485995,36)
(121.36463777338496,31.31253810442121,36)
(121.40700218195954,31.304948248939496,23)
(121.3820992103793,31.292918614249363,25)
(121.40369616908116,31.284576930585654,1)
(121.44563938612275,31.248447897101137,9)
(121.405301729643,31.23158512891026,20)
(121.42705867417898,31.24160498348046,1)
(121.39963890471998,31.261612932747727,36)
(121.38547554430323,31.28111353590519,37)
(121.42069450214031,31.25326276990715,22)
(121.39390908581504,31.259840099730337,2)
(121.36637383878808,31.251272745735577,15)
(121.36859276850663,31.314268453403866,17)
(121.44329327161566,31.25671507804546,3)
(121.45819878397553,31.268277854977164,1)
(121.35116990203912,31.28370336962515,36)
(121.42838611619004,31.26369025284924,36)
(121.44745127289784,31.25816271938964,13)
(121.45374481502095,31.24410662420692,4)
(121.42893620002263,31.265615809986766,21)
(121.44812849624198,31.254346849060468,2)
(121.437521352305,31.263263476608127,26)
(121.37201237483748,31.269330193409786,24)
(121.4041200970844,31.260376668871842,2)
(121.33660503728724,31.2973218296761,36)
(121.42721972805829,31.25569588262876,9)
(121.3720580350251,31.264599243246824,17)
(121.44058390163369,31.25579511170027,119)
(121.39397188801327,31.307125832921773,230)
(121.39957569209933,31.232980776519522,30)
(121.42786952170977,31.27199524896685,36)
(121.38296603874369,31.246958977519856,9)
(121.45187124597113,31.252976095943538,1)
(121.43179705934018,31.24689249171069,1)
(121.40772935420844,31.249944455572642,2)
(121.42237637768473,31.260176937879386,22)
(121.42858940560339,31.235311505830047,7)
(121.41808089566155,31.271996259423187,3)
(121.4024277231617,31.25928308718493,36)
(121.43515122993101,31.253619393298724,6)
(121.40655214717154,31.22432283146259,24)
(121.38931235439787,31.25649968687364,37)
(121.33443287480836,31.294588610031568,36)
(121.41562627964773,31.272751651792763,3)
(121.37274207375881,31.22985570659669,2)
(121.4162019435109,31.23773413437398,36)
(121.40985887802985,31.259600122227248,13)
(121.3993967665848,31.247158967460795,5)
(121.43087409549254,31.240905715354305,37)
(121.40208268211529,31.24825118244837,1)
(121.38926454735054,31.28239140793293,36)
(121.45009346253805,31.269047574107432,10)
(121.41660909186248,31.230362596381166,6)
(121.39806213316233,31.276006091453848,10)
(121.36069785156369,31.308578580326884,22)
(121.44187236490309,31.263994604054137,36)
(121.38050256089879,31.296010203221382,2)
(121.39835150540137,31.248944393205903,29)
(121.44452620912016,31.24605439678601,10)
(121.36042302043887,31.297744176648486,109)
(121.38998470719889,31.25896488813696,28)
(121.45787234373947,31.24738103283021,21)
(121.44066329749205,31.257248192241285,5)
(121.44271204757551,31.26343185942262,5)
(121.38058489156087,31.243524322123967,7)
(121.3848645177836,31.283163125634328,12)
(121.41269358087247,31.22860811526532,32)
(121.43063158010993,31.254376956267937,43)
(121.38864792209517,31.23054020172299,30)
(121.42383533564838,31.25051905942291,34)
(121.38001295405675,31.28454708715544,7)
(121.45000668401501,31.25786494160665,8)
(121.45420281343578,31.25681230978781,37)
(121.38585594417805,31.28334312826359,255)
(121.41555688794094,31.237612054945682,1)
(121.37586838891922,31.250291240436976,6)
(121.34280516374659,31.288139884507814,36)
(121.38357776033916,31.256930050226906,3)
(121.39009888342864,31.255017606045374,16)
(121.41558787010744,31.279305392615633,1)
(121.37283435812245,31.245099422315402,10)
(121.42273470494577,31.228378216801545,5)
(121.39431340790006,31.260608652279025,15)
(121.39799334421382,31.260348243337926,1)
(121.38653696377845,31.293320495789235,36)
(121.42624412322793,31.259770514694225,1)
(121.4143886731255,31.248132465848432,13)
(121.41119234494161,31.244099485695635,11)
(121.45215538450181,31.253375878840366,5)
(121.38545683697545,31.257768128201644,2)
(121.40674779969572,31.266199517583775,36)
(121.40160948826137,31.247382690565274,7)
(121.37484748185979,31.279070884554567,37)
(121.39903761387761,31.246979767089485,26)
(121.44869991258126,31.261841069623696,37)
(121.40389078868586,31.23402809758836,7)
(121.39405166010324,31.230946290300267,27)
(121.38015865531555,31.290510651203494,36)
(121.43498221036172,31.239004095095645,11)
(121.4360717847405,31.241738941963565,6)
(121.44910607876518,31.24757011566726,36)
(121.34740151792273,31.302913220215206,36)
(121.45540469181701,31.25476595568851,37)
(121.41778239564127,31.25277914725734,37)
(121.36713357381589,31.23670611401863,4)
(121.42781470646621,31.25601626853744,5)
(121.41036790361385,31.242414861490538,48)
(121.34715554209942,31.28619414492364,37)
(121.40921932072685,31.24383232004129,33)
(121.38093413793888,31.243975046959147,28)
(121.40903677582477,31.244971879970265,30)
(121.36340440427234,31.30894937151535,30)
(121.44787893235726,31.253545095443517,11)
(121.43566056596318,31.260212730645772,36)
(121.40627985866189,31.244003811917477,35)
(121.41270858512179,31.228711159075623,12)
(121.46143333139777,31.269948373840283,11)
(121.36384656449985,31.309258420816025,36)
(121.45595908276938,31.246678217118152,36)
(121.45434890644471,31.27346812695777,4)
(121.36437593763644,31.309432381124775,11)
(121.34458666901232,31.289970909414244,36)
(121.42663087187715,31.238614814373527,36)
(121.38809476067038,31.296448353101745,37)
(121.39055011166155,31.26493120218731,61)
(121.39053272271491,31.237654177808086,16)
(121.39288378387918,31.252721409636543,29)
(121.40605344512385,31.2601204342122,4)
(121.4093479523465,31.24570864313296,4)
(121.41038230436455,31.230177300060262,25)
(121.45309505842036,31.258707350037064,1)
(121.45239634736488,31.255518176115594,19)
(121.37056121605978,31.236247731078997,17)
(121.38596150548327,31.27105124589391,49)
(121.36497852785617,31.288615098072885,17)
(121.40199561055051,31.2476699056633,2)
(121.44532870668381,31.263849530426974,37)
(121.43084028247459,31.26548553567528,4)
(121.43867747934861,31.240824006167976,1)
(121.38951152189335,31.2564788232414,37)
(121.39764856196075,31.231961429133513,4)
(121.42575829405594,31.278924025606926,3)
(121.37147035844707,31.278894468932098,30)
(121.4060905764275,31.23165812812959,12)
(121.42311931033781,31.262049971169546,36)
(121.43321584319062,31.25123269408871,36)
(121.40308562534874,31.28017128759851,36)
(121.43134677698583,31.26581029686626,15)
(121.37668203870547,31.237178590115352,15)
(121.45141058103268,31.270295602703833,6)
(121.44346864274675,31.261782011395248,36)
(121.44363947255673,31.252130535961157,37)
(121.37881858195448,31.25180991703997,1)
(121.40016852848731,31.28101999867653,37)
(121.36891921404911,31.287853387007036,29)
(121.34639020107619,31.278325522835132,36)
(121.44624389351631,31.24485312731011,23)
(121.45252743473294,31.25247075318136,33)
(121.42767014369942,31.231758750887774,36)
(121.44639942583142,31.24483395462643,25)
(121.3733458384356,31.228118683804514,36)
(121.40770424873531,31.24944749538935,27)
(121.40455598060504,31.2771504931234,5)
(121.44535550410647,31.24549776481058,11)
(121.43165512566299,31.246706663628665,2)
(121.42661590588224,31.23882292171307,30)
(121.43106854402173,31.2603941055499,16)
(121.44021820421514,31.268205765249533,14)
(121.44223714506064,31.286647351528686,1)
(121.34681250741816,31.298894301432284,36)
(121.38734049447712,31.24781459889122,21)
(121.34448018839143,31.27964935956787,7)
(121.40412807690188,31.27971930054655,26)
(121.37466183169498,31.25166896823075,12)
(121.42638908674013,31.261085957164266,8)
(121.3721616402964,31.27788634544631,31)
(121.43653015258933,31.254202875291092,17)
(121.39615309376421,31.23946199188558,36)
(121.41114648448851,31.245576153779645,34)
(121.45216686327936,31.24768634482919,3)
(121.39125348138701,31.274338648630707,11)
(121.44686692183357,31.24177384187234,24)
(121.42731720902655,31.239501601356892,37)
(121.39605876617175,31.264590239008626,19)
(121.41113130406839,31.243467213750797,36)
(121.45797109325464,31.276567827639195,18)
(121.42070800912313,31.236262165296573,37)
(121.42589975641357,31.240033086334286,7)
(121.36400528639028,31.30903953941878,36)
(121.42852609890025,31.24770176069507,2)
(121.42586975571174,31.239673949554888,37)
(121.40738056959707,31.245422336345435,5)
(121.39207016658163,31.25952087340854,32)
(121.43197558650533,31.24019519108441,5)
(121.41329508126955,31.259555801167384,13)
(121.4296061561293,31.269268425679883,10)
(121.42087493630454,31.236545267566584,1)
(121.40276404986236,31.247545187897085,36)
(121.42580082587274,31.239674007729988,36)
(121.44663187957691,31.267030054003726,1)
(121.41126866821118,31.248013215410094,33)
(121.38688439565273,31.259360034236906,2)
(121.34135176893695,31.286290412333468,36)
(121.3723884722854,31.286783907633154,11)
(121.42266254055005,31.273929934659915,1)
(121.39103774170323,31.23203503593963,69)
(121.4197935402102,31.270111579585485,3)
(121.363056324771,31.282675837623355,1)
(121.4142331504406,31.24142551946483,2)
(121.42062027124328,31.27289923953779,37)
(121.39657857183177,31.224795702081966,7)
(121.39731356491971,31.254989643368127,37)
(121.38221075774649,31.26324345082838,4)
(121.3891900387055,31.231673697686993,10)
(121.44515776052185,31.24387036980067,18)
(121.35193322468696,31.28049140597795,35)
(121.43761934898986,31.253587146520626,35)
(121.45188325017257,31.279047343635437,5)
(121.374260298078,31.286839328374985,36)
(121.42263120409807,31.256024708512193,32)
(121.38922794680296,31.232307903334025,29)
(121.42928357128257,31.246627921459513,16)
(121.37134161398622,31.295682080322653,24)
(121.42404842333906,31.249982019852897,13)
(121.44407123443112,31.270523759293113,2)
(121.36671008490728,31.285612549166018,28)
(121.39892334858727,31.244451600371583,2)
(121.38680136530594,31.24298887117829,2)
(121.4252296966982,31.2431060259429,38)
(121.38393927674511,31.29276132827453,20)
(121.44981675554205,31.242311423578624,13)
(121.4376502377997,31.252890798854054,36)
(121.384652875212,31.277943100233603,2)
(121.42549682173001,31.24757980302718,36)
(121.43580208422556,31.286257344321903,37)
(121.45854057990792,31.253122572371193,22)
(121.41367473431444,31.291485987790324,19)
(121.42523158070848,31.26472149276693,5)
(121.3773382920819,31.27112255239314,12)
(121.39555285275299,31.268667517223264,5)
(121.40431569799867,31.301088590780367,36)
(121.35207369929726,31.305726693327486,25)
(121.40507410035808,31.247513304926297,36)
(121.40170529740317,31.23171460480917,36)
(121.38074140808196,31.233381718851415,36)
(121.41228627769746,31.259463828549197,17)
(121.39642613274421,31.23214002588051,9)
(121.42964388034939,31.266635270421908,6)
(121.4183840048623,31.252456708610417,37)
(121.45412841905438,31.273213467272218,19)
(121.40641483369326,31.24568853682131,10)
(121.4099615248642,31.228414934568768,45)
(121.38951690952517,31.23115535818014,7)
(121.41739204779186,31.23474925822139,7)
(121.38157907043913,31.28687266363808,37)
(121.42993331527327,31.246587517157106,36)
(121.37874278722353,31.266813322813505,36)
(121.42272506264469,31.24938093106278,37)
