(121.39485385162459,31.23897137587293,36)
(121.4490574288111,31.242259802663735,26)
(121.40853157180007,31.264581780037325,36)
(121.40271780934516,31.259563264608843,36)
(121.39333461704427,31.235810111545028,20)
(121.44539872138624,31.26374214305801,23)
(121.42247159915534,31.23639040269889,27)
(121.4431394567246,31.239630613297052,13)
(121.4021525025021,31.259845639961707,19)
(121.43495179932349,31.233762749389335,15)
(121.40055040330012,31.261379541469697,37)
(121.37303376183218,31.244202595850492,13)
(121.3761151867759,31.266343090768114,32)
(121.39747693020014,31.29268546722703,3)
(121.3965182948417,31.282379106753222,19)
(121.40328607622166,31.23183402401445,45)
(121.42498621456267,31.269230608906913,2)
(121.38033778122966,31.243399829384472,36)
(121.33954192297757,31.30107149558196,3)
(121.42670173534933,31.245658560087296,8)
(121.39792985586068,31.2321166479554,1)
(121.38372539567168,31.285337141069792,26)
(121.45574334897394,31.2633201536365,16)
(121.40943974169744,31.26776705868946,15)
(121.44594272997244,31.241651580160692,8)
(121.42743671373618,31.246036910048225,1)
(121.42960524373653,31.258798944286845,2)
(121.43695335806792,31.264277675913135,36)
(121.42627485023594,31.25700829017941,17)
(121.4150203177891,31.23565063924302,40)
(121.43950393900022,31.254537779522263,36)
(121.38925374503123,31.28225600625304,1)
(121.37237318240665,31.29522726662088,32)
(121.44407933714815,31.243843144084654,10)
(121.4324798977733,31.249315798039973,7)
(121.35399092999974,31.288922939844845,3)
(121.40169654706624,31.259265922065133,37)
(121.42075419830668,31.25490014096883,17)
(121.45941546331431,31.255188557465242,3)
(121.42179982799034,31.25532096708193,3)
(121.40100709795792,31.244818398943227,36)
(121.3850981719858,31.24783803948602,37)
(121.43836504332592,31.241272646125847,18)
(121.44326918913592,31.24068303302759,36)
(121.42211083912538,31.235409873807168,17)
(121.41198970418681,31.24566009337983,8)
(121.42707380408696,31.277663360216728,9)
(121.4042424230779,31.240756195670716,36)
(121.38089098668304,31.283941766277,2)
(121.43043596374535,31.255933842540117,2)
(121.42795020943278,31.24758964002319,34)
(121.43208318901968,31.283155557074192,9)
(121.40009000480329,31.235589979638625,2)
(121.43703810414877,31.258998431691516,74)
(121.43662509180251,31.280932078256185,36)
(121.41786626069575,31.2517986757939,17)
(121.45603202084712,31.254158746601586,1)
(121.41131783812058,31.25509603491895,37)
(121.37550812283747,31.25788497080039,36)
(121.42929262964653,31.258887296819154,36)
(121.423150968151,31.269902294750608,12)
(121.45980008432078,31.251039884193393,8)
(121.44024084423393,31.264534168347698,37)
(121.4089436529155,31.246243258202195,36)
(121.36841798313354,31.239429192438593,17)
(121.38777533298317,31.247014612254034,37)
(121.39480588655465,31.29705195891675,27)
(121.40202057108336,31.257313618395976,18)
(121.37159646026362,31.231682039589646,2)
(121.40986407931496,31.25911372426635,3)
(121.4211237308223,31.245840520504892,4)
(121.43156970489586,31.24332805277967,11)
(121.36492371353627,31.312929636941774,36)
(121.3684395476507,31.291644471948675,24)
(121.40682532721763,31.295146417994427,20)
(121.3991289080711,31.233933717104517,26)
(121.46152343271143,31.26241796006102,36)
(121.43650515923527,31.25369680714987,20)
(121.41252393638578,31.24639750355313,18)
(121.45630916279775,31.27464956986498,8)
(121.44515488677482,31.24093597378811,3)
(121.43130676334906,31.237561342098267,8)
(121.38695494897722,31.276419326578434,3)
(121.40562180179796,31.232176422213055,9)
(121.39361026016253,31.241103665255753,3)
(121.3874979754195,31.238412479931757,14)
(121.43638531621004,31.253462741122917,29)
(121.45947456154092,31.269233034891553,4)
(121.39647918893266,31.27639331340008,22)
(121.3804406339381,31.28624022894168,34)
(121.40153705614674,31.248393738667836,29)
(121.3904579689663,31.252657822744904,18)
(121.40972864593829,31.25974379486743,21)
(121.39806201775014,31.25625649537171,15)
(121.46356668456795,31.25769098461515,2)
(121.39364468718102,31.260864195961908,5)
(121.4129097317068,31.231445912480226,3)
(121.45209500515223,31.25889640350458,3)
(121.41129016561834,31.230842453360793,1)
(121.42328069980836,31.254842936117956,37)
(121.44097086632847,31.256789739027788,16)
(121.40563004982691,31.235016721407085,14)
(121.41192729998964,31.28010081397201,33)
(121.4015921693003,31.248330749876107,19)
(121.44611609150725,31.254392119059975,34)
(121.43207222913331,31.27705638919373,1)
(121.4150877930143,31.239834983627006,1)
(121.421105057633,31.24025172580441,37)
(121.42650549734275,31.278646270668393,14)
(121.37242854044706,31.229245016687262,3)
(121.42235541765125,31.244357746792392,3)
(121.42694889539953,31.245805610529434,10)
(121.44977791549796,31.2577826098567,2)
(121.41100136896709,31.243870417509186,36)
(121.43093899903518,31.263691663077665,4)
(121.4034373241654,31.240988188121037,13)
(121.42258774154092,31.28466581695286,2)
(121.38432753525238,31.279418278485128,36)
(121.37807441712836,31.232845944390927,5)
(121.37696354612976,31.268427979061034,12)
(121.44286632437618,31.244901567722025,7)
(121.45371559999214,31.252335333694663,36)
(121.45356156971292,31.262057349737965,3)
(121.35841028122157,31.28974539536958,46)
(121.45069548423275,31.273399272207595,1)
(121.39084547066436,31.23191377278254,16)
(121.36651055876973,31.251561661799162,4)
(121.41130474810704,31.226093256703287,31)
(121.45434885282718,31.272849867993692,4)
(121.39594151089717,31.273857101834846,9)
(121.42205399824957,31.260639169869428,36)
(121.41287662371363,31.246744576602424,1)
(121.43859720521064,31.282019858136803,36)
(121.4069097543073,31.25195952652039,27)
(121.37898690595604,31.25302563728723,29)
(121.44856845847242,31.24183850443155,2)
(121.44274970010716,31.243933249601387,1)
(121.40018283544568,31.23359499619693,10)
(121.3975125288741,31.246930373170407,11)
(121.43468044072596,31.270896407303812,1)
(121.45143525257693,31.255671478047944,3)
(121.43436898262549,31.2832999368233,1)
(121.367112562893,31.276405313753816,27)
(121.41238612384358,31.27266235412446,6)
(121.44025110395954,31.246952234229372,1)
(121.40118508093924,31.278430908032842,34)
(121.43776603814486,31.27571940785017,3)
(121.39060445192354,31.26833968928272,11)
(121.39975517413326,31.2503384909013,20)
(121.43155580077321,31.237771660222567,36)
(121.38547314848667,31.253487193045782,4)
(121.441476473069,31.2404981744776,45)
(121.42498497668431,31.243569432082612,3)
(121.38573280170975,31.277103577096238,37)
(121.41165023889434,31.244183434308884,13)
(121.35572021656917,31.306131170758054,10)
(121.45340331327012,31.247673119314754,13)
(121.3997171198631,31.249871272593037,36)
(121.37656921908184,31.233284780819154,21)
(121.38692332130006,31.269561427549657,1)
(121.4107597348191,31.27037498328679,2)
(121.39221344978938,31.242827610670744,12)
(121.42254978604932,31.284808901615005,2)
(121.39546203423008,31.247179943035643,31)
(121.40238856316782,31.246080281203856,1)
(121.43651510153481,31.25334451890869,36)
(121.40894285272172,31.246037858432683,37)
(121.4083005812937,31.241529679088483,9)
(121.45583325554536,31.27351109003103,14)
(121.38380560105779,31.28535883939416,36)
(121.42772838290375,31.23399349198678,36)
(121.38392311296215,31.279600979193948,11)
(121.43074680774146,31.24720467021648,3)
(121.3778269910682,31.271579306067487,6)
(121.40014437389638,31.239615821553848,5)
(121.41520960278817,31.269032821532807,37)
(121.41097137134143,31.24382040036255,4)
(121.38938137259831,31.256032533946684,37)
(121.40330210031476,31.22721187435253,9)
(121.37359280063556,31.25798938606193,36)
(121.38866851955694,31.2766455119173,36)
(121.4483605521068,31.25195951277616,22)
(121.42464416132323,31.24192196457892,14)
(121.39780020936364,31.23684275398834,8)
(121.34704312462387,31.29468022380307,36)
(121.43809026939624,31.238614827841513,5)
(121.43885362619483,31.257411101265465,27)
(121.39813601973849,31.232956112042622,28)
(121.40831742629219,31.251233998997836,5)
(121.37404480938321,31.273370514248295,36)
(121.37988259057383,31.282252010642605,4)
(121.36345511115044,31.308952377210435,32)
(121.45662871087217,31.274007067013436,31)
(121.37539993739313,31.28665166083306,4)
(121.38939639200328,31.25610857806971,35)
(121.3851040706722,31.262498910473873,21)
(121.38941239402736,31.255975531773345,14)
(121.4131822043394,31.237597101598386,36)
(121.4343522319229,31.262951431832168,2)
(121.43648356741208,31.246644599583774,30)
(121.37230231290147,31.263447071448383,36)
(121.41202581311966,31.245875000506917,36)
(121.43817539816422,31.253195210144668,34)
(121.39553626520902,31.27360880343836,20)
(121.37946824452314,31.299166493612972,36)
(121.43314872392821,31.237308543600538,4)
(121.42242328925977,31.260356847294613,12)
(121.38600575636997,31.27021335143214,1)
(121.38422179542255,31.23077632282708,13)
(121.44239583949445,31.263598493510187,5)
(121.38915062734083,31.25081615248047,37)
(121.39716147598847,31.26627644835673,3)
(121.38218438329856,31.245156550497175,15)
(121.43587135744284,31.256220614410303,5)
(121.35360140575038,31.28884072485695,13)
(121.43662891374552,31.253254329349716,37)
(121.40334998077745,31.248690614946177,14)
(121.40570607484537,31.235256835399806,4)
(121.37238642813598,31.263281110527966,32)
(121.4252646846894,31.240870673205873,36)
(121.40634511566864,31.27793315838175,31)
(121.36261771054005,31.250255365594903,25)
(121.41344046366333,31.26137436613961,23)
(121.42029867612702,31.23703246225189,2)
(121.41764342754564,31.25209749560902,18)
(121.41031740854488,31.26562003522466,18)
(121.39030617626952,31.26706553053814,34)
(121.45433392198304,31.27322805683891,18)
(121.40052341235138,31.285319660685772,4)
(121.43685814208307,31.264238055554266,6)
(121.37890103490862,31.232765458033004,3)
(121.44722358152869,31.267673204036402,8)
(121.4542116951522,31.27636242470695,3)
(121.38505685576159,31.29276083832292,36)
(121.3861353785415,31.299989210727624,36)
(121.39367020845646,31.267152166369524,6)
(121.43472386101614,31.24204678833586,11)
(121.37261514693516,31.255994259540053,11)
(121.40756793227764,31.233547087280215,12)
(121.44397101566999,31.250938611520034,24)
(121.38950935395371,31.23159068827142,36)
(121.38826291274421,31.29644448228589,11)
(121.3837056341975,31.242357729952413,2)
(121.42770560547014,31.23751034290013,36)
(121.4312961390886,31.237553208529487,35)
(121.42282730624333,31.236182729937866,24)
(121.43919447573225,31.239397628731506,2)
(121.40422550016964,31.28639110669568,36)
(121.37605708238422,31.30058799353784,36)
(121.40839445418091,31.263090149861014,2)
(121.3869360032499,31.231290555487263,36)
(121.37337939452583,31.25700068423121,5)
(121.3444675589031,31.29954198189044,18)
(121.4181432305539,31.260257153465293,29)
(121.41267647453529,31.274877879545013,10)
(121.397014748887,31.235803958549706,37)
(121.44285617436597,31.243868122149685,37)
(121.4122681800687,31.24546487192555,14)
(121.464056874251,31.25629643413104,5)
(121.39096125955675,31.251425623267146,5)
(121.37306380378041,31.230251771969588,36)
(121.43539353707757,31.23840330571048,11)
(121.38874814177856,31.25967864574776,8)
(121.43790841368937,31.248299418846102,25)
(121.40907908621261,31.24599258678071,36)
(121.40051901194231,31.27636437829003,37)
(121.43932499225542,31.24790225160515,4)
(121.44178916709647,31.256373334646955,6)
(121.42825647102097,31.25458643491305,36)
(121.42376101608296,31.236237170752965,22)
(121.39550238517579,31.229298284382356,36)
(121.40543639507528,31.25721821332629,36)
(121.44507964986684,31.245858019590226,36)
(121.39652955088532,31.282214830794707,5)
(121.3774362650297,31.25777495989483,21)
(121.39067785406444,31.237837360152923,37)
(121.36133543009068,31.239926733735615,19)
(121.45634914415015,31.26408201710036,1)
(121.44158629246665,31.240083397288462,36)
(121.45114905302994,31.245821480797133,35)
(121.4321441064136,31.283151486985858,17)
(121.36420821371819,31.311693856647473,3)
(121.43228555679111,31.24465784687691,37)
(121.42862730395815,31.265560716047585,36)
(121.40463880742489,31.244631979761202,1)
(121.45321150757367,31.274718270236423,4)
(121.38387121692602,31.27103788094223,20)
(121.36427804249779,31.24218721669035,36)
(121.41180926049769,31.233445543297766,2)
(121.39216641810894,31.231365378500975,37)
(121.38632802158638,31.28323398054842,19)
(121.42503906962827,31.245239135171918,3)
(121.45443029954126,31.245742969463173,18)
(121.44527398227629,31.260593528742614,19)
(121.40408276683458,31.260796529559578,36)
(121.45568153296932,31.24739297366798,21)
(121.40163005305932,31.299629546477416,25)
(121.41877086075229,31.242132920840106,26)
(121.41405721602854,31.235942144067604,6)
(121.40392004754325,31.284723578559632,4)
(121.38941241067961,31.256166615062313,11)
(121.42794033783362,31.263894179132972,36)
(121.38581543187328,31.260408583622084,9)
(121.43740819056627,31.269357483222368,1)
(121.36421451513098,31.309714461876435,12)
(121.43173366705354,31.237410199834116,36)
(121.44122682127065,31.254640602102068,2)
(121.44034619629761,31.259237733680227,24)
(121.38000008996089,31.24489323812367,1)
(121.41031631179976,31.25305059663068,5)
(121.43063324959154,31.25061129956716,4)
(121.44652257051244,31.262202090258775,25)
(121.44521665384096,31.27846217745716,5)
(121.40706542506646,31.2504827038042,5)
(121.44013857283713,31.236384893739263,36)
(121.38929446047113,31.237109905989414,36)
(121.45321300373826,31.25466035804277,31)
(121.40387521749389,31.244852818692625,30)
(121.44143580204705,31.265736890385913,7)
(121.44539091474293,31.243101379950488,14)
(121.37881988102299,31.266737376099844,14)
(121.41101899165697,31.24073650684181,10)
(121.36856407108858,31.240659141947614,1)
(121.36300712725733,31.246796440212314,36)
(121.45096074764325,31.260368225458357,19)
(121.44234937082211,31.257218811543144,36)
(121.44932984547869,31.24243838237486,11)
(121.36492151322744,31.312922536699787,27)
(121.45875257643438,31.247935819825095,24)
(121.39748830157507,31.25177312786824,25)
(121.4461000897834,31.26094810395476,20)
(121.4126951602215,31.24672432991029,5)
(121.42245837966038,31.279277698255743,3)
(121.43805833269035,31.239997663176982,7)
(121.39468215467961,31.260105967154384,15)
(121.42897299095802,31.258657514054107,17)
(121.45173824602945,31.275136001287123,6)
(121.42918953824604,31.25724624631667,42)
(121.44731022342721,31.25416722661857,1)
(121.44459154870334,31.254709616077005,12)
(121.40810506818823,31.251138505941217,4)
(121.41111288340892,31.272974014963008,3)
(121.40588980610812,31.23685354593142,37)
(121.42481338540672,31.28072354083007,7)
(121.43688743351352,31.240984530671128,2)
(121.44292176560707,31.27414012776607,6)
(121.45029851844279,31.257654396950485,12)
(121.43794685105136,31.25404689934686,31)
(121.38801380433739,31.251879679637295,2)
(121.3793955142283,31.299965570999976,30)
(121.43849362331451,31.238923406143975,1)
(121.44160247029504,31.253951540663984,8)
(121.45523088696724,31.263579131187594,6)
(121.4419892075405,31.24133539943431,9)
(121.39729628258205,31.22888690692183,3)
(121.45662281776214,31.25675427605648,7)
(121.4377182556546,31.240527597043812,5)
(121.45660901506277,31.270138044080184,36)
(121.40541579000356,31.23218641313948,37)
(121.3850843791592,31.279908165620753,19)
(121.4218162283261,31.260059014332768,23)
(121.42176422691678,31.26252220585493,30)
(121.40784705679847,31.280984691186895,8)
(121.35260644496762,31.278383721914924,36)
(121.42070951577449,31.25354688531987,29)
(121.38768406555556,31.245728995528456,20)
(121.373915530867,31.272371932744246,4)
(121.37223028251233,31.229794009873377,13)
(121.3795915648157,31.274691572161526,36)
(121.39312403865961,31.265237970641174,13)
(121.42885839381424,31.261722950640344,7)
(121.43184659869314,31.268311599297014,2)
(121.38745816381325,31.258335132640585,26)
(121.37097936624666,31.253354937077432,20)
(121.44139750873755,31.26156816216714,15)
(121.40215962613348,31.24835029511282,8)
(121.46319713489859,31.25454868773853,36)
(121.43722690775714,31.27562410005992,18)
(121.42280938359535,31.251666344253465,36)
(121.40902129327762,31.24563170649764,7)
(121.42382253249649,31.250423056950563,1)
(121.36713918728886,31.301333424982023,3)
(121.4606629568121,31.253117868731042,16)
(121.4566144615504,31.263924390369166,1)
(121.40308905010117,31.22707777669135,1)
(121.44634081364481,31.244779344451374,11)
(121.4419097516673,31.286626850946075,2)
(121.42328018154949,31.262190915180547,12)
(121.38787546251139,31.260896497631705,11)
(121.45474473376798,31.271082318203728,11)
(121.41892362606578,31.229101905660947,36)
(121.40230989766509,31.227171673528634,28)
(121.38479590508734,31.274981431136858,12)
(121.4478407379025,31.27302136653611,37)
(121.4074998987035,31.249229353599016,1)
(121.44881201058642,31.277263383862543,32)
(121.45011090409423,31.258624795799555,73)
(121.40504267219488,31.231161913457452,16)
(121.4069953738026,31.249881438261365,2)
(121.3690585454224,31.314309124946966,52)
(121.39261738713138,31.238809048279684,36)
(121.3964954726674,31.239803857698284,36)
(121.43334553443505,31.249789904882476,8)
(121.40615472668306,31.29980623541616,8)
(121.44857157441446,31.259550802800756,37)
(121.40817386388258,31.24751699625362,1)
(121.44709244141758,31.251402395258,14)
(121.41919913138315,31.236967358329203,10)
(121.40465668487224,31.266133367279483,29)
(121.4111160247304,31.240223758345735,16)
(121.40168989261014,31.24858446904058,1)
(121.43704708716979,31.239942847761316,19)
(121.3982082312159,31.269442209931334,36)
(121.45238230766304,31.247089658483993,8)
(121.44965853171982,31.258692949132136,36)
(121.44019799959081,31.282373457028804,1)
(121.37885760123757,31.262954802375006,35)
(121.35680769803898,31.297777428445738,36)
(121.43012106027359,31.247069054220198,11)
(121.41014059501919,31.25592487879537,21)
(121.40783655940717,31.282856156100664,5)
(121.4598448574656,31.250106178196674,1)
(121.38416738135929,31.27963421985535,34)
(121.37283622042064,31.252949215114363,36)
(121.3723724505582,31.286817900412085,36)
(121.40820537095891,31.28328273153838,4)
(121.39072063467626,31.292322634664334,36)
(121.38767091039047,31.291165920143047,34)
(121.38363338412307,31.2863694731548,36)
(121.4339787550764,31.26271078167586,2)
(121.42471110839729,31.24204896867901,11)
(121.40492412639406,31.25942851530141,14)
(121.38149357851545,31.270899982278348,21)
(121.43100607369415,31.26226290395605,35)
(121.43874796929995,31.25438923651771,70)
(121.4597270259356,31.248129759069073,7)
(121.4204291179309,31.255074072743476,32)
(121.36314586927463,31.309229041937677,28)
(121.46339475532108,31.256538094775504,2)
(121.42192911701837,31.258680342682883,3)
(121.45352507461324,31.25253980551772,10)
(121.42697539862803,31.2488801059269,22)
(121.42232616531535,31.260236627313496,36)
(121.44796792229451,31.2552845469403,7)
(121.39208208946624,31.228290909633316,17)
(121.38044099129209,31.290340882276094,7)
(121.42247840284307,31.26041485865082,9)
(121.39058813999732,31.2534272498378,37)
(121.42812689896596,31.257793955976236,4)
(121.3806148972699,31.244028325968223,28)
(121.44854452421419,31.241997619358788,36)
(121.37189517510402,31.24607994609391,32)
(121.42103571530747,31.23571971533247,8)
(121.38048280861634,31.241650197250184,2)
(121.37686442891314,31.268646955747926,36)
(121.41248100482757,31.24418324893944,3)
(121.40790446971518,31.23991897189182,2)
(121.36422211624979,31.309474963295195,37)
(121.45843812034505,31.252977072533255,36)
(121.36856969384853,31.313852264531015,11)
(121.41906865828011,31.230555497811416,26)
(121.41666171899611,31.26079414535563,17)
(121.3499780478366,31.27981965144446,36)
(121.43661288395307,31.253752427913746,21)
(121.37984825527083,31.232875541093446,2)
(121.40246263500362,31.223767122493506,14)
(121.45780371544431,31.267703052853154,1)
(121.438608413464,31.238730157672112,9)
(121.39212812634636,31.22833095693484,36)
(121.39216782411162,31.24750466982891,23)
(121.41888271255173,31.236647953234602,26)
(121.38532411479484,31.27020993256811,6)
(121.41871040240926,31.236435377132914,10)
(121.43860852679465,31.24003374673796,2)
(121.43158683313693,31.259850356481643,6)
(121.39341843681892,31.23309892241088,12)
(121.43979627521092,31.237560928674867,8)
(121.37043227440655,31.285411735826646,36)
(121.40417010975284,31.24865370229664,31)
(121.36569819255149,31.249500735757913,2)
(121.41046427174055,31.23342747930853,2)
(121.40153947904152,31.232315201383322,1)
(121.36291444042998,31.30131973415354,23)
(121.43716206547346,31.253293636537983,36)
(121.42200188573788,31.264815250918147,6)
(121.3920673895036,31.231861544332933,42)
(121.37845726249544,31.255159227569088,71)
(121.40952174938761,31.245071165344473,35)
(121.37195111184525,31.25040917454127,29)
(121.38596071213587,31.26194737177722,20)
(121.43847340432983,31.23879271301465,35)
(121.43248503431738,31.253256428650328,29)
(121.40814944334595,31.251276026368984,4)
(121.42765516727445,31.251276744898664,4)
(121.43061597670378,31.23429327766854,13)
(121.42881244974447,31.261744004630298,26)
(121.3760558227574,31.24946067030033,70)
(121.41273988966064,31.230878678042927,1)
(121.42555862040297,31.257444086462467,13)
(121.4368074291527,31.25715095917368,5)
(121.40238874716358,31.248190219134514,36)
(121.45600469080601,31.24615602497353,21)
(121.43665419019587,31.23620826825639,15)
(121.38926727549163,31.25603645194719,34)
(121.37411388536727,31.27306847474546,19)
(121.40257062390765,31.23485025449642,2)
(121.41044676293637,31.26996485959938,2)
(121.40468591372431,31.23996989343408,2)
(121.39054362827196,31.267161874075423,10)
(121.43859793243406,31.238903136537175,18)
(121.44666768797875,31.26701389613091,22)
(121.43831879475674,31.23753101944364,6)
(121.41002575578831,31.246072551059655,12)
(121.4093704573657,31.302607133365157,36)
(121.3926640990497,31.26011018371572,36)
(121.41126401734192,31.274914798599113,1)
(121.40901863406812,31.242975277022506,36)
(121.41097291069941,31.261467150924243,37)
(121.40989258634126,31.25901983037918,25)
(121.40063763950475,31.285014284177954,28)
(121.42897170974933,31.243950035120317,23)
(121.38787737411809,31.259861052266643,25)
(121.42726702173334,31.271112449390866,36)
(121.41923760148867,31.254137394369266,9)
(121.42181493943518,31.262573716322976,15)
(121.40093905870168,31.256067345491367,8)
(121.3921488094888,31.236008489823526,14)
(121.4602143693939,31.255528930582948,72)
(121.34165925579084,31.295582708376013,20)
(121.38984497344259,31.28223301423087,36)
(121.40232913231857,31.264225193758033,18)
(121.39128605985883,31.29215694684456,19)
(121.36775936198462,31.31420624133751,34)
(121.42397829181425,31.236267923804018,7)
(121.37683447009123,31.28109911260044,11)
(121.34451606797535,31.280537327598417,36)
(121.4416807185816,31.2469693381965,1)
(121.44450059793162,31.249940163815577,10)
(121.39387829185496,31.250954204082195,1)
(121.39615074622544,31.229363623318367,1)
(121.42521367240805,31.242621959415715,25)
(121.36782048609854,31.31444341809522,36)
(121.39025136556528,31.25791673922438,28)
(121.39084502504997,31.249775817291663,2)
(121.43643384867732,31.28514743293024,15)
(121.45572063970458,31.246313881583685,20)
(121.42697817709323,31.280750720317226,4)
(121.41357268855126,31.25618325801453,4)
(121.45952500318879,31.247794137357467,13)
(121.37852697094107,31.277282691896744,28)
(121.36214675910176,31.28397794708886,36)
(121.42708350033313,31.262848101377113,1)
(121.40634561681684,31.245671422617647,4)
(121.43398758394228,31.260894989562786,13)
(121.4460203461775,31.241690693761292,22)
(121.45440177259951,31.27340699392294,28)
(121.4168731596105,31.23274757708738,36)
(121.39100493190985,31.25075569277615,2)
(121.45648438386742,31.26974875347444,37)
(121.4590625547123,31.26862116521115,2)
(121.39313227015657,31.26783007834408,40)
(121.4096653281925,31.229020861743468,25)
(121.45362406169667,31.25512073836713,36)
(121.39409122330017,31.23564570285753,7)
(121.41203821618808,31.24591210302551,20)
(121.38064724150155,31.29029508072009,26)
(121.40997299992264,31.26022776838341,26)
(121.37678537639812,31.24627314502773,2)
(121.34502297379512,31.298745225152423,2)
(121.39639546472009,31.22465055228774,2)
(121.44908791398767,31.260106613310928,36)
(121.41720874706105,31.23012122095742,3)
(121.42739674212997,31.280994442067087,30)
(121.36774123075135,31.29629861751899,37)
(121.43650012734011,31.253369549581418,24)
(121.3980070710041,31.2456718084207,19)
(121.38767528320753,31.260961366981157,30)
(121.38754218442037,31.240788783087204,22)
(121.41264446481863,31.272946674902546,4)
(121.36545400491437,31.252295603028553,10)
(121.3653720035385,31.277029045472748,27)
(121.3595692216339,31.278423833631724,18)
(121.434222014106,31.25826856962044,4)
(121.39654137153744,31.245679200647707,37)
(121.41001621683596,31.255497463002957,18)
(121.43045012395068,31.246508673972485,33)
(121.40281925906008,31.28739592977596,3)
(121.39644906291619,31.230398966913583,36)
(121.3410771652569,31.28640394179331,36)
(121.4252158291225,31.26738964253342,18)
(121.41116129891039,31.243488217702623,17)
(121.43518200255141,31.251543442413357,23)
(121.38346283445027,31.259246946397504,15)
(121.42110634330831,31.25500027493677,7)
(121.38634352350734,31.291385765866497,194)
(121.38836435337214,31.282360244984222,2)
(121.38131494181374,31.243034683320566,10)
(121.43355916438857,31.24902431357184,33)
(121.43936997638347,31.237126348087028,12)
(121.4399428140969,31.258170864292747,35)
(121.34880775476408,31.293753181005034,1)
(121.38851688185542,31.236064992979475,27)
(121.34720848293179,31.284179423271283,36)
(121.38173448323009,31.232003107635546,17)
(121.38878095373282,31.291620962956156,3)
(121.41227377460321,31.25947012592452,25)
(121.4136710975629,31.249821436922897,35)
(121.42149502170233,31.25476792498408,37)
(121.41104734973418,31.243769364148957,16)
(121.37029730560988,31.230632803717025,16)
(121.35425042537003,31.28523539236942,24)
(121.3948694102281,31.23379603116347,37)
(121.39409832409878,31.24252829070928,8)
(121.45883108374886,31.267671220160665,21)
(121.37846705973843,31.277107682860354,3)
(121.41261120421005,31.246927441196192,10)
(121.43549415752199,31.258755198622325,1)
(121.45556544434942,31.256504381388726,12)
(121.38938137739343,31.256087557931007,48)
(121.43854980723435,31.265072831130595,6)
(121.45959039710965,31.25975915740804,13)
(121.44398597942299,31.25419988190624,37)
(121.44462510036695,31.247054678612276,51)
(121.44858444847904,31.24212260316567,36)
(121.3793686267729,31.293093090987956,36)
(121.37225511604217,31.250494377214356,36)
(121.41469323144919,31.244512752102843,36)
(121.43236997390363,31.250760461372565,5)
(121.37220723949034,31.313197473778292,36)
(121.45000074870808,31.258456209318602,36)
(121.39550630722104,31.274284071054467,36)
(121.4515913774432,31.24974237243538,16)
(121.39735845251158,31.241979896317154,4)
(121.42926854709926,31.246143720809393,3)
(121.38743016146852,31.296626896496388,11)
(121.40971074167126,31.243056823589473,27)
(121.36862278605257,31.31389435547269,36)
(121.42918353956001,31.233418058814827,4)
(121.46405726657736,31.260836401953203,7)
(121.36694007736097,31.292483649083067,20)
(121.4397987270656,31.25563096463352,3)
(121.42397101010556,31.255890672829764,26)
(121.44960533973112,31.255128496361063,2)
(121.44226562628462,31.258354435508807,14)
(121.36070991368027,31.282261962299412,36)
(121.42409359913293,31.2410109827591,11)
(121.46083063097622,31.254571127789884,23)
(121.40896405793227,31.246137162639176,36)
(121.38929729831817,31.25600345964148,36)
(121.41049763554221,31.26811713828855,36)
(121.40079445237016,31.261077478412005,4)
(121.41074234381435,31.242933041438697,34)
(121.4501658953159,31.268778453985533,1)
(121.36654284823648,31.309171339606245,36)
(121.44412332589724,31.249776711416388,36)
(121.4486724947693,31.25952122003378,7)
(121.43368946802627,31.2661095824436,3)
(121.3815793766773,31.290386078964204,35)
(121.41081841333292,31.24391646949099,18)
(121.43620538856105,31.243707667537294,33)
(121.37137491873862,31.24173621303436,9)
(121.43149419360302,31.25128566974192,36)
(121.4391684286194,31.284241957143106,34)
(121.38741275851389,31.23117337903132,36)
(121.41210541002705,31.224627409683382,15)
(121.44799345678848,31.257846307125583,36)
(121.42406163155006,31.24104402207829,34)
(121.38547185995826,31.25785517917717,36)
(121.45423169813456,31.273907432540188,2)
(121.42340823129248,31.256355859700104,36)
(121.40293229052085,31.27604629638442,28)
(121.3632243703181,31.27965185710921,13)
(121.43462572519445,31.25548763691867,17)
(121.3914544279441,31.27465982729123,26)
(121.38611886551985,31.238904340167416,15)
(121.36413690410562,31.31073065064867,37)
(121.42754186164102,31.25292554984828,24)
(121.39196344690758,31.228490315057574,1)
(121.42697796373113,31.278304711704994,36)
(121.38569880895338,31.231612656203435,37)
(121.40475813055673,31.254887379107867,19)
(121.43041353030331,31.247917911697073,14)
(121.45431616532876,31.252517201023007,22)
(121.44186081690628,31.240424129245262,1)
(121.41315779334974,31.246336636175755,36)
(121.42295947962809,31.26239923600972,4)
(121.43988101424613,31.247747378066656,36)
(121.41094833791342,31.243378206296743,6)
(121.45855716242765,31.260332675787623,32)
(121.39138771234364,31.281004501610425,40)
(121.41408973898183,31.236061137560164,11)
(121.44384238648344,31.24369250161136,10)
(121.43659896517063,31.253300389080948,28)
(121.43217445890518,31.276203588281067,17)
(121.40011402679565,31.247224221303497,17)
(121.38944242833826,31.256076597739987,36)
(121.3988825235229,31.25811660543342,1)
(121.37251498274438,31.255872075705895,6)
(121.42625950878332,31.252911512849526,15)
(121.44156543400894,31.264235050795016,8)
(121.46019249243618,31.26779826232021,41)
(121.38958673888524,31.27916280421192,6)
(121.4097522517574,31.25938850047461,17)
(121.44375775066541,31.257956890989135,8)
(121.41470706684358,31.231225724379325,8)
(121.3891555271204,31.259469535778486,20)
(121.39610820568286,31.22970913317729,38)
(121.4554897055332,31.271406299719676,72)
(121.44921733404773,31.25670790146669,15)
(121.38936635867567,31.256019517286763,15)
(121.41126129192949,31.243679284800766,9)
(121.45453252652376,31.25827517691141,37)
(121.44107784054839,31.258711412565553,3)
(121.42319357742446,31.24402423851525,27)
(121.40969749799432,31.242494991927806,36)
(121.45956591340183,31.25811692416497,1)
(121.4468698224334,31.24177524237504,8)
(121.40942255564066,31.242685107904844,6)
(121.40993299641492,31.242826070231075,36)
(121.45608644154981,31.271425685733846,8)
(121.44140487724398,31.254473070780826,34)
(121.41113129377409,31.243349160853338,32)
(121.3902128221407,31.2853826906611,2)
(121.37623133511433,31.289183684538433,21)
(121.37251499552622,31.256019139821568,21)
(121.41774970774149,31.233209386273465,1)
(121.40919331413862,31.25944938423911,20)
(121.38780709077724,31.257349908622057,34)
(121.39962569130876,31.245331227592313,1)
(121.44254030871386,31.256284241412327,9)
(121.41821356798637,31.233009651179813,7)
(121.4494619510668,31.270001151691158,8)
(121.44111540455157,31.25448651580209,15)
(121.45290744494363,31.256834255614784,45)
(121.41412103186084,31.23662275614461,36)
(121.44270558640181,31.24441660495981,1)
(121.42719335640594,31.239638775703817,7)
(121.45286881245504,31.247687334282507,36)
(121.40816926209283,31.28328212406206,32)
(121.43934870548533,31.260592738803524,36)
(121.40319987717695,31.22414655219076,3)
(121.39229261896956,31.237500559129074,33)
(121.3989725861747,31.281353448285937,7)
(121.44884886257756,31.24200206807775,7)
(121.45528189035464,31.271267600162695,39)
(121.36419931300411,31.309787659962097,2)
(121.37298457462335,31.296388520767184,37)
(121.40535690912253,31.256535295459965,27)
(121.45175951081417,31.278745458673022,1)
(121.38195404144594,31.225761250967416,36)
(121.3963347821784,31.240143624726112,3)
(121.40244274836847,31.2595341988171,36)
(121.45759715541662,31.254676293976335,1)
(121.36756460402196,31.29629829528159,30)
(121.41034649833507,31.24250085687114,11)
(121.41083841970988,31.23411097522237,27)
(121.41371483135917,31.245247654787473,33)
(121.45417196447406,31.273894091302598,1)
(121.43051657520066,31.237850182555896,16)
(121.37862566850808,31.2326761113356,17)
(121.40385403362437,31.244576645903344,36)
(121.36714893824355,31.30902471474243,73)
(121.39209647632967,31.22959743779515,36)
(121.36500023092698,31.288615100621584,19)
(121.40872121991613,31.224990683531992,28)
(121.41504254847055,31.22923329001021,5)
(121.44113950212176,31.254972685253488,22)
(121.39703235287207,31.265585098976903,27)
(121.39284393982904,31.256062925810436,1)
(121.436038749792,31.241311539551152,37)
(121.3956528607569,31.291150039906086,20)
(121.44348941088674,31.244012837134225,36)
(121.42902222071436,31.265465827768473,8)
(121.42536703944192,31.24859335987497,5)
(121.4378640438568,31.2661652489773,22)
(121.36911263800697,31.314346214695234,16)
(121.43577015246721,31.275014761162527,9)
(121.38888211137896,31.30387885775402,2)
(121.41255294425976,31.297106808501237,48)
(121.43671273859081,31.252770005902207,36)
(121.38833584723784,31.28251163952865,22)
(121.38739627188481,31.25857445202977,4)
(121.3817665034168,31.24330826512493,17)
(121.4415076853402,31.265473433812492,36)
(121.45285501531767,31.256528883615264,13)
(121.42370525956053,31.244511847577915,33)
(121.45136544975188,31.279088360048487,4)
(121.38313946674553,31.284029029359424,32)
(121.41052174161015,31.22882251919216,183)
(121.44637061984994,31.244833349578837,21)
(121.4560587872512,31.274607077210405,3)
(121.41176649369552,31.27037079317956,2)
(121.37789386057328,31.257542383505108,17)
(121.42338652422238,31.237121891437813,23)
(121.39494652629412,31.246086617161602,12)
(121.39938175138994,31.247048913600715,37)
(121.44131964159955,31.25425242006156,30)
(121.38879954429433,31.300162285565108,36)
(121.40330550259513,31.266226226871197,4)
(121.40906928381608,31.245038586586002,27)
(121.41033240622552,31.265626035604402,11)
(121.43425446401288,31.275434831229607,11)
(121.45238035292522,31.24755787044661,31)
(121.42802661177709,31.241727948118044,13)
(121.4014252794214,31.234075650941683,5)
(121.42266589171894,31.241318167574793,36)
(121.40947455847206,31.25770493494702,7)
(121.39367012725029,31.24286070856718,36)
(121.41530284606165,31.22960304788204,6)
(121.45106874215124,31.274635078983433,1)
(121.37841465887132,31.27028242516138,33)
(121.39571649024464,31.26932104750337,18)
(121.37408987415868,31.254932068548914,36)
(121.37135229758243,31.31317185543534,27)
(121.41269219920271,31.231922497281854,4)
(121.39336758170158,31.231418604660988,5)
(121.3997387402901,31.233952124831955,36)
(121.43103606389737,31.242938455586597,7)
(121.38729122388952,31.287108842726745,36)
(121.44138907644475,31.242751285870504,5)
(121.35652297701385,31.307867196956156,17)
(121.41524351124718,31.27027992616795,28)
(121.4125432656644,31.258851692737302,16)
(121.38484361809641,31.251082658728283,36)
(121.43123813308407,31.28112965928011,26)
(121.45256138462086,31.275765164368565,8)
(121.3779077381242,31.232890400523882,3)
(121.40585058027028,31.2891018751185,1)
(121.46176299647996,31.25757056064945,5)
(121.41132519953437,31.27716972498157,12)
(121.41293253734953,31.231212617682353,7)
(121.39070228407671,31.254041596915553,37)
(121.42251281124577,31.259540567496447,36)
(121.4054167334611,31.243008321112875,3)
(121.42320178528156,31.245398614397175,36)
(121.37792390996158,31.246137401122184,28)
(121.3649991307713,31.288615100492358,30)
(121.43671280910306,31.253580361429147,13)
(121.45912663589893,31.259927253673723,2)
(121.41017688633656,31.236411181730407,3)
(121.40885123348781,31.22668686215985,11)
(121.37810442267327,31.233027948700922,18)
(121.40670703350126,31.245954693302888,15)
(121.40904757864851,31.233240904574366,12)
(121.36820680941535,31.266601741588257,21)
(121.38948046590428,31.25613765205288,47)
(121.40459499078001,31.260578234495423,6)
(121.45287094894591,31.256198708233793,36)
(121.41341304686156,31.259634802225563,34)
(121.43751288697362,31.24021772657099,10)
(121.38147943762708,31.280967154787007,37)
(121.4412181652759,31.265357059082405,28)
(121.43571787532274,31.2823778714529,5)
(121.37168736612082,31.309592935911255,36)
(121.38121501211366,31.253792403828573,40)
(121.39597817558153,31.231517104494245,1)
(121.389410369181,31.232730138590572,36)
(121.4224164576209,31.245399170050096,35)
(121.38192275424709,31.290056293459166,2)
(121.39109824910902,31.27564805904614,2)
(121.39143516383227,31.257629649810525,4)
(121.3868694194478,31.259799211750668,12)
(121.38941243761987,31.25647574973168,36)
(121.38562344587672,31.262807449225757,36)
(121.4358735151896,31.260631871361074,36)
(121.45774266844121,31.253265304856352,2)
(121.40263236174738,31.243166026693444,1)
(121.44223466247645,31.25810637611748,24)
(121.40820237097005,31.242761111330015,36)
(121.43880590651936,31.236739976695375,6)
(121.36071035730693,31.293979014702266,20)
(121.35607966130723,31.302920543452085,34)
(121.38831985021943,31.240499722961964,34)
(121.41584319658465,31.25998567226033,12)
(121.44572000678284,31.24628406422917,37)
(121.38938938246648,31.25606755506783,36)
(121.44012517015396,31.254455978100385,16)
(121.42300426678108,31.248944333032806,20)
(121.38296063765468,31.24699377654115,1)
(121.43763011362714,31.24020424911395,5)
(121.43338725819308,31.25969071581731,31)
(121.38567738472376,31.289922752278603,30)
(121.42173816960684,31.24720943362205,12)
(121.40980648629801,31.268901823728157,1)
(121.44413809816818,31.247492674855916,3)
(121.38554837527676,31.262876413252336,14)
(121.40605431926144,31.283731808969144,4)
(121.40096256252608,31.261764819118373,7)
(121.38944029546431,31.231590637989417,36)
(121.4432658671996,31.263198660879944,26)
(121.43351536433799,31.239128936834803,36)
(121.36412410227997,31.310929948726212,36)
(121.41052845263334,31.243675408220263,36)
(121.43277711658867,31.271843571195692,13)
(121.37686170409978,31.237318209793564,8)
(121.39313215648676,31.289464016072298,21)
(121.40971571485473,31.279386889894877,4)
(121.4243900919697,31.237480930047088,71)
(121.40280419584482,31.286706648191032,37)
(121.38498393439359,31.276005460737526,4)
(121.42246509956281,31.260380955948264,36)
(121.429086428605,31.2537552654394,1)
(121.39807599889645,31.24449631017113,1)
(121.40959911511108,31.260857085331363,72)
(121.38085742085592,31.243408378394722,1)
(121.40208328580955,31.261837822008136,8)
(121.37129794856129,31.277300578967086,36)
(121.43877425288798,31.285994229670155,9)
(121.45335933568981,31.273995339729424,1)
(121.41884220254084,31.237073743964412,14)
(121.44757977947062,31.255623386475367,22)
(121.3741900180897,31.273301668035867,22)
(121.3894297496435,31.28284589722026,5)
(121.44304391934065,31.263270820333442,3)
(121.40491508505836,31.258964313547825,22)
(121.4396990309508,31.25577517688725,2)
(121.34557417965902,31.29872123394245,9)
(121.39986705575303,31.29940540012154,36)
(121.42612946648231,31.25088073101302,17)
(121.44711217546127,31.25402106206802,19)
(121.3898768078099,31.238955939630657,14)
(121.39109139128995,31.251778865672946,11)
(121.44064220383461,31.242408870837835,20)
(121.35190730616448,31.309476201985863,35)
(121.38732975958223,31.281626781898005,2)
(121.4269595188987,31.238595514226045,34)
(121.40163832616552,31.243142605004508,1)
(121.4251152721847,31.264852027929102,33)
(121.42929955129763,31.246618901492063,37)
(121.42403265295688,31.240983016713987,36)
(121.41134153048462,31.281004304841872,6)
(121.39568810724941,31.2473840172267,8)
(121.40930745456478,31.241342516366966,11)
(121.41247292360087,31.23104002196483,1)
(121.4399689430481,31.255805464792267,8)
(121.41292438726893,31.250170798993217,36)
(121.38541563087558,31.28713081266118,36)
(121.4465391540543,31.241779184647726,12)
(121.44379512074677,31.25155503069861,40)
(121.37471645738165,31.2579587844138,17)
(121.44203563177088,31.242015575635694,6)
(121.44320823885651,31.251401908046667,1)
(121.39276962565191,31.236386750964396,11)
(121.36137155360902,31.24945768102618,4)
(121.38714551583311,31.269353521922152,10)
(121.41506656655514,31.24536673756463,87)
(121.40712618264368,31.247717479611154,20)
(121.41091892104772,31.261448152081584,37)
(121.43704920659088,31.26430255847568,30)
(121.44639532495877,31.244747354065748,2)
(121.44977351169592,31.26140090583134,9)
(121.39895805942608,31.298295246241594,22)
(121.42931386762906,31.253499278661486,2)
(121.34960143721155,31.28202288012952,10)
(121.37253302528391,31.25604317382093,6)
(121.45927316285912,31.254183289967983,2)
(121.36136732676461,31.28425282570714,11)
(121.36440194121217,31.30960328374167,2)
(121.45529588683566,31.25109164012898,8)
(121.4366477438378,31.25213014872074,3)
(121.4022613286944,31.257722666165275,1)
(121.4088273243233,31.246513133557592,20)
(121.42786638671636,31.248538139410957,37)
(121.40421672962036,31.301593775492357,7)
(121.39366190820081,31.22518541074386,6)
(121.41479772190641,31.270804862605644,5)
(121.42907050044295,31.24289446462187,10)
(121.38876614592395,31.240953902561895,22)
(121.36921951543863,31.230225125359187,2)
(121.36949690027633,31.25248852588228,6)
(121.43473983381669,31.253480845732106,36)
(121.41542407825906,31.234986189202647,37)
(121.40517399983568,31.25773180159807,18)
(121.43945365101781,31.260887889590773,2)
(121.45942108797287,31.254747809912566,32)
(121.42988883867798,31.281057052517237,18)
(121.39805865125128,31.301515367925163,5)
(121.3824081596485,31.25373452513852,22)
(121.43031100386449,31.23396691675144,7)
(121.43183524241827,31.234090575575134,3)
(121.44001314780175,31.24045592157302,6)
(121.42823150842325,31.265512935458734,36)
(121.42404892895806,31.25578256634916,7)
(121.37949207644944,31.270531720081653,27)
(121.3863207215041,31.27437819797794,36)
(121.45113661074151,31.274908063259907,6)
(121.42229255703042,31.260215720358282,21)
(121.38924474308018,31.28227060458425,32)
(121.34499274231948,31.296831417310468,7)
(121.3668888172368,31.241751328719815,1)
(121.42261753749209,31.26477877914393,31)
(121.4101238271738,31.23562283032036,18)
(121.43118024946048,31.235740046265754,27)
(121.36926246775766,31.287853731738053,37)
(121.43639173598578,31.26887445637259,24)
(121.34581872033459,31.298790711913025,36)
(121.44057480614477,31.25942447536721,10)
(121.41013156646589,31.267327894507357,12)
(121.40494029673442,31.23707488202618,35)
(121.45006043720944,31.244908132315732,29)
(121.44301943246265,31.246912578081037,18)
(121.34569133758916,31.28668237048442,16)
(121.46344372823701,31.257806531997918,62)
(121.39458546138643,31.259303233118636,14)
(121.3889706136213,31.27434104386319,20)
(121.36398548638887,31.24192977425279,5)
(121.38676750347953,31.227411627878006,41)
(121.4097004396882,31.276208575453282,8)
(121.4328287665069,31.267084007341644,2)
(121.42416288681771,31.245045739277653,13)
(121.41849001619063,31.253665738819436,36)
(121.37211279005973,31.23602212399878,1)
(121.41070444455606,31.243996524107505,14)
(121.435185245661,31.2773214636447,2)
(121.42179445724894,31.28043430788397,1)
(121.41126128233304,31.243569235512087,11)
(121.43374858902021,31.24553153537283,1)
(121.38478252017644,31.239198299488137,9)
(121.39224231253085,31.2295235783373,7)
(121.43020639784683,31.246138763753237,37)
(121.41183158091978,31.22571897709934,6)
(121.44604787563121,31.24296745608342,1)
(121.3669533247502,31.249501920523517,9)
(121.37532054666185,31.27195950501016,7)
(121.43790847877914,31.249047750411442,2)
(121.381906808421,31.233406924066564,9)
(121.41053060552231,31.26835216475776,13)
(121.42388815491726,31.2452180255811,30)
(121.41361090592225,31.261449301660353,23)
(121.39271721349904,31.247498003284385,15)
(121.36762348237934,31.23755420773912,2)
(121.38111912802573,31.27089159490285,10)
(121.42700444330143,31.238284333100392,17)
(121.37204417170044,31.289451530928154,36)
(121.4306666160711,31.27364414480123,3)
(121.37383678473181,31.253610786729922,30)
(121.40680232682145,31.29728841270124,28)
(121.33538072547594,31.291085023198946,36)
(121.38948279002747,31.282792914210283,13)
(121.4403297384482,31.2421652252669,4)
(121.42506965300716,31.252269225203396,2)
(121.41513578553264,31.253061383745905,24)
(121.4331162998595,31.24339532703965,5)
(121.42908911105782,31.23408656909731,7)
(121.39089269315535,31.245534966662802,15)
(121.37670923272742,31.287096589412187,8)
(121.45563592441592,31.24636536859221,10)
(121.40668468759804,31.25345400815174,26)
(121.4097584532844,31.259455701631467,6)
(121.39553935036088,31.262018528176267,11)
(121.38315544290023,31.235693193878742,3)
(121.45666780980055,31.246453644425394,4)
(121.39073652841051,31.290960100972775,25)
(121.4449632108264,31.2790218331548,19)
(121.41833822341485,31.2431756116572,7)
(121.39184345282811,31.291860189059395,27)
(121.39089500652466,31.259442254826507,17)
(121.44301191242376,31.26325751452296,11)
(121.44683591543371,31.241773336471034,20)
(121.42408004060638,31.257391243117947,18)
(121.36393990292727,31.24769327809428,31)
(121.44259310052256,31.25936936257562,6)
(121.40183852626218,31.277781940318807,23)
(121.45247424389544,31.27014412922955,12)
(121.41015415091455,31.242453616939027,31)
(121.39895230244154,31.25526338788972,1)
(121.38386502140531,31.23913744536017,15)
(121.42892696557053,31.257742162116944,18)
(121.46312738871805,31.257789508769914,5)
(121.42828025094589,31.26383841747269,37)
(121.44925545656409,31.259080861886144,4)
(121.38938137896275,31.25610556577978,32)
(121.40133025907343,31.280006594514738,3)
(121.38469118588608,31.261755540730594,36)
(121.39048689608059,31.240067237652898,3)
(121.34834044172672,31.289255542556553,4)
(121.4215406892221,31.251369403784903,36)
(121.45609961520043,31.270181894717016,1)
(121.37264109314512,31.289464318201738,12)
(121.39221307107705,31.238480651683133,36)
(121.39956968639495,31.28711826671099,10)
(121.38607587050006,31.262441682974796,12)
(121.3895560105263,31.282632060552505,12)
(121.41387733071254,31.253373939231036,5)
(121.45576319445674,31.259288179298714,2)
(121.37352747700716,31.255379286539533,36)
(121.39731355969253,31.265087166867765,36)
(121.39355335455315,31.288509875047204,37)
(121.38219698306195,31.27751045125793,36)
(121.4312964825594,31.251624034618356,16)
(121.38733106461952,31.296586800684437,13)
(121.43882350999377,31.266965252174277,37)
(121.40531866686378,31.24732290862493,15)
(121.37734964522879,31.228956952491956,1)
(121.34543902377075,31.28040717208822,36)
(121.41489862510447,31.252628788455212,16)
(121.41085041844373,31.244054525898637,36)
(121.45277283857398,31.25226117789864,11)
(121.42788405558345,31.26789452070767,36)
(121.37114574212936,31.23158239077741,21)
(121.4099247943944,31.242811968552786,36)
(121.42245633081643,31.255789727602625,3)
(121.39285644258368,31.25644942738661,15)
(121.41647941717656,31.247675529150616,152)
(121.39451017828019,31.233619762907423,6)
(121.39923080938306,31.271303359747044,2)
(121.40993129604901,31.236181582532687,4)
(121.37703381012241,31.293357300367262,22)
(121.43000623104008,31.23426765463166,4)
(121.43721394772214,31.25290239506353,36)
(121.40482862381778,31.230831742085144,4)
(121.3708578882267,31.27312124529296,36)
(121.39534280503743,31.235160893407624,35)
(121.40620460354299,31.249805116541907,31)
(121.37679004242383,31.299880586875933,33)
(121.42355476678586,31.250793800713197,2)
(121.38113178961027,31.243820847227518,9)
(121.4461177160712,31.25427434818933,36)
(121.40634063582682,31.276219091709127,37)
(121.37789568441504,31.27849626738533,12)
(121.40763073051436,31.258707662046536,37)
(121.42313530082787,31.262100981569727,37)
(121.39748826813677,31.239162679900375,7)
(121.42776854564883,31.260563491246348,29)
(121.38265499564604,31.271576426575347,36)
(121.33743776431662,31.2954986946738,34)
(121.45170099663501,31.274158796505795,7)
(121.37580866028091,31.253746283018767,36)
(121.34670555626833,31.297671902283724,17)
(121.3812081935076,31.233179513459067,1)
(121.34250600687251,31.282424003786506,16)
(121.37306410383303,31.230242072031633,55)
(121.40975014034561,31.238489179700917,2)
(121.42398031087302,31.259435205563054,36)
(121.4360599577935,31.258616111463105,36)
(121.45417385902138,31.254297228385997,18)
(121.3982316264912,31.23009878657937,1)
(121.38087424291098,31.26413247247041,30)
(121.35943600020845,31.296936979013562,11)
(121.41773849924869,31.23066837986209,2)
(121.4422334752438,31.244446358231944,36)
(121.42391780765317,31.24154735803346,36)
(121.4078741914752,31.24817366677295,1)
(121.4281960185759,31.242313703487195,70)
(121.44055317846914,31.282445123444994,16)
(121.42468012687996,31.241920935674727,21)
(121.3818428932796,31.281246637691186,37)
(121.42324920001192,31.26208989428759,27)
(121.44785334059362,31.24577955594865,13)
(121.40007710489792,31.307566224693232,7)
(121.41225118853173,31.23403871657186,30)
(121.36715521440128,31.301329446724594,7)
(121.43366527683315,31.263520504764653,1)
(121.44134338741394,31.2475611165691,36)
(121.40218223909025,31.242900817374952,4)
(121.43713045920478,31.234271160417414,1)
(121.44376559271046,31.245873715496323,13)
(121.42445142304523,31.242825521823377,10)
(121.40375857611022,31.300575317709583,19)
(121.46157718583147,31.261261339691185,1)
(121.38035288258881,31.244815464666218,6)
(121.38923353896959,31.28235155107353,22)
(121.40410637075709,31.299497055114937,13)
(121.38286287008,31.290383353050764,47)
(121.4123362350071,31.246324239085016,26)
(121.43065033424193,31.27475564985346,5)
(121.3948585816144,31.29319745998589,36)
(121.37063468661206,31.240319674457275,36)
(121.38274781520343,31.291258591573417,36)
(121.43220546068167,31.277127215684363,2)
(121.4391376569555,31.25463561003896,16)
(121.42134650831754,31.2512645584621,2)
(121.40754581003259,31.24554307022962,37)
