(121.4557395457048,31.254836768840224,179)
(121.4057459703185,31.245504458498782,23)
(121.43661394494822,31.253340386864338,14)
(121.41205507345794,31.25500413267604,28)
(121.40848053916173,31.245995462690928,36)
(121.40255423927229,31.23047624767636,14)
(121.3844574661141,31.277024407547707,33)
(121.42855404131446,31.265060677642467,36)
(121.43678866223738,31.25327912875964,19)
(121.42947431714558,31.24635160727121,1)
(121.3908208854462,31.29462906757463,18)
(121.38143249491497,31.270777868570384,25)
(121.39265896346309,31.279522687419963,36)
(121.39109014389487,31.23746146736147,36)
(121.41292484646807,31.255435110456744,19)
(121.36428723098292,31.288614017686225,23)
(121.41306276981165,31.246345816287004,31)
(121.4610516598929,31.261791762182956,9)
(121.4287985452409,31.26560765081767,1)
(121.42028981349213,31.241974000167275,11)
(121.36489817351007,31.27714738205445,21)
(121.38418248271022,31.28061063572553,36)
(121.41849894864116,31.252631726905978,7)
(121.39250434140047,31.25068228368429,38)
(121.42063297653414,31.2467159146914,15)
(121.41224496747205,31.2594845198779,17)
(121.4316864293411,31.268367842700325,18)
(121.3915119217915,31.25418519801997,9)
(121.3643909415836,31.250308124002203,36)
(121.40974098233407,31.22518907801509,12)
(121.42531678064701,31.279429600776293,8)
(121.43118030092177,31.236331315292865,18)
(121.45633455385054,31.268375877098766,31)
(121.44426733555225,31.253132954033163,30)
(121.41441735094314,31.23310668403948,6)
(121.38713079399159,31.284187666928165,28)
(121.39665880415144,31.303529858799827,10)
(121.35347258527489,31.305546074795547,4)
(121.37772264899367,31.246236215435633,2)
(121.43674373502371,31.253294194954353,36)
(121.44581930650776,31.251142141017652,33)
(121.3730825027403,31.24792593855725,27)
(121.44910304415029,31.261984395218946,26)
(121.38897239106521,31.236140549428676,6)
(121.42680916787437,31.26711116758255,3)
(121.36490363088264,31.238793696292515,1)
(121.36845863192622,31.26920027023821,37)
(121.45604296594317,31.27298114791951,2)
(121.4411090157004,31.246752226484638,17)
(121.43536735878496,31.281779072346836,22)
(121.41191041050271,31.258406645512054,33)
(121.43492009359534,31.25530459506364,10)
(121.39721373843138,31.244900287739792,83)
(121.40544660230539,31.230009414904444,18)
(121.39613970840723,31.274898629453066,3)
(121.38205609865048,31.246238864899453,8)
(121.41823909983754,31.252523811127507,37)
(121.43813700347931,31.247932940734266,5)
(121.44432298445312,31.250356640355022,60)
(121.41119135469283,31.23274134320544,9)
(121.37693279544003,31.271782358003797,17)
(121.36837841874613,31.314366186081056,10)
(121.39477147503236,31.260061984371124,6)
(121.40989358658562,31.259366529904913,33)
(121.4252014691053,31.239503462698345,37)
(121.42829484494872,31.259377482929438,36)
(121.45762548444205,31.26780282653996,1)
(121.36197112206985,31.28002647875691,36)
(121.40446962757525,31.23131292584207,5)
(121.43982702766236,31.235333871153934,29)
(121.42414703565288,31.246583437066253,37)
(121.37256104717551,31.25580010441681,28)
(121.3931953466567,31.30261424667825,7)
(121.41629389645048,31.260649237763744,5)
(121.38320243404235,31.24648809818783,7)
(121.3896548799351,31.23622791218768,6)
(121.42046461672685,31.241172535186287,8)
(121.39636685718797,31.22932970679431,2)
(121.45271034413621,31.256382105196682,36)
(121.39016264589819,31.25990191887197,3)
(121.39199685425238,31.22907542017099,34)
(121.43116747583564,31.26108429652888,13)
(121.36965124341285,31.231321702564383,11)
(121.43601286448796,31.234407278690735,47)
(121.36758330684648,31.296298297631772,36)
(121.41655315657599,31.240815288753797,14)
(121.42106427717388,31.285073146258277,6)
(121.42625842392688,31.240459972423384,22)
(121.443754081186,31.283478752418056,1)
(121.43730816140477,31.23549052741651,16)
(121.44640753635737,31.259072938806213,1)
(121.38221146756347,31.271392912069683,21)
(121.40966353002152,31.245660708774867,50)
(121.4307638985691,31.259963245524958,2)
(121.44563177746917,31.266552478669862,5)
(121.45238134534893,31.25851116811996,4)
(121.36712693488901,31.309272411446337,9)
(121.41119231780951,31.24378834643737,36)
(121.38926164673634,31.28229910759995,35)
(121.43806166514666,31.254092761061916,32)
(121.41285516191908,31.247329558271552,7)
(121.42624233449645,31.239242436560247,36)
(121.4553976815639,31.247403230325173,4)
(121.44931488029455,31.242459419394155,36)
(121.38465525031486,31.260636653931865,6)
(121.44081799223402,31.255077221647525,5)
(121.43650396055324,31.246275424439848,6)
(121.3683633967113,31.31440217822794,2)
(121.4067087481345,31.265608265076803,25)
(121.38906870870296,31.25717652469743,7)
(121.41170341472866,31.246358394130546,8)
(121.45863970662893,31.257562295423867,1)
(121.41082236998338,31.243429250629173,36)
(121.42248160362057,31.260279559578,19)
(121.453753788223,31.279401815144613,6)
(121.4307662126628,31.235300306096757,2)
(121.43922538552633,31.238970391314584,36)
(121.42473108026975,31.24194590650664,37)
(121.3624157914863,31.240272712215724,5)
(121.41452265302223,31.24685285187709,25)
(121.41015575130794,31.24272951674381,36)
(121.4221267521096,31.24602764818279,36)
(121.39473851492886,31.224409633531394,14)
(121.40382660335416,31.29407740943559,35)
(121.4045434610448,31.28662086833435,5)
(121.38752701376872,31.270937498637107,16)
(121.42396696792159,31.25023918723728,2)
(121.40967033157453,31.259516183194464,27)
(121.41325949134192,31.25265480295743,36)
(121.41285377959979,31.23147439445497,9)
(121.38745396773439,31.225227175614506,7)
(121.38802218682572,31.23907367232948,64)
(121.3750823406713,31.28709844517449,14)
(121.4169204943826,31.248343586903466,10)
(121.40453000260821,31.30428385469187,36)
(121.36867806314939,31.246886902770388,4)
(121.46108288957363,31.266159452244764,12)
(121.45347143175408,31.255173066793276,36)
(121.42781170780451,31.27270383576738,36)
(121.35564321152916,31.296312217659292,45)
(121.38560420023602,31.28318096660414,24)
(121.4054531528626,31.305061237254943,33)
(121.34318113504327,31.301334813532538,6)
(121.4404302437102,31.246970667762966,25)
(121.38891457931716,31.231433548195913,27)
(121.41023657116672,31.255425608990517,36)
(121.39136670366831,31.25294255875506,22)
(121.39286814771643,31.236369469564764,16)
(121.39954181298141,31.247076978229018,36)
(121.43385737212022,31.28226176513629,1)
(121.44026011047477,31.268511995442978,25)
(121.4601908919151,31.249300244665633,36)
(121.39192280187025,31.237813167322155,2)
(121.43043003806902,31.27482976360564,19)
(121.39063431737715,31.266522938373967,36)
(121.45297354057091,31.27637219731015,18)
(121.45417150521874,31.252391439032433,24)
(121.42180113602268,31.262499713590035,4)
(121.42599858665179,31.23924664721168,3)
(121.37532679059812,31.25784704391639,15)
(121.41017095498347,31.255962994284697,29)
(121.37831224788466,31.232574713821542,11)
(121.37819810667244,31.23268663642917,7)
(121.37848278130441,31.25915574808698,35)
(121.45927037294224,31.249733479586745,14)
(121.4449027170703,31.264930452541446,18)
(121.39072064681311,31.292461690131493,36)
(121.46014606395258,31.261430642944784,29)
(121.37927450761312,31.299320462387517,36)
(121.37833143150758,31.28042955766892,36)
(121.35714067253976,31.290153299639297,4)
(121.36827925676218,31.314415063368944,7)
(121.38431430571099,31.299906495176476,18)
(121.42179902498542,31.24610990409111,1)
(121.41255822771042,31.258469523449673,13)
(121.43285971672967,31.26700593838912,25)
(121.39003684161096,31.246270954338538,25)
(121.38552462707491,31.27753357382217,14)
(121.4514492844229,31.2794043293468,3)
(121.39968904015075,31.231856832273188,49)
(121.40990799013328,31.259625832389766,36)
(121.39202905191141,31.22830288188239,6)
(121.3925223914153,31.237873432565333,28)
(121.44620678809703,31.254163803656347,36)
(121.44611256542176,31.24178210982234,15)
(121.38436787095529,31.294256319294135,31)
(121.42449059073162,31.245172541707543,51)
(121.36901084373707,31.28411023853785,37)
(121.391611335007,31.258071956066416,36)
(121.39032259175478,31.27253926509778,33)
(121.43477515992349,31.255318366594693,37)
(121.44527202294982,31.257569322256238,5)
(121.45416668233453,31.2612404463852,10)
(121.43790892323068,31.25415699975797,26)
(121.39314753219779,31.23174556239325,1)
(121.41035490048239,31.228073785866393,4)
(121.42600548656125,31.236886264593256,4)
(121.38452695292517,31.25782462060191,36)
(121.42989481609635,31.276300980648493,2)
(121.43791748270007,31.26009846725939,37)
(121.38507289298144,31.241621481378257,19)
(121.43336655852235,31.23893402452678,23)
(121.4378939460955,31.254136011160153,17)
(121.4426239413326,31.258208811101845,12)
(121.384641281058,31.231030494254835,7)
(121.38231056241732,31.271159912368006,34)
(121.35594940787769,31.30301435866085,36)
(121.38146327265744,31.279293449418454,36)
(121.43245216679122,31.231313609349353,2)
(121.43646810184448,31.241021101703176,9)
(121.43011099648749,31.245905458686703,2)
(121.43095344562445,31.257561002068986,13)
(121.38135362198022,31.233025137615194,22)
(121.4372803367248,31.25459345523324,37)
(121.33831667704793,31.29466503370988,5)
(121.45197454957825,31.27498643934852,5)
(121.43682852869735,31.263947700874297,6)
(121.33978437419323,31.28762699816878,11)
(121.42092156010914,31.232947520776687,32)
(121.36916533553828,31.252256961599922,10)
(121.40904217714966,31.2451380807706,26)
(121.40421459870423,31.260834756355774,36)
(121.39618217132984,31.234053790279134,19)
(121.4028437128011,31.22374818614404,4)
(121.45884493652416,31.25487167378286,16)
(121.43318782999344,31.27356032186129,1)
(121.42294473801134,31.24720461203129,5)
(121.37536542537477,31.25831073480415,9)
(121.426304388894,31.252073105638637,36)
(121.45111110084865,31.260429957924263,2)
(121.38973677294746,31.269164852569002,22)
(121.39675835265109,31.259492200615522,1)
(121.34561051578825,31.278511164907613,18)
(121.42719466918169,31.277623234600952,23)
(121.44270738521361,31.265112652028154,2)
(121.4542912783019,31.245917062077844,28)
(121.4598178281236,31.248629779166006,16)
(121.42641819909058,31.239795534195856,36)
(121.40143883213945,31.257073701746382,29)
(121.41125428138812,31.243539223376697,35)
(121.4175004707633,31.25340083209428,30)
(121.38226039793808,31.247449858483193,33)
(121.38727903091947,31.226763463855573,30)
(121.43318121032918,31.263066668481148,1)
(121.4038813669658,31.230352110781997,1)
(121.43869354113282,31.253324542663517,26)
(121.35325624065162,31.28359299758639,35)
(121.43430630934601,31.2630675377122,27)
(121.39449520003559,31.233974917273468,7)
(121.36817020162702,31.29286057377279,10)
(121.40836274239803,31.254901605844527,37)
(121.44537929467735,31.255133980331344,2)
(121.41343396204199,31.260849465808878,22)
(121.39097312254475,31.268096451526734,21)
(121.37204204868964,31.26504241143941,7)
(121.43320061857952,31.24841046429688,6)
(121.3941997362245,31.265189556591043,1)
(121.41303167404502,31.25386339494007,2)
(121.42067970562505,31.255468744339634,8)
(121.35308761676515,31.28040539776681,8)
(121.40615683995293,31.2323545306822,1)
(121.44489141205018,31.253966671077205,10)
(121.37127288443452,31.31355894367399,36)
(121.40191045856048,31.303456099469738,14)
(121.41441650508717,31.235769119596434,4)
(121.38284601373655,31.280768433576704,18)
(121.43793187507646,31.254038916466214,7)
(121.43782846133018,31.25405166157009,27)
(121.44525743029425,31.253869632269563,65)
(121.38203284634625,31.232141470932678,17)
(121.45408864613248,31.263214307801025,37)
(121.37986891647975,31.251698014050735,12)
(121.37139311528526,31.2659739466903,36)
(121.43879849994786,31.240762802937695,19)
(121.45513585951039,31.257220604202367,24)
(121.3956562732461,31.299919671852543,36)
(121.38789774786218,31.22946348963936,33)
(121.44439430472507,31.24591289694563,31)
(121.44233502814158,31.264456956145413,32)
(121.40574560234313,31.241284567611416,37)
(121.40813970860887,31.27541275003022,42)
(121.38874957587512,31.276128622573715,18)
(121.43056546909806,31.265576808854703,4)
(121.38007828415954,31.241397654926036,7)
(121.36468688044017,31.311934311515625,14)
(121.38491514052984,31.2677149164865,8)
(121.40125529908791,31.29215750305318,37)
(121.42690554532768,31.238232397974866,9)
(121.39253927425281,31.23554850926136,9)
(121.45261323462833,31.27549444363394,4)
(121.41526681493357,31.288427233219796,5)
(121.38528930359554,31.276597978682897,36)
(121.38346302683455,31.261455899921682,1)
(121.41429549278772,31.235316232859788,2)
(121.39679264121642,31.241111912984266,31)
(121.38150522441286,31.23215794613616,8)
(121.41292280973208,31.2320776533758,36)
(121.34204111391008,31.295665457663112,2)
(121.41161901382038,31.24151024139493,3)
(121.45423377590932,31.268751374289653,2)
(121.38069379347527,31.23275053037665,20)
(121.40344127995402,31.297769171091794,24)
(121.40745090793912,31.250039372870724,8)
(121.43704826384675,31.253469866429462,17)
(121.43863073986375,31.23908354245466,2)
(121.40375498848337,31.24490479412932,36)
(121.4357824229943,31.24392429592813,50)
(121.4096516313787,31.243942646213153,4)
(121.40150953264997,31.23672187673184,23)
(121.38333607414252,31.286602285256293,37)
(121.4534100292634,31.248851407833683,14)
(121.43642796540131,31.26471730273862,3)
(121.44509265260837,31.245851521917512,1)
(121.40555142154413,31.298651552530398,36)
(121.39158706204701,31.278099429567703,17)
(121.38757220625502,31.261179378661552,36)
(121.39947409837866,31.262105528039175,36)
(121.39010158668104,31.286017670305664,36)
(121.40997022093985,31.228360519347707,1)
(121.37589205651987,31.291470194940185,36)
(121.44424551176874,31.254664660983316,36)
(121.3855694881455,31.24093778320113,11)
(121.43791016548064,31.268432148815997,2)
(121.43321601390774,31.25319355620532,25)
(121.43802067392134,31.253414520404238,37)
(121.41146082051782,31.2617571854873,1)
(121.37644382499454,31.26839835465875,40)
(121.4310373338,31.257520894550453,15)
(121.40110646136087,31.24865713241711,1)
(121.41253215956844,31.228653469960246,3)
(121.42477935030078,31.245573492655634,36)
(121.43786299778702,31.254144057206396,21)
(121.44769439546864,31.25401047757684,25)
(121.46030579318743,31.251706049782886,36)
(121.42344901590783,31.262006712341286,19)
(121.42178843289008,31.262515710911906,36)
(121.4263211937035,31.26149819363032,6)
(121.42783887617662,31.27671226473098,2)
(121.42484388198514,31.24091635334116,34)
(121.38204896890892,31.24484223496821,14)
(121.427349005628,31.249036837931985,1)
(121.37228932435328,31.286840800730396,36)
(121.41392078302941,31.272841443990494,36)
(121.34409038117184,31.292477018632034,12)
(121.35777541145782,31.27937825853206,32)
(121.42502540413689,31.260382796239092,36)
(121.3696782661484,31.230214759053297,12)
(121.42564507758206,31.24122615099476,36)
(121.44212012569228,31.25523400345275,3)
(121.38558837030155,31.265685787964276,36)
(121.42760674515574,31.23784858778494,24)
(121.44173112303979,31.241193675712946,4)
(121.39225150576823,31.25463886572528,7)
(121.382278783902,31.251136255707927,12)
(121.39178222094317,31.281151205560278,4)
(121.45586339614661,31.275994063612792,29)
(121.36607306070567,31.251947371156987,36)
(121.41138813094216,31.288008147870517,2)
(121.39975473682608,31.245323264844885,36)
(121.38001288589665,31.28376476835306,17)
(121.41770685196389,31.26895715947956,22)
(121.43442036300668,31.254133525180674,27)
(121.37688201799743,31.298143014156953,37)
(121.45430173992196,31.258727941362835,26)
(121.4251795637544,31.239504858174133,37)
(121.46207956077161,31.2699098800391,13)
(121.45569511007366,31.26787700271734,3)
(121.42887126121077,31.25377258821881,16)
(121.4288484560664,31.256439178524204,3)
(121.40036919868469,31.261306909772745,45)
(121.4031895295504,31.243841429106965,36)
(121.42867248128353,31.237291325836104,34)
(121.39911330786151,31.23165286724323,1)
(121.37667340653103,31.271422902368872,22)
(121.39645046256076,31.237031754355513,35)
(121.40245524847698,31.230827389714236,27)
(121.38998721057374,31.28278127164356,33)
(121.37399605769194,31.255812053121684,12)
(121.36516562680082,31.276895680507273,15)
(121.38993319623034,31.257155782385826,1)
(121.45914136058256,31.257201039082627,8)
(121.39821197095199,31.244868683671218,30)
(121.41628796844346,31.261439580889963,14)
(121.42547523652381,31.24489930912522,2)
(121.45970597270403,31.26992224506765,8)
(121.38928035741122,31.23716960330684,4)
(121.38416852948313,31.29280255765313,34)
(121.37293688221075,31.230358153764847,24)
(121.36880848165976,31.249215119296384,2)
(121.36661214423418,31.299770045662797,36)
(121.37202883518533,31.285852057491986,12)
(121.39258946786498,31.274397518882065,36)
(121.3977869230904,31.256577527881458,37)
(121.41111520064409,31.23077045254444,12)
(121.36212868729432,31.28353673874228,25)
(121.39381168128268,31.23583068032012,1)
(121.4374932088294,31.263527510755516,30)
(121.42705037627445,31.23808520167139,36)
(121.43922907896291,31.262036313432557,4)
(121.44167970620289,31.269766227669077,19)
(121.3829437626243,31.253620998947323,1)
(121.42887592530549,31.256589710950777,13)
(121.43268243534686,31.249498547205633,8)
(121.42400969172778,31.241185125227975,5)
(121.43689251179012,31.2534530669965,22)
(121.45663740556535,31.251882809721657,34)
(121.41386816990268,31.26962643937191,1)
(121.45306715205984,31.25493425259592,37)
(121.3774442921368,31.271375766822924,1)
(121.38561949775706,31.28641729640276,36)
(121.42399471580043,31.241303189778087,36)
(121.37127308446647,31.31356514368741,35)
(121.40820289311506,31.256478302491917,36)
(121.38034922456679,31.24406905175293,5)
(121.37562548131119,31.254679470013603,36)
(121.37168369040855,31.267346918007252,22)
(121.45422169617004,31.273535431689293,1)
(121.39099108269453,31.237640482439623,34)
(121.44031642146344,31.26121663248431,7)
(121.39768846721668,31.26333240706877,18)
(121.37220139249575,31.24311002295861,9)
(121.43098952191669,31.236030384035082,8)
(121.43737443193763,31.238483747605578,34)
(121.45612271360564,31.251472333107586,3)
(121.40313928139457,31.286946804640223,59)
(121.41450112616576,31.2397741297704,36)
(121.43708289156388,31.254061218173447,15)
(121.37486610907148,31.258195475096105,3)
(121.43484087603231,31.260162670342762,37)
(121.36052372983897,31.308580462370458,4)
(121.45378283830196,31.245427138011422,31)
(121.37392589515568,31.25335678809586,7)
(121.41165194215493,31.283542178738312,1)
(121.37253100273279,31.255819073503314,5)
(121.37608711550635,31.300482988539414,7)
(121.42264668839172,31.2617241667874,14)
(121.39317709906707,31.2655191215958,30)
(121.38454815727069,31.25779232431162,1)
(121.3959104883556,31.27379205998222,23)
(121.41150521753752,31.2435131634225,3)
(121.43878850674643,31.286304714309377,14)
(121.39613597582297,31.232090870527088,13)
(121.40159524458498,31.2560995232682,22)
(121.39913890911417,31.24930168898426,5)
(121.42869885101842,31.264815432610504,34)
(121.44517049707669,31.267081230971314,2)
(121.38429601321153,31.262322051235657,32)
(121.40053391898749,31.244415090668163,11)
(121.38965787093231,31.27055195887263,2)
(121.44623190734184,31.247679243548,2)
(121.41447853070117,31.23545473608558,58)
(121.45400165286662,31.265322412857337,15)
(121.40104935946817,31.27250502319037,49)
(121.44185305605365,31.242919339705228,36)
(121.45952962271839,31.26050461406999,2)
(121.42429217455414,31.249725719217302,36)
(121.4285657877338,31.254766424160564,20)
(121.43457363807826,31.25987983718956,12)
(121.40451346237468,31.28667488692057,1)
(121.3961843013904,31.23522940618264,36)
(121.42135006790195,31.25399868178744,36)
(121.37649275138075,31.301269778078026,4)
(121.43350465455104,31.24228437180531,4)
(121.42810037490005,31.250859036647924,22)
(121.42170926896152,31.261627723701164,36)
(121.37236744244164,31.229198915489683,36)
(121.35942670449498,31.296629657713826,15)
(121.4343060197755,31.25974210557181,6)
(121.42870822152817,31.250590661049685,34)
(121.43222064036506,31.244605896979056,36)
(121.41465123217013,31.29013313644403,31)
(121.38137842988014,31.259276903385455,2)
(121.3508278206674,31.281649588874654,17)
(121.4200450880733,31.231650453899952,19)
(121.34110722969925,31.28637198542747,35)
(121.34426405174115,31.285516104771496,36)
(121.37521636786377,31.271762698102968,4)
(121.36442284415452,31.30949908639586,17)
(121.43716344973218,31.269198488284697,10)
(121.43003062020559,31.246178963606745,11)
(121.38271403398413,31.248247407117347,12)
(121.44795814844781,31.253384009353613,6)
(121.40055282900062,31.28916811895053,4)
(121.43661245455007,31.24768589284884,6)
(121.4349732375826,31.23916217779741,36)
(121.43586839698001,31.24514773243519,36)
(121.40989718747143,31.259573530246183,28)
(121.3664752461688,31.279364897743466,36)
(121.41478271833232,31.276096848876957,3)
(121.40617938199121,31.238565360653613,14)
(121.38861052146115,31.253950049001794,12)
(121.38728170662267,31.258575019437828,3)
(121.37041175446417,31.272394917775088,11)
(121.42802765958275,31.253756288110104,7)
(121.40683483641095,31.238312337479712,22)
(121.3905127225828,31.25932308446595,9)
(121.43753773731555,31.279452266439225,36)
(121.33427236421284,31.29289162973181,2)
(121.38265663851524,31.290427169595723,37)
(121.45123538167124,31.274874860390845,4)
(121.37398405555427,31.25606705085154,12)
(121.39402140744404,31.228264037616075,18)
(121.4280681671978,31.251504128857086,34)
(121.44772491003818,31.260671319503594,6)
(121.39053187190436,31.22788370317163,25)
(121.43008525554387,31.274560894475876,28)
(121.43361921522481,31.239116808047942,37)
(121.43978200790835,31.245689606471235,17)
(121.38648608019169,31.257344293362543,14)
(121.41851313570814,31.24341563018063,7)
(121.34672709828305,31.309169872977588,6)
(121.40433862897046,31.255112493007417,28)
(121.43710109909152,31.25255339331937,19)
(121.45701220111961,31.272776858584987,1)
(121.42531059992729,31.27908320931642,16)
(121.44874658282595,31.270710762865434,1)
(121.40019106728884,31.25886235098225,24)
(121.42413841295604,31.2808904632804,2)
(121.4447768874721,31.271043815892217,3)
(121.42923214563982,31.263969546169243,24)
(121.42466515018138,31.24202399385158,25)
(121.43013596390333,31.247536156359786,2)
(121.40397006180967,31.24113767621085,1)
(121.4367488151122,31.25381835409694,26)
(121.4153953186807,31.249055522803882,26)
(121.43507042893793,31.25788651966781,27)
(121.40504138254133,31.227839381707337,19)
(121.41093337701427,31.243788392617905,30)
(121.40370891121498,31.258684048807424,37)
(121.44391014435837,31.254396091272564,4)
(121.37187359900182,31.250260764103327,13)
(121.40258624370672,31.241923460075068,8)
(121.43966537506965,31.254476210106812,36)
(121.38360548698446,31.256492796978094,27)
(121.43988203128929,31.25944250413046,33)
(121.34123752774595,31.286452263053533,11)
(121.40419639553296,31.240508078197514,16)
(121.42336752045627,31.247184868682258,19)
(121.42302039073653,31.26198501434623,16)
(121.4254096201792,31.241792801392776,21)
(121.42985890132805,31.274692048421866,5)
(121.41213658846684,31.226776400771417,2)
(121.38066231496319,31.290926349431608,35)
(121.43453800412861,31.251692626793602,19)
(121.43337555494121,31.239039061436515,9)
(121.36845564253167,31.234771131979855,36)
(121.4240936005276,31.24102698996784,6)
(121.3930330852683,31.2317807096269,26)
(121.46030639856252,31.252939690903993,2)
(121.41232078798012,31.241146924355395,18)
(121.40280426022291,31.2354455194746,11)
(121.40638502642413,31.24571103064642,36)
(121.45800007663958,31.254205219977663,2)
(121.37549562057406,31.25804586860149,36)
(121.38958803566604,31.26163711165089,36)
(121.40494407200224,31.24731920718399,2)
(121.38100615328612,31.284247010133196,25)
(121.42347862676468,31.269306803962905,2)
(121.44399791980445,31.244008029108027,36)
(121.34443299708556,31.279266298388244,3)
(121.43491739296876,31.255306494530313,20)
(121.4352558668712,31.239792107813926,14)
(121.38486986340385,31.276564590721556,4)
(121.40434054613955,31.230554562438005,36)
(121.39689486159001,31.274801365153067,28)
(121.36509652540103,31.27713967778516,14)
(121.37888487461423,31.23116070419938,27)
(121.44182105428209,31.266720789406147,35)
(121.40159536563085,31.257487127135487,28)
(121.4375215836669,31.26592161294982,27)
(121.42485308443048,31.24434988171243,37)
(121.400163589102,31.28786948346087,13)
(121.36109595620731,31.23965723037294,36)
(121.45506942540008,31.259425157799125,1)
(121.4106808165067,31.236738254763168,35)
(121.43830524851083,31.253960365212368,37)
(121.41641702956923,31.25143617003738,5)
(121.4425786166936,31.254796351208633,36)
(121.42591470589667,31.239628891167204,37)
(121.45594959982999,31.272759932460186,1)
(121.4388871046495,31.286489270782614,19)
(121.38269698546948,31.236409075431826,4)
(121.44128886535823,31.240425004842272,4)
(121.44882883013925,31.26412181393675,1)
(121.43660828290075,31.25376412700088,7)
(121.41350769419365,31.290333574881135,13)
(121.41028579873185,31.258565006245885,28)
(121.41226662858963,31.227667783757354,34)
(121.38314416320961,31.278610832656206,24)
(121.40642679838004,31.266207514650844,6)
(121.42180493485014,31.235774265072035,19)
(121.43723098673821,31.25366570702737,36)
(121.44745115215235,31.25677211511846,1)
(121.43223698583967,31.251051503274645,1)
(121.41505678504257,31.229546996455237,15)
(121.36541057677002,31.282854501649833,31)
(121.41108698107728,31.254960887041698,22)
(121.45888323044717,31.2594145662252,8)
(121.4542674710473,31.253261989339276,1)
(121.45930128120413,31.249615359199645,8)
(121.43522707564182,31.25316309773904,36)
(121.41061373692183,31.25859396931636,10)
(121.42723394224481,31.2468649785463,14)
(121.4241821236643,31.280698172719074,5)
(121.42722021939508,31.261333326526902,4)
(121.3907149970784,31.22765072058311,1)
(121.45246579393088,31.243429860738228,8)
(121.44342270240519,31.26945197750515,1)
(121.40611058080063,31.245166106273864,3)
(121.45596007778803,31.252085625082557,31)
(121.3712728844217,31.3136145435486,22)
(121.39210729995361,31.229813370500104,38)
(121.38737202608696,31.226783831986715,22)
(121.41398149727189,31.236437727290024,2)
(121.36364674722336,31.2981899677939,37)
(121.38938138210139,31.256141581476378,17)
(121.3961259839895,31.273834417535433,12)
(121.38598997765487,31.25033722060693,16)
(121.45144925845511,31.279105205921404,4)
(121.37712543796924,31.28763711474,36)
(121.38327479854303,31.284224260941485,36)
(121.4361421738479,31.242739457036592,20)
(121.37628456397657,31.24946550477091,2)
(121.38219168594645,31.25117418594049,15)
(121.40611899907901,31.24566254702282,36)
(121.44457260977227,31.251712826839018,29)
(121.38975186043459,31.231767899868263,6)
(121.40616896822094,31.291120799696113,3)
(121.3771241031769,31.272306801436756,12)
(121.38936669365224,31.26202979980788,14)
(121.424668640321,31.254609924195968,5)
(121.40063194999698,31.232942927023164,19)
(121.41212219779165,31.23371859974909,36)
(121.39683443835884,31.229817639561457,2)
(121.37486310527773,31.272510244328938,13)
(121.39482622276128,31.231938158237313,20)
(121.38431070517262,31.278005741328645,36)
(121.39317696627714,31.263996470959054,11)
(121.42575506432495,31.241876038552252,29)
(121.38464507712565,31.257784240993345,1)
(121.37826722227442,31.244481050927742,4)
(121.45266733527703,31.278116426081034,18)
(121.45263277417278,31.27040215419485,10)
(121.37460616339405,31.313950337552154,4)
(121.37632596428826,31.237350591977822,36)
(121.38284685718055,31.29044436195297,24)
(121.40212853273255,31.246413375669853,21)
(121.44087396265314,31.240988193311154,24)
(121.39945926396487,31.241521036869994,46)
(121.40366233813462,31.240728105097467,21)
(121.44678533235685,31.27722898236208,15)
(121.43418618258343,31.28252684335007,2)
(121.46335727334213,31.261305248005996,15)
(121.4038713854104,31.298199403537375,15)
(121.43063476499694,31.26800582625302,36)
(121.44039489089418,31.268199501628647,3)
(121.38869575820429,31.278765674621965,20)
(121.39642693340257,31.2413282002415,21)
(121.43649210851211,31.275946211573725,36)
(121.39001720056528,31.282383129989793,17)
(121.43056425184758,31.245296243823397,1)
(121.4426578334186,31.25276046950235,36)
(121.44132884672968,31.268581094732255,36)
(121.4099247942756,31.25955913601591,36)
(121.41917328437029,31.23419621857957,3)
(121.44350108315815,31.279033235214147,4)
(121.38330148549483,31.26879687940877,37)
(121.42760672424644,31.23760847891361,16)
(121.40847583046306,31.233094840910127,3)
(121.42908665574923,31.256362404491522,22)
(121.35464978554805,31.303098168344924,37)
(121.42943400019801,31.28091295010531,36)
(121.3802074279309,31.241197702436416,1)
(121.4231153209795,31.262132009326336,36)
(121.43484957808325,31.260325471741854,37)
(121.45332602666274,31.246513536995522,3)
(121.4089632262615,31.226751883048287,6)
(121.45213947563447,31.25525530318114,36)
(121.4463503148511,31.24167665176218,25)
(121.44895875233469,31.259363368923083,11)
(121.42322838605637,31.244875244145273,15)
(121.44825692926398,31.251006150325185,2)
(121.44831154097436,31.25939171562916,7)
(121.4241235784495,31.24109199628583,3)
(121.43246562036278,31.265517790090556,27)
(121.38383723478962,31.259100236020178,36)
(121.44530248219208,31.244017192364765,2)
(121.44635131584025,31.244834946191517,13)
(121.42678395534256,31.24580157669678,19)
(121.37525577485748,31.271737503998676,36)
(121.38263147632729,31.275111383123047,1)
(121.40231365011147,31.270199728811264,32)
(121.3962228730495,31.26481241003246,36)
(121.43695637923241,31.25310382863059,37)
(121.3875420235317,31.27088849003149,33)
(121.41541695344287,31.244232313118985,19)
(121.44943025012466,31.261139429234234,37)
(121.35617887467093,31.303086776068614,7)
(121.3813140709949,31.233024147659926,1)
(121.40164151363038,31.25904581399894,36)
(121.3899466647943,31.253944028903323,14)
(121.4238867934186,31.26398223359965,11)
(121.36301076887226,31.245747166143286,33)
(121.38784931550781,31.2824465330504,9)
(121.41342585975013,31.24547219389934,37)
(121.40083518755904,31.269279756046362,14)
(121.41057767663825,31.243946033266567,4)
(121.38916880555679,31.274574288578286,36)
(121.45924955886844,31.254163486650057,1)
(121.41244617813992,31.257510134202604,50)
(121.44203757269528,31.24137828595023,4)
(121.45951900895277,31.268654297816727,15)
(121.4440439130594,31.275404449907075,2)
(121.41586056378675,31.252284190645952,17)
(121.39957312770298,31.262025525657066,37)
(121.3961901987355,31.274383528864146,21)
(121.42861451315001,31.25981436472887,5)
(121.43352026378741,31.23603485484555,36)
(121.43344433670791,31.249127495260286,6)
(121.45209578975248,31.267941280592407,34)
(121.43667328008404,31.235310243550582,1)
(121.43479450556684,31.262118529457922,4)
(121.42316879640028,31.284146586521537,15)
(121.38860862786339,31.232208301761254,36)
(121.4223256651946,31.260275927133485,21)
(121.4018345270223,31.250656894084845,5)
(121.42264540918995,31.24705174718436,5)
(121.3864521583507,31.295906806751475,25)
(121.37359329688816,31.2636968468724,36)
(121.40359404690255,31.300038949617935,36)
(121.37621327798007,31.254297009268384,36)
(121.46347053734202,31.25646988773936,2)
(121.36176080405073,31.247668426102944,36)
(121.43817546787525,31.25399656139364,30)
(121.38703959331536,31.282884060307598,37)
(121.40493337403515,31.23194935932909,26)
(121.37605404808352,31.230601639621902,6)
(121.40984407331291,31.260821040753925,21)
(121.42616580375451,31.234516170606344,14)
(121.4314274634947,31.27629845649492,23)
(121.42554065245561,31.244570323230253,36)
(121.44249343475856,31.24957123146292,33)
(121.34844689255507,31.281149438069633,8)
(121.41254113184549,31.234383805209138,37)
(121.38680900467187,31.26719132911749,36)
(121.41029160621208,31.225355008930883,21)
(121.37677228103507,31.268406745894882,23)
(121.382110029677,31.244720241433715,19)
(121.38921172902074,31.238816763056104,36)
(121.39068057503573,31.269059045768955,2)
(121.37932252328767,31.267129839287993,36)
(121.36496797314419,31.284937685836027,4)
(121.39649840435543,31.269254423119985,9)
(121.40423012508573,31.23211374654597,4)
(121.37223084344352,31.313198777074682,3)
(121.42404764646177,31.24106704312308,36)
(121.39646696404691,31.259988212026602,4)
(121.40222628260219,31.2318087938646,1)
(121.38855198386733,31.282817230260243,1)
(121.42551486625055,31.232241964084565,31)
(121.42519036639348,31.239504560404576,24)
(121.36586984270717,31.276607613240866,36)
(121.43303570589777,31.281152647802788,17)
(121.41080745077366,31.244318651269325,36)
(121.36992457820698,31.252266020323574,16)
(121.4334712756369,31.245577759056573,84)
(121.36046180817473,31.24026248655122,3)
(121.39344707319303,31.274193902751566,15)
(121.40948367372262,31.24413975319039,16)
(121.42317182192451,31.245517689230883,17)
(121.436763718523,31.253804857004635,8)
(121.38320589720807,31.240268315112026,2)
(121.40347799388022,31.225645175656812,14)
(121.38938939624163,31.25622562395488,9)
(121.38999768692489,31.230735645642397,36)
(121.34518267573522,31.27963383818188,15)
(121.45498658653403,31.253195129589415,12)
(121.35574337277119,31.30739669520528,2)
(121.4432555726911,31.256276968715692,25)
(121.40743760169292,31.229692320395603,25)
(121.44033192172272,31.267272201165717,23)
(121.41023691698942,31.225418119724537,5)
(121.42404765291217,31.24114107645758,32)
(121.33705485359197,31.292653637669794,1)
(121.43890740670373,31.267414324238334,29)
(121.42718041578071,31.24015802183211,29)
(121.42397872831393,31.241278190681054,3)
(121.39342759172972,31.259720559622522,18)
(121.40673073137765,31.26631619206165,47)
(121.45261279819222,31.270464335808043,4)
(121.37789360076246,31.254556081838864,34)
(121.44480829255981,31.245972370978212,36)
(121.38265504288539,31.2721186543972,11)
(121.38890811407221,31.257749930581245,36)
(121.38938101220722,31.25189672275412,16)
(121.37803016992584,31.293510507965888,36)
(121.40989445011724,31.230842673114914,2)
(121.41607816738264,31.296858282302274,36)
(121.42707598590722,31.268318441690905,3)
(121.39099371126295,31.267801724701066,3)
(121.41829173588107,31.237257965439337,7)
(121.39199990568753,31.24984260030572,23)
(121.38459462763186,31.27719960528166,12)
(121.39912890822279,31.232171720504734,16)
(121.46016127328622,31.252784847464444,21)
(121.37234628275873,31.23926648344221,36)
(121.3772352324376,31.270866704791516,14)
(121.35879414091634,31.28116740015084,40)
(121.38750967481397,31.257880242754954,49)
(121.4404725665146,31.27294478718619,5)
(121.43489164255824,31.242408742672264,20)
(121.41617306242573,31.244953201248336,61)
(121.40613582113733,31.255081705458107,36)
(121.42048850518307,31.2515571452911,19)
(121.43919027025872,31.26204340606849,36)
(121.44150529503408,31.27285179331096,37)
(121.43628762032786,31.26666357277868,8)
(121.38105837174051,31.274538060712207,14)
(121.40949752380938,31.24244399164828,28)
(121.39882449609755,31.246596522432,25)
(121.38274449484989,31.253147597801426,36)
(121.36817707237851,31.27971625851485,36)
(121.39099084342098,31.234893233117504,19)
(121.4153728649264,31.277861969008555,16)
(121.4461336072414,31.253398937281688,25)
(121.36651354388142,31.30931953568334,27)
(121.39836030420362,31.261184680409478,14)
(121.38050161925567,31.28520587347266,2)
(121.42627329948967,31.239210395364662,18)
(121.39086241476555,31.25409472865536,12)
(121.42731349931506,31.264564628762635,3)
(121.46002671684344,31.269149300476045,25)
(121.41950076590723,31.241828972808673,15)
(121.35651496490641,31.301842292966082,6)
(121.42140435859018,31.250178285687127,41)
(121.39939549083542,31.23252336082253,37)
(121.37688907313749,31.25208549116883,17)
(121.45748065284843,31.24772934247316,12)
(121.4019983105677,31.244221369430917,9)
(121.44623279120383,31.24484312537895,36)
(121.38800640651883,31.227675623037427,8)
(121.40519058153076,31.264383669788476,19)
(121.4075012988155,31.258744535234392,10)
(121.43463299349752,31.253493983562873,26)
(121.44296441983673,31.24360557413041,17)
(121.40649195295151,31.23189077910205,2)
(121.41278675235547,31.253844450501198,3)
(121.43863053980417,31.239009442551374,11)
(121.42937138307583,31.26563006718228,1)
(121.36422966545474,31.238913788143755,14)
(121.37197100148741,31.231185308283127,36)
(121.43178295592718,31.246422389761886,35)
(121.40284910219114,31.285531179781824,8)
(121.37571010904979,31.272033009051988,22)
(121.37035890866461,31.23644754598864,30)
(121.42569208910882,31.241788759636236,6)
(121.43682759176026,31.253182034454987,36)
(121.44614867864874,31.25457542681009,37)
(121.43753729191874,31.237013837092608,36)
(121.42910681874739,31.2602206238429,36)
(121.44338389576495,31.251330595323598,36)
(121.40389882319091,31.244859323484473,20)
(121.41895524244993,31.23640623470313,14)
(121.40288757554751,31.237256136185877,2)
(121.3723884775954,31.286844932331103,44)
(121.41098633823005,31.243479244957584,32)
(121.42975894942352,31.280495954546737,7)
(121.36483930164131,31.312851227229302,3)
(121.41831507472382,31.252769881049975,7)
(121.43081416168062,31.240782723900555,16)
(121.42232586434179,31.24943884791477,18)
(121.35279698549566,31.27978736592657,3)
(121.42400965285115,31.24073892426044,37)
(121.36974075638565,31.236045304769057,2)
(121.41163273311616,31.226862549036557,1)
(121.41759128549535,31.250243121371334,36)
(121.39645695759418,31.301996622758736,21)
(121.37554395612129,31.233678557092585,1)
(121.4432577981478,31.281870793376616,3)
(121.38143420378584,31.290389932680938,14)
(121.3563927086141,31.307773941210147,26)
(121.41815699914538,31.262255081785568,25)
(121.44654825711639,31.25231884769917,3)
(121.43396378903437,31.262851860288055,36)
(121.4284255277954,31.280383227246787,3)
(121.38996333712893,31.272985199724523,10)
(121.44410166434047,31.264662220592083,6)
(121.36446384989559,31.309421791317924,2)
(121.45386063409883,31.256742970702494,24)
(121.39719771369974,31.23437938675387,1)
(121.41083681931468,31.2341063748977,10)
(121.42885617689144,31.235582850426244,1)
(121.42432805690356,31.25476585342537,8)
(121.4221510923655,31.238692337175983,16)
(121.44080136976548,31.23610178137227,5)
(121.42560446778332,31.242256940705765,22)
(121.37238847376523,31.28680091451658,29)
(121.36092691416358,31.30060964312545,8)
(121.37216034008085,31.277879345280116,37)
(121.43355227374646,31.251173433231944,25)
(121.39109707488294,31.240218161889583,50)
(121.39703839012196,31.24303223425149,24)
(121.41420480846534,31.237375698475383,5)
(121.3845268553817,31.280643965585085,35)
(121.40436199575221,31.304430892433512,36)
(121.42221100814425,31.249756246075545,33)
(121.40517343984429,31.228371638861784,19)
(121.34165843268703,31.286051891909274,18)
(121.38304725498965,31.247161390770597,28)
(121.45176624698449,31.25289242271534,16)
(121.4242384518666,31.240864805595585,24)
(121.40790469793149,31.245618044248577,3)
(121.44612186729732,31.241528711917784,15)
(121.45164120905714,31.279543008233837,27)
(121.44040456612082,31.26466998449525,1)
(121.41014924962833,31.256512888691493,20)
(121.42579901576858,31.247236571477536,26)
(121.44938506289107,31.26933401173132,5)
(121.41406067384162,31.246649912006866,17)
(121.42664802047022,31.229504078849587,36)
(121.44261413052124,31.28189240608983,6)
(121.46017711838326,31.26301425457188,15)
(121.40441054685462,31.24470312806939,20)
(121.36413340362382,31.310720050271108,37)
(121.37344048986517,31.25704077978635,36)
(121.3692117937538,31.314256319789436,36)
(121.34916377811585,31.303062730190724,19)
(121.41091706258229,31.240141756412097,36)
(121.3959154354439,31.274474875400504,36)
(121.3785452293215,31.274869494813174,36)
(121.38743805965444,31.257669730421373,39)
(121.38268284219643,31.246451578922628,7)
(121.45336153569875,31.274254294936974,6)
(121.41007054768215,31.24377651956374,9)
(121.44371364641482,31.2672599590167,6)
(121.36892668002285,31.283829005666366,35)
(121.46011540742228,31.252919008823554,37)
(121.38936792292907,31.27396317987744,22)
(121.43068065896456,31.267460546213133,1)
(121.44241087980502,31.26438480670133,10)
(121.43137673670597,31.27641800428535,1)
(121.44866837065793,31.254823082250468,29)
(121.42579271400436,31.2451215741465,36)
(121.44489711053978,31.242591093009782,18)
(121.39076202033698,31.238983936422613,36)
(121.42932628953945,31.23269095122942,60)
(121.39001723565053,31.282785294539224,13)
(121.44426651666417,31.24370577491185,36)
(121.40176353263,31.230417250087505,2)
(121.35327053632086,31.295920535797755,13)
(121.42705038341904,31.238167238838646,4)
(121.36381105896254,31.252188065553536,32)
(121.40563615603962,31.28780283937194,1)
(121.45914484478303,31.26536945090316,3)
(121.39925293530452,31.256957696311147,20)
(121.42069956494777,31.27681395569449,31)
(121.40796110064187,31.247195228960734,35)
(121.44970442047877,31.258585817509072,13)
(121.40080835199943,31.248409944564706,10)
(121.37259211451175,31.256027243914513,35)
(121.34523638572165,31.28650174228196,36)
(121.44943019897877,31.260550175140683,10)
(121.38812480544252,31.296648455455053,35)
(121.39952674232978,31.246329640865536,13)
(121.38863506004758,31.282845305008568,13)
(121.41245341892797,31.246127589336403,31)
(121.42174171917786,31.234681853925075,22)
(121.45959158938359,31.27353201655058,36)
(121.40905818107707,31.245686083034634,23)
(121.37418268638315,31.271735446478022,5)
(121.42853906055805,31.2650817010777,4)
(121.4145654528333,31.26935360179869,2)
(121.43149611199914,31.27330613268824,36)
(121.34107718175333,31.286595019175,36)
(121.42179978568332,31.254835755103823,32)
(121.39609320141938,31.237346115432068,1)
(121.42233683398038,31.250246742310722,12)
(121.40620678229398,31.266240453531086,36)
(121.4599226937628,31.251443318995115,5)
(121.38651065856784,31.29137469532925,36)
(121.37259479228543,31.28681819094379,23)
(121.40755593386457,31.241714410727035,2)
(121.42611357659972,31.240489110036666,12)
(121.45501824320361,31.27315762917618,36)
(121.38566518227594,31.289391351289,64)
(121.3892754563498,31.23718010239488,24)
(121.42718314695115,31.271497687487738,4)
(121.37329277290273,31.228284692513444,9)
(121.41604401012503,31.273580787382457,37)
(121.42455216107741,31.252379686442204,36)
(121.36310728678335,31.24651947255795,8)
(121.44694013702383,31.24212075399074,1061)
(121.38299875810095,31.2413516036815,43)
(121.38570333652235,31.283587218806066,36)
(121.35558952150738,31.30114502019829,8)
(121.3881879151015,31.228345200558323,14)
(121.4242526384378,31.25499373737501,34)
(121.43333092179513,31.251007889679347,5)
(121.38467171200979,31.27722868733491,36)
(121.40122127742562,31.300180069491898,24)
(121.43124762693392,31.233248206641573,130)
(121.41945860885674,31.24443358051546,33)
(121.41088740181536,31.243956475744962,31)
(121.43447882344348,31.283326813294046,15)
(121.39308489066765,31.282504116832126,8)
(121.4235747380106,31.237183642960723,7)
(121.42400967690925,31.24101504864809,6)
(121.4491162906961,31.253656753866252,4)
(121.38389671993482,31.28323025946489,1)
(121.42368448544295,31.235419759034876,4)
(121.43137074767982,31.232836513232805,36)
(121.37515166543831,31.25309519895953,19)
(121.41630417508097,31.282065024944455,35)
(121.4045802093686,31.240025802764343,52)
(121.43300218184648,31.240209027083985,16)
(121.39944105806501,31.261457493741368,21)
(121.39349817077812,31.275353452438104,36)
(121.3867312045448,31.293825129005985,31)
(121.3916566743674,31.250097494414515,24)
(121.3674254676125,31.25281172966691,9)
(121.37238848760609,31.286959978882205,22)
(121.42160148548835,31.246349002898388,20)
(121.37171344013593,31.263927499931505,34)
(121.43368798251515,31.24904917132134,36)
(121.4270367599475,31.253782210761436,14)
(121.34113830535611,31.286444073087257,25)
(121.39921243074798,31.23262634716029,21)
(121.4039518066139,31.23413315385226,3)
(121.42388336618433,31.281958770107952,4)
(121.44306241099193,31.24071082003681,1)
(121.423479946308,31.28443008106561,2)
(121.40593598547864,31.24558050235401,19)
(121.43368709338549,31.238832598634534,17)
(121.39138476201794,31.287879294837975,31)
(121.409449177112,31.25946783733603,16)
(121.43731432971619,31.247671949827353,1)
(121.3647651059191,31.24447510125786,16)
(121.39734176622625,31.26532807189948,36)
(121.42271758460728,31.284129507588595,4)
(121.37813580865067,31.276245607246803,21)
(121.3836457417366,31.25585264525348,31)
(121.43931315664189,31.283972640095357,2)
(121.40999660843589,31.267245771456874,2)
(121.3642275170036,31.30945836395417,12)
(121.38941203851734,31.25189574500016,2)
(121.42229898661257,31.23582732401481,1)
(121.45427307261352,31.2732611942214,3)
(121.40304732104677,31.276143356990666,1)
(121.42123509873083,31.241868371530877,36)
(121.39149902424678,31.289894180366957,36)
(121.40714194269692,31.244970256231433,44)
(121.38717050722438,31.23144713543324,20)
(121.43867585179996,31.248063834563727,28)
(121.4242384556147,31.240907824974446,36)
(121.44520587574576,31.24282284759144,1)
(121.42093800027664,31.249602007177348,1)
(121.36726822601463,31.287714213122573,15)
(121.38405440066649,31.292744428715366,7)
(121.43497762846503,31.25347504120969,80)
(121.45711544674487,31.255359622781913,3)
(121.43133070414663,31.25467833775689,25)
(121.37114752454588,31.27515448519781,10)
(121.37207007050317,31.23020798968111,36)
(121.37865319459904,31.27755881116391,36)
(121.39017654903721,31.259178722902888,23)
(121.43288741125177,31.241006519751163,18)
(121.38628301426078,31.270418699646047,28)
(121.43390457592176,31.282352112004073,3)
(121.42303541384857,31.262399181643556,5)
(121.44889621162035,31.2701962731334,10)
(121.3695483306155,31.314073720406785,36)
(121.46056431429484,31.254180556520442,23)
(121.44088526457514,31.236624893484287,35)
(121.45579286559713,31.25635284248859,18)
(121.43956786093366,31.239727240727884,13)
(121.40442595455427,31.246593831446628,36)
(121.44240037799158,31.254839918444322,167)
(121.39927176790852,31.305015967306566,9)
(121.46063393155188,31.263454419167942,2)
(121.45100762955029,31.27173698128646,36)
(121.3893447480851,31.237727367566688,13)
(121.43397876012959,31.26276880658831,36)
(121.38062490134357,31.233398349058728,19)
(121.35395223700199,31.27855213852018,1)
(121.37585784137784,31.301049934302842,36)
(121.45358703590618,31.265309213941,37)
(121.43665996184947,31.254370777591333,17)
(121.41174916494624,31.24363316754847,17)
(121.44762551822626,31.253737480362872,36)
(121.44078894753181,31.25832614524013,21)
(121.3778793332936,31.26320581088934,3)
(121.35428096184847,31.278490986719262,35)
(121.40162526388171,31.24476152647744,17)
(121.43743337144838,31.253793586185182,2)
(121.37653108265562,31.24694314338854,29)
(121.42707350979396,31.23990400356379,12)
(121.46004798152487,31.26898708887173,8)
(121.39034551247141,31.28289056765376,33)
(121.3863242254517,31.2548469390726,24)
(121.40229033565682,31.257507572451242,8)
(121.39102131995344,31.24009661349733,1)
(121.38762006841425,31.282047187527244,37)
(121.37412962014716,31.28125788992139,3)
(121.42692052111293,31.238139342455483,3)
(121.39339892657522,31.247241827175422,2)
(121.45490261426329,31.251140398151417,18)
(121.39022125898983,31.257876933772057,36)
(121.4130298519134,31.244433221391155,11)
(121.425195767713,31.239507861513303,27)
(121.40903567555462,31.244931679819445,32)
(121.42964036530715,31.235786009237334,1)
(121.42874451669627,31.261597007607985,20)
(121.37218203896367,31.297691304901395,36)
(121.40979620247853,31.23928653481015,5)
(121.3649949147433,31.249091501000787,37)
(121.36716103829698,31.276137314946094,26)
(121.42549632514474,31.241880256279195,4)
(121.44668172129629,31.256243234127847,23)
(121.43127233490928,31.247647885086902,23)
(121.38838620453167,31.22961994195891,6)
(121.36823123416927,31.292054339376524,11)
(121.42710440467285,31.250549728352272,36)
(121.43269006184488,31.24533468812859,5)
(121.36316187142731,31.309233943711487,22)
(121.42307487173758,31.268037560501785,3)
(121.42080944268253,31.253563831333658,16)
(121.37329276786399,31.2282266657004,36)
(121.39445625129498,31.223349991208664,7)
(121.39471545352373,31.223863367075253,4)
(121.46287894817341,31.25231098635894,3)
(121.36910485537875,31.23956381415915,3)
(121.44260778515657,31.256065904355097,1)
(121.4541733601462,31.273787616699888,3)
(121.38653028177686,31.239017739583527,33)
