(121.39211210881773,31.228262915487743,30)
(121.43747396455468,31.246454192222586,37)
(121.38941242977316,31.256385710517243,9)
(121.40716020463013,31.305242361988793,22)
(121.38117457643705,31.28710209595725,11)
(121.4066822438276,31.225425346703833,36)
(121.38527830244128,31.287186888680303,1)
(121.42171291425541,31.262553895099327,20)
(121.4369194578063,31.27324305013112,36)
(121.3814191913959,31.290453943011816,33)
(121.399965637037,31.300640492543486,4)
(121.42920203540177,31.26229285676172,15)
(121.446885625692,31.24176654514328,36)
(121.42767369672899,31.271391694071244,5)
(121.38499919472399,31.26732582667414,36)
(121.42837102456109,31.262440731128915,36)
(121.40867471015252,31.243406497796165,7)
(121.36758471469437,31.267022361956013,24)
(121.41040621313154,31.22805319658216,9)
(121.40530394444173,31.256983486569258,6)
(121.4139455626057,31.244867152776575,1)
(121.38531551080665,31.283229403587107,36)
(121.44231701302445,31.24092864885399,2)
(121.43640317475985,31.286561687769275,36)
(121.43111911973499,31.23334001677719,24)
(121.36489816716794,31.277074351764625,3)
(121.40992179353523,31.259627535257128,8)
(121.38738682518712,31.26848332311106,44)
(121.44882738325656,31.24745154311261,5)
(121.36444264636009,31.311546384030994,37)
(121.42183824170554,31.248955142026382,16)
(121.37791032168721,31.262595584379742,36)
(121.44818929545096,31.253487348798416,36)
(121.41318760098478,31.26135341327723,29)
(121.44371006729928,31.283025903439807,36)
(121.45516268590444,31.270837356879124,16)
(121.44455656177789,31.250796449496022,37)
(121.44610936469905,31.241552609675797,28)
(121.42432965729628,31.25477315374273,3)
(121.42518926612814,31.239536060118954,14)
(121.40012973043619,31.25523475512605,6)
(121.4283435671457,31.27975104535697,1)
(121.37574898873959,31.25117955181244,18)
(121.45367053658077,31.261868571661143,7)
(121.42746202730828,31.239245353272995,13)
(121.42811250982257,31.26460690558837,23)
(121.43417666750317,31.253534559834623,13)
(121.39536160930506,31.267222024982452,2)
(121.44908879679984,31.27027495401527,16)
(121.39328481932549,31.26147745230857,2)
(121.43711679561947,31.234339061000675,1)
(121.38711567201156,31.282953150819957,36)
(121.46346464088171,31.25785005248489,26)
(121.437588981737,31.248803079252582,36)
(121.36490823110739,31.234121138453194,18)
(121.36651355919105,31.25163436201261,1)
(121.38914252840286,31.231948788521272,18)
(121.43430655018206,31.251619881371266,4)
(121.41269619058309,31.258536518268016,25)
(121.39408442910916,31.2510223477149,3)
(121.40824732158588,31.238501315352824,2)
(121.37772714023428,31.263331691048666,16)
(121.44317749569908,31.242188857351564,9)
(121.40727156174319,31.25210641791471,5)
(121.44119595080458,31.262432840227415,1)
(121.44617791324892,31.24646979848832,3)
(121.39100882910358,31.269019250540364,1)
(121.38410747604857,31.235489999770913,9)
(121.42697441796663,31.23762205978141,24)
(121.38266752140225,31.242963005497483,36)
(121.3775027862418,31.249684090349117,148)
(121.4260595289638,31.239303621025606,36)
(121.37130789018927,31.31354834849523,36)
(121.46335707556534,31.25901725988077,24)
(121.4405143763759,31.264732848473997,2)
(121.37240082131736,31.256033997096146,36)
(121.42479585428563,31.251533121138376,36)
(121.45910282403632,31.249848899456314,9)
(121.41680593733841,31.25271456615504,36)
(121.40982577772432,31.234470343594488,17)
(121.36722134906935,31.30907572364146,37)
(121.45342095174544,31.271272074143372,23)
(121.43358158513271,31.278621886510106,37)
(121.4089128558139,31.236241432543395,1)
(121.34205213837406,31.29566447794857,1)
(121.43781843276943,31.26976483865527,18)
(121.34854453158495,31.29770526615669,36)
(121.40359497135515,31.240673600809373,45)
(121.38908215079033,31.233454228211,9)
(121.43287885412887,31.234476568259645,63)
(121.39907217877808,31.28769606480241,23)
(121.44353785277728,31.26572558967269,10)
(121.38620029699257,31.27021768553641,14)
(121.4223558797268,31.249659104109337,13)
(121.37879001694073,31.280246994967193,9)
(121.38250258233538,31.280328917095268,10)
(121.45585897225531,31.271254956238938,14)
(121.42521340469094,31.239573449182735,36)
(121.38455659063273,31.277239587240476,36)
(121.34450334526504,31.29310603584916,6)
(121.44014213822169,31.27738072481144,16)
(121.4381517983214,31.245859997998146,21)
(121.35444824834124,31.305490107903196,6)
(121.3802580008358,31.2747832731357,36)
(121.3982773575318,31.236133615474884,27)
(121.44881201980725,31.24787986528561,6)
(121.46193497323844,31.270090287975727,8)
(121.4099028888761,31.259572131434663,10)
(121.45615222045451,31.27077827529054,14)
(121.38084299744732,31.25273696722994,3)
(121.39278562617339,31.24020678090073,13)
(121.43758400322338,31.24061493950909,16)
(121.34115333644755,31.286415089631927,5)
(121.39941178168125,31.247268020855245,9)
(121.4178686140063,31.27877018544349,37)
(121.4120225526637,31.22599606433096,6)
(121.45633755190545,31.25102696630803,36)
(121.37740625092235,31.269587984037464,2)
(121.38236837406143,31.27971653263594,17)
(121.44795046970914,31.255332436249958,21)
(121.37936832746054,31.289418998923143,37)
(121.46381346976281,31.255255553261122,36)
(121.44818419402948,31.25200105067221,36)
(121.38473444841945,31.230904475857294,12)
(121.37754160977009,31.27160899153627,18)
(121.40656466961778,31.265997727656984,36)
(121.38461064649165,31.277220628561572,1)
(121.44786852524139,31.248275639096864,33)
(121.40537477855706,31.298637116323714,7)
(121.4449482442173,31.251501109584776,2)
(121.36484770938688,31.28861508274205,26)
(121.42003013071164,31.243484830777376,33)
(121.42463518193024,31.242060033732436,30)
(121.41595812472703,31.2384265464672,19)
(121.41630310161794,31.25159528749101,36)
(121.39640374803557,31.27413377086425,24)
(121.42320190037329,31.246719202814152,29)
(121.39242622925985,31.238545812728514,36)
(121.39583080266863,31.231996683928866,1)
(121.44034532740551,31.259036329387634,18)
(121.40634351630285,31.245723522084656,20)
(121.39994910050994,31.24485985873193,62)
(121.42967637365302,31.233630020485336,31)
(121.43130324213033,31.246796892879594,14)
(121.43953789750412,31.239551204506707,2)
(121.354733487277,31.28612058438093,18)
(121.45368491523764,31.255115614062213,23)
(121.43971870697555,31.244676969947918,5)
(121.41027378034339,31.25543241672125,10)
(121.37846375914086,31.277004082563792,36)
(121.38885626653294,31.23293153470627,19)
(121.45000016807735,31.251764286034643,26)
(121.43141857236301,31.265854279954777,19)
(121.4215978851545,31.25350418855056,86)
(121.41772871608325,31.23316437571215,10)
(121.4592048522615,31.2570958748762,1)
(121.35956902185187,31.277594335444533,26)
(121.39476931984292,31.244927008551628,22)
(121.36945368709029,31.285425392494894,5)
(121.42506883857699,31.24292307461702,24)
(121.41707515635822,31.279800980498212,4)
(121.40054161959408,31.244863545994143,6)
(121.39355220543221,31.275342478637285,6)
(121.3870274635834,31.2700477184753,32)
(121.398372603804,31.299432503670545,12)
(121.38619917610728,31.24155660471602,34)
(121.44344028610256,31.28001773910453,15)
(121.41160432284546,31.24500981302014,37)
(121.37915808798725,31.287121670446727,37)
(121.45560750296146,31.246866049991638,5)
(121.43288997796601,31.270482375434216,37)
(121.45391347390685,31.256364699484433,32)
(121.39076669067278,31.292547755716537,17)
(121.33849448877875,31.293500885707697,60)
(121.43460877842702,31.239140620250023,10)
(121.44638312244814,31.244841251755872,7)
(121.40996060328457,31.234101592556193,3)
(121.42715218599479,31.271558741133074,36)
(121.437330418688,31.26046653164735,36)
(121.40193511002707,31.226691474542957,1)
(121.38733824154706,31.23857355117164,11)
(121.34486349116551,31.3087988151917,36)
(121.43762037383853,31.265364240761553,19)
(121.4246122020895,31.24204004288042,30)
(121.43271350762689,31.254286114828375,4)
(121.4012494087749,31.248617111377275,6)
(121.39605120114776,31.223713957687696,1)
(121.44139665698083,31.247124447557265,36)
(121.42279111307685,31.25654082103744,36)
(121.39117746953819,31.25371741879064,80)
(121.4529762350005,31.255367737306784,25)
(121.36581246662143,31.25035028104323,36)
(121.41277165940673,31.252723962858123,11)
(121.41104737485976,31.244057493116674,31)
(121.39292859075724,31.250150304105922,72)
(121.42362059998156,31.236073104138743,36)
(121.40426849308417,31.28736313704108,3)
(121.42822539231328,31.253275890359067,37)
(121.45646466456208,31.273420728789734,3)
(121.38005855622653,31.24481316482817,25)
(121.41014814935848,31.256093189284424,27)
(121.41087292338479,31.26135912159237,13)
(121.38945745807663,31.256271693700295,8)
(121.43675303500719,31.237663416332765,13)
(121.38599359193769,31.283156293631084,4)
(121.39645266273799,31.240273648457144,10)
(121.39163137337795,31.227621154772873,36)
(121.40189806560818,31.230216991543262,5)
(121.37937052877173,31.2850174087921,30)
(121.3642427190949,31.309521865559283,1)
(121.39483151371275,31.246725842555975,9)
(121.33950442157253,31.30109999446374,8)
(121.43733093887846,31.266443093357125,37)
(121.40543829552514,31.25752671310542,30)
(121.41071688973578,31.229742458103967,42)
(121.39844231774832,31.257823319960522,14)
(121.41941123890413,31.228357297178594,36)
(121.40591944460454,31.227912475154906,36)
(121.40136665505047,31.261508811549263,16)
(121.41084822212099,31.273218101140465,16)
(121.4034381309399,31.296069500796488,22)
(121.41696258713749,31.295472360889367,29)
(121.36875303794986,31.314297690851426,32)
(121.45731732549865,31.251711511106993,31)
(121.34214912759525,31.304634161032663,14)
(121.42684477758839,31.240148318333087,35)
(121.39900869230044,31.259480239987,4)
(121.4463311468252,31.252783327178324,2)
(121.36472560579759,31.238980875129275,24)
(121.44646155283607,31.260546482572142,37)
(121.42243119028605,31.249404969895586,36)
(121.46340633269548,31.260173140620154,5)
(121.41908422880374,31.237215533242754,6)
(121.38648595337992,31.29138469095253,37)
(121.4042154365105,31.286792899915543,16)
(121.42776765669466,31.250362038377837,37)
(121.42244909561609,31.260339752697696,20)
(121.38160432047191,31.231905931289646,4)
(121.42487977481328,31.251550061573603,7)
(121.3962901218153,31.274055848942847,8)
(121.38088659381607,31.233479915001016,18)
(121.43254569487313,31.250317065603717,1)
(121.4202069942645,31.25482574721209,2)
(121.43828916081621,31.25264581087532,14)
(121.3953047682767,31.234988796065416,25)
(121.46381549442229,31.257082099125743,18)
(121.41055940914481,31.243248212014148,35)
(121.42234053186749,31.245525278540295,22)
(121.44774159839974,31.280474638968922,1)
(121.40459076931886,31.301536796364406,36)
(121.44191977324118,31.254812430062106,25)
(121.34324409520235,31.28617095896576,1)
(121.40291138456313,31.259630693852696,8)
(121.3642386184635,31.309750764567003,15)
(121.42574326656671,31.27843483604378,25)
(121.3751888110443,31.242636604272693,6)
(121.38937669576501,31.26239580087499,16)
(121.37213894355673,31.248682904246493,2)
(121.40529365896938,31.29468310794223,25)
(121.4636538006747,31.253897334076388,1)
(121.38923624208799,31.255958395069687,16)
(121.43675755074783,31.239954238611364,26)
(121.37817094018251,31.27722205226383,2)
(121.44130697244502,31.264996770494474,2)
(121.39372766290236,31.230970673833827,19)
(121.38950934733367,31.231514653363764,36)
(121.43354455323343,31.264713158832006,6)
(121.38628541175149,31.28882176113952,16)
(121.38028495293702,31.234619804160513,22)
(121.46062409010494,31.261363865913733,11)
(121.39558626270497,31.247151967064028,28)
(121.44972582778747,31.258679731325646,56)
(121.43919859517403,31.26742782885459,43)
(121.41617149900604,31.232461743137556,1)
(121.40050600830209,31.279936347577728,22)
(121.41845138922396,31.234414590158934,13)
(121.37860629519473,31.232581396956938,6)
(121.44028601450913,31.26740432511164,2)
(121.40171028107204,31.256175583234924,24)
(121.45751272578765,31.24723019101365,4)
(121.40185342982896,31.27774514339804,17)
(121.42536561004646,31.247674581302512,36)
(121.42749428886421,31.254119943399353,32)
(121.41125184308099,31.24188617770508,28)
(121.39567748638412,31.229335386579486,36)
(121.36921416017368,31.28785372542102,37)
(121.36426572173058,31.311568063552436,25)
(121.38838648272929,31.259990626468017,34)
(121.4081193502495,31.260826958902445,36)
(121.41298604984416,31.257996209208013,11)
(121.40979659617078,31.243801565848283,36)
(121.3887245589375,31.25322281682011,37)
(121.42634313472337,31.249622991467387,21)
(121.36020453806981,31.27747717815617,36)
(121.38646835307365,31.270518832046587,57)
(121.41881132643576,31.24776841675975,30)
(121.42602956084824,31.23931565202665,36)
(121.38853336689068,31.252961556876162,18)
(121.3846935870641,31.2578284492516,23)
(121.45468921641587,31.252056238447544,28)
(121.40504377516433,31.24381365252899,8)
(121.3923265601354,31.23167461975788,3)
(121.3842937017082,31.277961838508027,36)
(121.42562257208658,31.241178346445185,23)
(121.40723020566656,31.305274373845695,36)
(121.39302936156847,31.23524167473278,11)
(121.42905589980444,31.24727543552163,3)
(121.39025940960587,31.282510352210544,5)
(121.39208209164423,31.228315921190344,36)
(121.40079308339682,31.245381593644872,36)
(121.42404765395817,31.24115308186269,16)
(121.44765705058074,31.260626420813665,36)
(121.4142196924717,31.230393778119463,17)
(121.44739633733785,31.246072498152746,1)
(121.38378862170862,31.229660031944622,36)
(121.42866231098748,31.25464574404547,4)
(121.4566021218174,31.25122183784506,36)
(121.42468038943426,31.244934285867576,36)
(121.44247896736653,31.25537580549747,37)
(121.41343055628059,31.288440835839587,36)
(121.43939264176326,31.282541836297586,4)
(121.37086539143759,31.267259783708766,4)
(121.41837623346943,31.234890919967384,6)
(121.42747591800058,31.272555865455576,9)
(121.34437350740453,31.2982998470698,15)
(121.42690553966418,31.238167368517484,26)
(121.44434421167065,31.253446965520766,36)
(121.36787066758222,31.269474547424633,36)
(121.42521313540678,31.23648204833205,2)
(121.41553904746489,31.23524426358015,27)
(121.43290429817198,31.26291814038231,32)
(121.34210317158183,31.306330727375062,7)
(121.4072695488681,31.22902101319944,1)
(121.36045962165083,31.309348354032014,37)
(121.42356095899831,31.25104085382432,4)
(121.41739524352526,31.228895856227076,36)
(121.38248702517001,31.274133333225087,36)
(121.37740660639084,31.273671700703254,33)
(121.42571464751762,31.233185429763513,28)
(121.37407985991732,31.30913684964983,28)
(121.36439133978146,31.309433982900938,1)
(121.42843984383794,31.261280165765967,21)
(121.42183751073202,31.2405683948425,11)
(121.4632442111258,31.268478577805407,8)
(121.46196555993407,31.266292607355737,1)
(121.44326536709907,31.26322796073371,36)
(121.34988494334404,31.280899928723898,36)
(121.42648762343636,31.256962085379023,20)
(121.41103124265418,31.231031587608317,1)
(121.36643247144261,31.242132303313568,69)
(121.37706599682411,31.27199760397108,1)
(121.44385379351503,31.26343856699299,6)
(121.41244624220684,31.258244452995722,12)
(121.41887611190121,31.253826419327368,29)
(121.37214943070421,31.309458074109592,37)
(121.41232227040801,31.258143438579,28)
(121.3909938170849,31.26901523880041,12)
(121.45909143143197,31.252017968081123,36)
(121.40075090295736,31.289311231144755,4)
(121.38221396426692,31.300037536515305,28)
(121.38256045084874,31.28366053288251,36)
(121.41031740784638,31.265612031811465,4)
(121.39371297015704,31.259965044293537,19)
(121.44634654546842,31.257729461332584,1)
(121.40083378513188,31.299837092446555,36)
(121.456008601623,31.271025680200403,5)
(121.40464440368878,31.23962888561254,36)
(121.38032991807243,31.257902620224968,6)
(121.39413275222066,31.250101713170142,21)
(121.40941196811885,31.24384756000647,23)
(121.40699690216906,31.24447403472065,11)
(121.39955812825575,31.262094550512778,37)
(121.40050478966558,31.265974496972422,14)
(121.38574929974352,31.28952396568814,36)
(121.38851540987373,31.236082820710124,2)
(121.37653640563693,31.267264205683578,36)
(121.3452674643686,31.286623849127984,15)
(121.41269506756619,31.245661856643675,31)
(121.43134965340842,31.24849069903737,14)
(121.40819937016099,31.246392303709126,1)
(121.42163399322834,31.242717016511225,36)
(121.43890683137754,31.26080249454537,16)
(121.43570792475236,31.282769044307937,2)
(121.3872135684163,31.26921451860752,38)
(121.40702754319955,31.25182929722915,36)
(121.40747226998022,31.27176086821555,7)
(121.44806397375773,31.267956400211506,13)
(121.4442765808995,31.251125266203726,10)
(121.38470174234756,31.277211707505693,36)
(121.38562156061123,31.24690920077648,1)
(121.45470560030317,31.26844528414567,34)
(121.3777797095398,31.257563262342252,36)
(121.43131146907005,31.25169404914592,4)
(121.38186576164912,31.24493209142811,9)
(121.43658927854965,31.25379662325972,9)
(121.44080494756442,31.24170817912222,29)
(121.45507890439148,31.27097658806378,31)
(121.38101131512607,31.274543014103646,14)
(121.42519986871554,31.239506462362403,21)
(121.41160793103995,31.227082279946906,49)
(121.39081261166997,31.2912272594682,30)
(121.43848290668373,31.2398637128759,33)
(121.41239212492424,31.228697440626334,36)
(121.38045744547276,31.244026169355198,4)
(121.44678361508721,31.28326114935146,27)
(121.42518086407665,31.239550458357908,33)
(121.37462986096098,31.287097378553796,36)
(121.40151044962721,31.24723960350888,18)
(121.38058206922344,31.243242016115428,7)
(121.38457091140411,31.257771337423723,4)
(121.40543118273467,31.225206191352253,12)
(121.41045164562335,31.230906031845443,4)
(121.41057845549622,31.265738459853594,5)
(121.39895886827833,31.23212168693603,24)
(121.42461220139218,31.242032039283714,37)
(121.41525361296463,31.245646976209493,17)
(121.4175754814441,31.240921971067813,24)
(121.40359211181924,31.226784721735108,36)
(121.45439996203062,31.25252103246313,35)
(121.3750611358143,31.27152800601967,29)
(121.45511185329525,31.251090611865678,17)
(121.40732924994806,31.29437211025022,35)
(121.46230506136665,31.26226069211605,36)
(121.40390697121671,31.247566198816372,36)
(121.42288791653179,31.23540625703343,1)
(121.43157535383533,31.26581588028367,5)
(121.40246969907301,31.270390313596966,49)
(121.38583106246915,31.267471620324738,36)
(121.39263191197529,31.2332335206005,33)
(121.43975131470523,31.248597944337945,17)
(121.42624502823439,31.280980898157242,1)
(121.40517145398468,31.228535714493212,21)
(121.38511448806877,31.28079855874587,2)
(121.41001951764947,31.25555876356965,37)
(121.4039240292754,31.244864428605407,18)
(121.40634211596186,31.24569472185246,12)
(121.43849737138433,31.281999990004785,10)
(121.4447274747976,31.2536914395293,30)
(121.38843897074265,31.27330997746026,36)
(121.45521380874817,31.273701454234853,9)
(121.41910378859207,31.234084835474953,10)
(121.42584592660249,31.24162629163045,35)
(121.40312073745672,31.24637054662397,34)
(121.42156097549758,31.246415694329073,36)
(121.36457703854416,31.28220297889821,36)
(121.36927590003113,31.314264412427217,28)
(121.38913690655602,31.258140888793605,12)
(121.35889994131031,31.280181863913544,27)
(121.42731643055447,31.230561525390304,1)
(121.39254987626293,31.238351805758708,36)
(121.37963869386888,31.286981672482707,1)
(121.42118688287005,31.24261352348971,11)
(121.44787045715285,31.26988739502698,2)
(121.43408520059593,31.264019714282277,5)
(121.41177776269254,31.227638878502447,28)
(121.41038360894449,31.245141085499974,8)
(121.4283242057789,31.252437428014172,31)
(121.43206002628814,31.277344186191527,37)
(121.45946123678816,31.253971923984412,36)
(121.33590133182511,31.296031981223457,36)
(121.45016134275983,31.25792367764753,17)
(121.40570366130632,31.224594630897116,9)
(121.42918788980099,31.260430068344416,39)
(121.41749930024918,31.229757429027323,1)
(121.44148838209827,31.270028821553424,36)
(121.3653382496093,31.245933614927324,36)
(121.44246249765,31.282212177670676,41)
(121.38566058194965,31.285612258569056,25)
(121.43698824898193,31.263667367980673,2)
(121.40254099562661,31.259571718994096,13)
(121.40400704932259,31.24481404560684,37)
(121.42393504083383,31.255864688789572,36)
(121.39504758660773,31.26904564040832,8)
(121.43761113662254,31.25099601838304,4)
(121.36497743062965,31.27782852173039,2)
(121.4375719429676,31.236558606138495,1)
(121.3877734695738,31.296490116864046,11)
(121.42769264471241,31.26072563168477,31)
(121.42591713224118,31.267469093219926,2)
(121.44392480252691,31.250797486096065,15)
(121.41635538311678,31.243664743876305,1)
(121.36439464024009,31.309436183277406,36)
(121.38504484693652,31.262781927612632,36)
(121.43799278195696,31.254124870207114,31)
(121.4250266714703,31.240535034685706,11)
(121.43272793950743,31.24453128566846,2)
(121.45742604329908,31.247731434424896,24)
(121.45102032526056,31.24556961430166,10)
(121.39709490873105,31.267016920178005,33)
(121.42208790567238,31.249120098984978,6)
(121.40003263818662,31.277482195439948,36)
(121.45444650724335,31.260100241093625,35)
(121.44964692296865,31.25139678179148,36)
(121.44369630469137,31.251466151618473,14)
(121.45684216324179,31.2474928805525,9)
(121.38445053731336,31.25770770772201,6)
(121.39724552761894,31.266404538182172,11)
(121.40992349407384,31.242834468239305,15)
(121.37253100481962,31.255843083973865,35)
(121.45003088827558,31.25864578241402,275)
(121.43530270754465,31.27463506436477,54)
(121.45563511391373,31.27771125192861,2)
(121.44272163428467,31.24531498107894,4)
(121.43891080730438,31.26117715469903,36)
(121.42294445645489,31.26198506866109,16)
(121.37240171454818,31.26630942397993,36)
(121.45200807583983,31.25067473632226,16)
(121.43698926749582,31.239699226666353,63)
(121.37628351791092,31.267438757327465,36)
(121.45712088967424,31.2474804897755,31)
(121.3994265729411,31.244809930513515,2)
(121.3712728844433,31.313522343756524,14)
(121.4148093439068,31.269282488689488,5)
(121.43671550749104,31.253859047577304,31)
(121.38636712889524,31.288674975828492,23)
(121.40589740788603,31.238804443758983,29)
(121.42507526239828,31.26485201966416,1)
(121.40509843226856,31.22835462478011,27)
(121.38146341665964,31.280946129818382,37)
(121.3802550085625,31.233342358121533,23)
(121.4053558399077,31.244276884847288,23)
(121.373488970426,31.255270281249658,26)
(121.4380077535339,31.254082831147386,15)
(121.34876794945376,31.297030019380713,17)
(121.40649417433937,31.259046441144584,27)
(121.3755101345076,31.252578409573395,27)
(121.39429906901046,31.247678018814078,13)
(121.41043164068552,31.231672026239973,9)
(121.40999353448113,31.23200319335191,38)
(121.40834214170135,31.23652841514849,16)
(121.40911979623289,31.24526049663921,36)
(121.38344679067052,31.24745075943515,19)
(121.42466513588637,31.241859920104602,33)
(121.40682100837722,31.245670567997976,20)
(121.43787795866993,31.2539779639084,25)
(121.43746219855642,31.24652753678817,9)
(121.39164036911258,31.274848661542617,26)
(121.35534355780644,31.284189846151985,37)
(121.40846125328602,31.226457783829748,5)
(121.41930007310762,31.234371532099974,1)
(121.40892414749266,31.296270553839925,28)
(121.45030494054978,31.251832840739418,9)
(121.4295133140425,31.258323831160947,36)
(121.43640028674919,31.253394691662983,32)
(121.37127308445704,31.313604243599162,36)
(121.42648721582964,31.252285040015643,21)
(121.42404755249727,31.239988556936286,11)
(121.38620548282346,31.26799216226624,36)
(121.4261599697806,31.25701139040474,13)
(121.41032161357802,31.229286007828183,2)
(121.37361533692992,31.240889010700723,1)
(121.43838979162547,31.270172538375885,2)
(121.38688679305378,31.28686055183367,11)
(121.42288927068884,31.247850930261002,37)
(121.40676073979203,31.231778265737507,10)
(121.44728033318232,31.257413316720086,10)
(121.42583082982216,31.24006916085459,36)
(121.34702510950245,31.284457201156968,8)
(121.45461512556332,31.27194494594269,14)
(121.38652611953589,31.260186093061705,7)
(121.44294942526224,31.28192849878792,4)
(121.42582144425955,31.247005276399687,36)
(121.41981672859036,31.237158100255098,12)
(121.44002637179211,31.25477626317963,17)
(121.3963167293557,31.26013928252272,2)
(121.44640592640212,31.241691861482103,14)
(121.41367447678682,31.28853780432613,28)
(121.46107493517026,31.26569138056957,20)
(121.42913477992411,31.281358936551985,16)
(121.43756091123001,31.281879233122517,27)
(121.37419005412286,31.27371584134918,2)
(121.39152094017345,31.25431826209987,10)
(121.37277507421928,31.25233886784878,16)
(121.39825176083798,31.25236386424325,14)
(121.3790609671063,31.29926702857162,37)
(121.4001365236258,31.24480206522889,22)
(121.42179813515683,31.26093281599914,9)
(121.4086732810487,31.227013026865205,6)
(121.42791306216152,31.25688476202583,30)
(121.38372053569789,31.229530908492904,5)
(121.41136884431843,31.227375838998693,2)
(121.41497171487961,31.29722484504487,31)
(121.43697136082552,31.25316783672592,36)
(121.42894104387412,31.247365588747886,36)
(121.44269389562423,31.282152804537542,6)
(121.43079487146304,31.27156816095948,3)
(121.39826678376679,31.24486249447877,37)
(121.44034932916986,31.263199722276845,36)
(121.41622225356653,31.252844165353256,20)
(121.42564113121561,31.241322885114666,36)
(121.37696382962967,31.271685353541,30)
(121.42610309069906,31.254697619978973,26)
(121.34792962136319,31.302483015516017,36)
(121.44993289396697,31.25838330438963,29)
(121.42561957141807,31.24177864470975,20)
(121.37411392723097,31.27354967620477,19)
(121.42103393665205,31.232135060028916,1)
(121.4450548691782,31.255612928887494,1)
(121.41669597013924,31.228884109796038,2)
(121.44024790130833,31.237618450682135,13)
(121.39738942805,31.253006806529427,3)
(121.40197316152371,31.229475663008458,1)
(121.39224216651465,31.227846804136103,25)
(121.44317745242365,31.281812209117312,15)
(121.40903757602165,31.24493328021055,36)
(121.4377641606654,31.254148194545284,18)
(121.41083572917178,31.270497022103047,14)
(121.40389412000268,31.28696833795112,69)
(121.42572880793935,31.246190979237703,13)
(121.40466022918717,31.230621837132134,40)
(121.35311212151159,31.29521992512547,36)
(121.37404166544344,31.256456258375295,103)
(121.38936805327265,31.275457803521597,35)
(121.33399733416884,31.29980983323688,16)
(121.38441291211586,31.294174328051035,30)
(121.39745851541305,31.25631234384721,21)
(121.41103235733236,31.24381738830821,9)
(121.43342963004132,31.25225289167309,17)
(121.43664435136006,31.25855562130132,36)
(121.37637409759238,31.267257612060174,23)
(121.39941297181366,31.271514698539598,48)
(121.38320584850557,31.285685789158848,36)
(121.44543218230585,31.243578777363403,25)
(121.41218825773356,31.257550212025762,35)
(121.35510001684911,31.29519684861963,36)
(121.36685553168056,31.287871676053918,37)
(121.43269787421222,31.25946154793861,22)
(121.3729506741718,31.25617077171056,36)
(121.4081502571154,31.302525780350464,21)
(121.42827231488015,31.264466693948993,37)
(121.43102163833093,31.249313311730457,26)
(121.43643238854563,31.26661236152915,17)
(121.36411280055019,31.31154194603627,34)
(121.42522107422486,31.242706060786574,20)
(121.39783213281976,31.247276454419634,9)
(121.374160009414,31.273711801930972,21)
(121.42518352316247,31.24059493452351,37)
(121.39929785285462,31.248574562995657,5)
(121.41778946278777,31.231446565291254,20)
(121.38288375550474,31.277309042442123,36)
(121.4320772077405,31.283277613659994,28)
(121.36811683484882,31.28966922136052,36)
(121.3730651263688,31.247856263734295,3)
(121.39550638901854,31.275221462156622,31)
(121.45799943186167,31.246755932466915,5)
(121.45925656786893,31.263085327937056,36)
(121.44779267657366,31.248153720321127,36)
(121.4588603018124,31.259544672756267,4)
(121.40994245731193,31.25395004205883,7)
(121.43372333807606,31.26624376982832,1)
(121.40145195472522,31.276139023818534,3)
(121.39960169593994,31.26159372538787,8)
(121.36449475362225,31.311592189962788,27)
(121.38551055122078,31.283137737696308,12)
(121.39000101069706,31.25936909030034,1)
(121.40392359572952,31.26616229175742,4)
(121.40967281073648,31.246036578889615,14)
(121.43623792175921,31.26495926538474,26)
(121.44558455540385,31.243153314171487,36)
(121.38328534509682,31.232892039668386,3)
(121.42830786654665,31.236863482512593,36)
(121.39913658123406,31.24616443804074,36)
(121.4202887617501,31.25463261318414,36)
(121.45920185175689,31.257104274433704,43)
(121.41143970157063,31.28323920151556,4)
(121.4381934414084,31.240473156523336,18)
(121.45298434231574,31.275341101005946,36)
(121.36412250205873,31.31092784854738,25)
(121.4252798883972,31.24081917643916,36)
(121.45288672500584,31.279402577637107,3)
(121.45131193703031,31.271782418347772,3)
(121.46106288613862,31.265613450538208,8)
(121.4033919007639,31.24883431266642,36)
(121.42005968558638,31.227152371130884,20)
(121.41001768301635,31.245222172883196,36)
(121.37140826572971,31.267432587175172,16)
(121.41862888014948,31.252782726264087,36)
(121.34133672854315,31.28621135203104,3)
(121.45943948954691,31.25004592115205,3)
(121.44673422070453,31.25779922100642,45)
(121.42424025173274,31.26151490418458,9)
(121.41846698395987,31.252807820605845,36)
(121.42260164109474,31.283650393357618,8)
(121.40312559775144,31.302045791124716,4)
(121.41034536349058,31.242242793199583,1)
(121.43173649145545,31.23543830001689,19)
(121.42872362314513,31.234253794486733,3)
(121.42864441024561,31.247569969080708,23)
(121.36234736552818,31.300333874117033,17)
(121.45304944708334,31.24927996018183,6)
(121.37696356389102,31.26863206549149,24)
(121.43896854711282,31.285425750256987,1)
(121.38383481147478,31.26023009728012,14)
(121.36834655726457,31.293548098457187,36)
(121.43893777056405,31.26070841006805,24)
(121.42742401073033,31.238574084402725,36)
(121.34889123084386,31.28561506448076,36)
(121.38475424140616,31.259330179224076,36)
(121.39342076785837,31.269212108054788,36)
(121.41093050810873,31.245284061718888,3)
(121.45981899107372,31.262070647213008,28)
(121.422230562311,31.249100459884808,24)
(121.37681834848466,31.268451819083538,27)
(121.41391796488804,31.272271038323986,4)
(121.45116731947758,31.272367941388225,7)
(121.34936589398922,31.303064643012096,6)
(121.39627824450231,31.232889160002653,97)
(121.42764756374392,31.237278769436855,26)
(121.3900200188616,31.23130704984468,1)
(121.4414051429735,31.257529403267657,36)
(121.42254959569486,31.282628011787658,11)
(121.43635513047414,31.25078760395445,2)
(121.36080623432596,31.249199031008622,28)
(121.38652599041112,31.28167213812907,26)
(121.42181405993391,31.23518296895411,25)
(121.46109023779965,31.269657029697452,10)
(121.41104621901358,31.230799478247725,10)
(121.40369155783354,31.231723013970356,36)
(121.43942282045961,31.23638193375761,5)
(121.3641244023696,31.310752049165547,36)
(121.44295930541229,31.28231556837608,5)
(121.42076557648299,31.277630122394616,36)
(121.43999388319081,31.23702839847052,10)
(121.41811422336042,31.26027594735378,8)
(121.3484018981316,31.28233384186953,62)
(121.39586393829812,31.267775503673775,31)
(121.44696674241465,31.241748059296206,35)
(121.42520146910559,31.239498362707767,15)
(121.36498332605665,31.277159515530744,27)
(121.34071902863539,31.305720891524146,36)
(121.41536023937948,31.244449300826027,24)
(121.44377237199411,31.245840385029876,36)
(121.43909547783565,31.237475899774086,20)
(121.36762324897697,31.23486398431447,20)
(121.39285644258838,31.256408227470025,36)
(121.44691223118106,31.241771149767636,16)
(121.41041651569492,31.2238217065774,36)
(121.41147376849412,31.23827380946055,10)
(121.43519961659844,31.281821301357695,30)
(121.45024520667486,31.258523780718985,19)
(121.4267009304162,31.228668204282748,27)
(121.42894104770822,31.247409608305993,5)
(121.44511035634005,31.245844125083035,16)
(121.43739200489442,31.268335814865942,18)
(121.41079071371027,31.27020890811747,4)
(121.4100499252273,31.242598494982342,31)
(121.43701666569946,31.246023616318872,18)
(121.3820371322869,31.281369883144606,25)
(121.39422932428825,31.2487734329177,7)
(121.41653088240378,31.250423675656272,2)
(121.3902256599526,31.25787123459249,26)
(121.46395809646093,31.2556463834821,5)
(121.34696201839395,31.296635514832012,36)
(121.44291889848076,31.241154803659917,19)
(121.44608508196187,31.24180213681556,5)
(121.37306789649098,31.263774903264267,37)
(121.41775230678091,31.26301660626438,37)
(121.41707373593924,31.263526139200565,36)
(121.46212419884982,31.266005745923916,3)
(121.40640073025453,31.245678533939543,36)
(121.4590428170026,31.259475242391765,2)
(121.44374340936103,31.26520103372892,26)
(121.39162734800075,31.269560885635478,17)
(121.39607819859827,31.23139712410022,20)
(121.38981589152434,31.24630656321841,5)
(121.36436643629192,31.309511579847264,14)
(121.42403353124426,31.251061507656512,37)
(121.44460316115614,31.25874184706605,14)
(121.40437713879408,31.244267222100024,1)
(121.39564677104562,31.300092169647513,34)
(121.4052605655329,31.287048108219434,20)
(121.3810249793213,31.232088416827594,19)
(121.39553962011107,31.243238641206695,28)
(121.36217785700146,31.284441184685054,3)
(121.36065555046692,31.29394180912478,22)
(121.42721832864179,31.23963275037958,36)
(121.42676335358144,31.268677872885927,2)
(121.37313353286963,31.247964176891283,1)
(121.38089160778563,31.291068645603204,2)
(121.39552039157722,31.26369159716882,34)
(121.39097852874683,31.231477626061928,6)
(121.38254550823113,31.290396048179502,28)
(121.4522543445063,31.255574647902332,1)
(121.44538409508728,31.254101120389716,2)
(121.42422445057434,31.252164847080657,16)
(121.451827712999,31.24553167052467,36)
(121.43752268921624,31.24028422833334,3)
(121.41333276355994,31.23313802827323,23)
(121.34681867093506,31.284565867561426,36)
(121.44547283170577,31.242090196315964,14)
(121.43351911883231,31.236372682404916,18)
(121.42710439307939,31.25041666962908,36)
(121.41107734322625,31.243773360592296,21)
(121.37212622939852,31.2656207690809,10)
(121.40964182455409,31.259345877605007,36)
(121.43173787630043,31.251346428122012,1)
(121.40222964311005,31.24496731588771,147)
(121.39214962811413,31.30276467392738,19)
(121.44448939412764,31.258832074171004,10)
(121.39190174139306,31.260263090056206,11)
(121.41710329287623,31.23671641173575,7)
(121.4246128990818,31.250038606916544,36)
(121.4054390970355,31.224538176776708,32)
(121.43691765374798,31.253793486778623,37)
(121.44094990931987,31.27979852326249,22)
(121.38887793378768,31.25598213889399,27)
(121.41100133319834,31.24346023381288,16)
(121.40995550196028,31.24275117505414,18)
(121.43547411474876,31.280844553252646,25)
(121.45553510094136,31.263196337708973,2)
(121.433544108316,31.24813493720608,4)
(121.41395088968365,31.236311821121454,10)
(121.40502814335537,31.2480515398671,30)
(121.35725591248043,31.29028754659314,37)
(121.44138924571595,31.24689375009254,36)
(121.43671279003843,31.25336126536808,16)
(121.3958806248008,31.300328214406836,31)
(121.4561208117282,31.246442442009496,27)
(121.39208208981472,31.22829491148248,4)
(121.44106185180964,31.24702730570391,4)
(121.40395471419517,31.26746885157217,13)
(121.45102154241751,31.25960277871946,67)
(121.42726504923992,31.24848166831972,15)
(121.42302049106928,31.26313550850375,36)
(121.39310510864733,31.23174411990689,1)
(121.44685933073941,31.283253562567744,1)
(121.45871500458324,31.251738583275984,2)
(121.41006242815867,31.268752146421427,3)
(121.41104729084715,31.24309406157269,8)
(121.44939076087071,31.258052676198254,3)
(121.3806272118385,31.29023703645134,36)
(121.4108176029088,31.234621268347663,6)
(121.438009005075,31.26846502660508,36)
(121.43549609466184,31.280998588633317,36)
(121.41793728145751,31.28687646738846,36)
(121.44082503106023,31.246954441563435,37)
(121.366220316324,31.25135272691693,32)
(121.4143535895922,31.240068698325747,4)
(121.44819620493521,31.25267199286583,20)
(121.41238042429802,31.22570984941429,33)
(121.42658937111918,31.27821501889665,7)
(121.44629900417817,31.24162884284927,5)
(121.37130218926785,31.313483747859483,23)
(121.4634654432191,31.26427664061601,21)
(121.45395164359606,31.265460404750787,4)
(121.4108714152633,31.244070529505883,36)
(121.44867609556623,31.259791120141642,30)
(121.44919715857579,31.242679734901042,36)
(121.38344873336472,31.260251131696798,15)
(121.42613566743483,31.253257771300515,15)
(121.41201154899018,31.28321807413672,2)
(121.40106693365921,31.231258270676616,19)
(121.41845218518745,31.243546720108846,37)
(121.38846938367168,31.231279968073114,1)
(121.3845044530843,31.23088887102799,36)
(121.39970443580562,31.242074794462038,34)
(121.39412539451642,31.232655302257744,21)
(121.40118939541419,31.235506124930648,15)
(121.40473582515058,31.254904174516266,5)
(121.38551698964169,31.247320592230714,4)
(121.38455495168925,31.25842960845259,8)
(121.42802718978558,31.248363911292085,23)
(121.42668370302452,31.23043843561886,12)
(121.4347937475689,31.253411748594242,27)
(121.42449924882338,31.26426988539399,36)
(121.35051932785149,31.281361253319407,1)
(121.43902164702949,31.260930386639657,12)
(121.39185662282824,31.23122898979434,32)
(121.43755951649072,31.265860535342416,19)
(121.4034663512259,31.27563421408629,4)
(121.38906973847044,31.274786303571165,7)
(121.40533639321366,31.2598082138405,9)
(121.4324704570658,31.25787546146993,36)
(121.43973329087689,31.25944272078876,36)
(121.42365934046137,31.244964083964092,19)
(121.38482601361089,31.261492464509864,15)
(121.42101594363758,31.282680710075784,35)
(121.38776222568235,31.275926550431798,10)
(121.424177522375,31.24102292376158,4)
(121.43815835615919,31.244281674429583,27)
(121.43155529306239,31.253350510513357,2)
(121.39469255740627,31.256916875597422,1)
(121.37222023386572,31.287027785657557,36)
(121.41479149808782,31.236700496359795,4)
(121.41295226362422,31.23580054433608,1)
(121.39758967834119,31.26627462436443,8)
(121.42926960842092,31.2583270769274,36)
(121.38826291492681,31.296469492153893,36)
(121.458592470874,31.25694411971261,34)
(121.37421373959148,31.281202973028076,7)
(121.44582057275318,31.245637038798947,9)
(121.382849863912,31.29048238011297,35)
(121.37817267224642,31.262610888517756,26)
(121.39326215774537,31.26553517791376,24)
(121.42542292403984,31.24764049319035,20)
(121.38428414405102,31.298423886859663,4)
(121.42399457469664,31.25025899292062,22)
(121.45765267735011,31.250811476828684,7)
(121.3810185157294,31.253752127988406,19)
(121.38668662259543,31.25267695742526,9)
(121.42562944904275,31.259728092292278,1)
(121.4021184134097,31.244021457817936,3)
(121.38921325353313,31.256316534175244,16)
(121.44831222245946,31.261476754939835,13)
(121.37458571928573,31.251653867052593,21)
(121.41451265025037,31.23461587303958,4)
(121.37301129724825,31.25076648146466,37)
(121.41126128416509,31.24359024492263,9)
(121.4224734238519,31.27992795597392,36)
(121.43014737115624,31.27978929679714,36)
(121.46131730032053,31.254422961027238,31)
(121.3783433432164,31.245472029657513,30)
(121.3835534503523,31.283300500945177,37)
(121.38494298875975,31.242646996845938,20)
(121.36145424730957,31.308573759501925,21)
(121.44033712511848,31.256812232027688,26)
(121.46139399895408,31.2533523174815,27)
(121.44894094691786,31.268278380167363,21)
(121.4408989710222,31.25447817299472,4)
(121.40758578638946,31.266276545624486,36)
(121.42343187356008,31.260200946622376,10)
(121.3990641717837,31.232107676738664,21)
(121.41029818650279,31.228268873702888,5)
(121.46115277965762,31.254070567688665,1)
(121.42724800943579,31.23634323246979,15)
(121.42132118908334,31.25513019525026,1)
(121.39419775102284,31.242418581949455,36)
(121.37257724748912,31.269341939251245,36)
(121.38656107294214,31.26799505365152,2)
(121.3852442474879,31.276488893500385,36)
(121.43091404473024,31.240912675764665,5)
(121.34444923045548,31.293155955324032,17)
(121.41558699571299,31.234908092090834,36)
(121.4169307293967,31.25325531301069,5)
(121.40744077649654,31.266093470685295,15)
(121.40593431689238,31.23812715263361,16)
(121.41480283092262,31.263374875572982,1)
(121.43923680082463,31.26691864422526,36)
(121.38166062296051,31.25762847607525,9)
(121.41015344460122,31.231295847172838,1)
(121.40903837621742,31.244965880313778,25)
(121.41206182214275,31.259467081655004,46)
(121.40462326306246,31.23840717792416,3)
(121.43198412133934,31.28085272409627,6)
(121.3892431427415,31.282222904393794,36)
(121.40159535960896,31.257418097139098,18)
(121.44606537523218,31.26061319349313,36)
(121.40338759810221,31.27982524961616,18)
(121.37092316052419,31.26526083319424,4)
(121.45384422129705,31.25153672363558,25)
(121.42769143213158,31.246809534553005,19)
(121.41470787834804,31.272484409557407,26)
(121.43969726841844,31.235502136521355,1)
(121.36317267407873,31.304910154736675,23)
(121.42745665002845,31.280696264689492,3)
(121.38364681315333,31.23082126239655,2)
(121.34802080026668,31.302279102174392,5)
(121.39600546059702,31.231783978189434,6)
(121.37159595768311,31.231361364533058,30)
(121.42217229813379,31.241251477954297,36)
(121.43017649491823,31.24487310087938,23)
(121.41000891884805,31.23644221853829,12)
(121.37356718629727,31.228298049369798,7)
(121.46358509365534,31.25505400146157,28)
(121.45305655014491,31.268173490303607,7)
(121.4115352134437,31.243553175387955,37)
(121.45019023403572,31.245917339626526,29)
(121.42945789946901,31.232881946134647,14)
(121.41256684770684,31.297108111406285,30)
(121.38535895758274,31.28328179262671,3)
(121.45191070147837,31.250470076059052,8)
(121.43604379532422,31.25283691127966,19)
(121.37665332681378,31.267542822861426,16)
(121.37509387526299,31.238122481315255,1)
(121.43747328054609,31.253848393757636,1)
(121.3861387282521,31.283055376628475,32)
(121.45197884430965,31.25349428044434,37)
(121.36701191778016,31.30904559768282,36)
(121.39333734534071,31.267109891745047,31)
(121.42555731066136,31.24241444571836,15)
(121.41208113901799,31.290194883637145,8)
(121.45493782046331,31.247677591321644,9)
(121.44773042907123,31.271829367205633,8)
(121.38025745783985,31.28682727289734,4)
(121.38698441692894,31.269985656941646,8)
(121.37808695286832,31.27865054840186,3)
(121.41308425116635,31.249218335533477,37)
(121.39592163687085,31.274470776610084,20)
(121.3632111973877,31.239995000439844,15)
(121.35425091281031,31.290860661514067,12)
(121.45821840371875,31.247785082499988,11)
(121.34916800278755,31.29927800967469,4)
(121.4159861273289,31.295880933421376,4)
(121.42126484775004,31.239254174034247,35)
(121.42959216171461,31.280593163867067,7)
(121.38474489692157,31.261673650151153,3)
(121.37363809681896,31.249099548233758,11)
(121.43721718284493,31.26713153958352,11)
(121.3856651822728,31.289410551247844,24)
(121.40318987442241,31.230160538772925,2)
(121.384616763968,31.30016014633014,36)
(121.45939260893117,31.263727221402604,43)
(121.36416700800898,31.31169415191112,36)
(121.3739849557459,31.255910751308935,36)
(121.38719715277854,31.25313257777318,34)
(121.41338762805,31.231804401641927,9)
(121.38432922028129,31.29874205311121,34)
(121.43027652091325,31.259861092744355,18)
(121.43314909002703,31.264454513906173,37)
(121.38328867445426,31.27113285290027,71)
(121.34368346981165,31.280726506180795,6)
(121.38751397553493,31.25909334103534,4)
(121.4541137105507,31.27615672578064,1)
(121.4521248915579,31.258391126206767,28)
(121.36586326021903,31.26710215024829,7)
(121.38866327546009,31.250587611267413,2)
(121.40410607351586,31.23923187657367,36)
(121.45882872251252,31.268963345598927,7)
(121.45712471754894,31.247231020621335,10)
(121.38015138854682,31.233702540688647,90)
(121.42224154445671,31.26022490972135,36)
(121.38482271281073,31.26219696248211,2)
(121.45337215186908,31.24922164742042,10)
(121.39615424092133,31.269449348550808,37)
(121.44915771243208,31.271044151850372,24)
(121.42344621425224,31.25279170896585,36)
(121.43716640693742,31.23433557057038,5)
(121.41776617791888,31.250175008143728,36)
(121.39524399749313,31.27244817274527,6)
(121.46326040972882,31.258941823961848,13)
(121.38653758801058,31.242456294773728,1)
(121.43676481620584,31.239905682927056,13)
(121.4300909567598,31.250897993211048,16)
(121.37154714516025,31.249557320500273,37)
(121.4622391523405,31.266416175557044,27)
(121.42487997737378,31.25387408223183,23)
(121.40499198768421,31.244872246520607,23)
(121.38318698300866,31.247376813874208,14)
(121.40840021945343,31.24570444661812,25)
(121.3889871872637,31.284772525509048,2)
(121.41965745581444,31.24423337955089,3)
(121.43806591264278,31.24097553122431,1)
(121.42161252352938,31.28448340099366,1)
(121.43917726583703,31.25460881759425,37)
(121.35658409660662,31.307839289458922,29)
(121.38716966643427,31.28229892728129,33)
(121.3848851690646,31.279889979768345,28)
(121.36402970665682,31.247710476679593,2)
(121.4583787439931,31.27204665507516,1)
(121.41715330538526,31.23917941757548,2)
(121.38304547088647,31.283422713794536,6)
(121.37492392340897,31.271367769767593,36)
(121.40351050277269,31.2543651385901,35)
(121.40261778757787,31.259552240863666,4)
(121.46185800879098,31.24892458938958,65)
(121.41246471413454,31.229325502662515,11)
(121.42318826103302,31.26217597552294,2)
(121.39357923303324,31.241025612537175,2)
(121.40467098842223,31.258133929692715,49)
(121.39376297000783,31.248112883436715,5)
(121.41449264533391,31.236492865316606,3)
(121.36078196774722,31.288844133623446,381)
(121.41308829730004,31.234992574301636,23)
(121.44993260393302,31.2550408494986,24)
(121.3802456068873,31.23267015794382,16)
(121.43864104391524,31.247855528324347,5)
(121.40221051737629,31.24393528306337,23)
(121.36945072931196,31.25138897813665,16)
(121.39140622012401,31.253247362234294,37)
(121.40219912267241,31.264455265243395,3)
(121.4226946792006,31.279217497785165,57)
(121.4286675460453,31.260900782426276,32)
(121.40505732078982,31.227115047849935,5)
(121.44144838429543,31.24972491575612,36)
(121.39487232316682,31.267210772946417,20)
(121.37407527133776,31.256166363850877,17)
(121.38615380140028,31.283722661900402,32)
(121.42412357025584,31.24099795393678,36)
(121.36333716579261,31.25182117402132,25)
(121.38031931215644,31.277348377587504,3)
(121.44810569001108,31.27889043732324,1)
(121.4501409141924,31.27398177169074,19)
(121.3648803380214,31.2447844135683,12)
(121.45216337790615,31.24710702202102,24)
(121.41017269169643,31.268556303666262,7)
(121.38111674770222,31.24354770943415,4)
(121.440172412521,31.23522831733559,28)
(121.39906510346262,31.229520870140586,3)
(121.44930518990232,31.270973440742672,4)
(121.38033848256404,31.251460409980094,17)
(121.41590012281576,31.238080412680677,6)
(121.40651152923317,31.28601975485223,9)
(121.39911676557658,31.27130332118136,36)
(121.45876477599703,31.252268620882546,1)
(121.39593829855728,31.23701802634998,2)
(121.3712766851579,31.31314824512099,3)
(121.45270978890771,31.27071216594917,8)
(121.36427312332104,31.309499069112032,6)
(121.45110535097426,31.259602618655013,21)
(121.44362337704231,31.259145259932446,1)
(121.4256564803939,31.241510952815062,36)
(121.37231604402626,31.248580611124744,19)
