(121.43740523106905,31.248231075133905,3)
(121.40468623412926,31.25983278549339,16)
(121.4123224909118,31.248240910957108,8)
(121.45210907120443,31.260187189095547,18)
(121.41082461631893,31.227365384969,20)
(121.41534091590475,31.24415336115532,9)
(121.41344346440592,31.26129136693036,19)
(121.43386023697121,31.231857212540667,1)
(121.39066740766029,31.290202750420015,36)
(121.36701984400139,31.24207637415754,9)
(121.37488650608712,31.287112816238075,2)
(121.39459973593658,31.259933651710952,1)
(121.39719794115538,31.236989575178697,27)
(121.42406263027907,31.24104001951278,36)
(121.37052290317523,31.279460424389836,37)
(121.41733253098654,31.251367737875942,3)
(121.4529859405043,31.268054415116524,5)
(121.44135810641014,31.244641793150024,1)
(121.42775337490089,31.235478374701195,4)
(121.38809474547983,31.296274284402735,36)
(121.42698962485913,31.240183204847256,27)
(121.42384423781434,31.250318361648844,36)
(121.39067806564385,31.240266458489653,37)
(121.41893692598606,31.23675746437288,26)
(121.44308000556298,31.257393735071073,13)
(121.40464870508063,31.2319808011062,154)
(121.4469016289957,31.241774947914784,36)
(121.42734753192927,31.2321162112976,33)
(121.42586975457884,31.239660943681272,20)
(121.39914128789033,31.256305544599336,25)
(121.3836923835862,31.254848984154233,4)
(121.4095225706529,31.243023248841812,6)
(121.43478385512512,31.27825887154018,2)
(121.36746070564688,31.23431081389686,14)
(121.37722984010149,31.230968586307206,156)
(121.38925704574308,31.28227880680558,36)
(121.45758229532589,31.253981978177553,26)
(121.38340342747942,31.242450660392294,25)
(121.41717966743349,31.251953065312403,8)
(121.38616974755605,31.294398970640614,7)
(121.39681214338012,31.26495986916785,3)
(121.37585784695565,31.301113959246294,7)
(121.42520016878882,31.239510562416775,19)
(121.41441730579054,31.25600238111597,16)
(121.44626349678543,31.241581136704706,12)
(121.45405735178856,31.247445483618066,6)
(121.37013374241255,31.284827089561063,17)
(121.44611696627894,31.2415393110367,35)
(121.41991398929484,31.23666400007008,5)
(121.40066316353628,31.24675717110563,34)
(121.39094711323537,31.29471559076284,13)
(121.4338771715148,31.231385975830595,14)
(121.38686739894582,31.23659992433759,14)
(121.38465669503877,31.27721666873279,12)
(121.44668369440039,31.283238531953938,14)
(121.45010090272648,31.260875789910152,38)
(121.37588513721903,31.24647616516475,4)
(121.39196903078683,31.251538328741603,7)
(121.39128630183478,31.294929049216943,11)
(121.39910219210003,31.287715082738387,9)
(121.39226979276371,31.24630119800333,16)
(121.41570027878291,31.250230926858322,36)
(121.36560843280107,31.232744891977305,23)
(121.45802737606725,31.26472802325454,192)
(121.39247564365844,31.277335671926707,36)
(121.3724335446287,31.286817980387124,36)
(121.3740447466327,31.272649212049348,25)
(121.39099420682669,31.27348411919873,36)
(121.4595426298095,31.25023626771188,12)
(121.3667930029957,31.24192651655558,2)
(121.40076470817456,31.26411377428602,5)
(121.41889951671052,31.236586356865274,18)
(121.43511206865993,31.246336376272357,2)
(121.43697456022893,31.278451611836527,36)
(121.37693502013738,31.29732975654499,4)
(121.40715967431296,31.276278760432707,18)
(121.4631827494419,31.26117559959643,9)
(121.38933333163664,31.256032498746823,31)
(121.3714223060383,31.25611873981366,27)
(121.45891342559537,31.26257486291433,2)
(121.37585778917362,31.30045070063406,8)
(121.38645004412327,31.23098551553926,4)
(121.37901406262698,31.277747667761965,2)
(121.41502545037272,31.294467736186224,36)
(121.37438955585053,31.276110089383767,15)
(121.36881149567688,31.283905874856313,36)
(121.34109220050195,31.286422977794608,6)
(121.43914385834985,31.254647811191287,37)
(121.44638561294681,31.259432132177515,32)
(121.38941240065337,31.25605156491878,37)
(121.38643874391558,31.288650888489727,26)
(121.42208206569354,31.249203088714523,15)
(121.39771715124645,31.24808576816892,36)
(121.40128425487839,31.280104623472536,35)
(121.44900252474788,31.24197977733009,28)
(121.39932622603416,31.22978107802332,6)
(121.38389101918415,31.28093566338415,25)
(121.37516726232195,31.25782232032245,36)
(121.40593416717965,31.224721995881517,1)
(121.42463545547122,31.245199439806196,24)
(121.36649925214651,31.234056980579133,4)
(121.42522017697532,31.271153806231208,30)
(121.45910283174042,31.249937938801825,7)
(121.43773344142517,31.25679139064179,2)
(121.42631838644623,31.229275819051193,14)
(121.34674690659517,31.287665523570624,30)
(121.3810908314383,31.290858767982833,36)
(121.41684663756043,31.238065011413603,20)
(121.38929730215423,31.25604747883042,20)
(121.38883873224599,31.254061270334446,37)
(121.37118577293009,31.277318435834182,3)
(121.3987614194222,31.246008238155444,5)
(121.40943967442672,31.302676847607227,3)
(121.42690482721675,31.229985631062725,27)
(121.39604059823533,31.274244310199958,18)
(121.40118247166166,31.248064268082928,7)
(121.45502204698714,31.271007718113946,15)
(121.44389486337096,31.250826547615414,2)
(121.42689071818167,31.24003222505625,36)
(121.41809518392436,31.2524858660463,36)
(121.4398273001572,31.238469295243068,9)
(121.3894965042234,31.256421787491067,32)
(121.38603637430684,31.257194381710388,36)
(121.39726153388952,31.266388538060916,36)
(121.40531406623408,31.23536203073468,28)
(121.4308866663369,31.258137219077316,18)
(121.39561606954088,31.247143572836194,26)
(121.44113027480107,31.253305976064134,12)
(121.43170810091851,31.253468393810017,32)
(121.37694754067182,31.26861804081944,30)
(121.4347565791944,31.23937054151309,18)
(121.37606722127242,31.265351438807944,22)
(121.44397101263402,31.25424592645356,45)
(121.41463260532129,31.248506550589045,23)
(121.38446899273879,31.259955190193836,9)
(121.4581142566232,31.259681356408127,4)
(121.39176060355399,31.30575258186323,36)
(121.42126609541556,31.253567546558397,36)
(121.37302051614273,31.264648519771583,58)
(121.42073777295845,31.257008502393585,17)
(121.38661861011872,31.23030183770217,12)
(121.45850953363241,31.25165699564905,8)
(121.36371884729387,31.30819370872699,6)
(121.42146497631944,31.25397759856497,36)
(121.3558196370067,31.30867531326583,5)
(121.4373981878889,31.267259485331703,21)
(121.40221461830198,31.270094663977368,7)
(121.45493296286644,31.25601147187938,10)
(121.4370483091991,31.253991094826734,25)
(121.45819239919942,31.247671078932513,31)
(121.4451165576447,31.24583082621129,36)
(121.41997797819207,31.23357515865178,6)
(121.45126340162952,31.25284537061238,37)
(121.41463379743467,31.262172517157442,7)
(121.37228186834383,31.244982031847222,36)
(121.39198726575016,31.28713023126428,93)
(121.37974917917641,31.2449508944985,20)
(121.40795370224548,31.254086269379478,1)
(121.41994845912625,31.26950520939674,8)
(121.4379099859234,31.266369272740718,37)
(121.41121530985056,31.243759329201676,37)
(121.37989882684572,31.29937406215125,29)
(121.46186098076896,31.262910950250223,1)
(121.42167170397262,31.26113958924988,2)
(121.3693329109196,31.24634066115933,42)
(121.41197936871454,31.290967908720024,31)
(121.41135873499248,31.226093246422817,36)
(121.3869858941963,31.286927660624883,37)
(121.45761336774044,31.269118474066968,36)
(121.3909786190639,31.26687832246327,17)
(121.3729513149776,31.26354195700369,5)
(121.43768713436945,31.240918422335458,5)
(121.41834487962859,31.242901528941218,36)
(121.37800879300478,31.25499940657073,36)
(121.4160965209344,31.243750888561255,26)
(121.36397385227909,31.281032579523828,38)
(121.38931231185204,31.25601147416067,37)
(121.39247161801194,31.231153469521125,3)
(121.38072499728642,31.244015412805496,6)
(121.43961574996942,31.2623661520922,21)
(121.44046655423757,31.25875725261682,36)
(121.41883000048993,31.254112009128015,36)
(121.36303225506649,31.282380679506176,31)
(121.42318825606016,31.26211895100654,5)
(121.37164131087934,31.30978694840829,36)
(121.38889285363018,31.254911682920078,10)
(121.4333286220284,31.239047120362244,36)
(121.38421500060946,31.29763351265638,22)
(121.37244689584527,31.25607607568675,26)
(121.36556695880388,31.23791735547717,15)
(121.38628500657002,31.29605772514396,21)
(121.40134200875251,31.26156227331411,16)
(121.43108179047154,31.253704735437523,2)
(121.39274771795934,31.241563369169572,36)
(121.43748827641697,31.238821746363865,36)
(121.4348237260035,31.253676827608803,13)
(121.40553351996756,31.22453739612473,3)
(121.4477403042097,31.25403037068908,1)
(121.45721250582588,31.247619103092905,4)
(121.4090985910338,31.2441194944355,36)
(121.42388108356953,31.25578869647352,36)
(121.40711870556879,31.244973583184446,7)
(121.39075147347135,31.290194804435554,37)
(121.40159800287915,31.28770079704769,36)
(121.40627940513448,31.238802471479886,28)
(121.39904737541306,31.232722335062675,36)
(121.35384545374716,31.283594023043765,36)
(121.36421215507224,31.242067040750726,1)
(121.41442790892282,31.274793646301305,36)
(121.39475542628105,31.24624458891222,33)
(121.41034444218793,31.231674994137855,12)
(121.4132926270177,31.261447535064004,36)
(121.45151611237229,31.279196114771246,1)
(121.41161827917293,31.23308341720057,8)
(121.37908458528618,31.23270007220313,5)
(121.39184031931619,31.23042908830366,1)
(121.43731597027427,31.266525148500005,25)
(121.43100207282062,31.26281140210169,6)
(121.36647775986344,31.25189494513161,7)
(121.45074722154412,31.260232572800188,69)
(121.4347390526875,31.26205964674651,6)
(121.37559427600397,31.252826620642804,14)
(121.37235042112566,31.286869892594236,29)
(121.40803853082767,31.241298980239176,47)
(121.44135907331514,31.258879250294566,37)
(121.41503811538631,31.267801781183238,10)
(121.44227927583874,31.264332409927007,50)
(121.45230661185805,31.270079502365622,26)
(121.4096991002387,31.26086307638546,9)
(121.35963332610604,31.289633415066888,36)
(121.38587252645965,31.283108800922253,20)
(121.37812479829091,31.27629461515466,37)
(121.33515202389061,31.30058733988165,36)
(121.40133835264685,31.281053026888294,36)
(121.42705409397958,31.2807386472986,4)
(121.43349026361253,31.249037401042052,14)
(121.41470517814194,31.287946577885084,129)
(121.40115646197651,31.29434234761173,28)
(121.38566059034838,31.235863361149292,37)
(121.45077103033475,31.245435929709174,1)
(121.4056343403958,31.238347234988755,35)
(121.45804237640388,31.25756803884868,20)
(121.43723993212245,31.278878701042107,1)
(121.37007512520212,31.313347175542628,3)
(121.38938140450789,31.256398693495765,37)
(121.39704842292765,31.228488318411046,1)
(121.43620250254033,31.252314475627553,16)
(121.46293792524462,31.25533963707535,14)
(121.37987788399471,31.228170408873172,36)
(121.38659736264245,31.296618209378863,10)
(121.39740544275539,31.25308884912566,12)
(121.43049545116875,31.257108710914096,8)
(121.38766921044979,31.246774593771054,20)
(121.45182238668907,31.278993439375785,8)
(121.40099602460656,31.287116351632363,26)
(121.41025681636822,31.258705071093313,29)
(121.39254368196619,31.26575084295638,23)
(121.42524107910891,31.242668864984932,21)
(121.38128820505531,31.254129984135886,3)
(121.38737481244857,31.270266093282192,7)
(121.3810956045688,31.25370018490943,36)
(121.38401874787068,31.239724837540845,37)
(121.40598939025897,31.238730427446402,7)
(121.43288740942333,31.24098551028921,29)
(121.38481378757875,31.241894542803955,2)
(121.39645702279286,31.23384353053162,8)
(121.44109917727013,31.240055125196807,3)
(121.39007722701488,31.26154489982842,14)
(121.4107904664116,31.267375708879563,3)
(121.42808223905887,31.27256730599038,8)
(121.4010360122998,31.232263724084383,24)
(121.3988395454648,31.247093748885373,29)
(121.40614992461852,31.244798162428406,21)
(121.45130431993849,31.274615530878762,6)
(121.40149429878015,31.2340846717132,1)
(121.36728259867934,31.23737941789337,20)
(121.40610895628157,31.302449263267558,36)
(121.4267792776878,31.279457364744893,36)
(121.46137804123421,31.2533393480857,36)
(121.37244957746407,31.28691203940027,36)
(121.42614344236095,31.23930354920047,36)
(121.37940473285627,31.233337272553875,3)
(121.41679166381117,31.260951156874867,17)
(121.37647579792457,31.290580535778755,36)
(121.43860143626009,31.25429100881547,29)
(121.40140349023329,31.238857819417845,1)
(121.4292666536581,31.233629805978115,2)
(121.40768786335036,31.301561928290013,16)
(121.42638715364464,31.238901156929888,18)
(121.43617275387794,31.266135497601876,36)
(121.3852886036114,31.29288027824678,14)
(121.41102616618006,31.29687429005581,2)
(121.40634561681576,31.24569472257249,14)
(121.45178237945136,31.254846247682043,6)
(121.447657844736,31.26977032415801,6)
(121.41106115952311,31.23015617959286,12)
(121.40726955052479,31.229040021970544,3)
(121.36260951553514,31.24557212229314,23)
(121.41928285917822,31.234484181943078,11)
(121.4214405487525,31.284677594688368,36)
(121.38473649518112,31.261763448517772,20)
(121.38118578513142,31.243019543905028,26)
(121.43430647307048,31.253479377697523,34)
(121.38086158014946,31.29117165559431,36)
(121.38305720592,31.24574362696877,2)
(121.40452459939493,31.24238996317565,17)
(121.41707928702287,31.239108402204007,14)
(121.41056161465345,31.268528234538973,4)
(121.4060331652129,31.224656970172227,5)
(121.42577855967289,31.27074859754879,1)
(121.42697464128732,31.24018621961896,12)
(121.37082036590301,31.267791948619365,15)
(121.44606731379031,31.2829195673752,24)
(121.4400267276592,31.25886804381025,36)
(121.42268785239474,31.23652124742577,36)
(121.41455068537981,31.27194669957089,1)
(121.38926184675492,31.28246760728062,35)
(121.38517328434041,31.26605741507279,20)
(121.43292468333773,31.23324795357118,7)
(121.393470160714,31.267420700031508,3)
(121.44713658289102,31.263504848579892,4)
(121.45084104753353,31.258219917619673,29)
(121.38334223049091,31.24234738096832,36)
(121.41246214227436,31.232192448707814,3)
(121.44139082243838,31.26502865660571,36)
(121.40242846090521,31.267737710435984,11)
(121.44174453584992,31.259055289763516,24)
(121.39284724055975,31.256137526282036,11)
(121.40781119000432,31.225174219377497,5)
(121.40665133923451,31.22652085473198,11)
(121.42503987532395,31.25448422078175,13)
(121.43073162909103,31.256174191592073,34)
(121.43638444631249,31.243464309174286,15)
(121.37345494571288,31.250520942782813,5)
(121.3775125541209,31.248402936762318,11)
(121.35542805603617,31.28797552487005,8)
(121.3825406477529,31.28057705656623,85)
(121.45641059583299,31.271061852005104,11)
(121.38695117964622,31.247193396218172,84)
(121.45242369611732,31.27567989309615,4)
(121.45743885082122,31.2645872051366,37)
(121.36619170925617,31.30316774846211,36)
(121.39119429238016,31.295629265629472,7)
(121.44282362452365,31.281858479019185,7)
(121.4336198941331,31.278715493912898,1)
(121.45222366873263,31.25847997203399,2)
(121.37034384342947,31.272815607756595,36)
(121.4098976877372,31.240283967749633,25)
(121.46020891849588,31.251734126134142,31)
(121.40129639976163,31.23403931817784,29)
(121.39089340141689,31.294599181062313,36)
(121.43454788787548,31.239363796135436,14)
(121.43027515195269,31.255772940490267,4)
(121.45019160948287,31.261771284434232,2)
(121.43644615798618,31.25274534647731,36)
(121.42201275434404,31.244986260377996,36)
(121.41608632152165,31.295559651883828,9)
(121.43723491042648,31.264335323210094,26)
(121.45676212619675,31.24705453718531,1)
(121.38443565249416,31.274874900189946,1)
(121.4228525363811,31.261994137935005,37)
(121.43040272769203,31.24769270993803,36)
(121.41962909738054,31.237108408477486,1)
(121.42578461168027,31.241870378546952,12)
(121.38185464991935,31.28977911374924,13)
(121.37365469409994,31.267213424684357,13)
(121.41083381859178,31.287932168328652,11)
(121.43173874498527,31.243331886642608,2)
(121.42243933282529,31.244187612898813,15)
(121.38438326437989,31.29858203998455,26)
(121.39205106943118,31.22831990357647,36)
(121.44659556579646,31.242007094098387,20)
(121.40009086279872,31.24543241654084,27)
(121.40769935508698,31.24993645293173,6)
(121.42913477678323,31.28132292176869,36)
(121.40164045665604,31.246927495490727,9)
(121.43354187679785,31.23396655845757,4)
(121.42520176917922,31.239509462749083,36)
(121.45238278624934,31.252610098148704,6)
(121.43838359695451,31.28239931265627,4)
(121.4027168431288,31.248486414308754,36)
(121.36554881929642,31.25095034707037,2)
(121.38858652224253,31.282473615549467,1)
(121.42798057270949,31.24068152027639,36)
(121.39284994492428,31.226184185886662,10)
(121.4319665756541,31.251403198859173,1)
(121.38190699517736,31.281549826542314,37)
(121.44845470738817,31.241866723096912,36)
(121.37369965298161,31.254447979319533,36)
(121.45609580912254,31.25258672699571,10)
(121.41983321928558,31.254377768501676,3)
(121.43815299817177,31.259653054753578,16)
(121.444063211903,31.247115629643904,9)
(121.41277629867264,31.230999085426895,36)
(121.40089760336421,31.255512196231447,11)
(121.39567810314792,31.264215981338243,9)
(121.44118421274611,31.25859438678177,26)
(121.42208290968745,31.25888332745771,5)
(121.38865107605865,31.28286632576968,37)
(121.41116007778125,31.22948085060114,36)
(121.3846506829826,31.231035395861966,36)
(121.37222734285764,31.313197476588172,36)
(121.392704027171,31.268421074650284,36)
(121.4216085993286,31.239490058828256,36)
(121.41210134300181,31.258242532272995,37)
(121.38913314808737,31.27885804054181,4)
(121.38933140007438,31.291268231486388,37)
(121.42857739014602,31.251760832207133,18)
(121.4109017566566,31.2308851256143,32)
(121.4450403415732,31.245859112586352,36)
(121.38387721597628,31.28321155618107,36)
(121.40274614606442,31.24042181441928,6)
(121.43237115128142,31.264279334968553,36)
(121.45633476201358,31.27077789191573,2)
(121.39656481603008,31.250642412308185,7)
(121.42785284678409,31.26509936004899,1)
(121.40228923387822,31.282906820727582,14)
(121.37838469715753,31.27117676821101,29)
(121.44109941739885,31.242818368516996,6)
(121.42357543538463,31.245187246022407,36)
(121.38919353566372,31.257250047219536,36)
(121.38522581387868,31.280897023740323,24)
(121.45205128756818,31.27769707840029,14)
(121.43037362359365,31.25113280273867,37)
(121.45389621317818,31.27387944811871,20)
(121.4016922368637,31.23277812076392,1)
(121.39198856578622,31.291932309764615,4)
(121.38225830630874,31.28040470693789,36)
(121.4486494901584,31.259628615919492,33)
(121.40924292593874,31.302631306812867,36)
(121.3478754344412,31.301671601885033,36)
(121.3837105419165,31.22972899036156,27)
(121.44224771888527,31.2590337578846,1)
(121.42916933183311,31.24231210527218,35)
(121.41519966425308,31.240018326969263,14)
(121.39364870741592,31.24595085804008,36)
(121.42221793864456,31.260306604649205,9)
(121.42067160590965,31.254257219681215,37)
(121.41606303519093,31.246803174656886,90)
(121.41733522930568,31.243428716513833,13)
(121.41604440572384,31.26505322982392,36)
(121.40899226422574,31.2998759604926,23)
(121.41005592662431,31.255581271099295,2)
(121.41810935211222,31.243049669633297,12)
(121.3894341840561,31.28281183794605,8)
(121.43175256297324,31.247976921800728,22)
(121.41346386916892,31.245450501892186,16)
(121.41620702439498,31.29595787462443,6)
(121.42660097987171,31.23949023656093,36)
(121.38229379784617,31.25109625296335,29)
(121.44158653187573,31.242838636944068,21)
(121.42564297713969,31.24188634933344,19)
(121.44637442063745,31.244827950254898,14)
(121.41711897583276,31.247177264094088,7)
(121.42709119977349,31.270957543063368,4)
(121.42505283499186,31.26102579131582,26)
(121.39058912751534,31.264756154169756,36)
(121.44382664151237,31.25823990210957,49)
(121.44117911081574,31.254846492852327,28)
(121.45099663929055,31.24856098994985,7)
(121.44069880570235,31.258922195729998,34)
(121.4440622385795,31.265559400594807,36)
(121.42958513185177,31.246788746281638,1)
(121.3837455915902,31.27023956123911,36)
(121.40662366858085,31.253237912360202,20)
(121.40757325303225,31.29451516260021,11)
(121.4500291683408,31.26898843079419,36)
(121.44438161464652,31.2474342493099,10)
(121.42185244078571,31.239904085239477,15)
(121.37061789545285,31.2315016400972,36)
(121.43784801548173,31.25406404273521,25)
(121.37254373009269,31.229392234972853,20)
(121.39287464590093,31.26260531830979,36)
(121.38225872454885,31.285203669312136,36)
(121.4317062808068,31.232560018118857,21)
(121.37667853094062,31.269634522259278,31)
(121.4269283996839,31.236843747582544,1)
(121.42219907747784,31.28480113954538,2)
(121.42582742246589,31.245101481333663,37)
(121.35596910442707,31.308108230495993,10)
(121.38449245213297,31.241955278598198,36)
(121.38343512073044,31.28586908247266,36)
(121.41271220415277,31.231815501663107,3)
(121.4601406140769,31.272753477358833,31)
(121.3927842830154,31.224785714755768,1)
(121.41075349877231,31.22792256912125,36)
(121.39973986216377,31.246821927852295,30)
(121.42525530643158,31.264907056741013,44)
(121.45366933129588,31.24796349500883,9)
(121.40462920009558,31.237700686211678,36)
(121.43793313412245,31.26850714899594,17)
(121.38522510207713,31.22906806956502,36)
(121.39546142870286,31.29805543817188,20)
(121.41082064683295,31.269516610828624,1)
(121.4589436425531,31.25216006823167,8)
(121.43602786999087,31.24593326044077,1)
(121.46159225526537,31.262535853814985,36)
(121.44498713469915,31.264027469308537,36)
(121.43476982435249,31.253883985284634,33)
(121.38410296477252,31.266916329109662,36)
(121.34337174699535,31.291939466381468,1)
(121.4101994812326,31.231812077799347,18)
(121.38407757947247,31.23705268253706,28)
(121.45934669672913,31.255785970160744,9)
(121.41103232566398,31.243454225659608,36)
(121.40997470669132,31.242753079043865,31)
(121.42429506779824,31.22800492783372,29)
(121.35322582074247,31.279461250385967,24)
(121.39195214431179,31.22913591169663,10)
(121.4112612662809,31.243385153039927,4)
(121.35607880880298,31.29309068192892,36)
(121.40272254018204,31.242686788966555,37)
(121.44467154113269,31.253177306800904,41)
(121.43748512209952,31.236990920591,22)
(121.37671902387012,31.266293786143393,32)
(121.40475428268594,31.2499443522381,27)
(121.43847825812581,31.23443338684327,6)
(121.45305765608487,31.27500641332948,4)
(121.39764543731852,31.260718240747575,36)
(121.3933496217439,31.235749092422903,36)
(121.38374339313911,31.259146583970328,36)
(121.44122834430377,31.244662999666478,3)
(121.45241622634693,31.24746676212864,36)
(121.45905992860526,31.25981884917158,1)
(121.38143336261822,31.280738013648932,36)
(121.41149798264826,31.255001372683687,29)
(121.43387214866833,31.251298296269265,4)
(121.44388855962521,31.24719594992056,6)
(121.39446650796658,31.239531666912317,3)
(121.42879769248924,31.264327127540046,39)
(121.4514087020355,31.248635234024775,7)
(121.45352506810977,31.252464772550162,4)
(121.42262969188451,31.238674999884655,28)
(121.39605727650411,31.293377120755494,36)
(121.37373927833072,31.272485757307564,37)
(121.44742893721943,31.24226473648768,34)
(121.38021920010893,31.241064736835753,4)
(121.4428263813799,31.244686534847975,5)
(121.43399375107754,31.26291385079001,10)
(121.41406221472793,31.26431362131439,1)
(121.42302482824175,31.267041173357143,7)
(121.40314084213189,31.281912754831577,36)
(121.44914005875609,31.251589802000396,55)
(121.35200772250138,31.286062362839257,37)
(121.42306435813164,31.262049010317355,12)
(121.43147718637096,31.266397090672807,2)
(121.44099936294963,31.240116303355293,30)
(121.33732340347765,31.294310006644626,32)
(121.38361416126284,31.238077713554166,1)
(121.45196432571332,31.247579691772838,5)
(121.3736836267606,31.249110253156697,46)
(121.4443837413066,31.271906829186275,17)
(121.43015148913027,31.246276093203697,167)
(121.45610040991362,31.2524749278965,71)
(121.44550122752612,31.257194672804168,20)
(121.40910489256035,31.245854592401418,9)
(121.42198408710914,31.259993874373052,2)
(121.45521164366674,31.271740636170435,37)
(121.39381255577929,31.273668273278712,13)
(121.36434713357906,31.309608977396987,13)
(121.40312903751895,31.24845826005971,23)
(121.37124218339234,31.297071876358014,10)
(121.40994439922477,31.24279157266811,35)
(121.41588737085615,31.263647574174684,15)
(121.41736263656462,31.253326203363184,3)
(121.42442229431086,31.252498840481653,19)
(121.37404496239355,31.275129248873107,36)
(121.39241046499127,31.22989385266115,18)
(121.44153245886167,31.2638269264619,22)
(121.45537472279943,31.254268800138888,31)
(121.42673306080577,31.264953315438476,7)
(121.40817190854592,31.245164314722626,37)
(121.37398954421452,31.309251836296408,16)
(121.4178811569935,31.25071118940461,3)
(121.42161039035312,31.28020553903805,2)
(121.36172780615561,31.24060923407843,7)
(121.43804696499862,31.26872608479339,2)
(121.40882212304393,31.24657473236017,21)
(121.401633675517,31.239133398997815,1)
(121.43675754100289,31.239842188032092,15)
(121.39077887986919,31.267595116617944,1)
(121.3722327592417,31.24863781742217,26)
(121.45532255224306,31.27384028782371,20)
(121.37849938402506,31.277340470758613,25)
(121.44624012445894,31.283126086044913,15)
(121.36898241487667,31.314255998150067,6)
(121.40329127747316,31.2318234250899,7)
(121.37212604971313,31.263553885614186,36)
(121.42079169616727,31.233388803148646,15)
(121.45845353111395,31.2499473632925,4)
(121.38119739957351,31.230363406951085,4)
(121.35418592956441,31.281649040615637,36)
(121.40466870406094,31.231938234300088,9)
(121.40011419472778,31.24915007546033,19)
(121.38337179297098,31.2599351573155,1)
(121.38672634574517,31.283508056509287,36)
(121.44686312104959,31.2417749412083,36)
(121.41132606620256,31.287093790315488,4)
(121.45918701013132,31.25454678062866,2)
(121.44460303678943,31.260756218366836,1)
(121.45007689803185,31.26106878554448,11)
(121.4592802653494,31.25817958358905,36)
(121.37261331172793,31.23487083717405,8)
(121.4550773277428,31.25278476283809,45)
(121.39320419183616,31.23193026317533,4)
(121.38599109423522,31.254497166840693,21)
(121.4022796557838,31.234001347257202,12)
(121.4126446666533,31.274845072959884,24)
(121.45323550565703,31.252453315990557,33)
(121.43010652737253,31.246195892748737,7)
(121.41479456965972,31.271795553182148,4)
(121.38747962701818,31.244028772770843,1)
(121.39787795192845,31.244964442515684,2)
(121.43290156376361,31.231506181795183,9)
(121.45499590993266,31.252658159003758,22)
(121.42629111862482,31.271735576036644,7)
(121.35994528423471,31.28026991135529,20)
(121.40663623378282,31.22531129294433,37)
(121.40991529178481,31.287888877099043,36)
(121.43102347661163,31.25385742342323,667)
(121.38296199539789,31.29053050812412,25)
(121.42632594394546,31.245519383141396,8)
(121.34919770824914,31.29513343224604,29)
(121.39060691056723,31.296520222146288,22)
(121.46144687872248,31.253625316891284,5)
(121.440816336543,31.23602872570131,1)
(121.42500887638343,31.254150099558224,19)
(121.3712747847524,31.313533743991204,13)
(121.34148204364291,31.286103581505106,7)
(121.40455598206698,31.244322858489017,12)
(121.3887651777925,31.2828784171159,13)
(121.40528785535628,31.24450998398124,16)
(121.4230354169894,31.262435197117956,7)
(121.41747801090705,31.257811488929757,7)
(121.43115402087702,31.27858970362805,26)
(121.41123030847588,31.24378433761862,2)
(121.42519529237875,31.270887032675073,34)
(121.43704832974288,31.254227198198056,27)
(121.40372948232707,31.2449726888095,2)
(121.43807612140519,31.248127111155597,36)
(121.38753437958079,31.26090944094368,36)
(121.39027336630143,31.287111582549535,7)
(121.41160337765692,31.23416891655259,7)
(121.39867750037807,31.25805334993759,3)
(121.37727700109247,31.268733473251658,37)
(121.38026430204715,31.274800874116575,4)
(121.42903858362857,31.23194152583861,37)
(121.43261565158203,31.238735970250264,2)
(121.40829359328932,31.24568292458291,36)
(121.38711819694315,31.226731135363774,14)
(121.39014615005448,31.269115700001073,14)
(121.3907334360229,31.28992868539527,30)
(121.3951427684969,31.224578919418814,10)
(121.4458215077554,31.25435743545169,25)
(121.4045450771581,31.29613425170995,21)
(121.37112739097702,31.285499713467683,5)
(121.4143225818177,31.23638729877429,11)
(121.46395844253415,31.259651122924474,36)
(121.41793539779567,31.265296493589954,33)
(121.44650814838208,31.244813873702046,26)
(121.36507105240138,31.246577499723998,36)
(121.35058045274629,31.281311341938622,12)
(121.42591974401915,31.236289916709524,11)
(121.4364163692318,31.254631212214782,33)
(121.34109220266117,31.286447987924774,28)
(121.4090322839923,31.227509227836865,14)
(121.42957482027873,31.264982635700484,17)
(121.40997017054335,31.227782252016144,1)
(121.40393671999358,31.244635897384775,35)
(121.3835054668538,31.25607178089119,13)
(121.39359747326456,31.26660282488302,36)
(121.3931925782143,31.27089640949692,24)
(121.41227209528219,31.23583240214923,2)
(121.4160319130636,31.293687045433458,1)
(121.40585996562727,31.245389413322652,14)
(121.39171720715143,31.276260203688054,24)
(121.40220161512175,31.245909277416047,8)
(121.38560386892084,31.29309623263601,36)
(121.38640324401749,31.2426182777083,6)
(121.42430713079597,31.249384556740765,36)
(121.41293013718905,31.26173345868046,36)
(121.4364312287465,31.25328760411631,27)
(121.42868761658444,31.25074955655642,27)
(121.37483389751556,31.284038815178647,28)
(121.45889891366942,31.26775910889901,16)
(121.38242703410724,31.286519369532684,14)
(121.41008155430444,31.242763932286216,9)
(121.36819402071994,31.301833137956802,18)
(121.3785467746573,31.277288894996296,37)
(121.40997040547865,31.266515231733806,6)
(121.38551661538968,31.277493550222914,36)
(121.4059776495594,31.23023805088847,1)
(121.41229635452986,31.259019824520447,15)
(121.41037162591202,31.228396019902668,14)
(121.42875383252077,31.250618570279784,18)
(121.45183501448284,31.245812771198697,4)
(121.43603305161744,31.25872900601638,23)
(121.40907388474817,31.260223257923638,36)
(121.35358605523932,31.296716834772944,29)
(121.38327161613228,31.247690698958095,2)
(121.38572710120872,31.253230637803544,18)
(121.39312105249492,31.23097477593794,2)
(121.38476409856895,31.274893325838246,27)
(121.35507221531766,31.293151587818805,23)
(121.45575344596168,31.24742038455909,14)
(121.42350819173097,31.264625791848513,1)
(121.42310432943214,31.262119011659113,36)
(121.44151910951896,31.263758270727816,9)
(121.39529109268999,31.269431965162692,34)
(121.43968270233447,31.2613569319489,16)
(121.41299913859558,31.236137487813465,4)
(121.42249470685596,31.260367462134564,29)
(121.4081705068155,31.229086015991985,3)
(121.38203392129441,31.24449706571772,4)
(121.4363703415677,31.253483769954496,5)
(121.41039531032172,31.2555651417594,9)
(121.44822636068194,31.243710962794317,36)
(121.37579699422943,31.234743772924496,2)
(121.43443498078413,31.255542699296594,9)
(121.44611236532319,31.241549910208434,29)
(121.44531539885153,31.243044966649126,34)
(121.42562554319889,31.24586693378271,29)
(121.37565728583846,31.274931157694667,10)
(121.41441400446637,31.2357379191315,14)
(121.43725489488658,31.264527378451348,36)
(121.3956891681173,31.230199690394947,2)
(121.33499154345022,31.29923750658282,36)
(121.42017073397795,31.275493547818186,23)
(121.42941226364894,31.233405824811335,33)
(121.36803967914751,31.284779280813286,3)
(121.43643123753927,31.253388648431475,32)
(121.38037190523276,31.290334806895054,4)
(121.4323818032366,31.282542540283686,7)
(121.34282144521731,31.30258462713055,10)
(121.36633132984488,31.2383176706054,10)
(121.40219962111489,31.27016669122375,11)
(121.4251805640035,31.23954905829858,37)
(121.37477798179656,31.31004764962543,35)
(121.37267694210021,31.264065825590855,28)
(121.3914840189395,31.28996319831984,13)
(121.36399368499569,31.30829323978814,36)
(121.42339408613219,31.26225185811839,13)
(121.35356998205587,31.284687990102025,2)
(121.43787796284767,31.254025984938075,22)
(121.44939865895219,31.24203907605893,15)
(121.36993892917589,31.24451160370737,10)
(121.35239224799874,31.281257529133963,9)
(121.40366126541187,31.22842148932979,1)
(121.42324922382925,31.26236301168683,24)
(121.40544768107249,31.242384043140987,32)
(121.43040454599989,31.250689574892224,36)
(121.39604058941812,31.274143267985046,28)
(121.3855373626058,31.248706713941182,21)
(121.39957209479836,31.25018336431186,12)
(121.41057444719925,31.24371942077851,15)
(121.44637786460098,31.262139313491723,24)
(121.4439884207967,31.25696730345353,36)
(121.43493764842218,31.25473915094354,12)
(121.37632737893635,31.25362184956292,3)
(121.43338463440958,31.251055400239853,14)
(121.3867229393877,31.244419328877072,11)
(121.42797960291865,31.22954344308025,16)
(121.42802721837165,31.248692056730334,37)
(121.35172850429538,31.30025196343066,36)
(121.42108226178544,31.242392703839084,14)
(121.37934152038376,31.299185173357227,28)
(121.39283092546513,31.231796981998194,3)
(121.40182602501211,31.250328393019505,17)
(121.44854006856744,31.259643411504058,28)
(121.39956338490693,31.28711826545783,28)
(121.38941138093828,31.27017276026458,14)
(121.41565829314472,31.29597109738849,2)
(121.4215438703783,31.234640312776897,27)
(121.42303542266036,31.26250022505458,36)
(121.44946090806287,31.25798600832133,42)
(121.38929731148286,31.256154525486536,12)
(121.39415443481496,31.259704367041717,36)
(121.38280063629219,31.277025844240868,7)
(121.43618632284318,31.23848532481762,8)
(121.37781219851284,31.274193384469992,5)
(121.34967102215812,31.290875290576313,7)
(121.44366635946652,31.251429183761097,14)
(121.38225487646392,31.241016724596527,36)
(121.41041447234068,31.243643411206918,32)
(121.4102788308568,31.2589181602657,18)
(121.3911208264582,31.23354170267852,18)
(121.46376858672004,31.255534795961164,14)
(121.43566868982515,31.244979913742498,36)
(121.42845305540013,31.240950192325297,36)
(121.43239976760213,31.23738744257987,5)
(121.43783302515764,31.253891987935607,28)
(121.45266498292263,31.279489541990014,36)
(121.43627065354973,31.24379460591408,7)
(121.39113894140694,31.26915239352504,8)
(121.39382409044792,31.249042329406834,21)
(121.35092872840927,31.284365489742974,17)
(121.4367737013968,31.253455225857607,4)
(121.40363805755842,31.299426459859244,36)
(121.45264216068331,31.2524225063853,36)
(121.39141564300013,31.286245654313717,11)
(121.43464873468541,31.279510995340942,9)
(121.42456625042988,31.24209310291468,36)
(121.42805066479694,31.25411542375889,36)
(121.38229379314357,31.251042229153747,36)
(121.43373217444734,31.251977411124365,2)
(121.4193848049766,31.27032424222919,4)
(121.37129649823862,31.272759336954365,21)
(121.40563195592135,31.256873461208794,13)
(121.34772807715258,31.281799991897007,17)
(121.43606030923901,31.281958258376587,36)
(121.43311597124634,31.250675047647118,1)
(121.38350946246541,31.284584721492866,33)
(121.3738528570164,31.254168051079454,35)
(121.41492947283072,31.259897434532036,17)
(121.41782030544223,31.25200078691256,28)
(121.43051696181956,31.234146027288258,33)
(121.40543399583358,31.223644877399256,10)
(121.46014541250321,31.253901372765938,8)
(121.39293028095359,31.235094549127925,36)
(121.38905573898208,31.27493135365137,4)
(121.38905367068801,31.262688171294123,6)
(121.38466868125884,31.261823636715317,21)
(121.36679131573916,31.25205747631166,5)
(121.41107736303007,31.24400046224965,36)
(121.44486975213523,31.26013100561866,36)
(121.42638929867152,31.263517001965937,37)
(121.42991809090239,31.261444768498592,30)
(121.39013294562609,31.28984023485314,26)
(121.42126040133162,31.246769930990542,28)
(121.41391556504203,31.24476411593914,1)
(121.42825595250515,31.24863481476344,22)
(121.35116694674863,31.291134691052257,41)
(121.45401227755349,31.256848710990436,36)
(121.37626047637471,31.267331684429127,2)
(121.43575590341658,31.283370228587998,36)
(121.36381215982725,31.30908701729198,36)
(121.37224494580617,31.31319777904898,6)
(121.42261638461316,31.25794955631773,36)
(121.40813725500655,31.242477098401423,13)
(121.39201468064236,31.247134409427076,23)
(121.4216848352187,31.242888539038393,1)
(121.38535492265078,31.23696479840094,37)
(121.3901608967851,31.266070417929033,33)
(121.39619570438583,31.23168071525892,36)
(121.4192234968061,31.234251828978305,7)
(121.42423043300059,31.255061832646692,12)
(121.3831492687251,31.283978831120287,12)
(121.39631825279052,31.24181115032525,23)
(121.41840004503717,31.253030952670017,21)
(121.38521368907695,31.281923108370624,12)
(121.45113495325744,31.255806912965856,5)
(121.40089332293945,31.26398000924727,2)
(121.4243937210884,31.279991570274582,3)
(121.38271413778767,31.249439935248663,32)
(121.38609927588686,31.270208767830333,25)
(121.4212644242516,31.234393966224307,3)
(121.42339173658314,31.235294918828956,32)
(121.43059997745124,31.26637301428074,126)
(121.44874062926974,31.25348857470632,1)
(121.44485983051922,31.26637887377909,86)
(121.4245205606953,31.245153509721344,36)
(121.37784052732358,31.254528009067332,13)
(121.41669184034215,31.285267386180323,6)
(121.41587342197926,31.2757338017595,1)
(121.41314859131974,31.261551204728683,36)
(121.42622861657225,31.253778919954676,3)
(121.41196200019391,31.242404571088553,5)
(121.44723726744972,31.252904801558465,36)
(121.4352834878729,31.281800187005103,37)
(121.39477484342807,31.296770832037893,7)
(121.42519746812762,31.23949776188309,20)
(121.37577472109646,31.301020822769644,27)
(121.43277278882914,31.232038574952846,9)
(121.40048922717683,31.260936934505366,13)
(121.42515376143967,31.254456116200704,15)
(121.41300013198386,31.24753060967158,19)
(121.40208101518282,31.229129530424665,12)
(121.45614133640936,31.271798727649642,4)
(121.34878664886033,31.303356505973788,37)
(121.37223904481735,31.313197778223717,21)
(121.43098669062043,31.26125923323837,31)
(121.36433173146118,31.309518875824175,33)
(121.40511411561313,31.287123986823595,11)
(121.42948929812314,31.246341587726548,4)
(121.43764871864055,31.23542298463716,6)
(121.41088740530505,31.24399649365475,14)
(121.3542743826207,31.295737641637377,36)
(121.39118507304453,31.240246047131375,21)
(121.42818009836127,31.260775195970353,36)
(121.38863139575346,31.240803225081365,13)
(121.44788893303745,31.248276806870795,36)
(121.43890852448385,31.239683825817856,21)
(121.43202745693611,31.25097994423227,3)
(121.41026963406183,31.245181119953468,36)
(121.38741514569294,31.296607876897898,4)
(121.43304765480777,31.248318238478603,9)
(121.38281176647715,31.23238234955404,2)
(121.42640318229859,31.239422378681617,9)
(121.43730944000802,31.23680139365693,36)
(121.42307239593364,31.262562225136033,36)
(121.39009102712826,31.282139759546045,69)
(121.4526804545937,31.25684236455479,18)
(121.41733253796626,31.251447773126458,30)
(121.3811326631928,31.25385929282947,34)
(121.38138118594112,31.290914088498898,37)
(121.36757760598519,31.296298296915253,34)
(121.41601902602355,31.293873071963745,1)
(121.37877380573394,31.266561250073003,36)
(121.43994281940482,31.258231890767355,11)
(121.43032971482334,31.280012833201827,6)
(121.39153644912618,31.251820589345424,37)
(121.42180843782754,31.26253361504589,24)
(121.42727877605067,31.2510368683134,3)
(121.38615374286344,31.283051387805866,11)
(121.41061244826638,31.24382046003951,36)
(121.40460021207964,31.286900712831464,5)
(121.38432021530433,31.231778637690358,3)
(121.37898510855415,31.2323593648798,4)
(121.37254895710697,31.289524222225655,36)
(121.41289972923383,31.231699509916112,3)
(121.39985295657857,31.244869008598137,2)
(121.41121529440898,31.24358224989952,36)
(121.38496751734878,31.25992362766485,36)
(121.45507672515568,31.254173468657363,37)
(121.4037900664216,31.225910344975283,13)
(121.41179822546765,31.27884732460594,37)
(121.38045412597315,31.26871598301469,36)
(121.37306650423787,31.230258272339768,5)
(121.40535574342057,31.243170389381937,31)
(121.39274721575137,31.23579876065577,9)
(121.42327804159729,31.23764006818534,20)
(121.42033909016001,31.279921327146603,2)
(121.40685438414076,31.23851435288535,21)
(121.37607352103541,31.271536826623617,20)
(121.4100974368586,31.255521879851205,11)
(121.3681951117987,31.31437292768424,13)
(121.42712037886133,31.250452671121092,37)
(121.38076325065173,31.30025214216488,36)
(121.43209173375558,31.277078893049534,30)
(121.39168347945075,31.268905281905464,12)
(121.44272248167529,31.255066287290315,51)
(121.4456149892944,31.24561637905904,36)
(121.4458556220196,31.283255486531047,25)
(121.38197974249648,31.24317041774689,29)
(121.401066795647,31.229674541989326,49)
(121.37825677973578,31.26256596415296,20)
(121.43652398208748,31.23525737637689,49)
(121.37855988536506,31.270692760701397,28)
(121.34555738723176,31.278368007771714,29)
(121.42368928141659,31.2445968975416,13)
(121.44401882425021,31.243929333021068,72)
(121.43662891975224,31.253323359627732,4)
(121.41347717237316,31.240305914468745,1)
(121.41126129227845,31.243683286592866,12)
(121.4365150927422,31.253243474589198,5)
(121.37803687948849,31.232535384705386,1)
(121.388403104297,31.23978959353352,36)
(121.45619204706303,31.245997785782997,1)
(121.3772442340508,31.27105580577327,29)
(121.38794853115604,31.28387519480612,10)
(121.37816872720065,31.251795183105834,35)
(121.4501149928241,31.252704484735553,2)
(121.44418493091358,31.258113262964002,36)
(121.43443595896274,31.261231589716875,10)
(121.43981509606877,31.281787020549604,4)
(121.39401180281519,31.23287615370602,69)
(121.39371383727342,31.241549419459133,37)
(121.45960764801822,31.272775234687305,3)
(121.45939205802745,31.249804242411837,2)
(121.43723191517655,31.26433432681629,58)
(121.43083994591653,31.26162288041209,9)
(121.43647424922361,31.237725730650222,2)
(121.43766728070479,31.276643927363374,37)
(121.40362428380442,31.240173849591542,4)
(121.38508260999028,31.259606593522197,36)
(121.37859918984226,31.251695157025836,30)
(121.46382332038243,31.26196682347115,31)
(121.39974337376513,31.287065030113563,17)
(121.44147405970067,31.258018510658584,36)
(121.41245238773814,31.25993318267987,26)
(121.42817961912255,31.255275809277588,27)
(121.42393735951019,31.238032403980043,12)
(121.41423576029091,31.23622588090381,6)
(121.3980198260283,31.245337944937713,9)
(121.42423849187568,31.24132401236375,15)
(121.39196104557385,31.234557802815374,3)
(121.40478338683978,31.239636750228524,18)
(121.42165569895445,31.247508912004122,6)
(121.45888244235327,31.25030858627962,3)
(121.44528959134819,31.26794965056751,36)
(121.42405318944914,31.25418559760369,22)
(121.41049273446103,31.22819781431914,1)
(121.42162419236742,31.262688476344984,36)
(121.36416320803349,31.309673456073195,36)
(121.42375881564502,31.23734686824379,8)
(121.42295131835353,31.249754777383224,36)
(121.3894955048022,31.231713053189633,36)
(121.41002592513911,31.25947543629795,5)
(121.38735652030402,31.244131719643526,13)
(121.43312497025705,31.231167485293632,35)
(121.42954472209588,31.24633023894731,11)
(121.42503867599251,31.240721108870954,28)
(121.40992919537105,31.257907940178388,37)
(121.44005498851489,31.23947041533169,42)
(121.41914777923202,31.254080675686144,36)
(121.44562072517998,31.245013300101355,1)
(121.44098666829446,31.25429115808656,28)
(121.42154957274826,31.24724799037877,6)
(121.45540668955942,31.277814768470968,2)
(121.41654959463096,31.281600949837376,3)
(121.40991339146677,31.25926593422169,27)
(121.38117082394749,31.243673821630043,13)
(121.3849987845271,31.262617815989177,13)
(121.37674925132839,31.26843072898121,22)
(121.38002906295469,31.244013900220956,1)
(121.39556865327418,31.29842195810326,36)
(121.36358808655883,31.24562781886085,4)
(121.4593998846182,31.255412905681396,29)
(121.4416040864389,31.272535509560026,11)
(121.38613901144042,31.286302698206303,28)
(121.45950262291403,31.24969126305577,2)
(121.38059257161429,31.244025691267097,37)
(121.44913405462789,31.251390725322157,19)
(121.43219523011005,31.250975753931545,7)
(121.40498928735391,31.23732776051195,22)
(121.42082421427267,31.235734191908087,25)
(121.42848426890076,31.255279519827354,12)
(121.3847581996288,31.261805752169998,36)
(121.44615437718029,31.254152194467764,36)
(121.44098586562592,31.242613479497287,24)
(121.3870645930404,31.225155826480968,8)
(121.40178443158727,31.234743040009832,4)
(121.4146956753041,31.272524893368004,1)
(121.42407990751221,31.2558645784625,37)
(121.44832613618146,31.255100823160475,32)
(121.40387003540866,31.285742566263053,29)
(121.39716449190269,31.300822545270716,37)
(121.3895586421493,31.268884182909648,8)
(121.40586247145265,31.274107825636026,33)
(121.38190268980168,31.232097320262564,31)
(121.39299101961494,31.231613993072113,1)
(121.38913872348958,31.25945923274686,19)
(121.42300541917395,31.262162101229706,15)
(121.38247400415204,31.2740642915622,12)
(121.38719046589182,31.268289108151116,5)
(121.3924374472191,31.26932472220441,7)
(121.39405208880382,31.235867541284243,20)
(121.45590600238687,31.26797070162916,2)
(121.42148348447175,31.261657451940042,1)
(121.45296900702492,31.24802992062467,36)
(121.44848057527479,31.247665541190923,37)
(121.3540228142279,31.27924423283865,4)
(121.44623011677234,31.260538127587147,10)
(121.37881988798999,31.266817410135346,37)
(121.41094833686655,31.24336620091693,13)
(121.41502277660878,31.229490989437775,5)
(121.45839576803388,31.250945929862123,4)
(121.42242819046638,31.260347348332886,36)
(121.43099045670459,31.246768215788276,30)
(121.3460572539503,31.308621338687168,17)
(121.42403387475018,31.255002237110563,13)
(121.43561098995488,31.281811776119124,36)
(121.37893096522062,31.2315159182698,7)
(121.43932605162648,31.26008258562245,4)
(121.39089960277309,31.2946745820496,9)
(121.35655402844621,31.3077452027604,13)
(121.38266780124209,31.246178442619776,11)
(121.37994756722965,31.23502963158519,36)
(121.38773147847154,31.251118121706206,57)
(121.42693645242058,31.237548060149454,36)
(121.40904867891918,31.23323330481693,26)
(121.39034417475064,31.267553176311765,36)
(121.46376759382248,31.255198636250196,5)
(121.43623791630553,31.234674321946976,17)
(121.37601804354321,31.289276466817274,36)
(121.4230893434543,31.26213002718798,35)
(121.43672874013231,31.264551091491686,23)
(121.37453733863924,31.31399500546374,14)
(121.37411517401102,31.27450503073795,11)
(121.38994617827741,31.24187832523038,11)
(121.43631642435031,31.253462831296165,19)
(121.39951080449973,31.247109982881653,2)
(121.41422081215333,31.24895488464519,36)
(121.4087885659437,31.230421592029465,36)
(121.40317260693145,31.233291651424395,36)
(121.42512905152266,31.240587145736455,7)
(121.44450642970469,31.25962739038662,2)
(121.44810867909081,31.253514434938538,36)
(121.36765453894476,31.249141442825948,8)
(121.42161689056346,31.262662674872935,36)
(121.45212206958304,31.24566221797846,3)
(121.42940141406172,31.280834455226206,11)
(121.40307473352276,31.246423562351637,13)
(121.44432809386741,31.2596135596501,10)
(121.38450821617064,31.239047982636855,15)
(121.42757612486149,31.241813406295634,11)
(121.38845313903538,31.29707987932516,36)
(121.384607294411,31.23873493128643,2)
(121.44703151317245,31.26224922381622,2)
(121.39729865199831,31.25607010866355,12)
(121.46026519417948,31.257798151092192,6)
(121.38994732616986,31.261532324048638,9)
(121.36170097997706,31.24992577781048,17)
(121.44391963341107,31.27916268033246,6)
(121.43378587252806,31.237924069128265,8)
(121.40198966350619,31.260238606326894,7)
(121.40738778595623,31.266179508209838,37)
(121.38387611667864,31.278008667063038,6)
(121.46105740907176,31.259079578042382,6)
(121.38828911377021,31.241075085167378,4)
(121.42236459826786,31.284332418864384,33)
(121.33965502888876,31.28699049657489,36)
(121.44388962177062,31.256745717712025,30)
(121.41215319493558,31.24525380412613,33)
(121.43675303531757,31.23936641321742,21)
(121.45641047740199,31.26969527575183,33)
(121.44538937497903,31.27925721524193,7)
(121.38029951726608,31.2327062665771,36)
(121.38296334021746,31.236131698855566,23)
(121.37858999228676,31.231862595829856,114)
(121.40473113471732,31.24827461083855,15)
(121.35571928770594,31.295420995251746,36)
(121.37800690567208,31.23329669917062,1)
(121.43472751197324,31.283974771300123,36)
