(121.46305358560775,31.26666825329991,2)
(121.4359619368594,31.26772607505212,14)
(121.4631514801532,31.258039600085322,1)
(121.37218648148622,31.25592867007175,25)
(121.42970290951729,31.278849974885485,1)
(121.38928985947297,31.23712560512165,2)
(121.42238658743959,31.246601726589557,36)
(121.45003112285683,31.252040349679973,3)
(121.38562589619855,31.284167086336936,2)
(121.37819913668353,31.244532997348433,4)
(121.39561972596073,31.266888009556045,36)
(121.40859091098257,31.245612489866396,16)
(121.40210006305642,31.264038065765643,2)
(121.3841182162942,31.243870793418896,6)
(121.38861304341289,31.282878301755453,4)
(121.37867362988035,31.254535951577164,36)
(121.35445074203533,31.295727942267224,18)
(121.44057275679185,31.23585000810914,26)
(121.39421588492843,31.301172260087537,29)
(121.36253368162001,31.25171287640656,6)
(121.38154922417144,31.231551712804734,2)
(121.43085933747423,31.253584790909922,5)
(121.43643250744039,31.2679779416178,29)
(121.41835848357394,31.25355581149268,35)
(121.4363553696127,31.253535812372167,15)
(121.43791117749461,31.24053010241903,6)
(121.43780188632397,31.251711072757846,36)
(121.39255710505306,31.247540925536704,10)
(121.44942077215892,31.27787264356771,2)
(121.4151192847253,31.235772659386452,9)
(121.37997965347496,31.243997892306552,2)
(121.45552394409818,31.272581343448152,1)
(121.38768544276928,31.25119812036223,9)
(121.4269365169837,31.238289396158034,3)
(121.43416590924572,31.244655641605526,1)
(121.41064340019102,31.243342240911787,31)
(121.42509454299785,31.239696040266644,36)
(121.39783294919184,31.256638572628177,7)
(121.43209363422802,31.277224293145437,26)
(121.38322541211414,31.246912752329294,10)
(121.41361629348202,31.228906001942462,29)
(121.44531839927637,31.242186668743123,4)
(121.38026050131437,31.274798973506343,10)
(121.39796471788476,31.287703663108005,6)
(121.45283571534374,31.279441869410967,29)
(121.44379547694939,31.24587998913408,36)
(121.43635649947528,31.266516420120297,37)
(121.45157487207938,31.273525377169232,26)
(121.40653726409172,31.229122293644622,69)
(121.4449398424629,31.245455927203718,3)
(121.44710967495875,31.254069061544765,33)
(121.40302178774027,31.247159880721213,32)
(121.42289157920295,31.274323337458057,7)
(121.4290257179129,31.256244413265808,31)
(121.38509578720027,31.279935003255005,1)
(121.44608246232617,31.25468328083426,36)
(121.4100114156519,31.25556986186265,37)
(121.37502386297612,31.237801471634825,49)
(121.40406826265139,31.262112577963997,7)
(121.42710340401214,31.239062596462432,36)
(121.44893275090887,31.24282528471193,21)
(121.45326150893945,31.24684633043337,32)
(121.39487049947247,31.22332619696103,1)
(121.4572075071569,31.247238847606898,29)
(121.44777039751415,31.255895166177165,14)
(121.43218695560775,31.272668120666747,1)
(121.42214732124005,31.260371189821388,31)
(121.40764095446464,31.25015441190034,67)
(121.3801536080274,31.232530709686145,1)
(121.38487782946622,31.23166643373925,36)
(121.45806832620863,31.247591154930845,19)
(121.34424425061601,31.285484103948,36)
(121.40759893463658,31.24505928925925,25)
(121.40419600827799,31.236066066464133,10)
(121.46157642507835,31.25246451208129,2)
(121.40662070511998,31.246949207725766,6)
(121.40995820266514,31.237645385351737,10)
(121.43798469837536,31.262311675942783,1)
(121.42318784884496,31.257448932334224,36)
(121.43106845355608,31.259355656757553,28)
(121.39971904613255,31.24534581198376,174)
(121.3730605032204,31.230247971508746,2)
(121.42446427183654,31.241230795013188,15)
(121.442862592282,31.262990290205163,3)
(121.43620476120226,31.27825754657203,18)
(121.39220132088927,31.22971038830531,1)
(121.4276676481937,31.237514379904606,37)
(121.4453149763206,31.26147383932385,9)
(121.38304142316296,31.236943652599777,18)
(121.44768139316453,31.257863653410446,32)
(121.36492225202808,31.25014710607046,38)
(121.4089026233872,31.23122695322368,2)
(121.39585192449024,31.23952323343392,4)
(121.4281958979614,31.250745956354127,18)
(121.43297083960908,31.26630598917868,4)
(121.38855183753232,31.281139542769125,18)
(121.38027020318411,31.274808975053112,15)
(121.46123320393025,31.250677505804703,1)
(121.39489790231916,31.2622086486621,20)
(121.41085552400018,31.300842046243122,36)
(121.36957910625223,31.23023763206073,34)
(121.40306396381632,31.29492098477238,36)
(121.40184773159773,31.228859038912436,2)
(121.43640030050436,31.25355276096688,1)
(121.41483712225467,31.232496262595944,36)
(121.384724292665,31.261833146271325,7)
(121.41266447139517,31.263179800285865,1)
(121.45578545173956,31.247437989391916,1)
(121.42192800048048,31.23555406229151,36)
(121.418651586937,31.23812317382687,36)
(121.37782578259701,31.257693371454014,36)
(121.40434543110437,31.24471561476196,7)
(121.45008089784068,31.257434793022078,22)
(121.43866365806443,31.265561879938137,7)
(121.45519154176183,31.246973958741414,3)
(121.45046061483058,31.25729584207667,17)
(121.37404369147595,31.238328327323636,32)
(121.42321687893808,31.24662414964689,33)
(121.38683053398084,31.241039856220233,11)
(121.44608779475517,31.254472486242264,3)
(121.3877213198526,31.257454581412343,33)
(121.45997051810231,31.249739930939693,7)
(121.40184202879834,31.250926595064403,1)
(121.42465092792256,31.250784906365187,30)
(121.41050033623502,31.255486163781367,24)
(121.42173444071126,31.25862933825667,8)
(121.39713146564452,31.266324456121332,30)
(121.4567673093722,31.255109252823768,14)
(121.39027669040814,31.274097885603833,26)
(121.43590201757186,31.237233220393357,30)
(121.45763941154266,31.27269582536093,4)
(121.43960868260419,31.245660947379772,58)
(121.35774430070511,31.283632671118188,37)
(121.46017151936319,31.27324288073961,2)
(121.44611206525921,31.24154501016449,36)
(121.40552553844107,31.288026405790923,3)
(121.45433213280464,31.2525892002464,36)
(121.42258371260222,31.238466937794332,13)
(121.41450172653366,31.248367613533286,11)
(121.45178536311704,31.243231097897255,7)
(121.3689823848352,31.313910868577988,36)
(121.44239393488253,31.241684869109005,1)
(121.43563742353354,31.24137333644702,21)
(121.38383576682847,31.242239799163702,37)
(121.37453785330125,31.25019254363079,37)
(121.40002934632291,31.239745845819286,9)
(121.40356105840178,31.231907670053108,20)
(121.4113062783256,31.243647261996443,36)
(121.39732775297135,31.245595502210897,28)
(121.40470023814898,31.246115815443428,4)
(121.42518626712388,31.27207364519665,16)
(121.42942613136661,31.249142170031725,6)
(121.44141891545145,31.243722289105474,3)
(121.45407458644209,31.273640755066328,17)
(121.41952752204972,31.243974336645014,37)
(121.44897324636963,31.26103922581254,36)
(121.39941297403085,31.244468752891105,2)
(121.45157787158621,31.26971508490831,36)
(121.36496983142771,31.270947835843554,23)
(121.44173260276088,31.258218201415126,36)
(121.45564677835176,31.247706542059447,2)
(121.36817427348103,31.24749345717464,5)
(121.38468898612483,31.257804048509712,32)
(121.37497302135334,31.287096529029935,29)
(121.46191817196055,31.24878710767253,2)
(121.43888090394528,31.277904816967517,33)
(121.46019093665241,31.249817473389296,4)
(121.40757131618858,31.24913576853128,9)
(121.37132563118533,31.28465863776414,3)
(121.46364329496004,31.268177788618395,53)
(121.40538862656197,31.26473283419511,36)
(121.40568464701244,31.241832810700476,7)
(121.37837140003542,31.290956874550915,7)
(121.40755577141066,31.266089466651074,14)
(121.37774857511278,31.24498468710454,10)
(121.40307532554287,31.231830181283605,1)
(121.45368061722739,31.25732148429518,9)
(121.41410477124835,31.236498331671594,19)
(121.41440510227622,31.236427015974073,37)
(121.43482759083673,31.237125042128437,2)
(121.4365284578304,31.234720165487705,5)
(121.44487070020293,31.271039658060513,4)
(121.43062458301267,31.26420022341898,22)
(121.402372255899,31.247391308971622,5)
(121.38472476785037,31.277224733748003,12)
(121.45170673106145,31.268377220509027,19)
(121.45951470386423,31.255220122288833,9)
(121.42661840645285,31.267517508645803,34)
(121.37032786365339,31.236504529441167,8)
(121.39893762461526,31.236077828806664,5)
(121.3942545594844,31.274239407830432,15)
(121.39974063463707,31.25567983034394,10)
(121.36853868424305,31.31433740268114,9)
(121.40891722814919,31.226711868367392,11)
(121.4354920359533,31.234372347502195,5)
(121.41769947341176,31.271243193691706,1)
(121.38215148175131,31.28384901130188,36)
(121.45596202826417,31.27459527460873,2)
(121.43279019962235,31.25997200326432,3)
(121.41724818501797,31.24686078133765,2)
(121.42919025683636,31.23248092400185,3)
(121.4478405996339,31.271429698333208,2)
(121.38133475532736,31.286607307042274,14)
(121.4303706428329,31.239840767394753,1)
(121.45118204808443,31.269635762370765,1)
(121.42073039650123,31.22942702112878,21)
(121.4081859108049,31.23373414989417,18)
(121.425139857294,31.27078329036808,8)
(121.39224309303606,31.238484672139812,36)
(121.39463027206466,31.29122255307772,27)
(121.43764824648754,31.27592251667138,24)
(121.42284523878978,31.258512639582953,6)
(121.45968045768319,31.269314264769154,3)
(121.37681861491122,31.271513111053483,4)
(121.41228191201911,31.230970303276013,9)
(121.43667702891538,31.278386980441933,2)
(121.35099340117783,31.282205443970323,33)
(121.37687943017107,31.26842387887947,36)
(121.39083039618255,31.231418698778064,2)
(121.42373493377444,31.241084287321343,5)
(121.40491028965914,31.23272988421026,19)
(121.37860949176834,31.251736658560272,23)
(121.40259640815991,31.272759103627134,29)
(121.42898699164533,31.24739055464512,9)
(121.43490620300122,31.237613560006928,6)
(121.37253101760149,31.255990148093712,7)
(121.41311153029076,31.231885715184493,5)
(121.38162358877712,31.269238413460215,17)
(121.3541586731545,31.278705559313927,3)
(121.37222654272345,31.313197776475725,16)
(121.4557035456887,31.27610602337446,36)
(121.38435471987903,31.245611015970013,2)
(121.4045689844288,31.261753926840658,20)
(121.43901582638426,31.238567116567697,27)
(121.40692678078834,31.23160120171835,36)
(121.38743951484174,31.231675141993858,9)
(121.43659748235088,31.264190005213685,2)
(121.42761875895658,31.25537882968396,95)
(121.3716621639496,31.250373034644266,46)
(121.36813097551907,31.279493100786066,23)
(121.38602075670063,31.250276337742186,5)
(121.34990155032318,31.299096257837668,36)
(121.43479461123404,31.263332050488938,13)
(121.41011634159547,31.242474809033407,31)
(121.41193252162972,31.24828920357927,30)
(121.35514104553857,31.288888034498154,33)
(121.36813401339488,31.314422859239034,28)
(121.39005684077726,31.282592883029952,1)
(121.36492151322062,31.31294533664787,20)
(121.34448709293166,31.290595003304734,4)
(121.37139610238624,31.277290706298235,8)
(121.38978421682452,31.238857197494756,36)
(121.38645965483042,31.248698475395564,37)
(121.41239724677796,31.24666737741175,36)
(121.41280144382121,31.245777381184105,3)
(121.38464068440746,31.277289684473683,19)
(121.43992856309822,31.266479456743966,29)
(121.45197919282612,31.246448159547537,1)
(121.40381252920155,31.29994507925079,36)
(121.46022885401062,31.250033484105508,5)
(121.39080008949539,31.231628392769025,28)
(121.3905523124095,31.290160654771192,22)
(121.41831204699207,31.25243073357915,20)
(121.44173232851946,31.255063828158857,19)
(121.40621708448838,31.276186435593253,46)
(121.40955175737037,31.23374604486046,36)
(121.35622743392885,31.301725367758742,5)
(121.42578491175277,31.241864978618793,21)
(121.38232431259675,31.245107627299507,1)
(121.38732493760473,31.226276558761818,5)
(121.3825550942096,31.27402635544219,36)
(121.40373990499313,31.258557998650364,36)
(121.41071198852653,31.229961056674867,36)
(121.38822388314826,31.29650947768078,23)
(121.41082384652849,31.22596028077949,1)
(121.3795911866391,31.270348750480963,55)
(121.44610176317076,31.241779907926507,32)
(121.36280784339738,31.240082555551975,7)
(121.40390882625852,31.232028650189264,205)
(121.42235247178274,31.260054333140577,34)
(121.45147730576195,31.245891882419027,4)
(121.45428808817616,31.273859414190063,13)
(121.42952966304546,31.26255163984576,20)
(121.44436039694318,31.24348539529376,36)
(121.43461075329299,31.261830632869938,18)
(121.39327631914226,31.267277927848586,9)
(121.40234294832005,31.25656088496098,82)
(121.41261118466643,31.24670334150657,37)
(121.41064037078046,31.2696376649895,20)
(121.38843372959516,31.24666069639505,15)
(121.39862989511893,31.297928986195398,23)
(121.4420895332727,31.253519600552742,72)
(121.40546439301126,31.261998667396888,1)
(121.42160038521845,31.2463615026455,1)
(121.38297204062268,31.24331918589761,37)
(121.40822437605708,31.258817684612268,19)
(121.41914237789773,31.254146274429978,24)
(121.38433731060468,31.278016545865988,12)
(121.38759999702403,31.238697297559256,8)
(121.36420030150306,31.246872311631027,3)
(121.39555205325355,31.26221543022916,1)
(121.42134844562455,31.235386365147736,7)
(121.39732904819927,31.26044902045065,22)
(121.40172358106365,31.236635887874215,4)
(121.42167038727283,31.24908531037745,25)
(121.37614416943053,31.25416286807238,12)
(121.45703138922862,31.272959535719583,3)
(121.43724462730923,31.238314846300206,9)
(121.43177110995371,31.277457559516296,13)
(121.43551225000844,31.28306141359049,17)
(121.45198126701594,31.25256211455417,22)
(121.40909559027982,31.245330691481335,29)
(121.45781028289223,31.26245921055435,36)
(121.42406263943164,31.241145066812873,15)
(121.42231236191785,31.26029112433513,32)
(121.41008083270525,31.267172553399952,36)
(121.41344238505303,31.238258642177286,37)
(121.44256190485225,31.244963075413807,11)
(121.42544117924058,31.228105020154473,35)
(121.43317888141567,31.262542659475294,21)
(121.37960658450302,31.27469859135502,9)
(121.43326055709127,31.237199363034033,25)
(121.38452676372592,31.279592532708183,9)
(121.39032029026622,31.24613584281677,14)
(121.38453725635054,31.227649796159795,34)
(121.40558342369044,31.23015799240797,5)
(121.3641949121534,31.31067145744583,19)
(121.42362101679275,31.24085727009397,37)
(121.37241268896533,31.250386438950446,36)
(121.42701971669185,31.28060155806874,65)
(121.42432357065992,31.25460283972166,8)
(121.42640471018838,31.256958155883513,19)
(121.43562088569728,31.246386602269634,1)
(121.44653729763127,31.259417863635207,27)
(121.39734225347054,31.22830165574603,36)
(121.40478412845975,31.248141557100897,24)
(121.44636001764745,31.244833647719528,36)
(121.4244216935716,31.24560578889998,36)
(121.39148384204692,31.28793638249541,16)
(121.45315812469607,31.266055388123675,31)
(121.42522347480077,31.24260086147829,15)
(121.42463595913884,31.250979003789574,5)
(121.42838374691378,31.23649324169253,36)
(121.37875878302805,31.266525218061872,14)
(121.42295944734735,31.26202907689272,16)
(121.40211961777888,31.229517323548293,2)
(121.39975424814733,31.239717748486104,19)
(121.42129558115042,31.236469892156567,4)
(121.41653028038985,31.24351960546203,4)
(121.42093934122225,31.264978691290942,23)
(121.42425803975084,31.254883038704744,31)
(121.45343459883475,31.256082537394136,2)
(121.39226001197336,31.235415057102603,36)
(121.37877477833982,31.277731939942505,67)
(121.43950174320074,31.277409635557344,30)
(121.46206304263539,31.25237661054448,50)
(121.34768467405979,31.281709089594234,6)
(121.44482839681093,31.24596127458985,27)
(121.43899867303747,31.260779354168545,43)
(121.38179165255951,31.279175733860672,3)
(121.42195467330413,31.255092759854197,109)
(121.38289092165849,31.25795154237998,36)
(121.37523946850183,31.287125868384198,19)
(121.40485028839923,31.24990134259869,12)
(121.42946073997157,31.26247567663292,27)
(121.4011831083104,31.255826303440024,2)
(121.40201559264516,31.233438295072514,5)
(121.41675945854176,31.24694303539079,2)
(121.37742135984178,31.270605430661618,6)
(121.38087622395716,31.27538322422418,20)
(121.42199330096805,31.239606857028715,7)
(121.34876255396722,31.28166925397481,6)
(121.43829646455869,31.239741577534367,40)
(121.40959621344793,31.24561079488411,36)
(121.38900869362985,31.27487929690054,37)
(121.44639283252796,31.262126282042793,36)
(121.36826421761512,31.31425498192073,35)
(121.44478228714765,31.24636136561879,1)
(121.3741145923639,31.281193844739406,12)
(121.40227563545493,31.27013069186387,10)
(121.39423585562149,31.23949902290715,1)
(121.43995733677158,31.237913795581797,1)
(121.42171029736765,31.248418988953038,1)
(121.35159368230022,31.296623808848263,36)
(121.4566554745235,31.276777726164674,25)
(121.42852998048689,31.265579396186258,32)
(121.42527288668563,31.240808075014865,17)
(121.45802737068996,31.247663054938773,35)
(121.40691300254488,31.2456125428007,23)
(121.4108191149716,31.22369509062262,7)
(121.42517516269154,31.2396271570387,36)
(121.42767827513164,31.269773614188836,1)
(121.43928499123517,31.260733726481266,37)
(121.45925700879765,31.268178499883184,1)
(121.40719377017231,31.23153617155223,7)
(121.38206442157255,31.269388420575474,2)
(121.38609068310433,31.283087348654057,21)
(121.38566348332513,31.262769467810013,36)
(121.39220132088408,31.229748388231393,29)
(121.42769127761967,31.26440032724886,37)
(121.45383133963611,31.27555304416055,36)
(121.40723974801631,31.23129606091264,13)
(121.42902840059644,31.265635697512064,5)
(121.39216634779618,31.23055800739677,4)
(121.4466706917107,31.283251629657244,4)
(121.39253757490496,31.227495124577576,99)
(121.42070893050946,31.246833920817174,24)
(121.37978102494642,31.254221026633765,19)
(121.38231082710894,31.274198186358152,5)
(121.385718622994,31.286697496153945,1)
(121.39439408918663,31.259854712514215,3)
(121.33244491328024,31.301082365487165,20)
(121.4365989986868,31.253685557947133,4)
(121.46271178832042,31.269588285624828,36)
(121.42568540835804,31.23515520187168,1)
(121.45955945248832,31.24792604011232,36)
(121.42909965179739,31.233557205653295,19)
(121.43536503505696,31.255095769884992,13)
(121.40927600269264,31.22463987334394,13)
(121.38822204062785,31.275387910448764,1)
(121.45512926328436,31.2535149764307,11)
(121.422012416569,31.241110522390226,4)
(121.43873979926154,31.25718416344037,12)
(121.36636359355983,31.25226093801484,4)
(121.42567092434352,31.23929494545187,36)
(121.4138354845532,31.289311067573607,14)
(121.40999616996238,31.262221624409612,36)
(121.4374982095702,31.261430515712735,4)
(121.38498631919782,31.291875932341707,37)
(121.41729284070367,31.243200126129963,36)
(121.38286286859724,31.29036634623099,7)
(121.42754224205758,31.2688202882081,28)
(121.38613741596625,31.268002108491498,36)
(121.34872435254255,31.302743558030016,28)
(121.41095737455608,31.24382140324524,36)
(121.41061243352254,31.24365138433215,8)
(121.44355889357955,31.243689918914697,3)
(121.33838648518281,31.293723382592553,27)
(121.40564521348759,31.236884572317607,3)
(121.44056457521532,31.25524817753428,36)
(121.39194173607308,31.274547418454024,2)
(121.37503555102003,31.24218621405798,37)
(121.42900621283081,31.234332883225193,21)
(121.41191039173599,31.258191552221803,14)
(121.39250620019057,31.272000464465403,36)
(121.4122661908284,31.239849051947314,1)
(121.41604321974957,31.25145833307854,18)
(121.42724922099842,31.250252466234706,6)
(121.38683804949771,31.24440441768111,37)
(121.40357894588718,31.24785127834398,28)
(121.40907947506457,31.241237490800504,4)
(121.4151192832428,31.23575565164375,4)
(121.38380462117286,31.22945195105783,27)
(121.45454472753798,31.254123186496933,5)
(121.40358389824044,31.30457584431813,20)
(121.43142637365699,31.262103988708358,18)
(121.37222895860597,31.248639716887798,24)
(121.44125422476527,31.24286412894027,5)
(121.40784032327083,31.249661326779805,21)
(121.4154562022154,31.248042050852867,14)
(121.40028435908096,31.238765406480045,6)
(121.36704392254671,31.309067801601042,55)
(121.40497365802324,31.231068864592263,27)
(121.42747955262584,31.268416116561966,4)
(121.43750774109033,31.27893509369893,17)
(121.37637737675935,31.267536280999945,99)
(121.45202195084559,31.247318598763048,1)
(121.45759027586635,31.26007743584853,2)
(121.44103247334719,31.265033201433624,32)
(121.43759222639326,31.237241578857095,2)
(121.41347417202,31.261367573206478,36)
(121.44088172262552,31.264775318012912,36)
(121.40654269057391,31.287863501601752,15)
(121.36811684050262,31.289734247480318,36)
(121.44199521287047,31.25971636637925,8)
(121.44065049410806,31.254646194718404,18)
(121.38148033017096,31.291208307458877,20)
(121.42781733079394,31.26283215196862,11)
(121.3652422975183,31.249571144918093,36)
(121.34668895409355,31.279522564852332,36)
(121.35454844510163,31.278426116802912,12)
(121.44538647997231,31.245938909355264,1)
(121.37756658844857,31.270975753916158,36)
(121.44482981888116,31.244126909999615,8)
(121.41894592774696,31.22850258153136,31)
(121.44441247551896,31.258022849988205,36)
(121.35617923569825,31.307248378841617,17)
(121.39150084396593,31.231536622881244,23)
(121.38633280729489,31.235794110976286,18)
(121.41021676643894,31.228145656994972,36)
(121.40488165984756,31.23118691037006,37)
(121.40943920595863,31.261628435165505,36)
(121.42367605729827,31.264812747123155,2)
(121.4025211860189,31.28726982223787,36)
(121.45982159461423,31.26910464266728,1)
(121.40973134660571,31.259543895822695,37)
(121.37210472839516,31.28785731579202,21)
(121.45056448594792,31.258512174179824,1)
(121.40907862677598,31.231507066696395,5)
(121.43445750468415,31.236689970194433,1)
(121.4226146939303,31.238552955120948,2)
(121.38095283109625,31.22900297838045,7)
(121.42262733859188,31.2494305106482,1)
(121.37161580563769,31.281415700409525,36)
(121.42517786334578,31.239575057692914,36)
(121.3992589374278,31.248439714488516,23)
(121.37307088933086,31.296298733228305,57)
(121.4119568960736,31.245834786194965,32)
(121.39573293879533,31.245659817153857,37)
(121.38095561127969,31.23271463647312,2)
(121.37733848906348,31.27338550223588,36)
(121.36190160830681,31.29678263393062,21)
(121.38230881953157,31.251145289448402,3)
(121.43627043572732,31.241290481792394,17)
(121.42330070758712,31.245505590196718,11)
(121.44034624478194,31.236686205011743,4)
(121.38405152253604,31.259720704236283,18)
(121.40776167563202,31.265109042892114,4)
(121.41444171163548,31.247858201943426,36)
(121.40761360732648,31.229843386194084,36)
(121.45313828898867,31.26970307550718,4)
(121.38905421611544,31.26894483812547,20)
(121.43500077465752,31.25727217674089,22)
(121.42383559651732,31.261191073271874,13)
(121.3885803008453,31.27493249956827,36)
(121.37336279970008,31.25043478694848,15)
(121.41879527842505,31.24710012828194,36)
(121.41061248708932,31.244265659257675,36)
(121.36258752853715,31.24879567317273,36)
(121.39410422283139,31.26490534687375,27)
(121.41820908149492,31.252103641428896,36)
(121.42128173449844,31.24956977621368,2)
(121.43536728051144,31.28088070357607,3)
(121.38876044625239,31.230712521716107,13)
(121.38296694092756,31.236189699345083,17)
(121.42393377889103,31.241385272996894,11)
(121.41109934656524,31.232402204555218,13)
(121.41861354552786,31.23036230856849,1)
(121.40722459905705,31.229582272461403,34)
(121.43722172014817,31.23752487545056,30)
(121.42436913190078,31.250063808935437,36)
(121.45939338309496,31.254087007204987,2)
(121.37885791203112,31.26652532805649,36)
(121.38853206848728,31.238054907897855,9)
(121.37639341114249,31.298949754248714,11)
(121.38722894797846,31.26192142125016,4)
(121.34787543063158,31.301627584766184,26)
(121.39114752754689,31.22987003545909,12)
(121.42187656642017,31.237436684661276,2)
(121.42551127294126,31.241453051732886,1)
(121.38514641669414,31.29107775613721,35)
(121.44621731647933,31.25203619476728,10)
(121.37924448972048,31.232899897464776,19)
(121.38665277300947,31.231792551179232,36)
(121.41720009623725,31.253323669315666,36)
(121.397651140171,31.244306874559136,13)
(121.36370976944545,31.239411216671115,14)
(121.4399657478596,31.282286013555797,1)
(121.46263361323153,31.26249023522256,1)
(121.35956922173729,31.2780693344152,36)
(121.43418744665522,31.266356861288457,43)
(121.39099106927505,31.237486412561417,4)
(121.45610638593446,31.27136061658508,5)
(121.43136175418681,31.244249690314174,8)
(121.45080651747874,31.25510858579243,28)
(121.38204785513314,31.232040439611254,10)
(121.42990180772162,31.2465444108631,7)
(121.43090724002833,31.243052645027454,36)
(121.37317776057506,31.230144402372307,36)
(121.44096496123612,31.243642073723723,17)
(121.43173647578365,31.23525821796489,1)
(121.43615711379096,31.258514241868156,8)
(121.42993461557664,31.246526717533527,26)
(121.45650008659679,31.269528756246523,36)
(121.42202670055514,31.2330328448321,9)
(121.36462051360127,31.2521652905717,36)
(121.39864828172313,31.244956728658757,3)
(121.42182634224118,31.26247931888208,36)
(121.40202919662076,31.24282875233862,36)
(121.39434188985405,31.231496700537264,2)
(121.43604116782811,31.23411052329848,37)
(121.43644621326672,31.253380625262103,32)
(121.41283906550193,31.234698874220733,36)
(121.43033633703878,31.258775182096617,34)
(121.41597609715515,31.2760223811685,1)
(121.43635640148867,31.265390940511853,36)
(121.43361109623352,31.237618138908637,2)
(121.40204960106334,31.229094310236643,2)
(121.46303765060509,31.25537141901046,36)
(121.40467353137744,31.287264142425034,2)
(121.39644426134585,31.234918857253973,36)
(121.40767096184577,31.24887642059697,50)
(121.41028663974949,31.268202137529588,5)
(121.4105284430368,31.243565358931242,8)
(121.4333412458248,31.24993672513804,2)
(121.42523298960724,31.280874264216845,7)
(121.38035688216593,31.29028377054716,36)
(121.43166721664032,31.231228450191384,3)
(121.35776571036217,31.279361757663064,36)
(121.38760207776618,31.259383627369683,15)
(121.3568652834103,31.291975566158097,36)
(121.3990376874122,31.247823141777367,2)
(121.40110937544976,31.248394083714757,9)
(121.40060342343045,31.26141957349427,1)
(121.38834915009986,31.282441342073586,10)
(121.39297866262139,31.2620595236047,36)
(121.44217924903755,31.241591433963936,17)
(121.4526943688786,31.24472499105115,19)
(121.44213467744805,31.244654605030473,10)
(121.42206510133148,31.264828864058757,2)
(121.44068550810813,31.28395984522765,3)
(121.43697866830698,31.257040792465563,30)
(121.46151371785673,31.257758693548535,1)
(121.44516672666936,31.27814613050084,3)
(121.39263640795805,31.26185823238641,8)
(121.4189997431107,31.231011744619167,9)
(121.417142581963,31.253233857438794,1)
(121.38346100976648,31.238286663143285,8)
(121.36014032418973,31.24174863674078,36)
(121.4099772073098,31.2425406799706,10)
(121.45629526616894,31.25241206634738,3)
(121.41718331277724,31.23800342607763,42)
(121.40544901441145,31.257670795848842,34)
(121.43705622847722,31.253210742094176,42)
(121.42618781162574,31.25729363246315,35)
(121.45410874502609,31.24780123012665,4)
(121.37687969372683,31.271452157052753,16)
(121.38932833154857,31.256080516007025,47)
(121.39425650905298,31.29657448000378,21)
(121.44878207677414,31.242790543986253,34)
(121.44990196682716,31.25842738119585,23)
(121.43075663507219,31.256291196407435,3)
(121.44070892970535,31.257695131490816,18)
(121.44285131357627,31.25593646359977,13)
(121.42254591854639,31.249449993677235,36)
(121.44160150337134,31.242826608624817,10)
(121.39316295040727,31.275395276361657,72)
(121.37704982597711,31.293287291203868,6)
(121.37238848273131,31.28690395621557,36)
(121.3554438021583,31.29623184574316,36)
(121.37618443496123,31.268080911588317,32)
(121.43516915567145,31.279698597089528,25)
(121.39335535365642,31.301463892454326,8)
(121.34100802283126,31.28654486871368,5)
(121.44457168829764,31.24110310310874,36)
(121.43731720661229,31.280724089016648,24)
(121.45561977215392,31.273340462820432,6)
(121.4175058319688,31.233016413342092,4)
(121.41526571441197,31.252914271922005,1)
(121.43350228849621,31.27999169931688,5)
(121.44785467046046,31.261099272810387,10)
(121.410062428309,31.24250709775777,11)
(121.388808660154,31.253536017624373,20)
(121.40309913031948,31.248587653741527,36)
(121.38826291108543,31.29642547478576,11)
(121.3724035018628,31.286857957263173,28)
(121.40702704015176,31.246061743369207,36)
(121.44284824902752,31.247088571241402,33)
(121.38723197868214,31.296676755795687,25)
(121.44237911056484,31.254869740702798,9)
(121.39853842325203,31.29295798635886,5)
(121.4191360734538,31.27134994183757,2)
(121.42769073041244,31.23875291973991,37)
(121.3995026705755,31.287117753387484,36)
(121.39644828442867,31.225987206326717,29)
(121.4276561028666,31.276964539308874,3)
(121.40398425869073,31.262200604782375,37)
(121.37760433115679,31.227572882002445,4)
(121.41475864543423,31.22918671718716,15)
(121.42538711397684,31.234988009343915,25)
(121.3861871738879,31.230168412478275,8)
(121.38790040695483,31.25999512834188,31)
(121.45477292465526,31.25105462607257,29)
(121.42255241864979,31.231552928427433,36)
(121.42307434917626,31.26204600184085,15)
(121.45760598102908,31.267768623740178,30)
(121.38796249192217,31.271800207048166,21)
(121.40854117446582,31.296353504858168,19)
(121.39759151041362,31.229912500762744,32)
(121.39937624274256,31.262029279719478,14)
(121.45296881401197,31.245802930175973,15)
(121.42390280829092,31.241397301864165,27)
(121.38081225882948,31.25368388391815,21)
(121.43802379142194,31.26629508435193,36)
(121.42406263690378,31.241116053750076,36)
(121.39981444748284,31.24486800093498,2)
(121.43796182779823,31.254063886160427,25)
(121.45175522830277,31.269682045712305,4)
(121.42176908039544,31.24647008430992,3)
(121.4368825394884,31.253588139505,35)
(121.46092235103286,31.25419875771111,4)
(121.45087743657018,31.266107846347122,6)
(121.44856347979773,31.24195956789578,28)
(121.41087001779701,31.228040236596957,6)
(121.44897330568612,31.261722520095216,8)
(121.41739348838543,31.251273668321637,36)
(121.42996107035631,31.238883759644775,27)
(121.43638439496786,31.242874044548877,1)
(121.37595795475592,31.300726928819667,40)
(121.41881699725366,31.253887206838645,2)
(121.35456379468921,31.28849216924656,32)
(121.41113209442233,31.252529234609895,2)
(121.44399993824075,31.242550692915316,3)
(121.42320323785827,31.26206091519247,37)
(121.44756354767362,31.245158092377697,2)
(121.372213740579,31.313197774686163,37)
(121.45073199676379,31.25725030901776,35)
(121.40769886271582,31.24429094320394,1)
(121.43095295709904,31.235000044228716,20)
(121.40456378316894,31.261756625773014,23)
(121.44716338695291,31.257788163951794,7)
(121.39285584245916,31.256372427429255,1)
(121.4327927942651,31.255364998785026,36)
(121.3814273694662,31.280899073707733,36)
(121.39561233256163,31.27389195888403,19)
(121.37306357901322,31.230043208824164,35)
(121.43499871269098,31.260155901316462,37)
(121.4058765246351,31.22392109877215,4)
(121.3954999434417,31.24229575999644,27)
(121.3999171865099,31.261297320290247,4)
(121.37246860367237,31.2292640778353,11)
(121.44094897836636,31.237008214543224,1)
(121.38436220835122,31.229250375311175,35)
(121.4125961993529,31.246818396399313,3)
(121.37736855398228,31.273662652952012,1)
(121.33939552795195,31.299557003053593,30)
(121.36496981997314,31.313237741652188,22)
(121.44969029824952,31.258371194077764,23)
(121.40387230455478,31.285823462206604,36)
(121.41097139515846,31.244093522601915,31)
(121.43769303053746,31.25388123591108,36)
(121.41445581570325,31.26949196270003,3)
(121.44082382391329,31.264743391210448,12)
(121.41217394976812,31.245967531264082,28)
(121.43922889999139,31.279369872531326,22)
(121.45221170387781,31.255057503556994,1)
(121.45919257189863,31.253578211902408,8)
(121.45153810889667,31.245238473763425,1)
(121.43482250951736,31.23969760749807,27)
(121.45811468595413,31.264639487911303,36)
(121.41090238918478,31.243849425266557,37)
(121.42681568626885,31.260026387434536,9)
(121.36423081737291,31.30978196359835,4)
(121.3650192443049,31.249371487772944,14)
(121.44749535656669,31.248703492358604,37)
(121.33793989181578,31.298967091808,7)
(121.4365138547065,31.2390121347171,4)
(121.3648235996346,31.312084627137725,36)
(121.44536838652569,31.267422293974942,36)
(121.42523022025982,31.249114702927635,36)
(121.42693651271429,31.238240373954678,8)
(121.42712036142768,31.25025258279035,7)
(121.35618502917055,31.30243306241034,14)
(121.3699233852821,31.23650782800233,2)
(121.38281211776213,31.236420192699434,2)
(121.40901742985363,31.22916199282482,9)
(121.4396685825261,31.261497701873154,7)
(121.36806918286003,31.28785217779562,34)
(121.36479967973523,31.285010461323058,36)
(121.37887295314106,31.266773450235934,14)
(121.4271011304337,31.229348172071415,2)
(121.39172739704719,31.28073960861171,5)
(121.42031171854774,31.268569000391786,2)
(121.36931986290588,31.243871458901562,3)
(121.42399471083182,31.241246164110674,26)
(121.36428642515773,31.309541970547247,3)
(121.3649139121527,31.312922035809397,30)
(121.36434413318189,31.309535677217294,11)
(121.42140435858009,31.250040285950575,13)
(121.41015625130575,31.267302768835204,24)
(121.42915625125673,31.25244187994184,15)
(121.43727638413704,31.24759196548876,6)
(121.42148261959636,31.284410455730942,7)
(121.44682352333814,31.28325325632663,2)
(121.41170695555724,31.24357426940683,45)
(121.44723688157592,31.248459840729232,7)
(121.36813205236541,31.29188012839189,33)
(121.41640969935463,31.234259739862942,36)
(121.40616511707871,31.24700014445731,28)
(121.38929796211693,31.231125218374,24)
(121.43032206544609,31.266918693164623,12)
(121.41296879994512,31.232138669288705,4)
(121.3928424590954,31.268858430213644,8)
(121.41970516712581,31.27567293597373,5)
(121.44205172618453,31.254928275963408,7)
(121.41836712954087,31.230836993794107,29)
(121.39877936858595,31.25681400311713,19)
(121.39975501867178,31.248555702353364,18)
(121.41436679278922,31.236879207104508,3)
(121.37210167778201,31.24817815108605,15)
(121.41270995700954,31.24444831099752,11)
(121.42260465359486,31.23857455756748,8)
(121.42772059551748,31.23758836438816,36)
(121.39198855032967,31.291755239030724,36)
(121.40992129341222,31.259628335151543,2)
(121.4368087449026,31.275239098724658,3)
(121.44630280576405,31.244849637656262,31)
(121.42888720278854,31.236988979092597,54)
(121.4266245269545,31.234581286505506,1)
(121.4479004615222,31.263105413067,70)
(121.44325686976393,31.282726321792303,2)
(121.40242534364714,31.231994919915977,19)
(121.3796241554703,31.24456783407947,4)
(121.40060168767226,31.24151680980713,10)
(121.3803858595868,31.26662402340139,36)
(121.37405902863868,31.252620633020037,18)
(121.44229927598752,31.245310449208663,29)
(121.351660290604,31.299432522633037,22)
(121.36495412719974,31.278329217899202,36)
(121.4107408641021,31.225958293619573,12)
(121.37214029928845,31.24312494930597,2)
(121.40274864616732,31.24749058488599,36)
(121.42397873084181,31.24130720373942,37)
(121.44819542658269,31.243703014883604,29)
(121.44726410758669,31.25751278193463,36)
(121.40558283033161,31.30127878065909,17)
(121.37651412238128,31.269868627720392,6)
(121.39903638288749,31.23285739313775,4)
(121.43954055009024,31.268698759657237,9)
(121.45920945304518,31.257115075495257,18)
(121.39687500937337,31.296922892962897,12)
(121.46086246458697,31.265171639064263,27)
(121.3829658407074,31.23618999915957,22)
(121.40127419089266,31.287117007479996,19)
(121.39600589290309,31.23193974055081,4)
(121.44100899283967,31.24288421499445,1)
(121.38770145065119,31.251118097838297,21)
(121.38887992937762,31.27887285778885,20)
(121.44595040593941,31.246768321295427,4)
(121.36508975721246,31.238685218347257,9)
(121.39899855389544,31.261492905911574,36)
(121.42074863086803,31.255199584582602,4)
(121.44073271236391,31.254981009448237,37)
(121.43908665157964,31.284597042980984,8)
(121.39639894753537,31.268038082444086,21)
(121.39516070061964,31.246647975844375,36)
(121.41117731653681,31.243733324556267,5)
(121.37495945010201,31.242291167541723,9)
(121.41506988738458,31.276802548003623,37)
(121.43799269483684,31.25312343128303,29)
(121.38435050845513,31.278827055622024,10)
(121.42340008560922,31.262306877367237,12)
(121.42928506302877,31.26375039956088,1)
(121.35431925373058,31.28162303722626,8)
(121.44814539606759,31.27659431222945,1)
(121.3800416433311,31.269066693691666,36)
(121.45283965613694,31.251977921354644,30)
(121.42328115171348,31.27331363479389,1)
(121.38933066409145,31.282832819378523,5)
(121.45414092693844,31.244881171850952,4)
(121.38388011841197,31.272838878670125,32)
(121.40397297435855,31.304771975278896,36)
(121.38869356452192,31.25360095913309,7)
(121.40630941013583,31.23885249508319,1)
(121.35167228256195,31.285164054539134,1)
(121.439598342434,31.234378767483776,19)
(121.39763459690478,31.265103143012787,35)
(121.44032974375254,31.242226252682567,1)
(121.38767328248858,31.283936001842573,37)
(121.39895715663424,31.287959131339374,2)
(121.396808341532,31.274926148016394,21)
(121.45683539999767,31.246621364268695,4)
(121.40781345923553,31.25120200773286,10)
(121.37047196420713,31.27223732620437,36)
(121.40306326479977,31.28691878028316,28)
(121.4378627655841,31.251474885217288,37)
(121.34048486144214,31.296885333433266,5)
(121.38798033490257,31.30423130150686,29)
(121.39060174208082,31.259495900529487,37)
(121.41178715588867,31.243645164953783,21)
(121.38735858945972,31.267881071555284,29)
(121.39218242610555,31.242812584634365,4)
(121.3895867392875,31.276387810052757,26)
(121.41344106351336,31.245246697510993,6)
(121.40890464333924,31.245491251562775,29)
(121.39079554342332,31.267654528853765,39)
(121.41381525602188,31.233807797437183,30)
(121.39945901018258,31.261158115366023,19)
(121.41526532849177,31.248489320006684,29)
(121.45373213727348,31.270481117574107,25)
(121.41496939287443,31.270635003688582,3)
(121.34855154482594,31.297684270607142,14)
(121.42400968144197,31.241067072075413,36)
(121.41087293333685,31.261473170707085,36)
(121.37335116998916,31.289445227307127,29)
(121.36664983179931,31.237743878825526,1)
(121.36583149419826,31.284894961328508,12)
(121.43493199307719,31.23624053267045,3)
(121.44137485296048,31.265044687761403,36)
(121.44884287234535,31.2419640619155,36)
(121.44590553200437,31.258653619297004,37)
(121.38752701795495,31.27098551885671,30)
(121.4592021812978,31.256979808971405,14)
(121.38265663598592,31.290398157963164,36)
(121.36747956076228,31.25282381313956,1)
(121.42458992060746,31.25021191626751,3)
(121.4517822089701,31.252880386527817,6)
(121.37991993920787,31.257906854129267,15)
(121.4229768277162,31.28442371514301,3)
(121.38830302706738,31.23993458186275,13)
(121.44831017618712,31.243666792036397,18)
(121.43677481775879,31.266281769046437,36)
(121.38631741850995,31.28848456748953,33)
(121.40023916788503,31.26109888422624,51)
(121.35384529073917,31.281712253373637,34)
(121.37967088270729,31.300170950063755,36)
(121.38064724403006,31.290324092355696,9)
(121.4272157840319,31.265172459560137,34)
(121.42932948702936,31.246294727228687,34)
(121.38566548234373,31.28935845141184,27)
(121.38077512260791,31.26414037261332,16)
(121.43210976369171,31.23282569021968,23)
(121.42833963118845,31.257517633620107,36)
(121.399385147297,31.231901340757627,37)
(121.43262149168818,31.249181476798427,2)
(121.42533007090172,31.259995380920866,7)
(121.4091232971089,31.244098899601386,36)
(121.38570152782323,31.262836529684876,36)
(121.40138952193385,31.24844310843134,17)
(121.36497203766774,31.249243782503235,11)
(121.39838046757512,31.236892999092813,3)
(121.39280019818607,31.235174508099405,31)
(121.39636826525744,31.232839177576835,22)
(121.37483382801652,31.24423343047567,4)
(121.38498874170531,31.292839826365825,25)
(121.43067429486995,31.264150833534103,17)
(121.41181001591404,31.24211047166021,36)
(121.40514478116118,31.232314451062734,6)
(121.38681078783843,31.287642805173935,36)
(121.37432647708829,31.25324124102619,2)
(121.39262163663155,31.287541937668394,36)
(121.42399470830395,31.241217151050638,15)
(121.40577762895094,31.248452371135475,1)
(121.39110635183155,31.268680775014467,24)
(121.42856518591924,31.241687848555035,22)
(121.44293569596732,31.263328000485533,12)
(121.38680786725482,31.254137698520204,36)
(121.36898242236533,31.314342030428776,25)
(121.42744832769671,31.253982925534704,15)
(121.42310617152447,31.28323386550749,5)
(121.36735051258313,31.28939701011346,36)
(121.4511503072176,31.260281826321087,6)
(121.4463966244715,31.241692659850635,9)
(121.45621205250643,31.252110777585205,1)
(121.37411393314937,31.273617704666496,29)
(121.34867815166584,31.30156501691492,37)
(121.45532063127288,31.251674772940284,3)
(121.41081842031228,31.243996505312076,36)
(121.44638852356753,31.244834952713973,36)
(121.45270922808008,31.243507416801734,2)
(121.4358849184762,31.274362341279865,5)
(121.37226316355404,31.251838515006465,2)
(121.36842334437281,31.266565102825734,17)
(121.41853849910332,31.270677473981678,15)
(121.36364408514135,31.247374692326996,35)
(121.455924230783,31.275838872062824,17)
(121.41611103082006,31.238214389020463,10)
(121.39267280525911,31.2661250806426,35)
(121.36911497556315,31.249062482407496,24)
(121.41604253727333,31.243631856999542,20)
(121.43961026757155,31.277849655197898,8)
(121.39669701026504,31.27503793961107,11)
(121.45285521907712,31.27955747230571,26)
(121.40987028083944,31.259667324466097,11)
(121.4152337079833,31.24421817476122,12)
(121.40768336978343,31.25009552366598,9)
(121.4280300117316,31.280737749091816,3)
(121.41651570662881,31.248318750785952,7)
(121.43269149309643,31.261771893146484,1)
(121.4303900541736,31.256307053360654,6)
(121.43268251574064,31.250421955201375,1)
(121.39196514715957,31.229443013532226,13)
(121.43515201794061,31.262671320655492,37)
(121.43526491088566,31.24045439529541,33)
(121.37489144840428,31.254926680674917,33)
(121.43558044360836,31.23850405539885,36)
(121.39151617736624,31.302964348051585,36)
(121.44980436518829,31.272000358863263,2)
(121.45745339108805,31.264661921465226,7)
(121.42581581630641,31.239739024467077,13)
(121.44720596714873,31.248694999386363,21)
(121.4487131528584,31.241939287015207,40)
(121.38929730538001,31.25608449496511,11)
(121.41541236422263,31.272579660502895,4)
(121.39209710533274,31.228347945386435,27)
(121.42707881481401,31.25837177393806,29)
(121.33590134166,31.296146026252785,26)
(121.4555450098266,31.25251934347291,17)
(121.38019611077847,31.283716944169853,2)
(121.45210128843948,31.24680614458089,1)
(121.37223026791962,31.2296259324308,7)
(121.34885272193124,31.28067497769464,27)
(121.3655219264651,31.238459533717435,40)
(121.38066190876884,31.28626547171548,6)
(121.3678939694116,31.23697636409313,2)
(121.36623920362102,31.30935690214573,34)
(121.4458438287396,31.249124549200676,34)
(121.37264519859335,31.256059327014242,36)
(121.44322688901724,31.282233991670914,4)
(121.38571696437819,31.267671606326434,31)
(121.45477445623717,31.26872626234378,3)
(121.43648262658427,31.235827730609227,13)
(121.44557802259864,31.256628296306424,26)
(121.40987078096647,31.25906782575029,36)
(121.40878418565254,31.225714414484816,1)
(121.39880723438999,31.23219500980858,1)
(121.43393282533819,31.26275485591285,36)
(121.42269469636922,31.262282373240225,37)
(121.4028478709032,31.231872135129,36)
(121.40507416361629,31.24823862684203,11)
(121.36967827022883,31.23026178069588,20)
(121.42479536752813,31.245947646744167,2)
(121.37845995844616,31.276921582143522,36)
(121.41069586459257,31.225855253115885,2)
(121.41916756621903,31.23024630204802,57)
(121.44075738917928,31.258385752892572,39)
(121.38334723877671,31.24237839967162,36)
(121.41453574615826,31.272571967053292,3)
(121.43590784603096,31.266643197950824,11)
(121.39193764800486,31.23592031708741,11)
(121.45812239090226,31.25967404656896,1)
(121.36584885339407,31.2847649099801,34)
(121.42246780017747,31.2597752576789,16)
(121.36414180500499,31.309918953057814,27)
(121.45542049958887,31.25300315049084,3)
(121.46375330951994,31.261507815336742,21)
(121.44996312308415,31.261793721678035,10)
(121.41082131551293,31.224292189978158,37)
(121.40570502861378,31.223252298871294,33)
(121.4559930534592,31.275777702811766,5)
(121.41205536812055,31.258381602868475,59)
(121.34886775709667,31.29705252550036,36)
(121.43937403547771,31.283785476299453,1)
(121.39218269524511,31.231652849950237,23)
(121.41721764738499,31.251965053353654,37)
(121.42874199877994,31.232689159427622,19)
(121.41359242236416,31.24619965840747,2)
(121.37754782273218,31.227911698318902,2)
(121.42357714134121,31.26475579638083,18)
(121.38150486081295,31.227977021054468,36)
(121.37214784003191,31.26940386178251,2)
(121.42321826553439,31.262529105542068,13)
(121.35161418309707,31.299306391711024,24)
(121.34867825307813,31.30273647187948,36)
(121.38654889174026,31.257312867549345,27)
(121.41897165850605,31.252761536635262,29)
(121.36502924643254,31.246770094408888,28)
(121.4394717897959,31.271435217212524,8)
(121.44852304010547,31.24739507104511,4)
(121.43657547540539,31.25391272036889,37)
(121.45384162467089,31.27087037720152,38)
(121.39285504226311,31.256506927006207,12)
(121.39496031691105,31.270899998493547,101)
(121.44405234474246,31.266774001848585,14)
(121.4147071548216,31.23223518768669,36)
(121.42585545053561,31.24194322429253,29)
(121.40909268958309,31.244134193182727,36)
(121.4269894478044,31.23815028580285,36)
(121.39612240958127,31.24863432315996,1)
(121.39284746180876,31.256164457162185,9)
(121.41650029341866,31.243490605151706,3)
(121.41061506462093,31.229682437014223,2)
(121.45097445704228,31.279419067513548,2)
(121.44883422612813,31.254916256086343,6)
(121.42411018575842,31.259374080027982,13)
(121.38179184477681,31.281381641660527,55)
(121.43651510301476,31.25336152636743,15)
(121.43551538356026,31.26200299108654,7)
(121.3595690218222,31.277694435223523,36)
(121.42044279952518,31.24992515436031,33)
(121.40221621923318,31.236063099440738,79)
(121.3902402597004,31.28247918625236,31)
(121.44983410622297,31.2582904482386,33)
(121.46268314276128,31.258783681048257,1)
(121.35337144846264,31.283247057283898,36)
(121.43984873542612,31.241957999445884,9)
(121.4446403298939,31.25003897643561,36)
(121.42251918892401,31.277677994674782,5)
(121.38594084975115,31.229046723499042,419)
(121.40584651674362,31.23905306387449,5)
(121.4035544372717,31.301475038540275,37)
(121.44319504656633,31.23965759158553,12)
(121.36527967526524,31.275125115634964,4)
(121.45149452866751,31.271915123208473,2)
(121.41225639749139,31.259377988839155,35)
(121.43363407291015,31.237727161023063,8)
(121.41205204104884,31.265005299598865,1)
(121.44543315399751,31.25476772934636,34)
(121.44796434978939,31.25369050985118,21)
(121.38962108191227,31.27332809833801,2)
(121.43935680896138,31.268732624864267,18)
(121.41008083270461,31.26717575339359,5)
(121.38492931666094,31.281052497516697,20)
(121.4205179975462,31.23452048724565,23)
(121.37127368470853,31.31297194510743,36)
(121.45394372116279,31.2709432611648,7)
(121.41014053819949,31.255273594599366,36)
(121.38701426700122,31.276429616141044,4)
(121.42523427917625,31.259308732085593,1)
(121.3671795616431,31.23565670369308,8)
(121.35131556841391,31.299443916425908,36)
(121.35968302387256,31.248403865135813,18)
(121.43613789755149,31.258371258501906,44)
(121.42945759950346,31.23368734460673,19)
(121.38823990373788,31.296579517726187,73)
(121.41006622924581,31.24250049856089,30)
(121.40543516762287,31.270896452419773,28)
(121.45580800771951,31.246907651389783,27)
(121.44541737717314,31.245474650141364,13)
(121.41593709500127,31.260890486266675,5)
(121.37846946016828,31.277207283024183,36)
(121.40359508814218,31.260917997591225,37)
(121.40570782778133,31.25535780514951,9)
(121.39820456602,31.281125208922287,8)
(121.38308765631805,31.28409762047688,37)
(121.43794666227961,31.251876946877033,17)
(121.39016159293935,31.274053786682924,31)
(121.37012967460065,31.286425232562287,1)
(121.36108660861572,31.28011758473298,14)
(121.40696736092156,31.261191373943106,25)
(121.43729182693794,31.252960315577983,36)
(121.39115846332152,31.268731584577736,18)
(121.36888258748122,31.249018136495682,36)
(121.38567771562792,31.253781582795764,1)
(121.44729836621008,31.28058473776155,7)
(121.41479464065476,31.27260889465349,1)
