(121.40830174757387,31.254901609326115,16)
(121.42569509018251,31.244995654268166,37)
(121.41093334159454,31.24338221068299,4)
(121.38991149119022,31.259326473982274,18)
(121.43798028983537,31.282651975421736,27)
(121.44793046379712,31.248167446088765,31)
(121.41891031900039,31.22977807173775,64)
(121.37911716512994,31.265577210271477,68)
(121.42279120728513,31.25762129095593,10)
(121.43684309389695,31.25922664864496,37)
(121.43201247638886,31.250971957477162,3)
(121.39130020344221,31.282211935368622,29)
(121.43652986995215,31.280957759757083,22)
(121.39885437867748,31.245111871212334,36)
(121.36317999053298,31.249445377168282,26)
(121.42531662923436,31.254781125369867,15)
(121.39500747925216,31.245134223601124,23)
(121.44195920101261,31.24144239370644,11)
(121.43206128030165,31.28386287045859,16)
(121.36795071468536,31.314540641291952,21)
(121.43588783701136,31.241905240635443,4)
(121.41265717006121,31.246700328740776,2)
(121.35431644344389,31.27860755799349,19)
(121.42970336732559,31.25012404895676,36)
(121.3787277375898,31.266468159286088,14)
(121.3561921258133,31.2825706296039,50)
(121.4160530324051,31.238139189033518,3)
(121.38536512617618,31.25321697482535,12)
(121.38951149652213,31.256187696420245,35)
(121.36585126283086,31.250983183168117,36)
(121.41018205767276,31.267096874616,36)
(121.44467379408962,31.2789338163829,7)
(121.45553637687989,31.27791554152883,36)
(121.463729182224,31.259966982686347,3)
(121.40106401770379,31.24370791705237,7)
(121.382958285557,31.247945510601546,32)
(121.43195049627623,31.23877357670259,37)
(121.41305228851387,31.244988547749873,13)
(121.36419281218383,31.309492259886273,36)
(121.43740483557337,31.243684048672247,3)
(121.37844455029362,31.257075803057845,31)
(121.45622705985316,31.267354751352357,30)
(121.41249598933096,31.23259099621879,4)
(121.3921313847174,31.26572257669138,37)
(121.3783916451378,31.279354866213957,7)
(121.42387764601807,31.250376668463797,36)
(121.41226793946048,31.24270563732974,37)
(121.45150215014797,31.2454964175866,34)
(121.4277736895774,31.262647108814775,19)
(121.44619048239973,31.244841717950067,23)
(121.36702902032637,31.309060199770034,35)
(121.39825325262161,31.269465236652845,13)
(121.42868021474726,31.250337255825592,33)
(121.43013736414558,31.246866957892202,28)
(121.4295751452533,31.26871122125091,2)
(121.40855435729058,31.245677078597392,36)
(121.42303644932979,31.274270211812226,3)
(121.36202915755827,31.24490606725559,36)
(121.45210587059016,31.26018428858337,9)
(121.43191104403036,31.278843977806396,2)
(121.36975565455883,31.252549172570035,21)
(121.44552194226085,31.243112303159126,30)
(121.42783693296047,31.254420757916677,37)
(121.37792489761426,31.25749139669521,18)
(121.36374569911769,31.295564085583596,36)
(121.40133816668656,31.278923149677716,26)
(121.4631134187722,31.255131137596496,5)
(121.37265926363322,31.245035482865337,11)
(121.4237892447859,31.24521509882107,36)
(121.3908999028402,31.29466618212314,36)
(121.43056365623558,31.242791893086594,16)
(121.41231638527584,31.2704437131339,34)
(121.43446594361936,31.261561695162793,5)
(121.38346993932919,31.25100075430908,5)
(121.41654961445916,31.28182804296562,1)
(121.42273116024136,31.267951768619113,4)
(121.44638012182462,31.244839051234013,21)
(121.37903516222258,31.299246924523057,36)
(121.45389898011699,31.26178807769412,11)
(121.3890676416796,31.250730978226333,37)
(121.39302750422291,31.239952523614217,57)
(121.41422080997206,31.24892987357004,33)
(121.44544494804813,31.241939023488005,17)
(121.36333139443057,31.30878446369525,26)
(121.45516097175529,31.25105783055263,23)
(121.37286242986721,31.289448599249194,25)
(121.43535909624427,31.260203471784504,37)
(121.42010290520858,31.27586378638137,15)
(121.43706811602033,31.285687385845254,22)
(121.40110835348418,31.25577883795727,3)
(121.44098898814197,31.241526213758732,19)
(121.42711866000668,31.230717776386943,11)
(121.40261071306308,31.247521256917594,11)
(121.45622091823083,31.269283500101697,22)
(121.38970018190986,31.227768064933233,19)
(121.39084231315483,31.23013195185426,1)
(121.38846743557751,31.277389931430584,3)
(121.38158931106149,31.232002960557086,5)
(121.41022406808267,31.255591606063945,14)
(121.42783193476467,31.27660156335193,2)
(121.39157546868203,31.28286338139093,27)
(121.37231717241598,31.252593220979584,3)
(121.43056290002907,31.23410496011558,8)
(121.45301765972003,31.27987145883695,16)
(121.36610573685778,31.282163253508283,26)
(121.38010920394196,31.25153820076606,8)
(121.43037122015687,31.247634103688764,37)
(121.3883047460677,31.259667302080803,37)
(121.38271998268831,31.28375875939137,37)
(121.43043513606513,31.246430654961877,21)
(121.39143765305089,31.286169637863082,20)
(121.42406344046357,31.250337165259488,22)
(121.43258371156023,31.251107370833992,1)
(121.45272140660485,31.24614824559006,39)
(121.36821233340898,31.24744749102303,2)
(121.45520702405834,31.252967575950997,5)
(121.39767935539416,31.285025465340603,17)
(121.45607518079049,31.256587355088225,3)
(121.46154901377024,31.26992009839666,16)
(121.36888323331281,31.314057784312237,36)
(121.34884635348415,31.303210810002668,18)
(121.41749264336282,31.253695686559208,15)
(121.44736423375092,31.279410857710307,4)
(121.41622570787615,31.246634123143792,2)
(121.41490842574858,31.270708055922576,8)
(121.3781146005437,31.245410894040468,27)
(121.4059834268006,31.29868314119506,37)
(121.42705038507451,31.238186247449676,36)
(121.4286764117756,31.23425758487214,16)
(121.42362338235007,31.23673894128605,53)
(121.42178813282139,31.262589510706277,36)
(121.40885150263917,31.252709611677965,18)
(121.37438540168755,31.228324093620113,36)
(121.41021444412297,31.231417894740087,2)
(121.38129478585283,31.26452407420568,8)
(121.41058947424992,31.244064572924746,36)
(121.42040678959357,31.234878175115586,36)
(121.4053856007602,31.230038423947768,4)
(121.3828282782024,31.249558098683135,36)
(121.40386919158242,31.250156340722036,15)
(121.42288320310284,31.266964730135214,2)
(121.43640169193576,31.269537642456072,1)
(121.42519986871321,31.239492662388017,4)
(121.40244515977602,31.28715876229562,13)
(121.41032932182851,31.23026134653183,1)
(121.39422909643713,31.246159271698343,13)
(121.42736289101246,31.236429167054798,36)
(121.41980455822623,31.26948828493349,33)
(121.36398613655778,31.2494271169514,1)
(121.4523812261688,31.27024941406399,1)
(121.39194226244199,31.23604232744909,25)
(121.41107737262669,31.244110511493332,28)
(121.39035302948716,31.22813699538118,1)
(121.42452926232845,31.241827012359778,3)
(121.41022706893114,31.23534674562304,6)
(121.39766654313381,31.251004164342326,54)
(121.40126941446063,31.23554614091279,14)
(121.41009992903203,31.225271070357792,6)
(121.36245239480178,31.245560505147505,13)
(121.45947761965824,31.252628254115415,7)
(121.38926729458477,31.256255547429962,36)
(121.43796183693694,31.254168932151146,3)
(121.42697140264532,31.261085286179206,36)
(121.42698944187957,31.23808225498059,27)
(121.36506308534187,31.238113689051442,8)
(121.36492343365069,31.23888269842571,35)
(121.424123578711,31.24109499763726,36)
(121.38754768288466,31.257866349562335,26)
(121.41964408046748,31.274199355875844,5)
(121.38491449048735,31.260253722658984,4)
(121.45509112725362,31.252403674133802,23)
(121.45502440118634,31.26313831920009,31)
(121.4552958879003,31.254641633568237,84)
(121.40245638641306,31.243881312797683,1)
(121.39248006067976,31.23827909278152,3)
(121.38509897469127,31.23320566890163,6)
(121.4379079186106,31.254084969595414,36)
(121.3914990267789,31.289923192015344,37)
(121.3973431665131,31.265740871334323,22)
(121.39682386571087,31.238229977655,34)
(121.43799529658315,31.240645618314705,20)
(121.39830908990307,31.29024681797946,15)
(121.38208747587979,31.243895069611774,1)
(121.43213710557139,31.283033446607515,30)
(121.39915737884773,31.301062396855627,3)
(121.41117731531544,31.24371931828452,27)
(121.41713310400895,31.245200093453384,35)
(121.43491361131733,31.240098053553393,20)
(121.44135874724138,31.240563252534226,15)
(121.34243191599124,31.283280214955084,9)
(121.39056832448975,31.29015266255295,25)
(121.44075780238475,31.263136802005075,20)
(121.36430812770327,31.311268269122372,36)
(121.37936832757887,31.288833100193038,36)
(121.4310535850421,31.262495613067248,36)
(121.37122849234805,31.307843656075804,34)
(121.41890081689733,31.234199461577575,13)
(121.39943155524337,31.268737177120457,36)
(121.40807133884613,31.242440484834713,36)
(121.44431434017068,31.265732329047324,4)
(121.42352487984815,31.238466748921383,40)
(121.44134645262649,31.27787008014455,22)
(121.44822675455455,31.248249985572393,24)
(121.43701730254209,31.253343852574716,36)
(121.41625657178368,31.245252494660033,35)
(121.42422347673218,31.240989873489802,5)
(121.36493971578979,31.312961038747897,13)
(121.41051349358327,31.244110605336015,10)
(121.41205336512944,31.235414389081768,17)
(121.39064945647804,31.231297165604214,19)
(121.41710757300419,31.247182161696024,9)
(121.43660941533874,31.247180672351522,2)
(121.42170261169616,31.262341293364212,36)
(121.4031253643397,31.299374749335733,36)
(121.42250040617694,31.245615208395602,36)
(121.37722394299118,31.280399279515645,26)
(121.38667593246883,31.233367291843944,7)
(121.3854044285568,31.28711831073991,37)
(121.46000165463629,31.263796981823972,9)
(121.4547740726402,31.26430137926928,1)
(121.37936832748326,31.289305599169058,33)
(121.40086639592387,31.255818989368116,37)
(121.44101877344875,31.245283480734184,21)
(121.40408486790702,31.24912035305786,4)
(121.40352543150705,31.276451184532057,3)
(121.43185263561936,31.25034085727825,37)
(121.36532592523004,31.277064991333887,16)
(121.43324688991319,31.252270114369608,35)
(121.42726877363116,31.251092166160145,12)
(121.43046511888099,31.246667729030932,36)
(121.405389747273,31.23969299348186,8)
(121.39638774432277,31.274305167399532,2)
(121.36548383889091,31.24977153554711,10)
(121.41088736273129,31.243508275051656,7)
(121.40183955063105,31.232653261111377,20)
(121.43209062678702,31.23331027539969,107)
(121.3687933294684,31.24774944855315,16)
(121.42744738986464,31.2432181553282,61)
(121.35161249560467,31.279819562760423,36)
(121.41640017633333,31.230089558951814,2)
(121.38105897921801,31.281510946422998,4)
(121.38574900822816,31.238663570999556,36)
(121.4593461759765,31.256664295753353,67)
(121.40293004096257,31.25026624066187,12)
(121.42326929602679,31.243930454412965,26)
(121.40673772982605,31.253938221095733,16)
(121.43859763201478,31.237110839734434,6)
(121.43214410179118,31.283098465319657,33)
(121.43016093232941,31.251617237713905,36)
(121.39653975723635,31.227153779238638,1)
(121.3919865303305,31.26860370981113,17)
(121.4259607298092,31.240443219669586,23)
(121.44004172041295,31.259087116736886,37)
(121.3515976079537,31.28148121923682,36)
(121.43812603676497,31.259582061390606,14)
(121.39847060549579,31.306820379783943,11)
(121.39219519831256,31.229472056521786,37)
(121.41368662414467,31.23357037096924,22)
(121.40444605280662,31.30450771390954,18)
(121.40978886077632,31.25951030784571,6)
(121.38295890358525,31.255044636411366,22)
(121.44051249745463,31.24312438504204,2)
(121.37044505982651,31.272409322217538,36)
(121.44115060355992,31.250285696033913,20)
(121.41207082734307,31.229302583527947,2)
(121.42695948012542,31.238150312628264,10)
(121.40297448284689,31.23229316003815,19)
(121.3976015804949,31.23066385062202,36)
(121.37284216273406,31.244673611220346,9)
(121.40972747573835,31.242293898083012,14)
(121.43081132618543,31.25466107921185,4)
(121.39451137855443,31.24739397205302,13)
(121.34899846839438,31.28570829598748,15)
(121.44769879573693,31.254040163519456,31)
(121.37969471810109,31.2545791559168,2)
(121.4518512469248,31.270068060581934,7)
(121.41192366522417,31.23844279300821,36)
(121.37373815856552,31.23771577645831,1)
(121.43690334843886,31.251777316257815,36)
(121.37323298231789,31.243269434524304,36)
(121.41647108112647,31.263803519868766,3)
(121.38434221519593,31.25762898930789,10)
(121.37215784106304,31.2721025527211,4)
(121.43593672677166,31.243970114816488,17)
(121.45277156696389,31.249100785710084,11)
(121.39085058906888,31.290626044418904,24)
(121.35961209653426,31.297033118884872,26)
(121.3716021947357,31.297651204534663,36)
(121.45428623018287,31.25242722222541,36)
(121.40473080535928,31.244497929284822,9)
(121.38386521393961,31.280961158932964,32)
(121.4587524976211,31.255060146231624,1)
(121.39450929381277,31.223465073040735,9)
(121.45288504873328,31.246222282891324,1)
(121.40541258775406,31.29868192398416,10)
(121.37714694647283,31.2701449185611,36)
(121.42558784307258,31.24887029987613,36)
(121.44645903820015,31.244824465086015,6)
(121.43425363984782,31.25450589172646,1)
(121.3650814943863,31.277089634417248,36)
(121.40486775683894,31.261760187886175,36)
(121.41226664820672,31.22789288788225,15)
(121.4461701027751,31.25444912845144,4)
(121.40512935916608,31.261891595851562,30)
(121.39143605039091,31.26779801536708,7)
(121.41346239002571,31.2393046443771,1)
(121.43683805490095,31.24004942840362,56)
(121.37210472331833,31.309090168698255,17)
(121.37808828637144,31.29395975236238,36)
(121.36004378778803,31.24925594439507,19)
(121.394572333486,31.24644958431876,8)
(121.4457819016982,31.263440511459482,2)
(121.44138095818765,31.268590304384393,36)
(121.44133324771506,31.268659995398476,36)
(121.40470228618713,31.272968259704363,6)
(121.3739147686232,31.263608216673614,25)
(121.4354107869906,31.25304781499341,4)
(121.39829226551095,31.269421232712922,5)
(121.43721548382473,31.24760705421823,36)
(121.38708271734035,31.249380831823146,20)
(121.41345653305109,31.294508715504634,4)
(121.38241078356381,31.283857271750996,37)
(121.41591263323176,31.232535881089508,2)
(121.38833773585844,31.28216980096665,10)
(121.4513438994425,31.281388748669496,3)
(121.40839741580555,31.297005112707982,32)
(121.44057548995268,31.26728584570688,3)
(121.36200146234295,31.28367159330121,34)
(121.37184859486412,31.250210660744663,59)
(121.42354573410968,31.248306656108394,10)
(121.36724095200326,31.309087626057664,15)
(121.39820672984132,31.252230788759103,8)
(121.40397897681984,31.25897821379761,36)
(121.38231127705077,31.244872509423775,22)
(121.44051888830406,31.260908089893814,14)
(121.38201320508315,31.27103756485384,32)
(121.3643608882439,31.250315081333046,20)
(121.41127628371356,31.243626258241722,17)
(121.402107085229,31.26427316786765,5)
(121.37718971166814,31.23222927192154,36)
(121.39153717026353,31.253582216845437,26)
(121.44350213225421,31.260106134771576,8)
(121.38268147499963,31.28371485303041,13)
(121.46019702360121,31.273272984237792,1)
(121.37817085045917,31.276191624431902,10)
(121.4571072936413,31.253356763388634,2)
(121.45751474885843,31.27059230820232,6)
(121.38589533121215,31.28310370492218,36)
(121.39810772843693,31.25270796075181,22)
(121.45636416004294,31.273048047703337,7)
(121.42397871985858,31.241181146997306,11)
(121.35400653633872,31.292292810855738,37)
(121.43189769677448,31.251733421107843,4)
(121.39894318572394,31.29980883405953,15)
(121.38583185125682,31.276521421291942,31)
(121.40428123060124,31.24996130774771,11)
(121.4390149342131,31.27847504131169,5)
(121.37832729023414,31.232833849409907,12)
(121.42151568345328,31.27399013349122,11)
(121.38403294781637,31.282184784934522,41)
(121.38856500288898,31.25994362123471,4)
(121.33722316846605,31.29421277751199,36)
(121.39017389565554,31.231476109950997,5)
(121.44051488384626,31.243836121024724,1)
(121.37040545353206,31.272062817644862,2)
(121.44013889627949,31.240106579441814,6)
(121.42891096723889,31.246079045737613,31)
(121.37865871746939,31.26727342476722,36)
(121.4276526642027,31.237506390146645,37)
(121.44701105128227,31.279422495554666,11)
(121.43427730038601,31.273942180360955,19)
(121.38728017658919,31.24100925656909,18)
(121.42881219395211,31.258808737244312,37)
(121.38305044885999,31.284010014394696,37)
(121.44918179401736,31.24790812784183,36)
(121.45520879260475,31.27337332720894,3)
(121.37168368675565,31.267304900162323,24)
(121.37428941458069,31.276178992768127,35)
(121.38877585845509,31.23316286564068,4)
(121.44374383188848,31.270061096587824,24)
(121.44359713474768,31.247309472429816,29)
(121.38876751523249,31.240796325066622,6)
(121.45228427165573,31.255541574970298,11)
(121.44779300333717,31.251918383392255,25)
(121.43512238393107,31.266355933715655,37)
(121.4182930592727,31.252437746222935,37)
(121.42519036639496,31.239518660378355,27)
(121.38261679689182,31.281285422248644,14)
(121.45242236814923,31.260372402279742,1)
(121.38529166090215,31.2921523143711,36)
(121.3868252847884,31.281708402441815,23)
(121.36500754263763,31.249418186301206,7)
(121.42136476636979,31.239210090180897,10)
(121.45493316330217,31.258324477636073,2)
(121.41944575989811,31.26898127262305,1)
(121.33777456609582,31.29394306815268,31)
(121.42526151272074,31.241356213803996,36)
(121.40383995114968,31.27037506558004,11)
(121.37838302430839,31.25195449459293,4)
(121.4232782356295,31.239867075831636,16)
(121.45870004437383,31.251746619503333,1)
(121.45943261447435,31.260031233999367,2)
(121.44712397874417,31.25833937291406,22)
(121.42799672502493,31.254104469754758,36)
(121.4107884377513,31.244122566720236,5)
(121.38367449030683,31.229591893253417,29)
(121.4245511384489,31.240644462787028,27)
(121.44510195457175,31.24585962355895,31)
(121.45660479953905,31.251123806235057,14)
(121.44762688109736,31.25425575072038,3)
(121.36681178504506,31.314697051666116,10)
(121.42519716805505,31.23949946181792,25)
(121.39480587799291,31.296953920290342,3)
(121.40198753576446,31.24683453265889,34)
(121.38657087089459,31.293367701669734,4)
(121.38739212847955,31.29665887844604,36)
(121.42446632791378,31.241896092722378,34)
(121.37443578056882,31.289421589092278,35)
(121.42461914816799,31.238615975324752,18)
(121.43622839270306,31.237356983625435,4)
(121.42621736776164,31.239326496063434,3)
(121.4119360125319,31.289534225816695,4)
(121.39578693539319,31.268226658278163,37)
(121.40923839801764,31.229117952099422,4)
(121.42669308700526,31.25330530745128,25)
(121.33518971674087,31.29602262100762,6)
(121.3649814389389,31.249450983169773,36)
(121.43632741851538,31.25419997173674,17)
(121.39952812443991,31.262176576099478,16)
(121.35956902175951,31.277909034749516,18)
(121.3721591603184,31.287268802794944,19)
(121.40174820733482,31.236398004472797,9)
(121.39435528284426,31.23837064792631,19)
(121.39836010418992,31.260808081129156,19)
(121.39724552194565,31.266339510500043,18)
(121.36201502777406,31.280044983441027,36)
(121.43670410995495,31.281089893246875,19)
(121.4314823865607,31.230375261045612,11)
(121.41195475041523,31.248160934822824,2)
(121.447240328767,31.27241328135651,12)
(121.42215702607304,31.237988014158645,27)
(121.45467417610311,31.251168878377207,5)
(121.43818741923107,31.253666400136932,36)
(121.37983962661642,31.244108569593624,18)
(121.39699841072773,31.23459929684073,11)
(121.37241151712722,31.229278009636236,35)
(121.40583448891063,31.22846272516981,5)
(121.45777934705112,31.250760181733195,19)
(121.40695076069466,31.242844304736447,5)
(121.44853526709969,31.25961939648676,7)
(121.40410847266962,31.26878321877987,27)
(121.39330357584717,31.224085694437036,22)
(121.37313370761942,31.253357778437742,6)
(121.38760326959672,31.273057449925886,36)
(121.36482059900841,31.31283572507619,30)
(121.45591428220341,31.27120726471986,1)
(121.38834647884777,31.229752680044683,7)
(121.38025883107538,31.231258294072745,61)
(121.44448486227468,31.2755862020389,1)
(121.45811410400285,31.257918592740374,16)
(121.44647124073585,31.244841767190973,18)
(121.36396928161895,31.308350536869938,36)
(121.38417825863604,31.23210751966528,23)
(121.40629840383487,31.29241501902278,9)
(121.40909509017294,31.24413149368604,37)
(121.4067374048758,31.227273604803496,2)
(121.38947845984943,31.256087628794216,37)
(121.46059804744465,31.261931678657128,6)
(121.36667711032864,31.25196026642137,1)
(121.43443720064786,31.275487630068127,31)
(121.34718006258692,31.303192924137676,36)
(121.4553239682205,31.247566218741348,4)
(121.44579003043012,31.283059006883,4)
(121.39455784343863,31.296755697730628,19)
(121.44378126174027,31.26434960844475,6)
(121.40629570414582,31.260984682299846,24)
(121.41490479764566,31.22910768076505,11)
(121.45659290451466,31.274034761600763,36)
(121.39530905145996,31.284103025186475,7)
(121.39863877067468,31.246922263797902,2)
(121.45897400333392,31.25954042166169,2)
(121.37342419906057,31.253972420274135,30)
(121.41152065496412,31.24857241474183,10)
(121.42609088631066,31.241821941694035,26)
(121.44593323108191,31.254261455336863,36)
(121.39657882080937,31.227654028212747,16)
(121.427164226077,31.237779960757805,13)
(121.42317312393452,31.26045324430246,27)
(121.39960413181412,31.261943500321433,35)
(121.40331862047417,31.244620798935692,4)
(121.40429517236015,31.237803867727564,10)
(121.36712183419189,31.30902121138043,17)
(121.39285484224597,31.25628202742341,1)
(121.45498813401726,31.271049805533483,12)
(121.37726178682686,31.278010337911258,37)
(121.38492938702521,31.25888514431154,13)
(121.41905558862247,31.25258841562859,18)
(121.38842596668998,31.28168865750892,36)
(121.40060338965228,31.261032406693626,3)
(121.43763427985573,31.253073901007134,14)
(121.39374284452867,31.235655636531828,37)
(121.39452649734471,31.24865153794596,2)
(121.37223256400979,31.25605878733111,36)
(121.42859449603445,31.265468509543286,1)
(121.405972551145,31.22911103128516,36)
(121.40815766000881,31.24253970250319,1)
(121.42354707878428,31.263730379876066,4)
(121.42502717156215,31.2806473379805,7)
(121.43323509938566,31.251583769593122,36)
(121.39951210512825,31.26202250467832,30)
(121.41766790293428,31.257826406043186,36)
(121.4430117293842,31.252727804554773,16)
(121.40992559447373,31.25941883645851,37)
(121.40817826399449,31.30254998610115,16)
(121.38541997612424,31.282773638724677,11)
(121.4001462713034,31.26137342222801,2)
(121.40139632340909,31.236301133900024,13)
(121.43828929109634,31.25414346762192,16)
(121.4381528691672,31.258170412586335,37)
(121.4077194524746,31.248785299818753,30)
(121.42829602502677,31.273508233100994,8)
(121.3793683275706,31.288873800104906,37)
(121.35671488828079,31.296453123104307,32)
(121.40253971800335,31.23533239723079,19)
(121.42848626947476,31.2619495942615,37)
(121.37662156751354,31.29710029790179,37)
(121.42784071473585,31.271983943100985,19)
(121.4566290038409,31.25112900984791,14)
(121.42232566519479,31.26027732713076,2)
(121.45810269563077,31.264393408604718,36)
(121.44638981149224,31.250322141920954,8)
(121.40454427695988,31.29622625135428,17)
(121.40973146788586,31.26009582566889,6)
(121.42491522195483,31.252113011112762,23)
(121.39990066785955,31.24475761831564,2)
(121.40929258588545,31.242825184075684,8)
(121.37669010628203,31.290706839521526,9)
(121.42880424462955,31.25035928102518,50)
(121.42556775938593,31.247543123242078,29)
(121.40795815275465,31.24779049349556,25)
(121.37406086883635,31.256184461726104,31)
(121.38569859892417,31.23183097574067,36)
(121.44404587915047,31.242902776016,8)
(121.39000221683334,31.28271125363639,36)
(121.43466258080181,31.237786940849887,2)
(121.39503065879816,31.247039083976958,23)
(121.42693650739932,31.238179346310634,37)
(121.4208131479598,31.23670841161598,11)
(121.43781964631248,31.283701625262015,18)
(121.37741866610813,31.271214232293193,120)
(121.41872700909232,31.243512562835758,14)
(121.41132196782573,31.240130678203762,6)
(121.41566793690404,31.239118106508307,33)
(121.40780327308055,31.245603923307776,25)
(121.43992624596925,31.239833767928282,8)
(121.40037223716696,31.23718478748201,26)
(121.38854990040667,31.234755675769247,60)
(121.43926361045074,31.27083983461294,1)
(121.38766929292862,31.238155280407657,21)
(121.37868410301475,31.265035842599964,36)
(121.427378119445,31.239241428249272,36)
(121.42293060524258,31.275006594873314,28)
(121.41660324361209,31.235508355086733,3)
(121.45735320565016,31.259572946955345,21)
(121.42877984073536,31.26561424699858,2)
(121.35823513085914,31.305191034036064,21)
(121.4328741211228,31.26040709428289,37)
(121.44366568650659,31.24368274329056,37)
(121.42786740123991,31.260181234024934,24)
(121.4419774594839,31.273242231215725,16)
(121.44302551538206,31.263341316844926,36)
(121.43609571692615,31.25286385581225,4)
(121.37211606834214,31.307689577441586,1)
(121.41366491678676,31.24886961761457,3)
(121.38472475407262,31.277066668188684,36)
(121.42973505470364,31.25844966110506,2)
(121.44431215766961,31.240611309278442,7)
(121.41087135550305,31.243385222639343,27)
(121.42456702014618,31.250926034759114,36)
(121.40226011446609,31.26420016885067,30)
(121.40636399033137,31.24549448058525,22)
(121.36205599916089,31.24561362268845,4)
(121.39674373704817,31.28309828714409,9)
(121.41506663575235,31.23953038248911,5)
(121.41183906711173,31.270339713628843,1)
(121.41738194035356,31.231695348269678,50)
(121.39754341332554,31.263481412494194,30)
(121.45395974644886,31.26078552314427,24)
(121.43997190640304,31.236852350656736,36)
(121.41353240737664,31.23945265874338,3)
(121.38354885948455,31.227900213946057,11)
(121.37734070777789,31.29886082983364,37)
(121.39645016342828,31.227889271941656,37)
(121.39510405141627,31.296922060417327,32)
(121.40635541944995,31.23836023871366,24)
(121.43990875225344,31.258807979365145,26)
(121.38989860453908,31.23072857208149,3)
(121.45245736596132,31.27988513971141,20)
(121.38071632940633,31.2903311674917,36)
(121.37619825023262,31.25421995762923,28)
(121.40619207816773,31.283238616062903,28)
(121.38311176795017,31.24709660176546,22)
(121.42633434598008,31.245424385046576,17)
(121.42251310996653,31.243493298089124,6)
(121.43942537071268,31.265707857800138,10)
(121.44507475314428,31.26378218538689,5)
(121.43578572296373,31.28182855934202,2)
(121.42813964117046,31.232068453353147,37)
(121.43297160651058,31.24459203119931,37)
(121.4351979401679,31.262574221203902,31)
(121.45644809306201,31.246846822773364,4)
(121.34993204357174,31.292480699144463,29)
(121.43421986618695,31.233587570894258,12)
(121.42529824463642,31.25016411135758,10)
(121.4141147302939,31.236378655284586,3)
(121.4258009460512,31.241053629883304,12)
(121.4103003870294,31.230986369081545,1)
(121.43052505692252,31.247834334351094,17)
(121.38475575810577,31.276736559249056,13)
(121.43480759268643,31.27515896628987,48)
(121.43496848467488,31.25339052180304,28)
(121.38661048950038,31.230305238604227,2)
(121.38141836461136,31.280967092452357,33)
(121.41202961417179,31.259467374927603,66)
(121.38995019768788,31.272960652943915,1)
(121.45240053200811,31.277746102862135,14)
(121.40174630477645,31.268857539933226,10)
(121.38812479828366,31.29656642310119,28)
(121.42794953908148,31.256020996077886,2)
(121.38284714930013,31.29379469927213,43)
(121.45337209212927,31.24853234214747,25)
(121.41527611854924,31.245673780872693,22)
(121.42879468476312,31.264198075253052,7)
(121.44342544989846,31.2815694009589,2)
(121.39065239426502,31.290185733348885,36)
(121.404345630669,31.25501369463093,15)
(121.40727253307917,31.2632392531144,19)
(121.38926129859342,31.256360588771344,30)
(121.40995790246163,31.255607350658924,37)
(121.37684838961377,31.268448853070517,12)
(121.37636152910758,31.289320894672414,28)
(121.39541531927064,31.287115552394962,37)
(121.37270628708505,31.256002381637966,33)
(121.44691303134303,31.241756749933057,13)
(121.3965743092529,31.267762147919285,3)
(121.3670399850111,31.300963136492292,36)
(121.37936922682069,31.293423990362978,46)
(121.42735083958108,31.264125996945364,3)
(121.42882871326762,31.26498337779638,30)
(121.3890210444232,31.232839901653197,3)
(121.38985256273071,31.230686519945714,28)
(121.40906200830187,31.224387776146603,32)
(121.36608754965461,31.24575565155529,5)
(121.40063401644589,31.256643514115108,36)
(121.36301095132728,31.308598828355684,32)
(121.44493017403433,31.254875620665775,13)
(121.3971844912903,31.266324478499282,5)
(121.42518473947392,31.254553133443462,9)
(121.37191649297566,31.306938226469274,23)
(121.38532872433845,31.280961815795305,7)
(121.41580297081133,31.25131511148725,11)
(121.45208002433988,31.270216273985785,1)
(121.44773425255133,31.256791621217662,21)
(121.3831724076477,31.258071159655252,10)
(121.43818714144504,31.247999141486893,14)
(121.40995660328593,31.244187718587344,6)
(121.44464156386672,31.264241152125553,16)
(121.4554749059921,31.270743672247892,37)
(121.39590095045381,31.24998605344614,13)
(121.43340726477875,31.271356697342938,19)
(121.41935895805085,31.23620192286432,16)
(121.36418001041973,31.309456458496594,35)
(121.37127288441634,31.313635943500277,1)
(121.42217363416222,31.25657826490364,20)
(121.41174084255304,31.226818676983374,1)
(121.42313533145051,31.262452132494136,36)
(121.39910890352259,31.232152716578785,7)
(121.40991289134253,31.259534133589625,5)
(121.44613275543543,31.243588589014735,36)
(121.43186942021902,31.271057776239953,36)
(121.40349932755409,31.231819167333164,23)
(121.45299258032333,31.25005105464554,7)
(121.45949262393022,31.25805224618618,10)
(121.37696575496166,31.293796395423325,11)
(121.44192329746583,31.258754140037272,36)
(121.39656243780742,31.223351021883783,1)
(121.39975500689482,31.248420642490448,34)
(121.36317137459191,31.30242406021824,17)
(121.40471001957728,31.239651698970402,12)
(121.40260142509364,31.243967379690915,6)
(121.406657535875,31.29753135715481,28)
(121.44376208325602,31.250387569408186,10)
(121.45177123443155,31.28046502761564,3)
(121.41038358364318,31.24485095593498,28)
(121.45917984803481,31.25710127130772,11)
(121.39647852406782,31.224837676831974,6)
(121.45519155198707,31.247092011231704,12)
(121.45958984755472,31.25340839233996,12)
(121.38731351320816,31.26749387080966,11)
(121.46323920631625,31.25856102190999,29)
(121.38724191556813,31.273652462397287,34)
(121.40052923812027,31.24156598095061,1)
(121.38071359895183,31.25898408926573,36)
(121.46362350701496,31.261066521666937,36)
(121.37225744790197,31.313197480798397,23)
(121.40633497721386,31.268274390085654,15)
(121.38804418828079,31.259952534118536,36)
(121.45821472361581,31.268058727491947,7)
(121.38599055009334,31.28898770903565,36)
(121.4049151433678,31.259632602737227,52)
(121.37695993104568,31.226855527875852,18)
(121.40894445311736,31.245864859098432,22)
(121.37127288442802,31.313588243607914,5)
(121.39423420664224,31.247387820944773,11)
(121.41093340693824,31.244131546199704,30)
(121.3663212309489,31.25179193824267,31)
(121.37943712170684,31.248850290314053,31)
(121.41872566107465,31.228044521643348,15)
(121.42836744008892,31.256385580666517,4)
(121.38731365020273,31.269065536832894,24)
(121.42412359649309,31.241299089514506,5)
(121.41289983695022,31.232303763055786,3)
(121.41101521671825,31.230692434504707,5)
(121.42893020089421,31.27881569092979,3)
(121.36784706167677,31.23930195338362,3)
(121.43315968137294,31.249758458039203,20)
(121.37144842897374,31.249254307565124,19)
(121.45763376327625,31.27312431715947,1)
(121.45904301323584,31.261742220451122,36)
(121.45635416324214,31.252932171060408,36)
(121.41051345284119,31.24364339619534,36)
(121.4225090106969,31.264083457916602,9)
(121.44638442271254,31.24481815202597,71)
(121.41372302075098,31.243981099455365,2)
(121.44081792938755,31.246464341141174,35)
(121.43360357748406,31.24301758355872,22)
(121.4022108058207,31.22637728485588,15)
(121.43016044745588,31.246049771790027,2)
(121.44060608359257,31.251398292466796,15)
(121.4088044769367,31.240890357605632,31)
(121.43095359866086,31.259317763781223,17)
(121.38116637891373,31.26602983942638,36)
(121.46064792811188,31.252320552249156,6)
(121.39397129615782,31.235645680009114,37)
(121.43108238751199,31.247338370449324,1)
(121.43192723756891,31.235447092105836,14)
(121.44098286976475,31.28002656764148,37)
(121.38014458576065,31.241014024904704,23)
(121.36485400378227,31.31259922952431,19)
(121.40668705914291,31.280625555200785,7)
(121.4049426711769,31.23125194590287,30)
(121.42729411615072,31.238146008981328,11)
(121.45965847923412,31.25125929523613,3)
(121.42165346243826,31.237098950769447,1)
(121.44805056760335,31.241745396228843,19)
(121.45046097737588,31.274225824434275,1)
(121.39184308758063,31.28767550826386,6)
(121.42960417791329,31.2465635705852,4)
(121.43201527699878,31.283115616838632,36)
(121.4417937829283,31.261580560809083,3)
(121.44499385665668,31.25714091515089,12)
(121.41283321276387,31.23130459675109,9)
(121.41275516875875,31.258500487756095,26)
(121.42070794592028,31.235536835182,1)
(121.3551525814577,31.288932439136875,4)
(121.41440373596937,31.248922811225135,31)
(121.43727558503522,31.238403844895565,9)
(121.39608547885337,31.233203890948243,4)
(121.43666282906564,31.26437110171422,3)
(121.41746202630483,31.257883527657654,36)
(121.37210472597806,31.297949493543825,31)
(121.42255491967168,31.236445719925424,12)
(121.37466064576397,31.238023873644227,5)
(121.37716196532998,31.270125928016874,13)
(121.44127579886619,31.262353685156704,2)
(121.44432971254871,31.24325482199491,19)
(121.42400969504017,31.241223142342108,5)
(121.369007618188,31.252611999629277,1)
(121.46339325242025,31.256343778463947,3)
(121.38510971195333,31.22595752780875,21)
(121.38759932853517,31.227814491612804,4)
(121.41737750126644,31.251317695108003,36)
(121.42611347969499,31.23937660789361,26)
(121.41584425976804,31.25305108575161,22)
(121.38932836842756,31.256503700372217,7)
(121.40994146284527,31.242547985721117,16)
(121.46348626475644,31.253832698484548,2)
(121.44133154732269,31.268577795239725,18)
(121.37129348785928,31.313394246868683,2)
(121.3768023277888,31.268467807047347,37)
(121.38497577162597,31.22753008992869,21)
(121.42157529087953,31.247116499020024,10)
(121.41080564124275,31.269415570633527,11)
(121.46208304769428,31.257967602867545,20)
(121.36426302201998,31.30912716879367,16)
(121.4437415253576,31.24351954745092,31)
(121.39500343199617,31.223667000489502,8)
(121.36876804830273,31.31412964898444,36)
(121.42931628891131,31.246257924087615,2)
(121.44377962686407,31.245535387126473,36)
(121.3815759921525,31.251529723687504,4)
(121.42785122134812,31.246446224172004,36)
(121.43770534974986,31.278150500087715,22)
(121.43707215229188,31.264102442103923,36)
(121.41363311181621,31.249825449867018,36)
(121.3704163552271,31.272308318579526,1)
(121.42182446288226,31.258080358078832,22)
(121.37906696824417,31.299262429533666,27)
(121.40592242533415,31.239162619751173,5)
(121.40349072478226,31.244842140532494,36)
(121.45319751288564,31.248586714065194,16)
(121.42601365169776,31.240170051441183,31)
(121.39071789653404,31.2379614436395,34)
(121.39016485042862,31.231442976143747,25)
(121.41284012069907,31.246801327285638,26)
(121.4036003505027,31.258222936491226,29)
(121.34583834846462,31.282082188383313,36)
(121.42855151072885,31.23601186140557,36)
(121.44156299508879,31.254536564642326,7)
(121.44385651696966,31.24598946486144,15)
(121.43832231879423,31.27803560129619,21)
(121.4548355936556,31.27203053106797,7)
(121.38931231751896,31.256076502506794,26)
(121.38652756311886,31.276749108375107,33)
(121.41836360643276,31.257239636499815,51)
(121.40447776314555,31.244118042920494,27)
(121.37173330181122,31.231641014212254,9)
(121.4122534000249,31.259396997757417,27)
(121.43734388536436,31.243120878682884,25)
(121.37523480913532,31.253372422337264,15)
(121.44815038073176,31.276541281238334,1)
(121.42355972172778,31.236842499162847,5)
(121.43599626040086,31.245851881660585,14)
(121.41873447680253,31.25390528953227,4)
(121.37475869640623,31.23045275297941,2)
(121.3712958981405,31.272756336878686,2)
(121.44544082799628,31.25452336779267,425)
(121.38634382400933,31.288687171701334,21)
(121.41067484872124,31.260019576485593,4)
(121.35948871135294,31.28043262118633,82)
(121.42518896605256,31.23952166008375,37)
(121.36468853016129,31.23940270650172,15)
(121.38364504341389,31.24783211643619,4)
(121.43257524256964,31.242052756103845,2)
(121.3649394157023,31.31312843833128,24)
(121.46178338279655,31.270025607770993,1)
(121.43643124363328,31.253458679139136,12)
(121.38763918360597,31.24526625339369,12)
(121.41335804408628,31.236456534965345,4)
(121.4581472740337,31.264775508463316,8)
(121.4489506343055,31.241933851582786,1)
(121.38597095285203,31.247829991378588,2)
(121.36977955835621,31.25253507576087,17)
(121.42438507170209,31.263149349128,19)
(121.41041577548081,31.258582995002996,32)
(121.40053401486706,31.285340262764016,9)
(121.39919868644675,31.247097874401604,3)
(121.3821479104861,31.242840437769907,11)
(121.42692186548933,31.253571221098557,21)
(121.35612512285354,31.302126857847043,36)
(121.44226530398262,31.25464682089178,6)
(121.45188124795135,31.25317409720029,25)
(121.45727361783395,31.25172070463207,6)
(121.41696025450148,31.268756417760954,32)
(121.42921994595929,31.260271446724282,53)
(121.37349151333925,31.233377287379582,20)
(121.4259447747918,31.229301150902476,17)
(121.43158400828911,31.24332725564843,16)
(121.43733638066588,31.24795420640216,8)
(121.36493051449054,31.312956737677897,25)
(121.42059629951372,31.26156643885565,2)
(121.41342915046597,31.272341211946163,8)
(121.42583042283525,31.241736388232507,20)
(121.40237070100719,31.22475756533442,19)
(121.35456512196559,31.297422807596746,2)
(121.40011425422662,31.249832377221797,9)
(121.364459449261,31.309497990635126,11)
(121.42336500655419,31.283949969830548,2)
(121.43601378732262,31.27514750261525,6)
(121.41228737797024,31.259494828718235,29)
(121.33981545544316,31.287760110619423,5)
(121.39075367938288,31.23105308531665,36)
(121.46380459225477,31.25562810041312,20)
(121.44958845821668,31.244559855320738,2)
(121.3882884705409,31.24518192556967,47)
(121.42516528441887,31.264885038194674,32)
(121.34683720909861,31.298910602744435,29)
(121.41684484102002,31.263307146691105,5)
(121.46086111647614,31.24958686606281,4)
(121.36674834127572,31.28780649303702,19)
(121.38742285615753,31.259391724182485,137)
(121.42664522534844,31.278096386132347,25)
(121.4385426284614,31.281770045074772,6)
(121.40366769874089,31.30213991367069,22)
(121.46134777656518,31.24933765339626,4)
(121.39760415325804,31.260176015132494,24)
(121.4388385137138,31.264816765515796,57)
(121.43926459643416,31.25364587216443,37)
(121.38867564572367,31.24897150647648,1)
(121.42881228854145,31.259894206917778,29)
(121.37225829207539,31.287020832827388,24)
(121.42031380181523,31.274120635050675,2)
(121.45661548499105,31.257315135599967,1)
(121.4481126130517,31.255297293187184,26)
(121.42519656790762,31.23950046169226,17)
(121.378904212041,31.26928454930346,37)
(121.39351741152483,31.23205650142947,5)
(121.43240110075043,31.252702280874292,18)
(121.4103477986557,31.242497357148455,37)
(121.41094014484716,31.279462707725823,7)
(121.41952839213343,31.253953755348945,13)
(121.3785731150242,31.238610754215433,36)
(121.43633938301997,31.253401774502134,3)
(121.44217925443061,31.26607438821355,42)
(121.4152709172116,31.2441568826718,13)
(121.45678234363862,31.255942584824805,3)
(121.40397234094164,31.24481073854558,36)
(121.41752137507822,31.239346285505967,3)
(121.38272859574533,31.24301508849887,13)
(121.43736745648422,31.2540677729901,13)
(121.38226930402259,31.28023164664997,24)
(121.38941243544022,31.25645073883958,31)
(121.44362693110558,31.28007746300583,7)
(121.41833903665689,31.252502751608585,32)
(121.3868986085189,31.238663885916257,27)
(121.43243775729958,31.23786461584623,26)
(121.38948049720405,31.256496808514832,36)
(121.44633955563638,31.257680452097432,1)
(121.40608899630911,31.2456415364291,36)
(121.43780150803521,31.247362149481138,36)
(121.42508484281828,31.261011097955688,10)
(121.39584193986644,31.267931559409483,7)
(121.39654088408699,31.240086692064295,36)
(121.42232670448469,31.258833139962523,14)
(121.39786699158726,31.30279259731886,40)
(121.41420637054118,31.255288674660694,13)
(121.36619026456789,31.28654816377692,36)
(121.36961987716006,31.24759563613598,1)
(121.40769717244645,31.224901095979757,1)
(121.43149300532087,31.23763656758841,26)
(121.40183955848326,31.25898083129492,31)
(121.42404764576443,31.241059039519048,25)
(121.3647844939555,31.31271362113288,36)
(121.43587841626209,31.26030607293311,12)
(121.42606107042249,31.25699446768906,5)
(121.43781705326218,31.253913019059013,28)
(121.40454857881151,31.277138291636334,36)
(121.3740915762212,31.24734148456351,4)
(121.38584478990214,31.241195138262572,8)
(121.42416253664481,31.241026937087746,17)
(121.40706525665306,31.248551849881114,20)
(121.3778255056423,31.254509984046162,36)
(121.38845309171484,31.296537665590222,31)
(121.41243451534078,31.226940407375093,3)
(121.36480019617291,31.31269172301819,24)
(121.42459605762741,31.24020723026523,5)
(121.43605787841818,31.25442325040236,44)
(121.41097351689409,31.268413117812035,3)
(121.4267749240939,31.229500522944033,6)
(121.37181357461253,31.26367552493309,36)
(121.42313551667812,31.264576042737566,5)
(121.44064309029952,31.25260640036054,25)
(121.42885838213131,31.261588892939834,36)
(121.38818796012322,31.228862439413554,7)
(121.42397871523866,31.241128123125126,1)
(121.38842139623748,31.277410904800682,6)
(121.34970367040451,31.28220313763415,30)
(121.38176384719485,31.27029800269506,69)
(121.35606363442537,31.30298153988867,4)
(121.46004779877089,31.273078163778038,5)
(121.43781834202514,31.268722397876818,9)
(121.42113715704735,31.241673345918667,37)
(121.42399470882695,31.24122315375278,17)
(121.38481537127836,31.26008155915738,7)
(121.38194692414146,31.234196325027327,36)
(121.38395307836618,31.267339876887053,24)
(121.43631641973617,31.25340980804673,36)
(121.38149414550418,31.253704418856532,9)
(121.4320962904884,31.250134493916725,18)
(121.4291179603965,31.260282073815286,3)
(121.42594487681677,31.241942908367324,1)
(121.37127908568085,31.31261734664671,36)
(121.37983737563454,31.291927874457603,36)
(121.4266856208078,31.254748045925087,2)
(121.45288797975255,31.28001877630065,6)
(121.39076257615301,31.268566511597488,18)
(121.37591699852706,31.246310955932376,4)
(121.44778071625679,31.26875285002394,3)
(121.37927990864135,31.29931376326202,14)
(121.46278316062701,31.26523568213677,61)
(121.42575561912828,31.248243881916625,23)
(121.44520990563569,31.271222926927187,36)
(121.43291932748023,31.266299978947746,13)
(121.41055948783665,31.24415061611651,30)
(121.37522389827772,31.238055500680606,19)
(121.42385186974998,31.264491477880412,23)
(121.4419616966311,31.264152405973267,4)
(121.4364629685317,31.237697360104114,26)
(121.38669392284011,31.25604543710467,11)
(121.44114411715165,31.240299167407684,4)
(121.38945855949032,31.268907119888038,37)
(121.45137411650266,31.252489001595492,29)
(121.45753759380757,31.269481790347076,2)
(121.40895185493308,31.246125760130077,30)
(121.38249963871928,31.28368092266984,36)
(121.45068299091116,31.246423181365532,30)
(121.41881349600409,31.24721101886458,16)
(121.37921732087094,31.27738528446651,8)
(121.38683938698684,31.259759169617826,36)
(121.42840674886469,31.250785599277336,12)
(121.39009483391366,31.240079046321682,36)
(121.4514055313465,31.245169502400525,20)
(121.38300084569089,31.247119583046814,4)
(121.40750482475448,31.301023723172506,7)
(121.40985667748657,31.25976692144113,36)
(121.36978749486362,31.25387453662319,35)
(121.35942254157223,31.248622537605282,33)
(121.34954046652317,31.28386652371581,17)
(121.44511625758368,31.245842526136517,30)
(121.40249518343572,31.280218667896552,15)
(121.37256171340722,31.263464418063023,23)
(121.42289209066303,31.280184768103183,32)
(121.42373696702911,31.26440952919184,16)
(121.42997072886723,31.279947860759517,36)
(121.45037378435141,31.256993874341358,9)
(121.4202052072878,31.234325584908422,15)
(121.39814435515184,31.244868970359327,15)
(121.42802700712187,31.24626697947146,10)
(121.43781752931554,31.259384400979187,10)
(121.4342474622191,31.27557285526568,1)
(121.45193126483966,31.278937056558952,7)
(121.44668155310363,31.254306388339913,36)
(121.44173359762404,31.269658099229684,1)
(121.44644663562725,31.244824462914107,59)
(121.43601125935491,31.246106975972737,3)
(121.42181560686058,31.25293191056124,36)
(121.39398625053964,31.26116471390938,21)
(121.38133453963488,31.284132301579557,36)
(121.41882371926351,31.234775775591437,1)
(121.42318639276762,31.24074353789332,36)
(121.37626807744938,31.271668586622418,14)
(121.41887701174483,31.247269932044272,9)
(121.43441897242249,31.238154407025828,1)
(121.3998848170123,31.245718481550977,14)
(121.45312148528899,31.256390290560404,20)
(121.39908227675151,31.231433756068984,1)
(121.45243071046237,31.24957856761406,1)
(121.37397735439042,31.256079749855584,30)
(121.44246931535191,31.25611246035068,7)
(121.37326367819611,31.25075580150621,8)
(121.42303730146303,31.284035242110708,1)
(121.43644796563133,31.240701351690884,1)
(121.38374339461282,31.2509842007321,28)
(121.40151546900995,31.25891472744953,36)
(121.37183125266337,31.294196144127625,35)
(121.40804803279771,31.258709648328754,36)
(121.42090712812319,31.239336436374664,26)
(121.42404890820093,31.255544462462712,41)
(121.36862816335636,31.30935290139262,36)
(121.41260815709208,31.257837236821498,36)
(121.4386636251557,31.265183718570174,8)
(121.38912327620228,31.26894889113121,5)
(121.38082002428018,31.285368272881495,25)
(121.38478583516176,31.277256802225523,24)
(121.42750789242616,31.238279874269345,36)
(121.43528214405642,31.266372739808418,21)
(121.42190558594217,31.230591805568295,5)
(121.36933588237153,31.243792445892144,2)
(121.34660554498143,31.288473058682726,27)
(121.38177512628947,31.23200654021573,36)
(121.4101736558163,31.228159248002818,2)
(121.42003158426822,31.260155165929046,17)
(121.42241460844544,31.258646479881417,1)
(121.43246871844231,31.23790459872825,21)
(121.39460373968622,31.296765740578493,35)
(121.41104732975604,31.243540261545554,39)
(121.45159089099973,31.24413187730211,19)
(121.38440903268994,31.2496566347207,21)
(121.4457764965082,31.26670729863838,3)
(121.43953104496698,31.254069285516714,1)
(121.44253875768352,31.242772130688106,7)
(121.36168883166891,31.24847411643464,21)
(121.39065703638087,31.274567343997553,1)
(121.37150024953179,31.26557992191981,2)
(121.4123317889651,31.25948723801238,23)
(121.43670220444554,31.253869144984492,7)
(121.39335049998597,31.245828633491318,37)
(121.39214580591276,31.258959680022514,10)
(121.3848532224048,31.257912654282585,8)
(121.462839088299,31.25405330395775,33)
