(121.443899622588,31.251030730183675,22)
(121.44123172471616,31.26559498238377,36)
(121.3772231428707,31.271208455093134,36)
(121.46090667243472,31.257416197050002,4)
(121.39006684295892,31.28260988482977,17)
(121.3789510600721,31.232637151196116,36)
(121.46259653065994,31.262936718861678,34)
(121.44431598097174,31.25352400621564,13)
(121.43560814418842,31.24912883625366,37)
(121.399212121445,31.22907671520452,9)
(121.4435145220681,31.261411778129414,4)
(121.40035735761482,31.238622434768917,7)
(121.4215844021764,31.23883334466982,19)
(121.39400272268576,31.25082268693517,1)
(121.40410144846378,31.28710201066769,3)
(121.43838209644446,31.265163104320173,25)
(121.38837245303432,31.29618671695682,21)
(121.44128899202371,31.241882661102974,13)
(121.42713425623666,31.23775197511723,33)
(121.4316692274895,31.236521985239417,1)
(121.38015806750784,31.28376492327615,2)
(121.44478828857704,31.24703086546367,6)
(121.45177320659887,31.260109634789686,1)
(121.41823705125306,31.229022223323394,7)
(121.41837360806528,31.241099669509516,17)
(121.41470934614904,31.22641120097694,12)
(121.4488728079549,31.241975012228362,32)
(121.45624976531305,31.256844100875764,5)
(121.40043599051914,31.30061671114724,31)
(121.43601088406824,31.241793045163156,22)
(121.43720219826012,31.278497325701238,36)
(121.41539506654989,31.246164238823354,8)
(121.43224388410772,31.282152965945077,6)
(121.43733024586832,31.258480672623648,26)
(121.41164751973807,31.27320416791011,1)
(121.4360699619342,31.26873219414084,8)
(121.42222456211678,31.264921428130744,1)
(121.39935723695937,31.27836744263502,32)
(121.38279791580071,31.245787395323262,16)
(121.3644318447816,31.31181168217678,36)
(121.39895886829709,31.231899687363818,2)
(121.42324923412399,31.26248106240791,27)
(121.41504025230356,31.292275858760433,36)
(121.39796751536592,31.228518367274834,3)
(121.44481209334539,31.2458945717996,3)
(121.36674478481085,31.24685510818499,37)
(121.42465003784534,31.240570351441512,19)
(121.45491930803645,31.271106970920844,5)
(121.41846960735792,31.271423823546854,36)
(121.37539646861455,31.25829676658209,2)
(121.36904227308034,31.299973613271106,34)
(121.41695766211538,31.23903340090031,3)
(121.44597644230961,31.263206446217783,18)
(121.42327862226016,31.244304069535566,30)
(121.43944312827396,31.268630641381534,99)
(121.39432763624251,31.240170640450902,36)
(121.3830130481382,31.247114985108883,28)
(121.34725204197836,31.28599455526969,9)
(121.43238041156617,31.266261470670944,2)
(121.4162630843736,31.234258240333816,9)
(121.39273146276116,31.238762095842883,18)
(121.41224906848635,31.25945922078424,36)
(121.37797279620057,31.27859739691079,5)
(121.36150964368004,31.25017758560615,29)
(121.36997601294767,31.31390424849527,6)
(121.39545113173271,31.247177240938335,36)
(121.42837016507238,31.252577445603762,9)
(121.457552047026,31.27397524881516,4)
(121.43793295003752,31.266392250931688,23)
(121.433718653935,31.245783683605126,2)
(121.39742538649762,31.25650480608934,1)
(121.41095484845317,31.22730761220466,34)
(121.38964133859857,31.253117448118953,32)
(121.44448841521277,31.247564131011625,2)
(121.41111633834153,31.2438203746314,37)
(121.37339600730195,31.275286490557782,10)
(121.40968143445454,31.243121917374534,36)
(121.43449700333196,31.262771177143975,36)
(121.42455125272046,31.24195605310594,35)
(121.42439507333319,31.254824767185767,36)
(121.36907433584364,31.23091423899602,36)
(121.38534385121201,31.282239353056834,26)
(121.39817521928411,31.26946920882785,6)
(121.4099428178746,31.258082843767248,10)
(121.45471155998843,31.25997390152156,2)
(121.38147944041657,31.280999167938113,4)
(121.40460079616845,31.244549939085623,36)
(121.37730922532513,31.293807799603307,36)
(121.36085153532012,31.240126050985847,26)
(121.44395612389708,31.255190363771412,1)
(121.43646920016452,31.25364571132596,4)
(121.42521407202193,31.247232881285957,37)
(121.393249453748,31.260792052732977,1)
(121.41259260133495,31.27432526454852,1)
(121.33471085638159,31.298659744870694,13)
(121.36486859307514,31.294125226645097,16)
(121.40611714162584,31.224354833048665,6)
(121.43224049588697,31.243257270800576,25)
(121.33961719662527,31.301535193613592,19)
(121.42703761691513,31.245641029030796,2)
(121.43835204805895,31.264509507092846,1)
(121.45704790913548,31.247185163760243,20)
(121.43103838188478,31.26564880396213,36)
(121.42282334045073,31.270917957379428,23)
(121.3906041409479,31.264773171720066,25)
(121.44752829761237,31.27181141420777,22)
(121.40406826649244,31.262156596888943,36)
(121.44046825077893,31.24049988672908,20)
(121.38309112784567,31.290375570677874,10)
(121.36467221881203,31.243164091590167,1)
(121.40566135714077,31.23852231589582,2)
(121.45560317133484,31.254439401367986,11)
(121.4048976566424,31.23113288704612,12)
(121.36614128935662,31.309231790547287,36)
(121.44908645682847,31.243314222725164,5)
(121.44595035469024,31.246178058525068,3)
(121.35956922168005,31.278265233982317,24)
(121.4018895593531,31.28231417198431,1)
(121.40234266054969,31.24731482118723,4)
(121.38934337348338,31.256414672608315,47)
(121.39960130051345,31.229470024254777,34)
(121.38889507519,31.230939345630016,12)
(121.4416640280879,31.261652791286153,12)
(121.41217017165381,31.267960685656547,10)
(121.41526305427624,31.23002079833584,5)
(121.3982375696241,31.261710923960088,4)
(121.45472216018426,31.25410611404632,4)
(121.42079555250348,31.27761209647647,27)
(121.40435015408723,31.232327770608048,7)
(121.41010252370023,31.255029493155032,26)
(121.42250462898471,31.23875153643327,5)
(121.37108318654172,31.265574854284715,1)
(121.3679737336413,31.314311588377567,5)
(121.37900836155845,31.277700766959107,24)
(121.41107734505832,31.24379436999877,36)
(121.4365290055292,31.241018020241714,10)
(121.42300541786527,31.26214709477813,31)
(121.40075092078177,31.289515313194034,1)
(121.42617441448849,31.23935154431621,29)
(121.37389956910532,31.273085211533825,25)
(121.44535876564836,31.283031817540014,33)
(121.43832053439377,31.257533903223866,23)
(121.42159788461363,31.246529401807084,8)
(121.3931617141382,31.23180603387812,11)
(121.42416960589837,31.24189632287355,36)
(121.40920121627128,31.244029215905265,1)
(121.45931759467243,31.258728220118655,8)
(121.42923064463476,31.246741024551707,15)
(121.37199064115676,31.284301376850966,36)
(121.40221462423956,31.270162692680433,11)
(121.4418240523029,31.25474651251913,17)
(121.39210229765838,31.238750352042043,9)
(121.45723413191277,31.273651383231982,2)
(121.44403504463112,31.282453276259364,3)
(121.42683969286588,31.266656379538922,6)
(121.36071169415713,31.242261658788053,16)
(121.4443993326258,31.279046778330038,1)
(121.3658233544489,31.267107545444176,9)
(121.43345931796584,31.249156490386348,37)
(121.39067115606056,31.268608294621277,37)
(121.3893964246105,31.25648274107692,36)
(121.39439661611098,31.239449351809437,2)
(121.38416789451303,31.285520628302503,36)
(121.45639567885631,31.27158510364328,7)
(121.39633492988325,31.241838387958566,8)
(121.4521875880322,31.256582217624118,2)
(121.42344416692166,31.229295129338116,2)
(121.36511254784747,31.277070673278267,21)
(121.38600860350397,31.2831162901741,4)
(121.37874791244366,31.277475026271734,36)
(121.43083665521708,31.263724198301926,20)
(121.43063178628091,31.233803749687887,1)
(121.42305839737062,31.26243918233306,37)
(121.41382247974468,31.264034671786277,4)
(121.41093335651264,31.243553287329796,7)
(121.3647044127906,31.249270141220116,3)
(121.39067784474075,31.237730311623228,36)
(121.40941630803188,31.285665492796124,1)
(121.38154858773086,31.29323118400052,36)
(121.43116657786074,31.25077480119835,2)
(121.44660617058813,31.25960082336677,4)
(121.45461527286822,31.273643658094475,13)
(121.42120051124093,31.280659101090848,1)
(121.43469458890132,31.273407787476593,1)
(121.4135406995076,31.23324901991382,5)
(121.43948275066747,31.282671864691658,5)
(121.41186296054185,31.241639248555447,2)
(121.369792982564,31.250337713340432,18)
(121.38436564260164,31.250026939881767,11)
(121.45467416336108,31.251021813560733,18)
(121.39434798595776,31.30138641470549,27)
(121.40858618553335,31.29643151402976,1)
(121.38562958342058,31.229827775296283,5)
(121.44444474546818,31.27913877492438,28)
(121.42685959849597,31.238276458856056,35)
(121.4035621009623,31.226715685222974,36)
(121.41632407171114,31.27085007455255,14)
(121.41444361210797,31.247894802271194,20)
(121.44039897374783,31.246276962614882,12)
(121.38461064963086,31.2772566434957,12)
(121.41808353837303,31.28401952479549,1)
(121.4298692045484,31.280074039963047,7)
(121.4475203801788,31.24860737461958,22)
(121.42750797580621,31.23923730747274,36)
(121.40610531432519,31.260745162668158,36)
(121.40909018896825,31.244126892677976,27)
(121.40018984029672,31.24479316057849,27)
(121.46380059138805,31.254888401263596,15)
(121.42448322107884,31.25231871370502,34)
(121.41864387817135,31.252868756261968,36)
(121.41906445861687,31.254557557335954,36)
(121.41114158857836,31.28112469149464,1)
(121.41779514421327,31.26037968031968,36)
(121.38278498489953,31.281235566064062,16)
(121.42722120290213,31.2726141220344,2)
(121.37848496308882,31.27714218559781,2)
(121.43412700672054,31.242236963396238,5)
(121.44513036055667,31.245840328650694,36)
(121.4075909426479,31.233623433447324,40)
(121.33722327193965,31.295412252744118,36)
(121.37643979281978,31.24596353545694,1)
(121.40226064704618,31.270302761344695,7)
(121.38748555478548,31.23163816203524,22)
(121.45873027131698,31.256035708987007,9)
(121.42857529142447,31.26563610530811,3)
(121.4124822674438,31.25865862390213,26)
(121.42767938445992,31.28048697342689,3)
(121.38089995491877,31.232422395758572,42)
(121.43113435201211,31.236232319942022,8)
(121.43054962042497,31.25364572252926,18)
(121.44028639873027,31.271820190633257,15)
(121.44602064623942,31.241689093817108,4)
(121.39744225826932,31.239296721663933,36)
(121.39047673902849,31.295745826948025,36)
(121.39794696629619,31.256249447805768,19)
(121.41714746080102,31.237916810470875,4)
(121.37400984777554,31.309079339624187,6)
(121.40071583478013,31.231323207323744,20)
(121.38771647049266,31.251186139754108,15)
(121.45769629691664,31.268218436146167,4)
(121.43841335889537,31.28024138501794,8)
(121.40686679515139,31.266154499612767,7)
(121.40871309625787,31.24665520960281,13)
(121.39184732070015,31.231705887130385,8)
(121.45402757701767,31.26072035812386,1)
(121.43414651789944,31.262783610145423,11)
(121.41527881917442,31.244225284196922,29)
(121.44531914743067,31.26353571832376,5)
(121.37660121735833,31.26747361508463,23)
(121.39117336784187,31.25957930613045,7)
(121.43731473432939,31.25232300465634,37)
(121.43896772994205,31.26082741887494,3)
(121.43641687972925,31.260496760471444,2)
(121.43937095571114,31.28281008220683,1)
(121.44668127833977,31.251141998658483,4)
(121.39195214430954,31.229151411666567,37)
(121.43833239942609,31.264339670009278,24)
(121.43700117344662,31.257015296858267,24)
(121.42216954651794,31.239639465045194,5)
(121.3691680576278,31.248999528873487,36)
(121.36004758877402,31.247473248553028,19)
(121.43602984727326,31.23869644260123,15)
(121.46066310815995,31.254867634991314,36)
(121.41138863287384,31.225005735424244,36)
(121.37617714872368,31.23097922614769,118)
(121.45689054901956,31.247376555743323,3)
(121.39017434529009,31.282452274191844,8)
(121.43629053572928,31.254275221078597,17)
(121.41565621261297,31.238666573768146,6)
(121.36422671681554,31.30974236321661,10)
(121.45423236156036,31.252435335039294,26)
(121.43586941129317,31.24417010134236,4)
(121.43018650031489,31.266588061608456,3)
(121.41318219939885,31.24652384092111,9)
(121.44017250025941,31.270676877228823,23)
(121.36411600158239,31.309381351319587,17)
(121.38352042388851,31.29974168943003,36)
(121.36045584067446,31.241884101823373,18)
(121.37665920294432,31.280810788070497,24)
(121.37829873918815,31.249952517488268,12)
(121.41286886054536,31.23245884218754,5)
(121.38118728452373,31.25820325917021,32)
(121.4444073095562,31.254675683102715,29)
(121.39633335391679,31.22375010470145,13)
(121.42469610348216,31.241827881183738,7)
(121.41738445221074,31.239337345171137,12)
(121.42289250621529,31.26204213019796,36)
(121.34765617198607,31.28179258776278,10)
(121.3871961327176,31.241420373320878,3)
(121.41858294579283,31.253202934474988,8)
(121.4432042543232,31.264950246358104,37)
(121.43351925201486,31.237903377302228,4)
(121.45277215023019,31.255828742018977,10)
(121.39014913979223,31.282376569720086,31)
(121.40538678147699,31.29864011877898,36)
(121.45280143165415,31.28053119365779,29)
(121.39134080862053,31.231375993439887,29)
(121.39288764943743,31.25759393095579,2)
(121.44633941336963,31.244839844095388,3)
(121.42048801919508,31.245982675938187,2)
(121.41674128137159,31.22878231947429,29)
(121.37039655832955,31.247134269226528,30)
(121.44769484974299,31.259242755499073,35)
(121.3918850262097,31.253437351108353,20)
(121.43565445887062,31.253553726770356,30)
(121.42331921412841,31.27441306683688,35)
(121.37783814030607,31.28709886311265,20)
(121.40139359056572,31.280168276641863,1)
(121.45296172610828,31.27911025562277,5)
(121.4341474318302,31.23327691533533,29)
(121.43134177514833,31.261412304319418,22)
(121.416204349122,31.252811861663844,27)
(121.41524283117735,31.229543035424577,20)
(121.40407608496747,31.29110559710735,2)
(121.40904737859871,31.233268304481133,4)
(121.4164081206975,31.24355325316731,56)
(121.40362495428488,31.30171025239221,36)
(121.41533830478336,31.225663830267557,6)
(121.41850521995903,31.25366304200755,50)
(121.38450950880063,31.25389559156033,11)
(121.37074932634295,31.24558619122965,32)
(121.43930449582962,31.26182692810583,31)
(121.43492254526493,31.25329653788036,36)
(121.40180057213648,31.247781911967095,4)
(121.42954634416482,31.246400970483716,40)
(121.39369644770827,31.278556700290636,29)
(121.39962801581248,31.27197877367218,1)
(121.39067795756361,31.268543696010852,22)
(121.40187623721539,31.247166509345966,6)
(121.44895811516214,31.259150437311135,4)
(121.34718007600543,31.303347984171353,11)
(121.44395539309458,31.24677865555233,10)
(121.42190095844498,31.234773286924096,24)
(121.43736125497561,31.25355917274831,36)
(121.40618384838433,31.289744248303776,4)
(121.45481945029775,31.25841775125916,3)
(121.43684257763037,31.253294063692216,6)
(121.4230059351088,31.26807762696048,2)
(121.45357290700541,31.274939307116085,2)
(121.41207952652407,31.25947708533314,28)
(121.41254044025585,31.22601694539869,14)
(121.44852926643092,31.26169109158351,14)
(121.37937083169216,31.270946238918995,19)
(121.36228862589606,31.244751406415038,8)
(121.36421721496225,31.311709657646684,35)
(121.43608816527022,31.264025506684025,36)
(121.4315640035427,31.243327251638195,37)
(121.36430402761366,31.309503372663915,31)
(121.36507809994853,31.237974648675056,36)
(121.45959901630702,31.249959143860746,35)
(121.39126617325208,31.23624403098289,30)
(121.42465054395343,31.246378953830437,29)
(121.37898078434588,31.240205927300863,25)
(121.38557186316616,31.287762638506155,36)
(121.45364320675945,31.257318658117534,21)
(121.4387387780743,31.24544299124912,15)
(121.3694180549107,31.313358270364443,11)
(121.44365257040192,31.265029107262922,13)
(121.39218110972831,31.227699698161466,5)
(121.42750335656183,31.23207504984104,17)
(121.42270291132297,31.230435187736045,27)
(121.37723634455328,31.250304458512684,32)
(121.39354319540318,31.2697167302428,36)
(121.40749826855158,31.225897563986894,13)
(121.42560256707144,31.239912144673557,11)
(121.4308614889727,31.245233669918235,37)
(121.35043494894845,31.279040147760547,36)
(121.39188972448073,31.274773908257238,37)
(121.4382943876214,31.247856693800752,5)
(121.41231988601704,31.259428835639746,29)
(121.40249708576599,31.24828053245443,9)
(121.43688534728172,31.258742971232166,2)
(121.42148187986335,31.275934966560143,3)
(121.42728284336485,31.28072143359975,15)
(121.40899545363769,31.240874334687227,1)
(121.3772271280625,31.284298274739367,18)
(121.37128638671128,31.313316646070536,36)
(121.39478628094021,31.244363765670087,37)
(121.37473327178404,31.278564534190746,36)
(121.45149515093128,31.2790841088896,1)
(121.4071435293693,31.263158219328858,21)
(121.41516048945222,31.231829682733675,9)
(121.38734824383249,31.237530055021253,5)
(121.41085793049741,31.261403143091762,37)
(121.39470351298466,31.259075196337573,17)
(121.4225046287938,31.236416540786337,19)
(121.40597911037673,31.304263960207564,7)
(121.44285880560915,31.24383402006525,7)
(121.35354063157773,31.29289924362897,13)
(121.42965786809887,31.25522833747707,14)
(121.44027103168324,31.26729730175313,36)
(121.41822396190236,31.250837076171532,36)
(121.43100627229607,31.233414172243176,4)
(121.4191721842646,31.237041313057123,5)
(121.38874957657306,31.27613662590154,28)
(121.44304653016076,31.28538712844323,1)
(121.44100947088762,31.242884683396415,16)
(121.39312406178048,31.2655030837633,30)
(121.43502398128507,31.28296899167414,36)
(121.376645925469,31.26754042174065,14)
(121.43464753302783,31.236982594376343,1)
(121.36300700582113,31.245395816294945,21)
(121.40992567702462,31.244973073596142,34)
(121.41097240069267,31.24415955196942,36)
(121.40178261475232,31.248615687645746,20)
(121.46316667121944,31.259756024147546,3)
(121.39261678294353,31.231872888094287,9)
(121.44205922259347,31.240311414206335,20)
(121.39803521078152,31.304445302149286,37)
(121.38879359659147,31.252957752668113,18)
(121.43243835498696,31.24473170656659,37)
(121.37903532147712,31.291582863665404,36)
(121.39424295631004,31.247421408609107,9)
(121.4129241321391,31.247245502991195,21)
(121.4195487785588,31.254092659543154,7)
(121.38008197024517,31.283739831961338,36)
(121.4162555609038,31.23365625554858,2)
(121.40101340352766,31.25977097255605,8)
(121.43703423524568,31.264355601204034,11)
(121.3691249152215,31.282762848617224,36)
(121.39264069266738,31.26927106054253,10)
(121.41796827042232,31.28696148668589,8)
(121.40992669474613,31.25919803712202,36)
(121.44008742659031,31.256636985646093,73)
(121.37246305697025,31.269166716173434,18)
(121.38698218939759,31.227597440718736,34)
(121.36370304515593,31.308111707121856,36)
(121.36365728707004,31.246492310422017,17)
(121.38020745447352,31.24150283974381,28)
(121.39794967137975,31.287247472939164,4)
(121.39820376903482,31.244868682056154,24)
(121.44702381142562,31.253999656672175,37)
(121.36690975276301,31.300865908777155,18)
(121.42752585513972,31.230720587954675,1)
(121.42907298118365,31.27136584379492,13)
(121.43173461961673,31.25982013029221,36)
(121.40125656556151,31.306652176460616,31)
(121.41793902501092,31.272504542372882,11)
(121.37733851248989,31.27365461484622,23)
(121.38473978259742,31.27721174194181,13)
(121.41260995749452,31.229859452793256,19)
(121.3765274078942,31.249587641281646,29)
(121.4275106570543,31.27000676076683,36)
(121.40991025478415,31.24010188881984,36)
(121.39930842726962,31.255826778700943,36)
(121.41350301549811,31.236717612427356,9)
(121.40521988656482,31.256392222677587,36)
(121.45962570485555,31.255635276094306,2)
(121.3944451064079,31.248180285863903,5)
(121.40219771644851,31.248335244141582,5)
(121.44456976300636,31.240870869421542,22)
(121.41127627307027,31.24350420356927,11)
(121.44303618509035,31.269976196672925,1)
(121.41734993432948,31.272509063221264,2)
(121.45352687295893,31.273279705451728,1)
(121.4530983590735,31.258809650371923,17)
(121.41770537921076,31.25207487457467,36)
(121.3552977764494,31.28778822663617,33)
(121.43946948664107,31.24495773240366,22)
(121.40875321455972,31.23447740362025,5)
(121.40229013047524,31.26430521999275,2)
(121.37264518694155,31.255925268574746,36)
(121.4252006691933,31.242254657416638,18)
(121.34110723626331,31.28644801622521,34)
(121.4388085062094,31.261052766977905,38)
(121.39060200492723,31.240262404719232,32)
(121.43697988300343,31.25931550484057,24)
(121.37619820133541,31.253657711402678,36)
(121.40999891257039,31.255558259284662,3)
(121.45322744754984,31.248654684637316,16)
(121.45284143635052,31.270480219351942,12)
(121.3751029457586,31.280705762093927,36)
(121.44282736775222,31.242166419992966,2)
(121.34883335298214,31.301656712782556,21)
(121.41085552392077,31.270204908693586,29)
(121.38735593263877,31.2373826788612,34)
(121.40212961794546,31.264220257404872,103)
(121.3939506928351,31.30089400655297,18)
(121.44262232961857,31.239661598667453,36)
(121.41875779219858,31.252713628724333,36)
(121.42238207818023,31.24930815986044,36)
(121.41858062484785,31.23804417477426,18)
(121.43727815551219,31.240579512343473,2)
(121.38389262000047,31.278171669529378,36)
(121.40912849838797,31.244092400693184,36)
(121.37380772521703,31.25545772666296,17)
(121.42300540975154,31.262054054773373,4)
(121.39100000774754,31.259670246561182,29)
(121.39968713041885,31.250115370956973,36)
(121.4151802309398,31.23546749838377,36)
(121.43176989066484,31.263465660720982,24)
(121.45176562537286,31.245723250696706,8)
(121.45199565364652,31.27502334269732,5)
(121.40211245255541,31.234063802255015,4)
(121.40813249468748,31.228913938455864,3)
(121.41547477072407,31.289010390939616,16)
(121.39511305322188,31.228048513713794,8)
(121.41513521465232,31.246515490507768,9)
(121.3771442401845,31.256642751792533,39)
(121.4058805242103,31.260564028686794,24)
(121.39607420661308,31.223634931580172,2)
(121.43803060890016,31.262908483599123,19)
(121.40736906710157,31.22352946431882,36)
(121.416203274845,31.253002947350108,7)
(121.40186737825384,31.24307182567949,6)
(121.4230353915139,31.26214307156626,28)
(121.4517834406198,31.267079521193036,34)
(121.35626126403898,31.282567745530372,36)
(121.43532648401768,31.23348151491247,36)
(121.37057361289196,31.24059671626842,1)
(121.45543576753884,31.256523658591473,2)
(121.41835404084419,31.252656811709024,37)
(121.38269812479122,31.24950094659129,36)
(121.42518896605463,31.23953876005202,36)
(121.40927602108778,31.22485097156788,8)
(121.40600593351598,31.261097722509184,36)
(121.38734049564349,31.232525452009504,17)
(121.36971278179497,31.281636206145777,16)
(121.42808417332725,31.269561797549805,1)
(121.42516075935681,31.24142435072508,154)
(121.40219963371568,31.280407238493083,2)
(121.36503813892358,31.278917626474033,10)
(121.39061934595459,31.259413103946617,49)
(121.42980040342204,31.23399004494125,13)
(121.43752749096,31.24201813475242,36)
(121.43724809151755,31.278123109112357,13)
(121.4557167528859,31.252872478287177,39)
(121.40210469295448,31.229707089083206,33)
(121.45103577729687,31.251176071387594,9)
(121.40902477287239,31.24509227724834,36)
(121.40623420457648,31.247982583377816,20)
(121.4128810250178,31.26151064884805,19)
(121.39023203104435,31.289893325612493,20)
(121.36442204406721,31.309409286507407,30)
(121.35440478881188,31.308909978210202,30)
(121.4021972785127,31.243313005336155,25)
(121.39289922372195,31.234682342734,20)
(121.38794599693584,31.25480490904214,12)
(121.40224902399164,31.287105003919386,24)
(121.39905232357276,31.2321050538643,4)
(121.38558613094388,31.259626046318633,10)
(121.39783203373695,31.246139948750812,16)
(121.39348232212483,31.26573839126764,36)
(121.3612802580877,31.25069745017233,21)
(121.44130824007392,31.258787509456347,32)
(121.37107823343219,31.250015601063737,1)
(121.37497555085609,31.254703686893144,25)
(121.41128853108697,31.297610843277976,35)
(121.4295413459134,31.26841592745561,11)
(121.34902516736362,31.302951221737143,36)
(121.45991967501791,31.273037080707482,27)
(121.40284979267804,31.23067946887481,47)
(121.3836031662381,31.25099507689966,6)
(121.36680505769873,31.237260887025354,17)
(121.41484191161672,31.272388337830183,2)
(121.41855303079875,31.235216386913894,28)
(121.45496368867235,31.253723408336715,6)
(121.44199022741768,31.24789027049173,23)
(121.4102596768217,31.266896191171497,36)
(121.44511415714257,31.2458487257512,3)
(121.33972514484113,31.298119063039227,20)
(121.38810380267186,31.262405325993594,28)
(121.35396049938917,31.292956995709403,9)
(121.3991463902075,31.242841472230907,21)
(121.38541517673713,31.227671592327003,14)
(121.41937135155602,31.25227210460329,16)
(121.37394273190544,31.239663716555686,37)
(121.38588895656316,31.231099585204657,2)
(121.3885809153988,31.270259036802024,28)
(121.40277765327828,31.244959995699467,7)
(121.45164174220623,31.243770617408597,36)
(121.43208039209298,31.251053917522345,3)
(121.425870405389,31.24713129111107,4)
(121.40781117444212,31.247935563373073,18)
(121.43329865833869,31.238978124396073,3)
(121.40765133486653,31.291245900536413,37)
(121.38258820458967,31.297828040282017,7)
(121.41321070671121,31.26132411816824,17)
(121.43752034910229,31.251734467270158,6)
(121.42277459631795,31.238992041546418,11)
(121.40713215206002,31.23590016681249,32)
(121.4232492808871,31.263017292627772,21)
(121.36255374089559,31.298144253410605,26)
(121.39200525607734,31.229388221136375,21)
(121.46006253567134,31.26429706021824,36)
(121.43646917996728,31.253413609575897,19)
(121.43126675977527,31.278153256755417,16)
(121.38178854684898,31.24350837700245,1)
(121.43623966943088,31.243420478710057,1)
(121.41211833616673,31.258219518467016,10)
(121.42286800005994,31.27486591148522,17)
(121.45103741213678,31.27001920070487,5)
(121.40022834842507,31.250475695082496,35)
(121.39397008941224,31.25943395786278,6)
(121.40422300191287,31.236258606106922,16)
(121.38036694558548,31.23336431749002,30)
(121.3906045199686,31.26912001961312,4)
(121.3858350169708,31.293238972687185,3)
(121.40911299457589,31.244107597446995,36)
(121.38481742718555,31.28367246924413,21)
(121.42336308166448,31.261885723376917,36)
(121.44998471771095,31.24618684444319,7)
(121.38012602741385,31.28376388873929,36)
(121.42559085423329,31.23756622942837,8)
(121.341597297964,31.286070784747313,36)
(121.38504307786184,31.24246800608579,4)
(121.43954157556901,31.281831435492997,3)
(121.40629360436851,31.23881402513474,18)
(121.39501361231854,31.22365142194032,9)
(121.39285104140107,31.256220226831566,36)
(121.43417252276878,31.26327378896325,34)
(121.43362909170311,31.250891848965665,25)
(121.42842305293127,31.251835100622053,1)
(121.42163779507565,31.254421595114085,9)
(121.4295135146416,31.246586332143096,4)
(121.42138090351546,31.25238995613827,21)
(121.36926695734346,31.245964319441075,1)
(121.4108536234786,31.226203493168374,36)
(121.39004684181515,31.25999992829346,30)
(121.36056873963062,31.293973800106517,18)
(121.35024523931412,31.29862869033537,3)
(121.3831058599854,31.28404662365469,17)
(121.42445423185002,31.240663547327895,6)
(121.39168315986564,31.289865287730912,6)
(121.44726761202524,31.272083055040333,36)
(121.45285090906026,31.247676531442053,31)
(121.37326955356542,31.258429174339557,9)
(121.37864325782401,31.26221824799674,11)
(121.37145666180517,31.29414762647128,15)
(121.39360180514954,31.299400879043514,33)
(121.43460865161552,31.237682960239592,7)
(121.41064434947047,31.254226061867506,37)
(121.44296685211822,31.264639039028463,25)
(121.34639030605564,31.28378844476549,38)
(121.38185384881606,31.28058737790365,8)
(121.3857400972206,31.29319555619339,36)
(121.39602311879814,31.245908065440688,36)
(121.3830110735476,31.2448201704232,2)
(121.38233984983893,31.251080291523593,5)
(121.43922889755271,31.27934186097582,1)
(121.41484031962653,31.269156424640446,28)
(121.40993678926648,31.25852417310877,22)
(121.38602361706681,31.28309929610951,4)
(121.44949765895512,31.244556021661555,36)
(121.40796631303199,31.24563455695792,36)
(121.41369244691641,31.232620705122322,35)
(121.35145730355822,31.281362922265064,9)
(121.39560432165115,31.262349062119885,11)
(121.36715757999497,31.237364402381758,4)
(121.39942807121794,31.26198946311283,36)
(121.4202459874301,31.266524771399023,35)
(121.3397693473399,31.287707002060245,67)
(121.40983749408682,31.25160986439202,1)
(121.39805022770659,31.304563353492764,37)
(121.38047736842094,31.259674139887416,29)
(121.46292297339534,31.25541570504841,11)
(121.40337099681007,31.229062546505574,36)
(121.37488383824824,31.238032450536398,21)
(121.39016164251782,31.282425671913796,31)
(121.38872714359752,31.28287038508605,37)
(121.40142040819785,31.24933621144788,38)
(121.4102115862577,31.25788892989427,27)
(121.41786633686192,31.252672059766077,24)
(121.38728912344477,31.28710914235222,28)
(121.39755121396428,31.27603989100494,33)
(121.42690553922853,31.238162366251373,36)
(121.35704147114957,31.29010011186037,36)
(121.3802685985012,31.296904227176856,36)
(121.36418411113839,31.308903660223866,14)
(121.38682812778727,31.276156683742244,1)
(121.4239943746572,31.250360192687445,35)
(121.42594547302335,31.247035233271802,1)
(121.39027373880602,31.240233164787,9)
(121.44951437777891,31.242897447792686,6)
(121.42544308351384,31.24996590463538,36)
(121.39062474602915,31.267456788432355,36)
(121.44021912313116,31.27876518464629,25)
(121.43097610716697,31.254015430905834,7)
(121.38644416557634,31.296079868378424,6)
(121.3784941677134,31.263260116459787,36)
(121.4384937152323,31.270822556949174,36)
(121.40264878221193,31.259416187943568,36)
(121.40041891328563,31.244770216831725,9)
(121.44132614548792,31.265601199905543,21)
(121.40736488688952,31.24995335527931,16)
(121.43059747426196,31.24822964821347,18)
(121.4112155222045,31.246194416698483,32)
(121.41409066114117,31.24663789727078,14)
(121.39301023273647,31.27982402130551,32)
(121.43970037662129,31.271242805567528,2)
(121.42365935536976,31.245135160355286,7)
(121.39956032307119,31.287240042670593,36)
(121.43800652954285,31.240009574028953,37)
(121.3912671069141,31.280523110918928,4)
(121.45680183446575,31.251057635797125,36)
(121.40828465340196,31.23087183247808,32)
(121.38829276793287,31.294474726227282,20)
(121.42899621578728,31.275626802674132,9)
(121.36987163953265,31.253964692333245,17)
(121.42002229460977,31.236245292262613,8)
(121.41081671433956,31.275430590127943,36)
(121.39195723887723,31.279559010897025,12)
(121.42101884435345,31.282671710699265,4)
(121.42072796897894,31.23505374184263,2)
(121.38393634716452,31.25914634861868,20)
(121.43861094753989,31.267862933162068,36)
(121.42862713962136,31.23276430541369,4)
(121.4225493092319,31.279345663258738,9)
(121.44378042207786,31.2546884298432,11)
(121.35126880041724,31.28012007740504,11)
(121.39642547979712,31.22464456307926,2)
(121.38148034647828,31.29139538229291,24)
(121.44511417485201,31.270600066079474,36)
(121.43576780868587,31.238237223989074,1)
(121.42513475281632,31.239616548716185,20)
(121.43657721696732,31.278730254141223,24)
(121.4110773197585,31.243504240062816,14)
(121.38582593725302,31.287392114354745,1)
(121.44420370720334,31.278929051016185,8)
(121.4201914008457,31.247896703948005,15)
(121.41882603176873,31.244498952321514,33)
(121.44083269089586,31.240436698362714,29)
(121.36710103678011,31.300352987436995,42)
(121.37883487878592,31.266487286353936,1)
(121.45057940409409,31.257958905890387,1)
(121.43326216757146,31.25570159958116,13)
(121.41509640489323,31.237034241233975,36)
(121.41060168245677,31.283568959592586,21)
(121.41464971873658,31.272801024794312,7)
(121.40942255747268,31.24270611733293,36)
(121.43783303760391,31.254035050591863,32)
(121.45126627801112,31.27449764371157,4)
(121.38255261921452,31.24560407382746,8)
(121.42608688572004,31.245321534339805,1)
(121.40437875618764,31.232911648662427,36)
(121.45067101866181,31.274314859047465,6)
(121.38992829158727,31.282334229282288,25)
(121.3670645256321,31.30902600425198,39)
(121.38988180435706,31.270295876756485,3)
(121.38840236149639,31.28254475144364,32)
(121.39638644799356,31.235066145735644,2)
(121.34164239579967,31.2860388565094,20)
(121.40406696525655,31.247240075187786,36)
(121.44218853413359,31.244160300213775,28)
(121.41562298777473,31.2350111253293,31)
(121.38843149245727,31.259480635626886,15)
(121.43849493242676,31.25397710769644,29)
(121.45892780392866,31.252827743220497,34)
(121.45272798557956,31.247098712836447,25)
(121.42136546236429,31.247195669926008,17)
(121.41132226163116,31.243500193089552,11)
(121.40932363741308,31.243464467577816,10)
(121.40333492277038,31.248055330884426,24)
(121.46381449294975,31.267093653826517,6)
(121.41587338964258,31.229523511983,15)
(121.40753110643297,31.245558267163542,36)
(121.46207865740602,31.259465416337463,2)
(121.44391645146672,31.269546599052113,1)
(121.4516218618718,31.256125116406842,15)
(121.4133045297025,31.246295966943173,14)
(121.44319295771933,31.282277063531044,1)
(121.45666881129023,31.2523654135321,7)
(121.40512035544488,31.25497999845249,1)
(121.37044455981614,31.272129822752735,25)
(121.39139563297537,31.24039299450138,4)
(121.4033361173979,31.284664911178385,3)
(121.41132229076946,31.243834342734303,34)
(121.4064788497553,31.231925276341222,2)
(121.44790518027192,31.261303570659397,3)
(121.44121517088715,31.265359064475454,36)
(121.41320764701467,31.23130522252457,5)
(121.44002486108221,31.282526124204928,17)
(121.40366926535727,31.293912177749533,11)
(121.36712073396482,31.30926451069348,36)
(121.4638384713291,31.263008152006027,16)
(121.39935896235805,31.231967766504617,1)
(121.38919599717718,31.230559985174807,4)
(121.44051205315125,31.238012080596487,3)
(121.33376792787807,31.301148917519935,36)
(121.42688570183482,31.24739842585291,2)
(121.40118947046322,31.290620383164725,16)
(121.41103216753073,31.23287051792183,11)
(121.36314980848702,31.251647807611857,36)
(121.4529228962478,31.245497884992826,8)
(121.37035837398918,31.23028772851071,59)
(121.4449251932132,31.2549816753374,1)
(121.4039015181279,31.228415171484798,7)
(121.45243718381693,31.258651628662648,2)
(121.42025407343947,31.237068070373315,10)
(121.38900818183942,31.26900983132712,18)
(121.40514104068913,31.223820524166037,17)
(121.41959391054495,31.24421391894554,54)
(121.45675246172463,31.256430860983674,13)
(121.40092255218622,31.23884169001296,3)
(121.37808494668617,31.25560175586415,18)
(121.33952478887234,31.28760149714906,28)
(121.42837121465199,31.264621665776353,34)
(121.39228415266848,31.257635539871703,3)
(121.40684223665784,31.294303927135477,2)
(121.43703323974646,31.252916643762838,37)
(121.4321081922264,31.250177920158183,22)
(121.40792810355902,31.247204234283014,27)
(121.44231744808059,31.245935892418053,12)
(121.44546231296178,31.245780710798876,37)
(121.38168978392589,31.253899950702053,20)
(121.45051800879975,31.251816336246826,22)
(121.4109483407051,31.243410220642236,1)
(121.37037492070124,31.247824677277997,2)
(121.37650672209466,31.2892140238926,15)
(121.38011996921068,31.300131196110325,1606)
(121.37090602088647,31.28528432751255,37)
(121.42714007696749,31.23674403922311,14)
(121.34791418534914,31.309397643454364,18)
(121.37217414570935,31.286833646547922,36)
(121.37572431241034,31.251117026228147,27)
(121.39567717807829,31.299642676485572,37)
(121.44696356261441,31.26118088287425,3)
(121.41055944142384,31.24361837787009,16)
(121.3887524500132,31.27465501099212,6)
(121.42838403188986,31.24205995790478,1)
(121.42503987349271,31.25446321159092,35)
(121.40623422691385,31.248238696990082,31)
(121.43778995379229,31.26030134243131,33)
(121.43975299550956,31.258745718619192,17)
(121.42281263262414,31.239781371398344,23)
(121.38128502277857,31.269276382946394,16)
(121.36847191412501,31.249132606983572,4)
(121.34147230551574,31.293283474681452,37)
(121.4252003688359,31.239493462489726,15)
(121.39125315906506,31.270643098277663,11)
(121.45870841874135,31.267833557361868,34)
(121.37505204194542,31.25782690327874,26)
(121.44409984551984,31.243729058311015,14)
(121.41557291377474,31.253023059979416,53)
(121.37598394693752,31.254195690581664,33)
(121.41737646508267,31.24516536690471,36)
(121.4510674239054,31.259444622731134,20)
(121.4149544125944,31.270786072631527,2)
(121.39414137616151,31.295879143038842,36)
(121.36443344564347,31.309459487712495,21)
(121.38952648044092,31.255857563409116,20)
(121.40284897135088,31.22875044127819,6)
(121.44283539330027,31.24501966945182,20)
(121.36712393444091,31.309269911079085,36)
(121.43334392157199,31.230628429700683,18)
(121.44170216626947,31.264043759352862,1)
(121.40424262292518,31.243048225934615,36)
(121.35226323506538,31.284216511760665,36)
(121.33813397713772,31.293740976637572,33)
(121.42748122774587,31.272726868113637,36)
(121.44812050562179,31.260479455791035,40)
(121.41867946221635,31.236912310212247,23)
(121.40174090461286,31.251329373904852,28)
(121.4320276845723,31.25359409338669,36)
(121.4443583454955,31.243814672808263,11)
(121.42391776947302,31.24110916082177,5)
(121.45102152123961,31.259358673129764,3)
(121.39544842131127,31.23006361055145,36)
(121.38882805215091,31.30374276449956,36)
(121.45433396553713,31.273730267031247,8)
(121.45807432483853,31.247754214386635,2)
(121.39284795872955,31.255012391699594,23)
(121.45120719708767,31.26040114183984,36)
(121.39486860771525,31.224582781491005,24)
(121.41794688185372,31.260328512202836,18)
(121.39697840486083,31.246949268680073,1)
(121.38128045837914,31.283945169875654,17)
(121.40990198865349,31.259692031011298,36)
(121.3740417646682,31.238349247225305,4)
(121.374114378119,31.256185269480905,31)
(121.4090860402008,31.22478796024917,36)
(121.44511605754126,31.24584142610289,16)
(121.42231126164582,31.260286224115656,22)
(121.45483560892262,31.272206605004317,1)
(121.45951404512174,31.253372544415075,5)
(121.36654886440589,31.251546766512128,36)
(121.41192323944315,31.23355857058065,4)
(121.4391984379138,31.284938197774117,18)
(121.34474281951861,31.280901545674364,7)
(121.42585512886126,31.24177029325772,21)
(121.45367147034862,31.272636145900037,7)
(121.40997544885398,31.242453939110298,35)
(121.41285711887835,31.246383273217692,36)
(121.4381817386281,31.239791155531073,12)
(121.42517576282378,31.239489057418808,32)
(121.4119225593313,31.225754974285678,1)
(121.41343238280837,31.252581612589214,16)
(121.36440824161151,31.31136648045998,36)
(121.43883428871186,31.254289953113354,2)
(121.41350858054945,31.26132388049248,37)
(121.38911811569123,31.28223078164442,27)
(121.4437562770831,31.24099538940801,6)
(121.43076331511983,31.253265329422963,34)
(121.41872783087436,31.252937742819192,18)
(121.40201547042892,31.24833273512094,36)
(121.37716992588213,31.245795447112858,36)
(121.43874952517154,31.26570181862174,37)
(121.37696379201346,31.271253171794804,1)
(121.4590872926127,31.254779101605198,16)
(121.38370716914135,31.259987497548536,50)
(121.40276044838987,31.232383162545922,6)
(121.4206479619552,31.246675887748786,20)
(121.43344375233545,31.275869564568726,22)
(121.43547412285476,31.28093759148607,36)
(121.36538711957644,31.278059494906717,10)
(121.4415852975301,31.2432696895766,9)
(121.44892671175211,31.242223025282964,23)
(121.44615007317496,31.24154421684841,19)
(121.40388503898015,31.28685656700974,62)
(121.45928258923315,31.260185212426574,6)
(121.39171056919014,31.25990981561376,36)
(121.44207548550675,31.26415222968488,35)
(121.43076288300676,31.24892584831803,2)
(121.42053375911628,31.243385487575257,16)
(121.38274714404078,31.283559480264437,14)
(121.37471819366239,31.277918248263454,36)
(121.38837469226321,31.304229607435925,26)
(121.36814029922533,31.26663233304815,27)
(121.42282789204279,31.242905766883496,2)
(121.42750073245851,31.27259527236343,4)
(121.41806541000551,31.236147283108945,29)
(121.42286989737477,31.238779781072463,25)
(121.46106035998913,31.25715933368603,11)
(121.4095946130748,31.243521198569354,36)
(121.45762895856636,31.27638148708447,36)
(121.44704346353458,31.262791933744822,2)
(121.41662865387994,31.239714675510434,7)
(121.38476440294949,31.250075377312978,10)
(121.44788317193328,31.279047798285575,2)
(121.41052461257429,31.268419194083112,1)
(121.42833918136553,31.263817352206296,36)
(121.45150117255668,31.245879048760607,32)
(121.40509721151363,31.28695768370483,4)
(121.38698355681947,31.260116442843334,57)
(121.37702469392599,31.270454073366942,36)
(121.38493225931515,31.291838869084504,37)
(121.38400410300761,31.243992742043663,37)
(121.40550043226884,31.24705097737449,15)
(121.42508368150888,31.241288327962852,12)
(121.44595953425217,31.244803477385496,32)
(121.38301426081365,31.281414861987248,28)
(121.38209786855735,31.27752335788097,24)
(121.3652418581183,31.278006255093807,31)
(121.4595144196236,31.25770043317959,2)
(121.41862893869103,31.253454020816072,36)
(121.42176817261215,31.23605339572825,13)
(121.44085625770283,31.24743279528586,5)
(121.43123542830125,31.262368449862404,3)
(121.4073448847338,31.301641966592044,36)
(121.42313533467856,31.262489148396416,36)
(121.37103606670185,31.294945378345805,9)
(121.45948422824087,31.254574136824072,35)
(121.4561984487307,31.274739840014554,17)
(121.44652178643956,31.253174169299722,19)
(121.44601899266281,31.266612844476683,15)
(121.41076540170988,31.227492072401063,164)
(121.4296563705758,31.246528992542455,4)
(121.42108292220549,31.249969078728224,6)
(121.40988768512912,31.259610928196384,15)
(121.43333492260192,31.250187092007696,18)
(121.42978237795816,31.238048502423343,2)
(121.39734848945072,31.26028231428693,10)
(121.44133726081428,31.257461477037108,13)
(121.4535024452756,31.256182445327347,10)
(121.39171059116936,31.260161924521814,19)
(121.40382127210344,31.22821741797998,6)
(121.42621935435885,31.239196435557197,36)
(121.44333813046211,31.241528303309426,4)
(121.4400569437609,31.26195733338071,7)
(121.42860936368457,31.250476692563506,44)
(121.38446434013503,31.257716910072013,30)
(121.44345366193151,31.261670987693222,5)
(121.45617317437105,31.247824295494645,13)
(121.40316337168336,31.29937875734508,26)
(121.4559768392709,31.27284651185862,26)
(121.40229012226918,31.26421117976094,17)
(121.38865302189396,31.305164180693655,12)
(121.45359695283656,31.25883412935274,1)
(121.37257612029585,31.25637637515689,13)
(121.39021265690258,31.25934852918975,12)
(121.42878504118501,31.25945755987212,5)
(121.44150376964069,31.25531228685426,6)
(121.37288938203639,31.25387869136455,4)
(121.40910129169754,31.244141494953546,36)
(121.42216662599809,31.26035269387674,35)
(121.40233566854681,31.244253338691873,13)
(121.40240473152306,31.259437149229562,26)
(121.38925705236869,31.237184999039037,9)
(121.39894044019861,31.26196059346248,36)
(121.42072096936954,31.26485188368905,30)
(121.44637442064062,31.24483985023322,13)
(121.42278470006704,31.264067546352923,4)
(121.39285314170289,31.257581124472825,36)
(121.41965970570034,31.270030596275713,36)
(121.39701538722204,31.243128267481826,28)
(121.39021269803843,31.24033416771094,22)
(121.41002561348833,31.24444082277366,17)
(121.42305840417575,31.2625172158562,36)
(121.40755265119067,31.23031460464884,29)
(121.4406434694089,31.256966306338434,36)
(121.44855557123218,31.25974039972008,23)
(121.36346412839843,31.25122980519155,4)
(121.44601806120593,31.244398148059155,9)
(121.44392518299591,31.25517640804064,31)
(121.44293809241493,31.243801962063838,16)
(121.45752949580742,31.268114228612195,4)
(121.41200410765707,31.232249221806192,47)
(121.42157867938377,31.24013400981996,22)
(121.38870958832723,31.253712019931584,8)
(121.41216114672415,31.25948610236415,37)
(121.42873086145335,31.27682145980473,7)
(121.37818587847948,31.27628468008328,32)
(121.37415988600614,31.256252375943525,21)
(121.39796831297276,31.256700812240126,20)
(121.37588850541965,31.29668926244876,36)
(121.37041562086823,31.27819275467789,2)
(121.45238230800994,31.24709366026311,13)
(121.38913735151993,31.258192293364875,12)
(121.45507736041985,31.25316192838229,3)
(121.38388291753816,31.280939161996105,36)
(121.4378765438915,31.23771071277959,25)
(121.35384530347783,31.28185931365562,36)
(121.38264146719453,31.300140998613923,36)
(121.41306229086238,31.235216568441565,2)
(121.37999774120563,31.282320161929842,36)
(121.37142329563093,31.267504637850397,31)
(121.4440787422901,31.266350102069964,2)
(121.39859578948483,31.251030404416568,21)
(121.42885801414873,31.257366066289844,36)
(121.43664389820105,31.253348350809716,16)
(121.36473948760059,31.312794715691805,3)
(121.4025582169266,31.276078239907548,13)
(121.36843952102654,31.31436627288993,13)
(121.44258052353898,31.283280697230957,27)
(121.36744049042795,31.25277973734241,6)
(121.38760578448012,31.301887096733818,11)
(121.37830044863945,31.269597007558897,35)
(121.42079288715414,31.264870398669245,16)
(121.45102229513942,31.26827749264881,6)
(121.40979756022472,31.254854455908994,36)
(121.44114606439643,31.258107047349196,2)
(121.40080669753134,31.229430360915018,14)
(121.41534823639918,31.244349498501556,36)
(121.45738483932442,31.273558532665,1)
(121.41730334311721,31.250852426761412,52)
(121.43700476962033,31.281406789169136,26)
(121.41227209522168,31.226788419115213,34)
(121.4047526545678,31.23127093648382,36)
(121.4406635987058,31.262650482120723,32)
(121.45558931576262,31.24562726282906,17)
(121.45249590752066,31.280058565165806,8)
(121.33391318918855,31.30034788267099,57)
(121.42375954618485,31.236895374186204,2)
(121.44175141309677,31.256438398623416,10)
(121.42335672060577,31.277855607133578,36)
(121.436530056653,31.25310039210911,36)
(121.42077860063732,31.255109526815342,39)
(121.42929836293138,31.246187289246276,16)
(121.41060168256921,31.24191704216427,1)
(121.44494645364237,31.25846115488439,45)
(121.40776485394217,31.30150090222237,36)
(121.43672996335421,31.278598998061227,37)
(121.42815605230862,31.248468836077578,36)
(121.43336593077068,31.255691887820042,37)
(121.37756759292309,31.274298848717336,23)
(121.43872453821976,31.265366710884653,21)
(121.36588897293426,31.233799023394553,11)
(121.40054867321827,31.241541806268188,9)
(121.44256308428372,31.258534047880485,2)
(121.42550536903248,31.278962080761513,11)
(121.36068785449476,31.293970612395572,30)
(121.42594925222512,31.245682005335,17)
(121.44643543330209,31.244823660953603,15)
(121.40517053031304,31.261711149939927,37)
(121.42519086651657,31.239515660487136,36)
(121.4051078163381,31.231751895380505,6)
(121.37241351803691,31.2292530007231,5)
(121.39626161877078,31.2393885130828,36)
(121.43323078552017,31.25081249129996,5)
(121.37589944189295,31.249752635316245,16)
(121.40980148513755,31.26015184011523,35)
(121.41015550992279,31.254980464491332,3)
(121.40623785800155,31.289838288037043,36)
(121.38465500448784,31.257814432544624,2)
(121.45405778602839,31.25245669774787,36)
(121.42226645097766,31.26479120605889,25)
(121.36685117236006,31.237668139082604,1)
(121.40177062309303,31.248453202920306,2)
(121.37645765536224,31.25471348191816,12)
(121.38656547906318,31.23631321883206,19)
(121.39084397305012,31.23770041073621,37)
(121.45239911769613,31.27986367467501,1)
(121.38750727701186,31.24080317683519,36)
(121.35956902172913,31.278014034517472,2)
(121.4112612932381,31.24369429152106,1)
(121.39616714313296,31.233821677287693,15)
(121.39237746908945,31.25376048051345,9)
(121.40041999075856,31.244801921808115,13)
(121.34929098812187,31.302953938497,37)
(121.41481272473024,31.237551930339183,13)
(121.4339487923129,31.26264078770484,36)
(121.42270066884976,31.262025258492056,52)
(121.38881008398877,31.26987204716184,4)
(121.40926276414437,31.244823081475495,1)
(121.38019491913624,31.270036266536973,21)
(121.40294683307692,31.259311197407243,19)
(121.35844797306198,31.287017212693975,1)
(121.38957637292464,31.300039877927155,14)
(121.45309725796032,31.2556816560052,29)
(121.38281623781593,31.283731617782255,10)
(121.44768899195863,31.247113574587956,4)
(121.42410857881666,31.240936937938077,9)
(121.42531463513684,31.254826146689467,4)
(121.39649818728522,31.26676636805392,7)
(121.40987818273972,31.26699561159504,37)
(121.41716048613121,31.247193572759087,21)
(121.37233439354488,31.28683685822896,26)
(121.39218116870802,31.228377011288785,12)
(121.45952893619582,31.252571159573762,37)
(121.4099030889254,31.259598231424842,36)
