(121.4246312760298,31.268206382685655,15)
(121.39208270539294,31.235363154713202,36)
(121.37691750157151,31.268643016245722,37)
(121.43859574805202,31.265280855482047,36)
(121.4457508953633,31.264076404782525,27)
(121.42226594909155,31.243490546669946,37)
(121.3893433433176,31.256068521786577,56)
(121.38842187150259,31.282860148187996,11)
(121.42641889527727,31.247787112190803,36)
(121.39219779042887,31.246869406165885,4)
(121.37485230337286,31.27252134271519,33)
(121.42313530265997,31.262121990602832,44)
(121.41332223435748,31.26148584118322,36)
(121.41468269241119,31.234582908704176,8)
(121.4530684453348,31.255788138000604,24)
(121.41781951678472,31.24295576905826,10)
(121.37457078143565,31.252621273721267,36)
(121.39073424791465,31.264817279282077,30)
(121.38939641981528,31.256427717113862,31)
(121.40251875713754,31.259445175343764,36)
(121.43674474144518,31.25338623399667,19)
(121.36996619212236,31.236417533868625,14)
(121.42520857084189,31.239511064150033,25)
(121.40701237720421,31.249923456852418,1)
(121.425082940179,31.239855537574734,36)
(121.43766668841045,31.269841078462896,1)
(121.36814139933205,31.2668710326756,3)
(121.40183704112012,31.230109928594842,5)
(121.39800777531181,31.25374937910916,12)
(121.42573989370149,31.23974309015507,36)
(121.36412740277028,31.310807149384324,36)
(121.42449920520437,31.263769671268776,37)
(121.39976905839579,31.239689833015806,29)
(121.4471689493725,31.259088618676355,9)
(121.41099243326954,31.281245767805192,1)
(121.37758277100316,31.272824549003094,16)
(121.37952516731727,31.240420126754035,36)
(121.42151005597842,31.255296146060672,15)
(121.4296730832181,31.246441446359455,32)
(121.37038876331476,31.234216570640914,12)
(121.4488282243763,31.25714380350186,36)
(121.41932814029232,31.238054781085957,10)
(121.42411512326265,31.23234215553351,2)
(121.41723217368313,31.235163520510802,3)
(121.44416911176346,31.25983403431034,7)
(121.35443599583354,31.3105656612315,9)
(121.36840946360014,31.314284199434596,36)
(121.435330585812,31.238335306900638,22)
(121.39633614820238,31.229606233927388,5)
(121.42376451825126,31.25036794502647,36)
(121.39864688775853,31.22896246576394,7)
(121.44546232104078,31.245873752275948,37)
(121.45548919636697,31.262984341901586,8)
(121.45436104422083,31.252378048705737,30)
(121.39182457579295,31.247533466387594,17)
(121.43487664632569,31.253668758277342,37)
(121.37694409231058,31.22896448432447,19)
(121.36496143611443,31.249449380827937,6)
(121.3987255913698,31.243020388612877,20)
(121.37562723926595,31.27488710294944,6)
(121.3932533025568,31.267264908973726,10)
(121.40002841572012,31.229067971623596,36)
(121.39326016294527,31.265610208753138,22)
(121.3854495442231,31.249834896378548,13)
(121.43744402144364,31.246548274719007,21)
(121.37787993235573,31.27008873879722,34)
(121.42044690234196,31.275562305395383,22)
(121.38868109728905,31.282805323611584,9)
(121.36313418701776,31.24006249172288,22)
(121.37532300477183,31.300193952033847,36)
(121.3514113701656,31.284275523839582,2)
(121.45928258826434,31.257175218037688,2)
(121.40923134493924,31.24509775111937,27)
(121.39086100076389,31.23786549705505,17)
(121.42700461843972,31.240295241962876,36)
(121.44531796642278,31.249940801327256,33)
(121.37384965755936,31.239875296125906,42)
(121.3906369696931,31.269016018274367,29)
(121.44198306190606,31.25732042524858,17)
(121.38097454486729,31.248742043848523,94)
(121.45426570438721,31.273730438189812,8)
(121.44130603774164,31.250233925003446,3)
(121.40027388974404,31.245041296058066,17)
(121.39018764819625,31.282468576602362,15)
(121.42516516061649,31.243219848285495,13)
(121.38749367450662,31.2384137791627,24)
(121.38492929909853,31.257875706611674,6)
(121.3544518941717,31.309016099899107,36)
(121.38123191947918,31.243925997340614,8)
(121.44655148363194,31.25040189743455,27)
(121.38087662915603,31.291523812068423,37)
(121.39929422378484,31.25754117245555,37)
(121.43347561620536,31.25284309666749,4)
(121.38859655654883,31.277459058713333,25)
(121.43115172783524,31.24689129364382,1)
(121.39198435144955,31.22925911747807,36)
(121.43999044627785,31.248276182840595,4)
(121.38158445373755,31.26822094313242,36)
(121.35061859494753,31.28202470237442,1)
(121.45137592631957,31.247725892899407,36)
(121.45235316414546,31.256159709875735,7)
(121.38826802904055,31.251810847283984,14)
(121.43176757226288,31.259780076485605,23)
(121.36421311492585,31.30975376162607,36)
(121.44292779879049,31.28315896098406,14)
(121.39799231365365,31.248531073720788,19)
(121.45523082774714,31.26289583816702,29)
(121.43968851806314,31.280656640261228,12)
(121.3938021911161,31.28962762338764,2)
(121.38330547235424,31.28008359462275,36)
(121.41335777225999,31.233338112820544,3)
(121.35169046008878,31.30066205611782,36)
(121.44147887927969,31.266675426189988,7)
(121.41120930359232,31.24367129088813,34)
(121.33976934354092,31.287662984288904,18)
(121.38198516737401,31.233805571377882,6)
(121.39290714870123,31.299400247443934,6)
(121.35173639492636,31.296655819054337,3)
(121.44826531081809,31.253294762162664,27)
(121.41753765327505,31.24264276262047,36)
(121.39587764563453,31.241381970093062,1)
(121.42004758595448,31.26030422098847,1)
(121.42434976221456,31.254679858082795,37)
(121.40284863961406,31.280234013961387,9)
(121.37248013331651,31.292768430250227,7)
(121.44881064162142,31.246818598916068,6)
(121.40342200540628,31.299607115537597,16)
(121.40263841765608,31.28319119075875,9)
(121.38939639767028,31.25617360640967,21)
(121.44773857587099,31.245669711539698,13)
(121.39995438054548,31.244859328813885,2)
(121.38196378878497,31.232410525122102,3)
(121.4372498374697,31.263775063233165,3)
(121.44910748209209,31.259049594680828,1)
(121.37735350946559,31.273385519618465,3)
(121.37712377334196,31.26851720374055,14)
(121.39874070575027,31.24938973202111,22)
(121.41843798106584,31.252567729949096,37)
(121.44633066028578,31.24717985150829,36)
(121.44730767660195,31.270802379491595,6)
(121.40188320968349,31.231912767514324,3)
(121.36237278080299,31.24474053363474,12)
(121.40563095055006,31.245347381637632,36)
(121.4490873344874,31.253429707397913,22)
(121.40090650700654,31.23411273984859,29)
(121.39579358023502,31.241159830106746,37)
(121.40690405998573,31.25773387805455,30)
(121.40182954799313,31.236350251981563,9)
(121.39448783166957,31.25997076107045,1)
(121.39419784605708,31.247621299600876,9)
(121.37822898056862,31.276801943543877,23)
(121.37104318003772,31.265459849083012,6)
(121.42742316531802,31.228864645916524,2)
(121.3862507493575,31.259050369669826,36)
(121.42769157732916,31.24847627468609,19)
(121.38900903258806,31.278765910222365,33)
(121.34102305117578,31.286483872309876,34)
(121.40715371412682,31.244981790388817,42)
(121.37509864355391,31.28710714756662,19)
(121.42698945250942,31.238204310276274,18)
(121.43599814208228,31.267471292287556,16)
(121.40201056952317,31.244128342355392,24)
(121.42265254614115,31.26507988584062,92)
(121.429628046777,31.280697889882205,11)
(121.41157192216295,31.238310251291338,17)
(121.43337098496414,31.24389925401318,24)
(121.4216084884876,31.262647273151266,36)
(121.4405935872571,31.28166303252637,16)
(121.41872888039454,31.264969953560627,37)
(121.44848164802279,31.241854668938995,20)
(121.41028545300098,31.254602280878807,27)
(121.38970501591275,31.283237256561303,37)
(121.40311083316031,31.248107857054304,33)
(121.39089269559595,31.245562979157178,11)
(121.4028614087929,31.243170071169832,27)
(121.39791748365433,31.262334069083046,7)
(121.42412357278367,31.2410269670028,31)
(121.41014274810455,31.242451214571552,21)
(121.45223966239362,31.27033801399825,3)
(121.40210123240216,31.231567656778793,13)
(121.42362365858673,31.271159478192978,12)
(121.42677617846509,31.2530762334892,1)
(121.33716223869233,31.29662961724279,7)
(121.46004655308036,31.252479969563414,7)
(121.38719773179842,31.25977847202148,16)
(121.39587677998674,31.231447453728638,3)
(121.38981654747094,31.253834888427573,3)
(121.44708529131432,31.250446295838643,50)
(121.42342351247878,31.255978120087143,36)
(121.40780099367058,31.250089445102727,38)
(121.38034217751388,31.29388619271651,19)
(121.39882404221792,31.241390192528005,12)
(121.40629305961527,31.223361376390336,22)
(121.4194535915673,31.244196477252924,2)
(121.39485343382695,31.23417619659641,36)
(121.45793938182298,31.255915098402095,37)
(121.44512906028513,31.245850628400486,12)
(121.40988708498142,31.259528728233477,2)
(121.4386884751984,31.240877781801277,19)
(121.43331328898695,31.234976289456917,5)
(121.40539278293602,31.29867351993985,21)
(121.43447098692265,31.242237331153863,36)
(121.4072447596297,31.240252929033524,2)
(121.40364790001476,31.258665031644302,4)
(121.39462638226779,31.246632694250025,31)
(121.41734335239823,31.236365462678854,3)
(121.46383546441115,31.25590778627496,2)
(121.42185214879345,31.264776419798018,19)
(121.44132284317698,31.258291313098816,3)
(121.45927258728483,31.259378212512463,5)
(121.42872947000315,31.260859704534575,37)
(121.42406263559627,31.241101046993148,10)
(121.44914570799533,31.243425661880593,23)
(121.45318867490631,31.254645972459393,29)
(121.40697083091436,31.300926689964637,36)
(121.40958751117687,31.259371866266488,13)
(121.35898236075136,31.279486017842974,23)
(121.44477055207223,31.25556318680175,4)
(121.39471982235668,31.27398254748552,36)
(121.38818441975704,31.25014867926559,11)
(121.3710110806479,31.272532205378827,69)
(121.44639772547868,31.24483525432613,36)
(121.45242406311053,31.279908644321328,1)
(121.41085174432908,31.22715812217574,21)
(121.35560448859573,31.28885918194032,36)
(121.43773321145672,31.254148236915942,12)
(121.38880851624057,31.25188429227337,2)
(121.43714711336068,31.253566776416875,37)
(121.4392116482726,31.253197751429237,37)
(121.3680114794944,31.266846916212618,16)
(121.4265329989748,31.25035214837071,16)
(121.40788914614221,31.247664440227148,14)
(121.43464971225234,31.262021667001267,26)
(121.43410769125228,31.25265525752361,3)
(121.41058944135968,31.24368740408917,22)
(121.38983087364853,31.25922445943017,5)
(121.38399222841764,31.280061233214848,21)
(121.42614531919926,31.260842062352424,23)
(121.43071770387587,31.254756560174254,3)
(121.44216650984141,31.254895083264106,2)
(121.42845361235887,31.247345053295092,20)
(121.4312503359054,31.249251037134915,2)
(121.4358978392408,31.241475243375294,27)
(121.3641909113305,31.311657554741004,36)
(121.44894337404698,31.2617555890496,18)
(121.36795071033242,31.31449062253731,33)
(121.35074909864653,31.28466601305602,4)
(121.44675772876852,31.24260329735065,13)
(121.38268627330778,31.285843350058933,36)
(121.44055947918494,31.255357730178826,2)
(121.38778576246008,31.253804344854696,27)
(121.42261674072985,31.262033320740144,9)
(121.3705919901971,31.279187405850845,36)
(121.38627870854448,31.299928536041563,8)
(121.45889752065911,31.249831176674505,19)
(121.4316730299089,31.246708567212533,8)
(121.4023426288805,31.24695165975025,4)
(121.44142076717665,31.265021607986444,32)
(121.43585220459097,31.254127724686384,31)
(121.38026590235113,31.2748247743244,36)
(121.38492967932459,31.262240592040637,36)
(121.45285495642047,31.25584958758708,16)
(121.40102304522411,31.25563017682781,8)
(121.4101408475016,31.268538963165472,24)
(121.42410811635759,31.235628533740147,36)
(121.39158406187724,31.232198391139192,8)
(121.42301944310978,31.251116281793443,29)
(121.40993889775984,31.258256741511087,26)
(121.39094816783133,31.273448073259324,19)
(121.39390369922413,31.259689650142754,1)
(121.4588982050046,31.259573602230883,5)
(121.41756340745842,31.24702248858752,40)
(121.42215809461878,31.250248499508317,5)
(121.36800379897117,31.31447969444365,6)
(121.38749827241416,31.257752140984152,9)
(121.44384064466557,31.2471019859873,1)
(121.43659798055927,31.253874524799127,13)
(121.45099048835361,31.25816621545875,17)
(121.44863368749802,31.2616306094809,36)
(121.42733057959728,31.264553408418085,3)
(121.45493295688483,31.25594244178276,28)
(121.42422347856265,31.241010882951645,20)
(121.43604322752135,31.25778507318491,29)
(121.44698040056694,31.27121212704196,24)
(121.41620982813343,31.236456551067914,3)
(121.44788403269025,31.254490349678548,42)
(121.37430659566188,31.28947845047515,36)
(121.39542432583086,31.244978640122326,5)
(121.4398287321342,31.24768698511414,16)
(121.43007765504461,31.258714424522864,12)
(121.42356116315163,31.253382883525504,39)
(121.38549208106963,31.283128847222425,12)
(121.3911145536373,31.268709876475732,36)
(121.39198395675578,31.23907777840155,5)
(121.45486808992105,31.263975318248935,18)
(121.4252826221263,31.242849867770023,2)
(121.37403046347767,31.256561856531945,35)
(121.38656197313219,31.267987953825003,22)
(121.45553596860411,31.273206580677773,6)
(121.41116002738337,31.228902583857966,3)
(121.41335014127357,31.261400347189827,9)
(121.43006294030695,31.26177476148109,36)
(121.42591471269402,31.23970692640886,33)
(121.39795086126263,31.300870882973378,9)
(121.45532502386907,31.267830750347876,1)
(121.45256868866444,31.2795091957264,6)
(121.43719461705558,31.25398173986442,27)
(121.45992187490454,31.26420126290522,48)
(121.42575524491575,31.24394896838209,36)
(121.36393905340068,31.237895883158192,19)
(121.4317668784111,31.276802359749674,4)
(121.42152420087527,31.23415669073065,20)
(121.37263016002954,31.255880229384484,36)
(121.41796756737463,31.278909194767248,5)
(121.45938338140019,31.254053105849707,1)
(121.40717221633143,31.259578677508614,13)
(121.40047430041882,31.28916734285525,34)
(121.43773319352675,31.253942146672248,1)
(121.45628292727905,31.271180170313976,36)
(121.42716427181907,31.2383051987599,34)
(121.43560777245679,31.24231118529035,1)
(121.41000351355018,31.28785499552673,5)
(121.37693179458651,31.271788359354,16)
(121.43087666059115,31.234524261208897,11)
(121.42729329338351,31.228696686802806,5)
(121.40445585734261,31.25500101714776,20)
(121.36388982814925,31.282507055015536,36)
(121.36493722480577,31.278351215868962,4)
(121.37475381303665,31.24820541051449,57)
(121.42239668268675,31.260167242123817,18)
(121.41498547722826,31.271681438474314,7)
(121.41098636518745,31.2437883834111,9)
(121.3871139759518,31.25201001690575,60)
(121.4311083959079,31.24756405230506,33)
(121.43358408113336,31.250756840308828,36)
(121.33417208455845,31.292289198344086,36)
(121.39719887353611,31.229318665383463,2)
(121.38255254851406,31.244791711229748,33)
(121.43039082497368,31.2651538692003,31)
(121.44046254892643,31.23768089078047,17)
(121.41225697044305,31.25943242248766,27)
(121.44695233944525,31.241746156793695,3)
(121.45870536588761,31.252352412194906,31)
(121.36885221271956,31.2522984548905,4)
(121.41673067940293,31.26075810008503,30)
(121.38023989840991,31.26943438153948,36)
(121.42593312086568,31.267526103879664,24)
(121.42464915753297,31.259211942496307,41)
(121.4105424479558,31.23218619882721,3)
(121.38253793710922,31.24945476926838,37)
(121.39097745546779,31.25353055885496,36)
(121.45810238634799,31.25619805013269,9)
(121.37492393298359,31.27147781605031,24)
(121.40211449337346,31.260312431358535,8)
(121.4532407859338,31.258812673006986,4)
(121.40389096318953,31.236030010294428,4)
(121.40183696247986,31.229207512719572,12)
(121.40259966904479,31.223820174002515,32)
(121.40978345944642,31.259347507043262,15)
(121.36504810469705,31.25019406838565,1)
(121.38884106378191,31.280805624750112,25)
(121.40932253572349,31.23082773124322,5)
(121.46285399817089,31.253491022878844,2)
(121.45161957283078,31.245430736853585,6)
(121.42023907090069,31.254856033458246,2)
(121.36951724371524,31.31365952164941,36)
(121.4274161335031,31.23988268323013,10)
(121.39320292339626,31.23179754168581,15)
(121.36416501392561,31.29045269345647,37)
(121.40907988643441,31.244156390483646,36)
(121.42891619265282,31.2458818435113,1)
(121.3824380029306,31.24003246211331,30)
(121.36292387928326,31.245695820789045,2)
(121.43794809720606,31.268367069036724,36)
(121.37854521372893,31.274690420108723,21)
(121.3969553186597,31.265627083862995,33)
(121.38053020903186,31.257091075724265,36)
(121.4323656332976,31.246785705181715,5)
(121.45555121552853,31.276482916333194,12)
(121.38640513688325,31.28855028278616,36)
(121.335320072584,31.29672014466524,9)
(121.3778657362801,31.245032842372687,9)
(121.4276906243843,31.237535368143842,16)
(121.46279117705753,31.265078185070056,9)
(121.46354327554809,31.25639979778232,1)
(121.45066421020307,31.269434663170614,35)
(121.41301125705715,31.246667304899297,36)
(121.46019232055895,31.26581241780162,16)
(121.38651328339468,31.26795610708835,9)
(121.37235041825305,31.2868368792344,34)
(121.41317231812313,31.23612258973703,2)
(121.3962486122099,31.274342840288913,22)
(121.38492949630637,31.260139686893226,36)
(121.41150396790223,31.229178645778507,30)
(121.4284184516698,31.250634501947125,36)
(121.42560975916506,31.236693817557423,23)
(121.4362179128807,31.24123530606451,3)
(121.44616387691006,31.257212551094288,8)
(121.42994644012086,31.246762050832974,25)
(121.4313799760774,31.24706892795749,9)
(121.39851862015507,31.249454680647005,19)
(121.36451075643095,31.309480696620177,3)
(121.41734253045959,31.228952045084686,32)
(121.34748569222978,31.30282333895143,35)
(121.44070939919108,31.23684385639461,16)
(121.44388912302153,31.253680812142818,12)
(121.43643130248488,31.25413497544213,22)
(121.41480940402234,31.287845699931808,2)
(121.33287047082543,31.294978403303187,71)
(121.42534424166597,31.25065228913894,32)
(121.41090575764488,31.230882126453523,4)
(121.45907255355142,31.25973318336151,1)
(121.43417720840318,31.259747264529178,28)
(121.45925258111289,31.250688225765792,2)
(121.37424669751952,31.271737355779454,37)
(121.36444724757689,31.30942938937823,29)
(121.36772851164955,31.25199520792606,1)
(121.40730975100881,31.297897816150787,17)
(121.45303754754386,31.258663440961293,5)
(121.38708442316951,31.268958304901147,36)
(121.39281817435968,31.26919947253142,1)
(121.38211356930456,31.244972639103956,5)
(121.36160046948721,31.29651300235498,36)
(121.42994569557175,31.23436572181857,8)
(121.37258901342518,31.289465250751668,35)
(121.41348307422615,31.26132117516034,18)
(121.41261645911692,31.231087551862384,15)
(121.40912134070236,31.228286579308374,9)
(121.3825097407715,31.283470624808754,36)
(121.36757491596957,31.301160988696235,7)
(121.40429946630569,31.28701199877433,14)
(121.44444004042455,31.26513486719813,4)
(121.37870471032264,31.26650014728537,9)
(121.45915134319496,31.257045667351782,3)
(121.46092904016562,31.26185760696495,7)
(121.38609227226844,31.283280039044318,32)
(121.40457468716627,31.23195608604175,6)
(121.38924374074789,31.296896273248926,17)
(121.42821738848629,31.26458879842876,3)
(121.42386572286249,31.25149382545831,33)
(121.4038081684099,31.24999426063198,21)
(121.38208836430678,31.245016634829664,3)
(121.43277426716814,31.249025232065545,25)
(121.3345007912033,31.294577515307566,34)
(121.45194173530616,31.25964281383961,1)
(121.36942169281367,31.287853952609627,36)
(121.45724651306634,31.251687100686095,6)
(121.39130021313116,31.28232298084062,9)
(121.39726153423864,31.266392539764357,3)
(121.43029060087757,31.247526187615307,4)
(121.40741156264454,31.23955712201086,2)
(121.37174372688898,31.25516275102285,36)
(121.3773552840988,31.293763835441684,36)
(121.42790393004185,31.272034655921814,24)
(121.3849907658257,31.278346988459415,17)
(121.3725176781331,31.28686610977095,17)
(121.40275702873518,31.261986316887594,2)
(121.40722598414136,31.24546947851623,11)
(121.4561367739323,31.265192937987283,3)
(121.36438783923406,31.309652581999615,3)
(121.43786298621114,31.254010998946452,19)
(121.40055924472655,31.248362973595977,16)
(121.37730922149042,31.293763782111395,40)
(121.44760984100071,31.24556889543392,12)
(121.37049384218331,31.290810996982593,37)
(121.41937103454845,31.254247822069797,3)
(121.44113159780727,31.242964505971045,20)
(121.41090392435565,31.261448154653625,37)
(121.4142374606636,31.234096785251545,2)
(121.40556167151055,31.242192964953162,34)
(121.41923810163,31.254422693925672,15)
(121.40485603233253,31.304233868819548,36)
(121.42500024189263,31.2435580448579,1)
(121.37951742609381,31.251175404464963,1)
(121.38609599900899,31.25481923001311,1)
(121.37453109714434,31.23388082792953,25)
(121.42669522115446,31.277783747236114,36)
(121.42201141983323,31.22967031043952,21)
(121.4144697182806,31.23582963062282,28)
(121.43770306264383,31.2518732794103,36)
(121.40569214493112,31.247538360716757,17)
(121.37560853928578,31.244106774138025,1)
(121.38564590051328,31.28321709185423,31)
(121.38142793297963,31.251295812911742,3)
(121.41241364641373,31.251304426722566,62)
(121.44627970096104,31.24484803360494,29)
(121.42036410128382,31.246679075235424,18)
(121.39554255111378,31.26184222915199,1)
(121.42419250696003,31.2410059045681,36)
(121.42720320993905,31.238082062458883,37)
(121.41721866475322,31.263628117494182,1)
(121.38554836812929,31.26279437804221,33)
(121.38074603132134,31.286488650096548,36)
(121.40737211355182,31.258468194597263,34)
(121.42321827015834,31.262582128316538,36)
(121.40767096178722,31.251235415985224,4)
(121.43854773296904,31.24122636975888,4)
(121.44832514519132,31.243681771755686,16)
(121.39040284271896,31.24022925269709,3)
(121.4268905595976,31.238211401819694,11)
(121.41532666973265,31.252719163819698,4)
(121.40308452792567,31.228831888838528,1)
(121.4235696698294,31.24405071652449,27)
(121.41879584632684,31.25361300337727,2)
(121.41336234429443,31.261167950199084,17)
(121.40119357167053,31.287115091288392,28)
(121.43714798633981,31.263598124384064,2)
(121.46216233803803,31.25843477747979,14)
(121.38902289526771,31.254089420530335,7)
(121.42665722270819,31.229527680695888,9)
(121.44451511147128,31.279132622879086,3)
(121.41193201154518,31.28988222426639,25)
(121.44856893944001,31.247381982054257,18)
(121.41494853775058,31.261440281779795,20)
(121.42526148464584,31.24799715920862,24)
(121.41839811847534,31.230930020846227,3)
(121.42686317638174,31.261307763547386,29)
(121.39135681215768,31.2313498964639,36)
(121.40050423241784,31.238561981806054,4)
(121.4256052682769,31.245074335608038,36)
(121.35552790612313,31.295470688663343,28)
(121.40258631375092,31.24272682086303,4)
(121.43794685670866,31.254111927819643,36)
(121.3864665019184,31.27673405083185,37)
(121.43485654220594,31.27506393585596,3)
(121.3723984945765,31.229248979215686,36)
(121.37716151867271,31.271952091159058,33)
(121.3890086316019,31.27416799997071,36)
(121.38663611658933,31.227733379298794,22)
(121.41091353823975,31.242231575469738,6)
(121.37015118377202,31.312605000582902,37)
(121.378673387384,31.251748728791828,24)
(121.4411163220459,31.26503707654232,21)
(121.36850771826776,31.269250361014,9)
(121.41442254328315,31.235336700782653,1)
(121.38655866830467,31.293530699166073,13)
(121.34345254529323,31.287525845276182,35)
(121.42097463790176,31.23430010620985,4)
(121.43798027920583,31.282529925481064,33)
(121.4338773690621,31.2352228584862,1)
(121.37536079739036,31.25452155591202,36)
(121.44766458871773,31.253918557848323,33)
(121.37222464240473,31.313197476210686,36)
(121.38590093452189,31.270210933090677,36)
(121.43800767320258,31.253159426422457,37)
(121.43119650157075,31.238875451865567,1)
(121.42871339116573,31.259740236744083,36)
(121.43345815573322,31.27596936722924,30)
(121.43162550516251,31.268310885764958,35)
(121.4095180964073,31.237577393159953,5)
(121.42851572250028,31.260896927577836,34)
(121.38780053829649,31.251072156192322,36)
(121.3723454017293,31.229120850625716,1)
(121.43798832270632,31.27053459232819,6)
(121.36826421726687,31.3142509804192,14)
(121.38561857391667,31.281470860058512,36)
(121.42952965424017,31.262450596439777,37)
(121.38494441313937,31.259004209341846,28)
(121.43828936333227,31.25497383080996,22)
(121.36532307680933,31.288615738713023,36)
(121.4097114628756,31.269168803434088,2)
(121.39944277374231,31.247044931839856,13)
(121.44480129107787,31.245972369727276,6)
(121.42343893870544,31.254898868861087,37)
(121.4338471834212,31.242504062171097,5)
(121.40463910816483,31.248080515308377,36)
(121.43178345611798,31.246904688964438,36)
(121.38859140088343,31.29066406830176,17)
(121.42066524853132,31.26156639686463,13)
(121.4535315603318,31.24912036903929,5)
(121.42226485020994,31.260324814380088,25)
(121.4250981438867,31.239785040844975,2)
(121.42402958328691,31.25028770012036,24)
(121.37127288443112,31.313575443636793,35)
(121.35775430133883,31.305409297899562,9)
(121.44021901367803,31.277507664308573,2)
(121.4476567306491,31.25694182448407,10)
(121.39743310391597,31.2260916698775,24)
(121.38939639322386,31.25612258417405,12)
(121.42467214021306,31.24493794320609,229)
(121.42152645386723,31.260003180236872,8)
(121.38271969752621,31.29027617067803,28)
(121.44045275595907,31.281319006844086,21)
(121.3614434794809,31.240044835143756,1)
(121.42291221006272,31.264921840140317,36)
(121.4037816805808,31.301730771101173,15)
(121.45131114373646,31.27472696359304,11)
(121.37306488834022,31.296166132667935,29)
(121.35617890235349,31.303405899637372,9)
(121.42494320641039,31.243732801488854,18)
(121.42740908291745,31.239213387286167,32)
(121.40983117120184,31.259565916533305,23)
(121.37774753177273,31.2329842606819,26)
(121.42635643520995,31.230291254030938,1)
(121.41368772496716,31.261303318024343,28)
(121.42913624384987,31.2324279131303,6)
(121.39278744721054,31.265312427153543,3)
(121.44214341999664,31.245535188430228,6)
(121.40892364799784,31.246303153937514,20)
(121.43999371252312,31.23506450492172,5)
(121.42380422584526,31.245154060306632,4)
(121.41815933417764,31.253271270339788,27)
(121.45193194112086,31.274064934202304,8)
(121.37936832745517,31.289442298872665,15)
(121.4276387837609,31.250168072226014,36)
(121.43996434357545,31.263276149853386,2)
(121.43605505308246,31.238733947434497,1)
(121.39270743425858,31.226345489858414,28)
(121.40790463859878,31.24185584436996,16)
(121.38318761783223,31.24879310725435,4)
(121.37733830914951,31.2713186349016,33)
(121.38461247044368,31.257783135386664,19)
(121.42115245857883,31.256725998525734,8)
(121.40907988643141,31.24438699004009,1)
(121.42897177387586,31.244686364427572,25)
(121.41064376540726,31.247530109355324,36)
(121.4221736253517,31.256477220902813,33)
(121.39996182802658,31.257009477991055,24)
(121.4294463186073,31.234637972012685,2)
(121.4180111860627,31.25193166371359,18)
(121.36690990644068,31.31414898950363,3)
(121.42321588358551,31.251634628773648,19)
(121.37883487930844,31.266493288908322,15)
(121.43843471305348,31.261775578484645,42)
(121.4012996355813,31.272959659377715,9)
(121.43573107754858,31.28492789543626,18)
(121.45834072946369,31.25461466111515,1)
(121.40756093530489,31.233611427273246,74)
(121.44527476898796,31.2520034607508,2)
(121.42773679736737,31.240111490953847,19)
(121.43482371755653,31.25357978507603,36)
(121.44127519260859,31.25538166514672,1)
(121.38637812061162,31.227382288392512,1)
(121.36211668023442,31.283712791649883,37)
(121.44890664200845,31.259905159078507,133)
(121.41940744476415,31.273322192492387,36)
(121.42864010704403,31.265550418674774,12)
(121.42272935602031,31.24725978076566,29)
(121.43170790698676,31.251241414997853,7)
(121.44395509442501,31.243340120173425,30)
(121.40465416389536,31.237231648267795,27)
(121.44612776933944,31.24483200694513,6)
(121.45301703804276,31.272706480618027,3)
(121.44232093206273,31.28599995840469,25)
(121.36843262625555,31.235027216060693,26)
(121.42310433004283,31.262126014670073,18)
(121.39199727375617,31.24289132418026,51)
(121.39471721474222,31.24407960266267,20)
(121.44787027205243,31.245407359659822,26)
(121.44726775107976,31.259201493684962,2)
(121.44887065992306,31.270505564726772,3)
(121.43750820849476,31.243687550888843,30)
(121.40518912570843,31.247696395804596,1)
(121.42656378600695,31.248283205844377,1)
(121.42534340717579,31.24107502007911,18)
(121.3806349035224,31.232199353079466,66)
(121.42570395821856,31.262992361535947,22)
(121.40530655661601,31.28690705468166,1)
(121.36848158850637,31.314333320217873,9)
(121.42443793454252,31.260005099466845,37)
(121.38281682865859,31.29050935881056,21)
(121.45232691792425,31.277697291099393,35)
(121.40045478478542,31.3004695699379,36)
(121.40752492601884,31.251533385231447,9)
(121.428454805928,31.261044049630794,36)
(121.39854104808845,31.243328251566567,1)
(121.42693719316122,31.251003098359227,30)
(121.37470216465547,31.2778532014743,20)
(121.42711851567908,31.229060012733214,2)
(121.45794235598338,31.24770904245634,8)
(121.40195779412768,31.249880876698203,5)
(121.3712871868472,31.31329774622279,19)
(121.46238231811496,31.253659188147452,3)
(121.40467130965415,31.26181552037128,23)
(121.43009290523877,31.261799741271915,43)
(121.38184889391218,31.281172613345394,14)
(121.36928074408458,31.2317018894548,19)
(121.39607549203069,31.238389712590134,1)
(121.38985709229543,31.28265912919826,2)
(121.44282255061758,31.269512339592016,2)
(121.3911079042914,31.269001309012904,2)
(121.37119182027584,31.231643480732256,36)
(121.39028963405435,31.25036969870354,13)
(121.39561476923444,31.247221772430088,26)
(121.3991823647409,31.243478253616868,70)
(121.38666120015026,31.23026944761738,16)
(121.4485050280336,31.251758181716152,3)
(121.40424217222441,31.23787889534416,1)
(121.38357548098557,31.25612879264049,1)
(121.42615740393566,31.254742931069135,17)
(121.41258905250254,31.246158817618113,25)
(121.44363957043761,31.266484654071128,1)
(121.42325959398649,31.247786245141683,17)
(121.43655574520768,31.284395607264393,3)
(121.37250288035719,31.289455134338823,36)
(121.42887204362748,31.246428239456417,22)
(121.36611241295526,31.285696170728198,37)
(121.42673301186574,31.251612708856936,3)
(121.41531763009833,31.283448815353047,23)
(121.4437352657225,31.253086164954297,14)
(121.36778267396089,31.237529480243307,10)
(121.39054716420355,31.231103197610196,7)
(121.43237989698757,31.245380811002324,21)
(121.38426208795875,31.229103215397796,27)
(121.4101272442827,31.242471211308146,26)
(121.36801982852631,31.314508728260677,1)
(121.43541324361746,31.281258800705274,36)
(121.45146383990124,31.274680340593118,2)
(121.37127398460068,31.31362024368646,9)
(121.38288490540684,31.2905014217684,37)
(121.4126755739267,31.246483835076855,37)
(121.43104438285076,31.262494311219058,16)
(121.39645346415222,31.228257371878332,31)
(121.40102943623097,31.23406876456588,36)
(121.38942700817448,31.275315831753193,13)
(121.38460661672025,31.230947379699796,32)
(121.42453084579164,31.259995022388882,33)
(121.42264578792329,31.251396669992133,7)
(121.37954147171831,31.234119442026056,27)
(121.37776469469844,31.25762427167535,36)
(121.4299382907286,31.241088778405647,32)
(121.40229012759438,31.264272205869823,17)
(121.3896960468102,31.242036969430536,5)
(121.40652568244883,31.231696217508762,2)
(121.39949710371515,31.26206952003218,6)
(121.43706582564062,31.237285619709553,43)
(121.3679737535778,31.314540674296435,1)
(121.36881413165773,31.314207743261818,12)
(121.38548834659152,31.283285833515833,9)
(121.4469786420214,31.25096440162927,37)
(121.42589973018248,31.23973195039823,4)
(121.37998994430416,31.299583176353728,7)
(121.45559631704049,31.24566546382724,2)
(121.42318826199269,31.262186980253798,1)
(121.43570206130917,31.284230648661758,7)
(121.45915751973598,31.259525011765387,1)
(121.42311934392677,31.262435136726406,13)
(121.34092383145442,31.286508695573406,6)
(121.41121389610367,31.227541945096604,22)
(121.43342877585586,31.24243953125548,9)
(121.42177052847818,31.2625954070262,1)
(121.43131212206954,31.25919132184176,36)
(121.36440844160445,31.311494580191443,37)
(121.40942539236006,31.273145735975593,14)
(121.4449994517421,31.26457149536988,30)
(121.40886588628979,31.245662491652183,12)
(121.45767159246766,31.267761333385337,11)
(121.45714359474813,31.250949186803442,2)
(121.41380015347757,31.2395468068543,2)
(121.39774745714611,31.304653369465868,103)
(121.4106875825126,31.22793415537353,36)
(121.39392432004736,31.25093922299111,2)
(121.39555205324912,31.262252330154183,36)
(121.43737436938979,31.237764421710608,6)
(121.37522023600677,31.258529652346883,36)
(121.43565452478329,31.254311058477363,15)
(121.46027673680233,31.27328439531613,15)
(121.3887954754705,31.27451298419307,25)
(121.40866075280074,31.255342779197996,25)
(121.43557044514495,31.260247212993193,36)
(121.39954311814914,31.262041522877297,36)
(121.3893433797607,31.256486703978453,37)
(121.38263461588657,31.290457160062967,19)
(121.4039104085636,31.28695092428684,37)
(121.4137163038533,31.29817762769302,1)
(121.35496844430634,31.280101529931358,15)
(121.42259143834177,31.235396537754696,5)
(121.38660817838841,31.236953869707932,36)
(121.38924154026132,31.296965972698732,35)
(121.43341673381634,31.28074613409561,1)
(121.34022840667443,31.28804700613783,4)
(121.45000019203233,31.252040407516347,1)
(121.38337442412708,31.228910582443376,28)
(121.37254603500102,31.25592513934886,18)
(121.39907139038965,31.278666375768818,9)
(121.4023755391681,31.280226920100105,3)
(121.41233211015242,31.23869240926062,22)
(121.43066291514124,31.247208761052473,2)
(121.42393503769404,31.2558286730821,25)
(121.41720153405691,31.239100321805754,3)
(121.3883393480131,31.28234884050354,30)
(121.39078888705225,31.231498490952468,36)
(121.40157476611903,31.23382177452484,5)
(121.45604202769297,31.27071271702872,8)
(121.42874262983176,31.25069396785816,36)
(121.39385786500229,31.282500963513108,35)
(121.36434583338621,31.309654777142853,9)
(121.40609225518865,31.242462876740515,14)
(121.38448566507185,31.261595936631114,2)
(121.39617024795864,31.269432348774824,34)
(121.3826370774461,31.24976000141004,15)
(121.36753934623873,31.237632121765646,5)
(121.41189427908913,31.245388921686693,11)
(121.40758262603573,31.23004147820317,9)
(121.38595991757656,31.252826408022116,37)
(121.4242250009703,31.258478603899384,2)
(121.42782052032418,31.23801046281454,36)
(121.43942032189179,31.262395248937693,36)
(121.43323065548974,31.249318831497714,37)
(121.38938140651315,31.256421703517695,36)
(121.43209628970442,31.250125489939904,36)
(121.44167782291112,31.266670063031818,11)
(121.37655774275308,31.265629312889565,28)
(121.35656692400244,31.283134493824328,6)
(121.42290648989633,31.26199309916312,34)
(121.42042510408196,31.2349637453725,37)
(121.45213883348409,31.246590912347774,10)
(121.41060168248038,31.26850699004008,36)
(121.42802814447064,31.259320711137203,7)
(121.37388206034073,31.24448780677115,36)
(121.40128941932002,31.234201147521986,4)
(121.4541570304825,31.25803393360884,36)
(121.41319600306865,31.26143671487137,37)
(121.4019907840076,31.226724398739652,1)
(121.38190788963145,31.291811981374565,22)
(121.38011260371681,31.290578629398823,29)
(121.41123028082067,31.243467195578074,12)
(121.42245688024492,31.26209045639378,35)
(121.44356623030804,31.256722227576663,25)
(121.41785125683154,31.26311059900626,18)
(121.43638574065733,31.258339867907456,2)
(121.40564610485062,31.24710716636271,6)
(121.42904817238559,31.25029578131998,15)
(121.41852195589514,31.252879824062873,31)
(121.45147694711527,31.252107701367006,37)
(121.43842842020359,31.259614697321034,11)
(121.41054166782087,31.23108505024751,19)
(121.43638531307593,31.253426725331142,14)
(121.39148384021345,31.28791537401659,12)
(121.44057867132753,31.2408625549726,5)
(121.41091738134064,31.243797399404,36)
(121.42922154721,31.2667454346138,3)
(121.35001475720782,31.287131700489414,2)
(121.38222321500956,31.233828432739916,2)
(121.42168470746581,31.264717285017447,11)
(121.41264386608151,31.246876027697397,12)
(121.42082712457501,31.284431878953246,3)
(121.4143836978071,31.26951554754783,36)
(121.4274239834598,31.23826094261775,11)
(121.41020538920729,31.2995049139979,42)
(121.3655704541461,31.27818982293789,36)
(121.39560538451472,31.274532222971086,23)
(121.39284914096079,31.256340126230775,27)
(121.41652444192229,31.27117533421265,5)
(121.44192313655603,31.256903336443273,36)
(121.38370897269589,31.28068722556423,10)
(121.43018587758613,31.260030742853022,11)
(121.39846982749701,31.29791592275827,36)
(121.43601326875643,31.269193002493633,2)
(121.39177080373797,31.2316239730092,2)
(121.38763681224772,31.301874116458794,35)
(121.40540295907171,31.257071532153045,15)
(121.44675235140726,31.265172964349738,9)
(121.3698918728001,31.31386411741263,30)
(121.37422718545893,31.309523470198137,34)
(121.45441491184957,31.25236193212185,36)
(121.43010772019201,31.259889902221662,1)
(121.45001555432533,31.24510030209177,22)
(121.41933172587886,31.271423080400922,97)
(121.36909093641461,31.249068451364067,15)
(121.42313584773377,31.268371658206455,2)
(121.39792422859038,31.265287626419724,35)
(121.34548106209195,31.28812985180841,36)
(121.4559484823539,31.25157050657101,36)
(121.3643147134892,31.249254542474883,5)
(121.45962848248051,31.250379973785645,7)
(121.45967431415677,31.261366665337526,36)
(121.40069542186518,31.261074450195412,3)
(121.45798628997841,31.26777109981981,6)
(121.44796841964568,31.26101303233836,33)
(121.39487044843987,31.245710410422415,7)
(121.44656566995316,31.283295011214175,12)
(121.39118357947969,31.230148187417218,8)
(121.37853297670362,31.255092539593708,68)
(121.39400772418365,31.247745694052497,35)
(121.4444743218023,31.2462127107545,36)
(121.40707960592705,31.22962229166095,23)
(121.39417314185576,31.23564571847828,29)
(121.37554988782037,31.272110847689476,3)
(121.45420244251774,31.25253243835384,25)
(121.41529518411456,31.235524482336416,34)
(121.46305364616433,31.267368550963525,17)
(121.42148235679383,31.255509860625303,28)
(121.38445899020861,31.29450450121255,37)
(121.39933486384014,31.225585139808175,17)
(121.39032408126505,31.25936234964807,10)
(121.3824268060847,31.283903306328362,36)
(121.44962428496692,31.257799084069863,1)
(121.38751507598266,31.257736744011876,19)
(121.3976435221788,31.27566459949197,5)
(121.36070036002619,31.280159844488303,2)
(121.42525244489784,31.24047582459208,20)
(121.38034432592409,31.23261617399748,36)
(121.4041936927784,31.279626014117905,2)
(121.40880494097723,31.24621174128029,20)
(121.38149340868802,31.26895015925558,36)
(121.37994476872738,31.241056223775907,28)
(121.42471110970476,31.24206397542254,16)
(121.40557772191607,31.242760220653217,6)
(121.4164699622386,31.250976945457694,4)
(121.39241139020417,31.24051569334323,10)
(121.4313791426875,31.237495628156697,3)
(121.3976020312803,31.235837217690854,36)
(121.41507352979129,31.226881591644222,34)
(121.41717961517193,31.251353801516547,36)
(121.44694553804689,31.241761055583222,14)
(121.37725884639893,31.22649969965155,27)
(121.45726821687614,31.251689003891858,1)
(121.3516869905727,31.29655931570806,14)
(121.40002329684663,31.24474674276525,37)
(121.37600308281635,31.30146727132545,37)
(121.4109483339004,31.243332185673395,36)
(121.41237100703957,31.255291185539242,5)
(121.38910211972807,31.231615581838128,1)
(121.36587436182369,31.267110851563686,36)
(121.4061365876304,31.231669137560967,28)
(121.38225530688891,31.245962940338135,3)
(121.45230391005313,31.26557431044785,6)
(121.44728278514452,31.24846376160994,37)
(121.39255497741783,31.23822760696171,36)
(121.43321601608532,31.253218567177633,20)
(121.40871121729847,31.233495665459994,2)
(121.4479839018167,31.25544258736594,8)
(121.42677752280696,31.259331858832123,36)
(121.39849903671455,31.26093620827826,27)
(121.39726063096256,31.256037078420682,36)
(121.43155672245958,31.269758574016947,21)
(121.40386724629047,31.227843251383714,4)
(121.39351688952337,31.269255026200582,2)
(121.45915004290086,31.256814567594393,19)
(121.41306229111652,31.253996532418107,12)
(121.39128417529481,31.270557082459316,29)
(121.37764120105831,31.300095004165364,5)
(121.41726357000724,31.251371771252234,35)
(121.40527436480988,31.261826579515166,36)
(121.42897083210744,31.233870476023334,2)
(121.44692574106418,31.262321439995468,29)
(121.36694197595135,31.314314098230106,35)
(121.43212747920936,31.264247596563756,31)
(121.39810204543842,31.242994765711824,3)
(121.41082101544086,31.223529091324824,36)
(121.43940811456034,31.239468354202824,22)
(121.4176062584393,31.250032021063237,24)
(121.43595793429994,31.258675491500895,23)
(121.41746298591414,31.268882242659128,9)
(121.42201996633591,31.237164933266882,4)
(121.45897430860961,31.263066940708498,11)
(121.3594577672491,31.296662721433165,19)
(121.3719582920996,31.269345128300362,36)
(121.35984895226022,31.289624236672633,22)
(121.44280867561132,31.282119609710254,20)
(121.40271628183861,31.242049541490612,1)
(121.45948469142424,31.259926463693763,15)
(121.39136950990483,31.26900992320968,29)
(121.45297863552054,31.255597537264126,36)
(121.39218238705496,31.24236438346509,4)
(121.43394909726752,31.266142285281955,3)
(121.39297638615807,31.235939961425967,2)
(121.39951211394352,31.26212354812535,30)
(121.37616719992025,31.254141886401214,19)
(121.43467348316426,31.259798678956866,37)
(121.45733462732306,31.24783802074554,14)
(121.34625987607828,31.28135711184912,32)
(121.42417956155577,31.264417196546827,26)
(121.40704080731587,31.260966266676352,20)
(121.3643219301243,31.309423374910352,35)
(121.39630145593479,31.293945459532413,20)
(121.45371718997795,31.270674229020575,13)
(121.45057967084549,31.26103323566633,4)
(121.4527958423866,31.275935267337385,8)
(121.41877518591286,31.236587430849102,12)
(121.40760462412015,31.258691156684854,31)
(121.42764216407748,31.250874442998217,1)
(121.39945546087888,31.268757781827112,13)
(121.39200238036133,31.27822274556124,4)
(121.43252663154821,31.244911041132912,8)
(121.38310145910135,31.28404422291787,36)
(121.43844914117862,31.244012758805013,15)
(121.38737397259983,31.260629982527913,15)
(121.36898240225051,31.314110943708208,8)
(121.40224992524782,31.269552140097,37)
(121.44015630747306,31.256661895289955,41)
(121.45171722369737,31.279372020942496,11)
(121.39841845868918,31.2366068831801,11)
(121.38330037137447,31.233001103950464,37)
(121.37152463779536,31.28112946145713,2)
(121.4416484896738,31.255143991879766,3)
(121.421226992151,31.234187447554785,7)
(121.37684616957584,31.23265932421022,37)
(121.39462615791469,31.244058545596292,36)
(121.38780086278403,31.25479679103641,1)
(121.35466336225603,31.286325546759585,19)
(121.45921752565019,31.24988866464103,41)
(121.43773826751288,31.27877752839394,1)
(121.42709096686607,31.268286414640496,19)
(121.44141026664744,31.277831292059147,3)
(121.4251889660519,31.23950726011046,36)
(121.41992917114028,31.229450285361555,36)
(121.36641664463116,31.251787808116124,4)
(121.41602907713829,31.261202584107405,36)
(121.4280285883856,31.26441390224572,17)
(121.41524273391909,31.23019883914838,10)
(121.40860667331744,31.242905277899126,2)
(121.35488529146646,31.308744536548,22)
(121.4287931419733,31.250494078512666,36)
(121.40939038476996,31.22920397649138,26)
(121.41000871506955,31.2429781856847,36)
(121.43333724496608,31.250437723404506,24)
(121.38257951879854,31.278582272538543,12)
(121.3468647097807,31.283857663466108,25)
(121.3432830931488,31.298669831881586,29)
(121.38587569548835,31.262738638501656,19)
(121.4251835647399,31.239585158851035,36)
(121.42970308544862,31.2468876144617,7)
(121.43650012168146,31.25330452106169,4)
(121.39996038196345,31.244863930000374,36)
(121.38337082883693,31.248862313091536,2)
(121.38752367580535,31.232619642629764,29)
(121.42507753885913,31.23985823645439,12)
(121.44182988334332,31.24053122522723,9)
(121.37840232918617,31.3011649400694,17)
(121.40758261504884,31.229915420145772,36)
(121.43665987348842,31.25335533276401,2)
(121.37221815587083,31.252477607388588,36)
(121.36711453304298,31.309242509972574,36)
(121.40679445318817,31.262230820082976,14)
(121.37244688723719,31.25597703251465,25)
(121.39560288696741,31.24589485913497,37)
(121.45520859675602,31.271114378928267,1)
(121.4514611663544,31.251442032001936,1)
(121.44397311558242,31.2784372244557,37)
(121.3903788900452,31.2824930117351,7)
(121.38026780271974,31.27481357465534,13)
(121.39515604991347,31.24856606172852,28)
(121.38216713549163,31.291147975171203,17)
(121.38917793231383,31.24148694251087,36)
(121.45494080182755,31.25925723829189,15)
(121.39231921704946,31.299402236713767,22)
(121.42791026494017,31.262764219116335,1)
(121.40258090607843,31.244746156309887,36)
(121.43147688803344,31.27791806825752,16)
(121.42294474039757,31.27469455876624,13)
(121.3944216901794,31.307027119076963,37)
(121.41921479141578,31.244653813155097,7)
(121.38915173036973,31.232078089938994,34)
(121.3981063290598,31.236655788065228,13)
(121.38877564741266,31.23073875361874,36)
(121.3876909087691,31.28710921402524,24)
(121.44393935774777,31.24601334079569,36)
(121.42301770350915,31.231152294147527,3)
(121.38480078935184,31.276549522246118,36)
(121.37336574948117,31.254586065052187,7)
(121.3844594238147,31.29947545970755,37)
(121.43466443109867,31.23727807826641,23)
(121.44160315173,31.261788943195455,37)
(121.46282417271273,31.254549555844523,11)
(121.38643337908088,31.252723765866456,22)
(121.41093225239487,31.230888539145962,10)
(121.4109019956711,31.239336395332327,25)
(121.44968888893854,31.25207700340459,27)
(121.43342726688093,31.255326732037602,7)
(121.37045296747118,31.246893077298513,11)
(121.39322802890896,31.25790477775166,2)
(121.34348562218075,31.28756892432077,36)
(121.40408327001745,31.262173606137768,36)
(121.43780207710154,31.253904035656063,36)
(121.436958082502,31.24087845006992,42)
(121.42693650556957,31.238158336793024,69)
(121.41786719527703,31.262513334889643,36)
(121.39490792729127,31.260458840612177,32)
(121.36983293331197,31.246545364289265,6)
(121.38682274415962,31.252558018223468,15)
(121.42008600992251,31.229386618246092,4)
(121.43082509501076,31.263113536940896,9)
(121.4388085062361,31.261187766721594,18)
(121.36816218581326,31.281311893306043,36)
(121.42134342151823,31.24264015608463,36)
(121.39865397465954,31.24207987630445,11)
(121.43500645120255,31.253659592360744,12)
(121.45087673040092,31.257969346604877,36)
(121.39936574479415,31.247041905210416,3)
(121.37670319124506,31.268471692135293,10)
(121.41094176650415,31.289198018959468,1)
(121.40786412769317,31.304698137664563,16)
(121.37178299860267,31.269109796763402,37)
(121.3789340330958,31.266781521221926,4)
(121.3735080372959,31.25065807103673,36)
(121.40903597562819,31.244946379853356,31)
(121.3708849359788,31.273175304507618,37)
(121.42474175493778,31.24979839877445,13)
(121.4504728282547,31.260067020365184,2)
(121.39203310051644,31.274755324564357,35)
(121.42305535679073,31.261943971603284,22)
(121.40481473743135,31.243622545885785,9)
(121.36900639487192,31.23289105029341,34)
(121.39167809814145,31.231807272338507,16)
(121.39905336688007,31.260309419150584,3)
(121.4251016448041,31.24038294045726,18)
(121.43442108666092,31.262445130169844,1)
(121.41916380343815,31.23381084853904,1)
(121.4357218798782,31.25883964520344,11)
(121.42112134631861,31.255166338033174,4)
(121.44367315326454,31.25678054683425,32)
(121.4229594906211,31.26252529016448,36)
(121.44509739502398,31.24977009627852,36)
