(121.45153928386854,31.25878743301536,3)
(121.41862888084744,31.25279072977846,32)
(121.41309835594487,31.239009764138036,6)
(121.42738569960466,31.231067027230885,2)
(121.43110524460673,31.25750681527267,6)
(121.37690147597345,31.26860198011324,10)
(121.40283061426163,31.245597150795682,36)
(121.44937474141896,31.280858698343433,2)
(121.37128698681408,31.313300146189906,20)
(121.45914073179813,31.24993485409022,10)
(121.45322797652774,31.254757370682135,35)
(121.44283859979811,31.28190047254526,4)
(121.4232342253173,31.26222896496686,13)
(121.4052203645646,31.239443934766637,9)
(121.4388097140749,31.28050593695245,28)
(121.44161912687144,31.24256632882939,8)
(121.41208902889704,31.26178698277938,28)
(121.35889969528664,31.29675084253174,23)
(121.42689159259149,31.250069707010617,37)
(121.39898336951872,31.23294241379022,7)
(121.43752957270921,31.242995570851065,13)
(121.41239596580134,31.231974737693754,9)
(121.36450615579517,31.30945599614273,36)
(121.39677113294609,31.27459274144797,36)
(121.43365724568619,31.24009020253335,36)
(121.3644449725821,31.24954686996541,20)
(121.42433808581602,31.24920145170365,34)
(121.43963869583219,31.262202048307326,22)
(121.3802332999594,31.255322009958665,29)
(121.42461219110668,31.241913986225327,31)
(121.38838415897862,31.273354267488475,32)
(121.41303218288583,31.25969593330432,10)
(121.3979671753418,31.304384252246606,29)
(121.3713724363544,31.23546446948901,3)
(121.40089154881832,31.238908712119247,14)
(121.46176709738917,31.26622203176432,1)
(121.34902360703384,31.30984482380026,36)
(121.42539829277278,31.263313753336607,3)
(121.41620702719167,31.29598988727293,36)
(121.42750657973522,31.263340227951687,3)
(121.42979188051117,31.240089800589423,36)
(121.43714576957453,31.238117890001412,8)
(121.45967271165527,31.254373631665995,26)
(121.43473555007432,31.25159066580932,8)
(121.35062330330327,31.281844374400585,9)
(121.44891073154707,31.242048976247176,36)
(121.40914132298796,31.2326337562777,2)
(121.43513747270062,31.267634458406302,36)
(121.44932223530635,31.277128055153923,8)
(121.44117659031541,31.24640985750518,14)
(121.40170951767023,31.247422731641183,15)
(121.42586573144528,31.24176409545282,28)
(121.37165246275868,31.248686336816547,12)
(121.38473919306524,31.27714261679566,47)
(121.38990295923972,31.280696357069306,6)
(121.38632121881633,31.291498861699587,36)
(121.43228347982826,31.255212513842878,36)
(121.43773317672841,31.25374906208606,36)
(121.43508489817783,31.283065955046528,26)
(121.38369809580692,31.247762135371623,5)
(121.40540388563811,31.298638222290716,18)
(121.39577780117077,31.300047995091962,10)
(121.44160110863041,31.23828356072259,29)
(121.44403102685801,31.243938635203968,25)
(121.34079518263557,31.305529961596978,1)
(121.38669661863155,31.286971439008816,37)
(121.44638232228137,31.244839051619635,37)
(121.46019139869976,31.255158820268647,10)
(121.43329955510522,31.24928173419044,28)
(121.39205175114975,31.236147492313414,14)
(121.36210171239476,31.284405050133365,11)
(121.38586209056048,31.267434631427417,19)
(121.45978836193268,31.25388115926589,6)
(121.40087947942857,31.272557382670865,3)
(121.42188296027206,31.246141862639202,2)
(121.38225829253433,31.280246641896664,23)
(121.4425268074097,31.2635335253075,32)
(121.41322953081549,31.25298895794397,19)
(121.4225687408497,31.238646029302608,6)
(121.43490756453329,31.25326054075446,36)
(121.40936839792617,31.240789261044107,19)
(121.3690406987676,31.28187136568863,20)
(121.43038917768999,31.246243619825794,31)
(121.38522892302556,31.259158629837824,2)
(121.45124680837677,31.27324022408436,36)
(121.4468527189025,31.24177353939856,36)
(121.38715262651017,31.282026801945705,66)
(121.38928390092005,31.274534356793247,36)
(121.42340423187102,31.27333742590962,4)
(121.39461462415689,31.295366193560675,40)
(121.42394876654771,31.241401268830483,25)
(121.42261589004819,31.252277078350527,13)
(121.44994594262259,31.247777624497548,17)
(121.37098451126467,31.3125090986951,2)
(121.42173411940763,31.261528601505635,10)
(121.36111972317975,31.248007004495314,36)
(121.41977055476394,31.234797052109595,30)
(121.41107197737112,31.254957883919484,37)
(121.4266316712171,31.247790927801642,9)
(121.4121091897695,31.26796870285278,1)
(121.41817715124097,31.241217812860253,8)
(121.40102210983613,31.24490444128258,27)
(121.44878599794899,31.241982173716266,21)
(121.36550250315378,31.280135524071365,22)
(121.4421192409306,31.264210380716055,23)
(121.45799950736227,31.247628320226543,15)
(121.37136709050284,31.231571682763885,36)
(121.34814810789702,31.28144301732239,36)
(121.38551561408953,31.23151845312876,13)
(121.39162837270754,31.28130777833637,36)
(121.42625832005255,31.239267434077554,3)
(121.42023406966725,31.254915032299554,2)
(121.4091197962477,31.24409649887961,29)
(121.39459245699221,31.305061968098297,10)
(121.42757581398203,31.238243795426673,12)
(121.40854597460225,31.24629179564779,2)
(121.3893433762733,31.25644668655122,32)
(121.42593574888508,31.24522930340265,36)
(121.42589878423011,31.228869990918213,4)
(121.4587994745473,31.259699873060377,36)
(121.41314231060524,31.229626595664584,2)
(121.40253971729713,31.246784374965365,1)
(121.40964806567551,31.22597845564206,21)
(121.37263017098566,31.256006284341098,36)
(121.38016337771997,31.299384404752388,26)
(121.37963763609886,31.274838683388754,24)
(121.3890993918297,31.25903162891945,7)
(121.37401470037406,31.27262916578239,19)
(121.38143238312601,31.2809871149896,19)
(121.38656277330497,31.267963254017566,3)
(121.39480254452923,31.258755109223497,3)
(121.38177549561117,31.281128707726005,423)
(121.38541731641202,31.25225168373514,9)
(121.3920120576012,31.229294622589418,5)
(121.44859357894529,31.259886905919608,21)
(121.38279804624221,31.247286062341956,6)
(121.41427230645763,31.2319261902309,3)
(121.43455143110995,31.2720358457295,4)
(121.38682528365428,31.28169539710873,36)
(121.43551339283638,31.238843352757797,21)
(121.43664251828397,31.237485273361767,41)
(121.39333722536684,31.26573430623789,17)
(121.42731329940823,31.240489050634096,36)
(121.37323218815516,31.23412729815262,3)
(121.44565057125467,31.251432310667127,19)
(121.42734994777307,31.259848567915526,7)
(121.40952157725603,31.243097282148863,33)
(121.38305645004897,31.284098715215922,37)
(121.38026180156558,31.274800573713097,32)
(121.38548205472378,31.227849745857768,13)
(121.43965537925149,31.281844276076356,13)
(121.38026130146831,31.274804673623546,3)
(121.42303728365069,31.283831158887942,2)
(121.42370495305059,31.240994269213996,36)
(121.4106455941785,31.26849020518757,1)
(121.3905477331298,31.237636179956237,23)
(121.4511010988721,31.260329956469025,18)
(121.34425895148038,31.285417404765163,20)
(121.39557355741685,31.269488619538254,36)
(121.44611096506208,31.24167410973683,29)
(121.43186892613565,31.265387372788613,7)
(121.41612710238317,31.250589916395935,16)
(121.43721576041017,31.25078646132739,36)
(121.39352233665413,31.28853886907965,25)
(121.38502883021103,31.26278191329744,24)
(121.4362579208927,31.234613325942263,3)
(121.42461094733574,31.262030837058994,9)
(121.37398274313877,31.308800436320404,17)
(121.38913829727194,31.269041941622493,22)
(121.4258845216998,31.23716279988666,5)
(121.43898022896323,31.266796958430625,36)
(121.41379953027534,31.23239755361069,8)
(121.38227390042155,31.24848475862323,10)
(121.3970996948553,31.257660717116078,7)
(121.39139486145537,31.23153496385024,34)
(121.43160659988231,31.234705109079094,14)
(121.39996395635305,31.281397789376378,32)
(121.4463448144924,31.2448444450342,5)
(121.39285644258993,31.25639762749147,36)
(121.44216564349045,31.244926678498818,17)
(121.37666063209659,31.249516361665005,36)
(121.39102303918904,31.22679664337828,2)
(121.42274355188238,31.238178695242723,1)
(121.39627372894577,31.239900487127912,4)
(121.37592612101118,31.291658311077914,14)
(121.35789751761494,31.305447011222594,22)
(121.3881063000735,31.26954802544086,37)
(121.40587789478037,31.27894883745139,3)
(121.43919617672887,31.25895828528838,5)
(121.35591685126542,31.285782470633585,4)
(121.42469948248582,31.280582573395982,12)
(121.38926894830635,31.28237210877471,36)
(121.46045712161246,31.248639355695232,19)
(121.35451385370908,31.309436504201944,19)
(121.38585913849572,31.23353767689779,36)
(121.4461171663201,31.24153931107195,16)
(121.41598307809615,31.260954495572104,15)
(121.41049413470448,31.255503562455957,33)
(121.38440653153683,31.239539837056927,105)
(121.41876370486756,31.243428746756003,20)
(121.42479536081555,31.245870612408794,13)
(121.39716047553176,31.254806499263267,9)
(121.36702221931505,31.309048798952542,13)
(121.44500042577853,31.270864367801245,24)
(121.44155649460136,31.258840755381737,36)
(121.41167952748484,31.24579622837408,36)
(121.42806280676537,31.23296493686328,4)
(121.42240348345675,31.249348264238265,37)
(121.43638795138699,31.238109344804048,29)
(121.39554665203792,31.26199732962898,22)
(121.42586683207838,31.24515088935803,26)
(121.3838945252593,31.25094572652318,9)
(121.40182032499698,31.229713231772305,27)
(121.44298077888577,31.252619806288394,16)
(121.40571171130533,31.299835225255944,23)
(121.40505912325264,31.24779042668846,36)
(121.4101871591437,31.22818855075672,1)
(121.4228847234314,31.249380595426675,35)
(121.40736959954918,31.22963929706546,22)
(121.4121223246808,31.23517426420598,30)
(121.42429221536099,31.250193926088116,21)
(121.45523178577145,31.273947520094968,11)
(121.44207361619057,31.2426468003261,4)
(121.4330252675001,31.253033708776165,12)
(121.4543611242223,31.25663865517103,6)
(121.3925066595986,31.277266662255556,35)
(121.40453667761251,31.23958896369529,19)
(121.42661464061092,31.258696227229404,1)
(121.43823673207491,31.258198308332233,9)
(121.37400475483965,31.27457071459205,32)
(121.44737910708074,31.243006157423782,16)
(121.4503061945725,31.259961288499444,34)
(121.43645474771296,31.253953196897896,27)
(121.35564365917571,31.301474240608506,36)
(121.40246697855675,31.248137526649217,36)
(121.38634812494993,31.288443872978505,30)
(121.440384831318,31.26731113944885,37)
(121.43465603224703,31.255490642869578,36)
(121.37310163318519,31.230003239448365,13)
(121.38562958490057,31.22984478313117,8)
(121.34867525035374,31.302779483115597,36)
(121.4021132914794,31.243687155170683,34)
(121.41274115134406,31.246789347238447,37)
(121.3919260353152,31.253475358695905,12)
(121.39125162615771,31.253060534927876,8)
(121.42575541514756,31.24590284108009,28)
(121.4305847722138,31.255140932655905,3)
(121.35919308393161,31.248452087096034,28)
(121.38952761630084,31.26888816208905,33)
(121.38281174489347,31.232134235808058,1)
(121.41550893591292,31.245269797265617,33)
(121.45769715202528,31.269114292259307,36)
(121.37128338614517,31.313619144977014,26)
(121.38175063061576,31.279480818288835,15)
(121.38639913559386,31.28873928132518,25)
(121.45373057522555,31.252464360344387,5)
(121.37035474535635,31.272119010720186,21)
(121.44392447400185,31.247015811397073,15)
(121.39164386829317,31.28711183646318,19)
(121.3973338643934,31.265291670426596,31)
(121.39928122038538,31.261694761534745,19)
(121.37404026526711,31.256170158771603,26)
(121.42947432977935,31.24649667185761,15)
(121.35102453674203,31.283964897307712,7)
(121.3710338515417,31.287853668262404,34)
(121.42481319198095,31.27850662688528,11)
(121.4066266896372,31.28784649641407,1)
(121.36798705396309,31.29471204756359,36)
(121.38452655801495,31.277232556955983,7)
(121.34985173671744,31.290892102321614,27)
(121.38380096547286,31.279442799694802,13)
(121.42318670983929,31.24438217122824,36)
(121.41094682400474,31.226011283495115,32)
(121.42728196939096,31.270700262190257,36)
(121.43797780619103,31.254118888232455,36)
(121.38853712848953,31.296099557013456,37)
(121.40629479067832,31.24322046155787,21)
(121.39107499931622,31.235934763704737,36)
(121.38428580025295,31.27706063906266,6)
(121.43658307364868,31.234828856988184,12)
(121.37797141072801,31.262681690833798,4)
(121.4199301538234,31.231475440179402,1)
(121.36869599295711,31.23497827058787,20)
(121.38439438980114,31.25394250683359,36)
(121.42202009022814,31.26480495473009,16)
(121.40255523867754,31.241941462156856,1)
(121.34831901740661,31.291280705219048,36)
(121.39442716731119,31.245562111936486,7)
(121.42116663648167,31.247428900337027,27)
(121.42323224303908,31.26241204509791,16)
(121.44715908202716,31.241822992580616,30)
(121.42690554602474,31.238240401600113,35)
(121.39192359638454,31.25081510943196,15)
(121.36493768930053,31.293816208249382,31)
(121.42219759089653,31.267765058399547,36)
(121.4154898713714,31.23926303780118,15)
(121.44130697992813,31.26508280723637,36)
(121.42726521127719,31.25034149103832,2)
(121.42624233022654,31.239193414400585,53)
(121.3826819951943,31.23671820124818,30)
(121.40002855834257,31.230704725572835,23)
(121.37205912614743,31.26559035756958,67)
(121.41002675963746,31.25758061477366,6)
(121.45032305321514,31.28175944064739,8)
(121.41505505029632,31.25568556104045,19)
(121.4113217483681,31.237613539578582,35)
(121.43679655168992,31.240677513150246,8)
(121.36607266779106,31.247419369659884,18)
(121.44941363171499,31.242106078544047,11)
(121.42213486951039,31.23598411905018,26)
(121.41094691101549,31.227009746493398,6)
(121.40465690602886,31.25492695834664,36)
(121.44572498915443,31.28264003735394,36)
(121.43476281306991,31.253634884802548,36)
(121.41110918654478,31.233260833239488,1)
(121.42393378141894,31.241414286052336,17)
(121.42648614052516,31.239942541372066,36)
(121.40710482391412,31.228669342515,44)
(121.44967370304886,31.26104993998749,11)
(121.39644506194476,31.230872065225988,5)
(121.37127288441748,31.313631643509986,36)
(121.40598070967087,31.29967817791595,9)
(121.46314321803958,31.26896872226213,28)
(121.42209660600989,31.244069794192708,1)
(121.43610967731047,31.241182642453737,5)
(121.38564918344679,31.262585004993078,26)
(121.41116290502829,31.261900303455175,8)
(121.34890771743828,31.30241976396086,55)
(121.45727033882882,31.27018265835335,11)
(121.44200752486977,31.263155908005206,13)
(121.39205097438628,31.227228398703758,36)
(121.43089256058275,31.257980249354908,28)
(121.45952262898534,31.258091250357413,5)
(121.3642983268372,31.309445072139223,36)
(121.43723392474193,31.247177360102103,25)
(121.37936752746572,31.288641600480382,16)
(121.44119942128647,31.28253904376862,13)
(121.39983126617749,31.239612725080324,18)
(121.40991509188663,31.259200234704622,18)
(121.44937123476227,31.258686639867864,22)
(121.43806255593029,31.26433019201098,36)
(121.44457208682006,31.245692159446826,13)
(121.4525678840381,31.270236327938754,12)
(121.43698729562998,31.252712615570573,5)
(121.45410368563805,31.25257865856701,1)
(121.34787788722437,31.28417759523357,35)
(121.44808369937648,31.27855523580208,2)
(121.44507804953189,31.245867519287778,37)
(121.41810885495069,31.23734609670123,11)
(121.40248732399414,31.24308796351661,24)
(121.36807407186565,31.23556895224635,6)
(121.44547496411789,31.282250952691694,15)
(121.44480062870828,31.24564175798484,19)
(121.39196693010074,31.227424436555705,37)
(121.39277967108893,31.263731122474233,24)
(121.40263235991553,31.243145017274628,19)
(121.40828412554805,31.224815031214213,36)
(121.38617719772527,31.23676404967577,37)
(121.38386611012618,31.280284207276843,5)
(121.39260529611417,31.27229965031755,4)
(121.41762118687951,31.249310695073813,13)
(121.37785274301693,31.287098665382224,1)
(121.41596031447145,31.263534613734794,18)
(121.40188297706729,31.22924353965092,14)
(121.44034883312568,31.282426085218244,3)
(121.43770325603725,31.254096255104738,19)
(121.42360303717167,31.252369707583114,4)
(121.43736022381007,31.247309726888346,36)
(121.45896653550871,31.25958216849761,17)
(121.35925420836466,31.248525219495978,36)
(121.41171865989351,31.249214658963048,22)
(121.38181289663272,31.281691790087113,37)
(121.37201461720073,31.27191793784404,569)
(121.39560986811107,31.24721767149171,3)
(121.4300863520272,31.247481346435055,36)
(121.43310350272104,31.268452269140173,25)
(121.42913068351653,31.234345535194823,1)
(121.44590852360774,31.244829768346783,37)
(121.37116103739744,31.23470984211022,25)
(121.37394425181638,31.24258477302928,4)
(121.4127236082794,31.22903130306366,4)
(121.42682979616683,31.240177344742737,3)
(121.36617516510022,31.28570479965015,18)
(121.44491984313616,31.266038885141512,1)
(121.46106288463287,31.261071459068667,6)
(121.43069281961871,31.23507826694183,4)
(121.41270719377938,31.247152517320558,37)
(121.4234641462594,31.269658245560922,1)
(121.41460995337573,31.248335936257064,21)
(121.37044618308067,31.272583460619447,20)
(121.36789635730187,31.28477976263269,22)
(121.40997200602641,31.242782878425217,5)
(121.40556912861727,31.224530603435195,36)
(121.41804723832138,31.22984869864616,72)
(121.36421556508714,31.249599543853545,16)
(121.45286741450091,31.25572581927558,22)
(121.40544805351058,31.246654952334325,37)
(121.43348891712184,31.23356443736644,36)
(121.44395773528747,31.273728290473752,23)
(121.3978320565012,31.246401065039112,32)
(121.39664355291804,31.258635942400048,4)
(121.42817999687337,31.259610693066133,37)
(121.37289825656129,31.310869576271504,36)
(121.40166108573348,31.248569263273097,16)
(121.43307013923304,31.2408102190741,37)
(121.43789394583439,31.254133009846186,36)
(121.4103473883526,31.265453960017535,5)
(121.40722671600311,31.25386018807416,37)
(121.4270357392265,31.25573844080516,18)
(121.45515914273525,31.252974677776248,3)
(121.44293429606743,31.265097696880446,36)
(121.42317223288329,31.250232781953297,18)
(121.37232665951169,31.31319939048332,36)
(121.42898597766354,31.23574631691322,28)
(121.40304732541375,31.27619337778865,36)
(121.4520212778656,31.263789100059626,3)
(121.41218633704132,31.258452604131847,30)
(121.37936483231913,31.2622934561803,3)
(121.40297284031756,31.247870187614264,6)
(121.45931166979312,31.255536092941767,28)
(121.4578866000348,31.268377572263415,2)
(121.3803956781551,31.241387987444515,4)
(121.44262531119527,31.273962521856465,2)
(121.40788769414131,31.231010914796016,17)
(121.42575477150469,31.238514522117093,36)
(121.42708831571352,31.23786206642256,33)
(121.42019263706375,31.241156318678794,11)
(121.38926200929725,31.241542029300117,4)
(121.4594829014839,31.264349000809897,20)
(121.40591943789099,31.227835439528,9)
(121.40657957342248,31.260434641807354,36)
(121.40719385746357,31.232537630898833,36)
(121.45596145517482,31.267983492689723,5)
(121.44869819037253,31.241996339873204,36)
(121.40758892027213,31.25874325333743,36)
(121.44297279921324,31.24227394634396,2)
(121.41540425731594,31.248399228702304,15)
(121.35300085594469,31.279463958564264,2)
(121.42555585485411,31.232096849439824,36)
(121.4245694102445,31.278334748869675,36)
(121.44950313637307,31.261684529387285,36)
(121.38338044328347,31.24711477810317,7)
(121.42393795619627,31.233141027632882,11)
(121.45434664083578,31.247330846578823,40)
(121.38937937214534,31.233067270275924,27)
(121.45993316500483,31.256050785708787,23)
(121.39617240339336,31.294125471674192,27)
(121.38712804272795,31.252623297904496,36)
(121.37263019785445,31.25631541904988,20)
(121.40120938822245,31.29332595715701,15)
(121.42231696305075,31.260284125306423,22)
(121.45615741981095,31.251427838429258,9)
(121.45246285919441,31.278611032605134,5)
(121.45182124416255,31.280764035165923,23)
(121.3637709541435,31.30922201230282,34)
(121.41931217266625,31.22683464716243,22)
(121.37225604766728,31.31319778060184,22)
(121.36158426024367,31.244130017060435,7)
(121.41111583623504,31.23806178092463,24)
(121.40634621696091,31.24572482263748,16)
(121.37223656410544,31.231217353605807,14)
(121.42840434588706,31.231729934073183,1)
(121.44065858350025,31.258585987333873,4)
(121.42764077172971,31.272975889802424,15)
(121.41484981700168,31.229057676892975,3)
(121.43262825510006,31.282112312083925,2)
(121.41919930071109,31.23891023889248,13)
(121.38900958962412,31.300162323654774,23)
(121.39342759519025,31.231563615747135,21)
(121.44719949345733,31.254163776958844,2)
(121.39891212429754,31.2877930486281,2)
(121.42249978543197,31.238492007490542,1)
(121.45166691884073,31.246472775635034,4)
(121.40746599049723,31.24549095384753,23)
(121.43677563004921,31.275610697513983,36)
(121.41093576500045,31.274452047729348,29)
(121.38543606280297,31.283578981820302,1)
(121.37940535107158,31.240446501211135,12)
(121.36497252035004,31.31325784192352,24)
(121.37075223147487,31.279015552561777,12)
(121.36899744619004,31.31433004703702,6)
(121.44036700532595,31.26894485866378,19)
(121.39695298556279,31.250347452250672,16)
(121.44474348005276,31.251079849997836,30)
(121.44653155247796,31.24177298332928,12)
(121.40813615463007,31.247701688092317,22)
(121.39714101964113,31.264834833631138,36)
(121.38675722422276,31.281769371003335,36)
(121.43575008237575,31.236289192514437,7)
(121.39085058976737,31.29063404762616,23)
(121.44426437660415,31.243898477286542,37)
(121.4116187500429,31.238484876062355,18)
(121.41866556813116,31.238009114874405,1)
(121.45259628796308,31.252644694299104,9)
(121.38283991145416,31.25791633388697,36)
(121.41713419565076,31.257717605816865,25)
(121.42967335494468,31.261014237272473,30)
(121.44250701989324,31.261176678387287,1)
(121.38961019789032,31.251801847651713,36)
(121.3918117909755,31.238627465613902,15)
(121.45695097385922,31.26812646859019,3)
(121.38836565367811,31.282177945604,17)
(121.3772919981068,31.26846437671265,29)
(121.38879750315556,31.29775540700201,37)
(121.37709439664833,31.287650083831277,18)
(121.41165279454961,31.27347412053568,5)
(121.3892496514351,31.23270670649803,18)
(121.4179482180111,31.228936326421774,19)
(121.43672821039985,31.253853950044437,24)
(121.41248332586501,31.27078680684128,15)
(121.42805163232902,31.265217223835116,34)
(121.44819596927489,31.24995679675119,34)
(121.4081210723172,31.241838527311792,34)
(121.45427075678765,31.246544650831222,6)
(121.38403827487136,31.280019258767464,36)
(121.39419608329617,31.223273815939724,9)
(121.4420226283703,31.264665531202965,36)
(121.39644966305205,31.23043346696386,29)
(121.38453890770174,31.258120459779136,35)
(121.45382459988309,31.274098636445462,1)
(121.43749958393003,31.24013232417007,3)
(121.39810917788694,31.26932412234313,36)
(121.38118808955925,31.23328610995414,12)
(121.34867771679494,31.296541049015573,9)
(121.4460501276833,31.257409832019082,8)
(121.44317414648643,31.25908055194622,74)
(121.38857089194998,31.24022671919013,7)
(121.4022865340237,31.269496247604398,36)
(121.40402007162,31.286875594483668,11)
(121.43654682178651,31.27364918101098,13)
(121.45560520719198,31.277929404423578,36)
(121.40024517156793,31.231807943128597,2)
(121.42616937504582,31.238839317002753,3)
(121.41565573135854,31.231100822716808,1)
(121.4464444351764,31.24484996248221,23)
(121.43083653219452,31.254665484278757,26)
(121.40537211514992,31.247420287219466,8)
(121.37986732686743,31.269078722284267,36)
(121.38667158189764,31.286829360666655,21)
(121.42747932684031,31.26907967482661,2)
(121.43835887892223,31.24108348699795,29)
(121.4399855523461,31.282634016602348,4)
(121.45926856302265,31.257092083942023,6)
(121.3766902706868,31.235048976552896,1)
(121.40845029864978,31.29571860170658,22)
(121.43818692444596,31.28239158311704,27)
(121.36519553470904,31.27522202970167,21)
(121.37516828416781,31.27145710768985,1)
(121.40201897236804,31.231107269138516,30)
(121.444963206303,31.278969811675406,1)
(121.41781990693673,31.247430766659683,47)
(121.41088175171973,31.230862121489935,8)
(121.40281476219373,31.24487750337271,37)
(121.37877380791109,31.266586260714202,36)
(121.3978510077848,31.29160718688572,12)
(121.44686024664489,31.257368243793902,23)
(121.40379507695688,31.283348443881163,31)
(121.4089177763598,31.23300176592551,12)
(121.40543284270083,31.244248877846733,36)
(121.38321818415031,31.254910827643123,13)
(121.37582544133421,31.27397496165321,27)
(121.35712547087633,31.28817147729785,33)
(121.4242935142281,31.2650923972106,4)
(121.43666469645262,31.257119431621383,13)
(121.44513776211704,31.24583652997498,37)
(121.40392541422383,31.286990942519267,9)
(121.38300134578782,31.247138383092754,24)
(121.45660758272358,31.253603931690787,4)
(121.44094135779754,31.251941454021424,23)
(121.3665284613849,31.251623463856472,19)
(121.44475599465608,31.26031427400271,3)
(121.34610180562186,31.304204338357305,25)
(121.38521581750516,31.247927090682268,25)
(121.37168335975754,31.263543295454408,19)
(121.41780694545932,31.27069884703437,21)
(121.42616029767422,31.26077301972418,26)
(121.4051992385113,31.23185201389905,23)
(121.4204441203433,31.235775112480802,41)
(121.42959713666457,31.261056521746323,5)
(121.3879607017941,31.251259364935517,1)
(121.40757561701503,31.258720150634588,26)
(121.39879357207865,31.24761096245503,36)
(121.36357042706068,31.3081152921116,16)
(121.42099328970562,31.264856605474154,10)
(121.38301503626485,31.290310471192093,10)
(121.45229630351047,31.24769734239396,5)
(121.44512826011727,31.24585312825352,33)
(121.42062354527678,31.264862463323663,3)
(121.40515876420216,31.255044629875748,24)
(121.3813163557806,31.25928084154861,8)
(121.43728493777597,31.2546035561004,37)
(121.39694030976334,31.265610070146746,36)
(121.39347760642171,31.231804624756467,25)
(121.37543584194916,31.273457273357106,22)
(121.37425917343606,31.273916011721294,8)
(121.37942336395066,31.274845453678804,24)
(121.39213193038836,31.2719792244919,36)
(121.40687014438284,31.26063920125909,3)
(121.43250021233813,31.25553640916211,15)
(121.39583802182896,31.234508040514548,26)
(121.43523536824303,31.263939340476615,9)
(121.41449349402436,31.23510457154573,1)
(121.39470338552994,31.25761356248911,5)
(121.41498164665684,31.283443644945702,11)
(121.38688680134328,31.286955590290937,22)
(121.41278593529495,31.244476304248646,15)
(121.41699326588332,31.243825375245745,4)
(121.4454307228714,31.24212728878313,37)
(121.43924220203455,31.260154737022702,2)
(121.38232780272999,31.285180728448054,17)
(121.41888770410789,31.25266053693008,18)
(121.38296253871809,31.24331968429924,36)
(121.45618863134246,31.27077300703688,1)
(121.38806105651223,31.234744739326768,1)
(121.46037776994292,31.25366937839171,4)
(121.41043152887588,31.267249712080506,2)
(121.41127488401239,31.227569946685033,16)
(121.45303804676595,31.255644246646572,1)
(121.3861513778415,31.255915923468443,28)
(121.35774456608938,31.28669291483886,36)
(121.4239028086396,31.24140130366492,31)
(121.34365340154781,31.2807054415337,2)
(121.40085389052231,31.290854115340267,1)
(121.45131080281438,31.25871083913006,2)
(121.38294697271003,31.290465467516306,21)
(121.42876353679408,31.26552144385929,19)
(121.42951366797008,31.262385584622603,37)
(121.4389682027926,31.266261747685267,25)
(121.40785838618051,31.238928526091204,30)
(121.46107791806145,31.25405834435171,4)
(121.41041763723643,31.23114002432705,45)
(121.38382000668902,31.23369391249401,24)
(121.42943137401693,31.28079040704659,3)
(121.40064743486126,31.238452439600536,2)
(121.39645096118026,31.25176182542767,5)
(121.37985710517403,31.25634133405382,13)
(121.41265718445713,31.246865402177995,36)
(121.36740427986379,31.296274375233654,26)
(121.3762468656142,31.23748755994549,12)
(121.4233002979262,31.240804482565853,30)
(121.45915669006884,31.249937820292153,4)
(121.34099298645268,31.28651282743996,36)
(121.43393282437981,31.262743851188176,2)
(121.3650669510402,31.249432293249313,23)
(121.4358815838086,31.236047612720284,4)
(121.40565546910672,31.269232965088023,6)
(121.38820644066391,31.282800546350707,18)
(121.4453555134018,31.245604812559655,37)
(121.3797300040883,31.25175883637149,21)
(121.43737572937872,31.25340039538029,9)
(121.39862431462825,31.233969756765767,17)
(121.3903207251533,31.25112705432365,2)
(121.39021565547768,31.274265913173704,15)
(121.42138090717893,31.25243197460408,26)
(121.40287681576379,31.24780314070158,37)
(121.4467056318162,31.267275941552953,3)
(121.42905140439422,31.25246892730545,37)
(121.38773537859075,31.295850834257763,36)
(121.39178588119076,31.25136913801045,3)
(121.443871295534,31.243775451560058,1)
(121.40261431471833,31.23428018327693,138)
(121.42884433338483,31.272299461034766,32)
(121.41137529381803,31.244017414554573,35)
(121.44732572105657,31.260721086610204,86)
(121.40447536155177,31.266354298513534,5)
(121.41407495142232,31.23843121796331,10)
(121.45949570026202,31.253955221933445,13)
(121.38637104984268,31.295230193096184,12)
(121.41902104682636,31.23687258175676,32)
(121.41017189151945,31.259387378455074,36)
(121.38712566276442,31.225287937813494,9)
(121.45378376253683,31.256091841650246,15)
(121.4527562218239,31.25621994405604,2)
(121.42298961585995,31.2298677231684,1)
(121.38664021792876,31.260036123772863,8)
(121.45653947860505,31.261940697027722,16)
(121.46389431315791,31.256073720157794,26)
(121.44503141439876,31.280629081686882,6)
(121.36352724533987,31.248740107831225,4)
(121.44786852975649,31.248327662165234,7)
(121.40968318296581,31.26178247427834,14)
(121.39526212231081,31.27375973116324,4)
(121.38836325315783,31.282215745091534,9)
(121.3790313737366,31.239848749412367,21)
(121.3898881196898,31.28267815909659,5)
(121.44016982000426,31.239856421029938,36)
(121.42919908612684,31.23362786479474,1)
(121.40249103684556,31.28563615445768,34)
(121.43498346335659,31.25340350879489,26)
(121.45943519205687,31.260030502123612,2)
(121.39872451676698,31.24729679837336,35)
(121.42822489804765,31.247602386231527,25)
(121.43342966880013,31.25269808729576,30)
(121.39186041869091,31.269194414344472,25)
(121.3882061233172,31.257170968896773,36)
(121.42790182951948,31.271921555712993,8)
(121.39466184504482,31.305497268386596,20)
(121.40291600135697,31.261309054411967,20)
(121.40037592858639,31.27950113118488,20)
(121.36656215109595,31.309111942105282,36)
(121.43165316450349,31.241891313000302,36)
(121.44256270356605,31.254154139820855,22)
(121.44726660537003,31.246004696819117,3)
(121.42990376410275,31.280413772705057,1)
(121.43354318994321,31.249056346711455,12)
(121.38140193565758,31.299238405538848,29)
(121.37775642727549,31.2546739768335,29)
(121.42782323431634,31.2691581128194,12)
(121.42796196415766,31.259773622661488,25)
(121.39758798016784,31.246803146599255,36)
(121.42352177236455,31.237033614064963,10)
(121.43890687002416,31.26124668600934,38)
(121.37450226653385,31.25936312665187,23)
(121.38906923016704,31.26895685437518,2)
(121.43797769691405,31.262959473372973,1)
(121.38304474770864,31.284047413354322,8)
(121.38400291173771,31.230303528440956,17)
(121.3901447027976,31.258254747268747,2)
(121.39975639078881,31.264286553530003,17)
(121.39984605735252,31.237156617621242,5)
(121.46063281439916,31.261217399675726,1)
(121.3956358685479,31.300019467694376,27)
(121.39032518040156,31.267252133649297,11)
(121.38817644247833,31.22979164940288,1)
(121.38596346428686,31.2935154431819,2)
(121.4057821265142,31.235806089852055,30)
(121.37690496139838,31.297129642591855,33)
(121.42273175337463,31.274750628896204,13)
(121.38188002239505,31.248846092504508,231)
(121.4197327492251,31.23672695230862,12)
(121.38882695375013,31.29115781242126,5)
(121.36932067974998,31.2532786271323,3)
(121.43153915286551,31.240027598881074,7)
(121.41223466478985,31.24595314397253,15)
(121.4458209095452,31.249515761416454,36)
(121.39241934321922,31.268982919507867,37)
(121.43069436741914,31.25285522264436,28)
(121.45383488199941,31.24737189954707,5)
(121.43737552039934,31.25099833925714,34)
(121.40523036676328,31.24479592644257,1)
(121.39648897106983,31.240754654573763,36)
(121.39483143802337,31.245857455840266,37)
(121.40076837341472,31.244860291363096,9)
(121.4539448692461,31.273289870024666,1)
(121.42648557943383,31.275910453408343,3)
(121.41271536843445,31.226250018211147,8)
(121.35420649086359,31.31015110759545,36)
(121.44921072097098,31.243278673130384,5)
(121.37188216799173,31.269280000107194,5)
(121.40544159768665,31.223483279257795,16)
(121.39807786525748,31.265896655653567,10)
(121.39353098915687,31.29940086558979,36)
(121.37525343048227,31.283238094153866,21)
(121.42870902311608,31.261377240728294,15)
(121.42482765800317,31.272551134757894,2)
(121.43836712332637,31.265184134190438,9)
(121.41376218936179,31.23979593075179,2)
(121.38296253813142,31.24647667791029,12)
(121.37249995089464,31.255771012022848,4)
(121.42773598492208,31.235488990801734,36)
(121.42265394330728,31.227641256687498,3)
(121.41387759645369,31.25642027062732,36)
(121.36499395443947,31.238019542292708,6)
(121.37024373010891,31.236527424691406,4)
(121.4052668527389,31.286904018568414,21)
(121.42832604840801,31.229680753275773,49)
(121.42733367888376,31.263438328150933,5)
(121.3774396536162,31.27369975057966,24)
(121.38700028107931,31.268250936445053,31)
(121.43334743866998,31.27165533527114,4)
(121.40636602179111,31.24569582676695,20)
(121.40692077830316,31.24988526380572,1)
(121.39285644258887,31.256406327473876,36)
(121.42988588590758,31.247173555052292,18)
(121.43924425657875,31.28376065237841,1)
(121.42690850224815,31.272162213362943,37)
(121.44686582160698,31.241773341681625,3)
(121.38862105513654,31.28293132952554,23)
(121.39636444140865,31.22456850002974,2)
(121.43359568843674,31.278596889351746,2)
(121.42245541126204,31.245241072592826,25)
(121.46262801179655,31.269489437845156,3)
(121.4232660962157,31.254816133136906,6)
(121.45610687711192,31.27702698400697,1)
(121.42515587099768,31.278647409171377,15)
(121.45990189711613,31.252003082090123,28)
(121.40703680658125,31.25250028259774,37)
(121.36503163851637,31.27702772985006,26)
(121.43390298909934,31.264138485013383,12)
(121.44220447168442,31.25526918769933,15)
(121.43793187107283,31.253992896313402,36)
(121.40691234138593,31.238030133964326,16)
(121.42864555933043,31.26075874248694,25)
(121.4349792072958,31.255158906930117,37)
(121.38444749288735,31.2314734762866,9)
(121.37087971699188,31.24769530597681,36)
(121.39558406219786,31.247169966603487,3)
(121.42825589803672,31.248009537509198,22)
(121.42589914121594,31.256750274078776,4)
(121.38245683893103,31.283882327382532,10)
(121.41689541959144,31.228755751807086,34)
(121.4547997785604,31.267878300343238,9)
(121.3718173100186,31.306611970076393,36)
(121.44269196355168,31.259937452634755,18)
(121.43194249225428,31.236713539588767,10)
(121.3707704176363,31.251511510462336,5)
(121.34360921282749,31.292321660322386,5)
(121.4070269742598,31.27488168509697,6)
(121.38553517155101,31.283661102260787,1)
(121.45715464440391,31.247266972834378,32)
(121.39612420915319,31.23170413242292,30)
(121.42693609290912,31.251131697890692,36)
(121.43658298513256,31.253239383387367,36)
(121.395828141049,31.232078074375362,8)
(121.4434253265845,31.280151818372754,9)
(121.42541582175855,31.242421801500008,16)
(121.42697630055052,31.232797040205075,8)
(121.4063473172294,31.24572842285684,3)
(121.39346771280859,31.270331330200012,10)
(121.45083104986612,31.27378288649688,16)
(121.39914950531885,31.256708085356653,34)
(121.41500756591068,31.261354035416563,7)
(121.41108180108729,31.270287086552997,8)
(121.43840748989602,31.241063696307318,18)
(121.44127703029447,31.245260228787163,2)
(121.44180807356186,31.253739131860318,5)
(121.42374658471739,31.23720252338862,26)
(121.44065842672494,31.25678320433395,13)
(121.44447301052332,31.254054019477056,37)
(121.41859649837153,31.23670856047987,21)
(121.45728091914863,31.25182700551611,2)
(121.43268273237342,31.252910050438626,3)
(121.44441156309203,31.247520238211028,37)
(121.38323823593824,31.23224269714697,2)
(121.43802410464713,31.26989361008631,2)
(121.44197078206594,31.244276758939076,16)
(121.40880385024873,31.233702095482943,9)
(121.39490039545886,31.24489806334643,10)
(121.41582797701787,31.251329116699985,24)
(121.40961807437093,31.226025480912043,5)
(121.40621824302589,31.236959634075884,9)
(121.38198351277353,31.28646290576665,36)
(121.40860587660337,31.233767139790395,22)
(121.45408454300839,31.25620891087811,11)
(121.41325760916753,31.23106809981371,27)
(121.42671581366216,31.250449030451183,13)
(121.40608712194583,31.22413973164298,25)
(121.4020690698276,31.26420012846241,1)
(121.42517706314614,31.23953685759855,27)
(121.44107839434713,31.265079151793202,21)
(121.4442682288096,31.26341241264096,29)
(121.40553651791605,31.298648049479365,37)
(121.40691123809715,31.22537232443925,1)
(121.40528965784756,31.298774898583094,12)
(121.42864090724201,31.265583018774844,34)
(121.33857731727218,31.295275769778968,36)
(121.43374682316839,31.274420527396906,36)
(121.44345392274477,31.264671274541968,2)
(121.43243221247235,31.265519983422816,36)
(121.3763815574082,31.289324920082265,36)
(121.36518035647778,31.28861542183276,24)
(121.41765039902631,31.251935839548825,36)
(121.40261467159789,31.223813173622567,36)
(121.4274940444339,31.2513147114173,16)
(121.44892669109713,31.24198491829711,36)
(121.38270168756071,31.29039820202139,3)
(121.38968819080367,31.273931399088188,22)
(121.42778156056606,31.2379704809935,23)
(121.44626310599838,31.262191533798816,4)
(121.38938141305206,31.256496736194297,32)
(121.38351902152702,31.283659263175448,31)
(121.4506669910571,31.2583656567014,96)
(121.40294582393578,31.247742125984775,36)
(121.37434147795453,31.252997152728707,36)
(121.42749486674197,31.26075082498211,6)
(121.43150128862868,31.24312263944191,24)
(121.41026727874024,31.255467115300217,17)
(121.36443234548601,31.30947228755604,24)
(121.4217512237155,31.262616902961316,35)
(121.37127288441667,31.313633543505727,17)
(121.3975406993809,31.23235260132275,6)
(121.36317107459686,31.30226186055135,23)
(121.39068057363991,31.269043038998124,2)
(121.40037727882596,31.294962382302177,9)
(121.42506984737204,31.254499203106487,37)
(121.4256717034784,31.248237949614293,24)
(121.39898884011002,31.305949830501717,2)
(121.43700335403639,31.26514998205509,36)
(121.37474649451246,31.257882788645386,2)
(121.44171619519109,31.241706929648814,2)
(121.38350947210571,31.23194383045141,86)
(121.38612360863881,31.293332507639114,28)
(121.40296330317011,31.276122333518842,3)
(121.3930754058138,31.235389769282012,36)
(121.37094755697076,31.244606021969236,21)
(121.37755173345785,31.272874534266155,27)
(121.45936647901353,31.255476200829,36)
(121.4563686864308,31.2467087889058,6)
(121.44192558541162,31.285056188912016,34)
(121.4175209240909,31.23417193469107,19)
(121.42682945295483,31.236236559658305,4)
(121.40537568164866,31.224331464173815,36)
(121.43481243590776,31.258185508103,7)
(121.40151044648657,31.247203587501673,26)
(121.43769036784519,31.27807648992108,36)
(121.42527608788511,31.24483936815279,24)
(121.4292554545025,31.260323753834278,34)
(121.45575196822647,31.246901717467864,25)
(121.39432822344716,31.246908658651375,37)
(121.40214962273232,31.26426726134739,6)
(121.38728031153133,31.242558953294715,11)
(121.38825645139042,31.2826795556046,8)
(121.36541019180171,31.279177269865492,22)
(121.41981670940947,31.236938000317394,12)
(121.38127612171346,31.23413261547201,21)
(121.4060605685985,31.245721094918405,7)
(121.39396981690288,31.25630860108179,13)
(121.4357545305349,31.26760866433917,13)
(121.4229969295505,31.24948588737027,36)
(121.40494029633506,31.245977864781008,9)
(121.36774220041286,31.28964767594497,6)
(121.38766352726012,31.240910520176275,47)
(121.45339318519763,31.244752221376153,9)
(121.34440948686925,31.285547824425663,6)
(121.42857389109179,31.265673804950122,17)
(121.37805670810653,31.276298539659713,36)
(121.39129975028881,31.27701779419032,36)
(121.35956922173777,31.278067734418713,25)
(121.42277563397235,31.25089835910974,25)
(121.40605187248826,31.255700972337873,24)
(121.4501763581423,31.258487894351077,36)
(121.42959034461771,31.259747369895216,9)
(121.39384518319271,31.295829960456413,29)
(121.3729929720908,31.313294384263934,28)
(121.42871103975683,31.232743214320237,19)
(121.44854653377374,31.24215768766812,20)
(121.45282613111594,31.268579118357906,11)
(121.44210102711855,31.259435159784655,3)
(121.42326231421659,31.240607421423565,36)
(121.40284701873931,31.26166419486229,28)
(121.44770833655629,31.24217720158146,36)
(121.37842494729576,31.2990013287883,1)
(121.36408699765856,31.3090709487,37)
(121.42533770269755,31.242556585133205,25)
(121.39908471464649,31.25939622974548,7)
(121.42591674528926,31.254748281520342,6)
(121.43101669902313,31.269900222601343,1)
(121.41778213260132,31.249762818356874,36)
(121.40664020994426,31.27090050691596,7)
(121.43793312315009,31.2683810955949,30)
(121.45819240466295,31.26496104682558,19)
(121.4243251211388,31.272383459796288,36)
(121.43324573629312,31.23901620377065,36)
(121.43737505726101,31.249021183859174,19)
(121.44038843895221,31.268427619659814,27)
(121.45299963795469,31.256126421999745,36)
(121.38956136095825,31.300047870173252,32)
(121.41930701742325,31.233242748315487,36)
(121.44104498290669,31.23669668578193,12)
(121.3529549703477,31.280380063019123,2)
(121.38178756360846,31.232206254348178,11)
(121.3945274750318,31.259865445598937,23)
(121.42596933373743,31.247469357540346,16)
(121.39389998003072,31.235642666439333,36)
(121.43233668748337,31.24992649391244,36)
(121.4157192463754,31.295766993220955,36)
(121.4516963897843,31.253009735474883,24)
(121.43430346818405,31.23302394654795,12)
(121.45248009742807,31.24730956453872,3)
(121.44907669417965,31.243474650122813,14)
(121.42666306436821,31.252680059439285,20)
(121.37487830464073,31.287119615015087,32)
(121.38612758751262,31.235913342664244,96)
(121.4296201562702,31.25800458466243,4)
(121.40618588526623,31.278715754761436,24)
(121.40544779914596,31.224600278443386,3)
(121.39402688000327,31.291023149071332,36)
(121.3554978450889,31.295466635758512,19)
(121.44894333227306,31.2612743818661,36)
(121.44508214973196,31.243094325080886,12)
(121.41008155417514,31.260247898178513,8)
(121.42281460296388,31.262384332564956,17)
(121.38721135300135,31.24378644746673,36)
(121.38875145951263,31.297719358076165,9)
(121.44083613258574,31.280010781577467,11)
(121.38168942210811,31.24342223829884,33)
(121.38524461543504,31.28070963779315,8)
(121.40982801884165,31.260166760372513,36)
(121.36552293533548,31.250089734512958,1)
(121.44223927206058,31.28649235972178,4)
(121.4060843527068,31.258588043601033,14)
(121.39423154580163,31.274247398725294,16)
(121.4187286255413,31.262048701592935,27)
(121.45729123478309,31.246563368318466,28)
(121.40266502623241,31.245186172466628,36)
(121.4076613637358,31.250013488043596,3)
(121.40187733821863,31.235741631735753,1)
(121.43954595306403,31.277263444191423,31)
(121.41025047455076,31.267005789037803,7)
(121.39450056339055,31.29546717327568,18)
(121.45574904448902,31.2451834879571,2)
(121.41305347181178,31.263087388303504,11)
(121.3803148425433,31.227936309725187,15)
(121.45342662718738,31.256189599999217,70)
(121.34696551866442,31.29654461523393,32)
(121.4631368858291,31.261273748822397,17)
(121.4360857615249,31.233685971447468,1)
(121.41164868886398,31.226402332414303,1)
(121.38571349168937,31.293179051583156,7)
(121.44221972789447,31.25853758645001,35)
(121.37734921848583,31.27010513639848,36)
(121.42555445553084,31.24178493127495,36)
(121.36341275840675,31.245522501444587,21)
(121.41044341659692,31.23160094544403,13)
(121.35851258623192,31.313172251902092,6)
(121.46112085814471,31.266237509373457,5)
(121.45819706979529,31.248478269909466,12)
(121.37423033727276,31.253261129327914,4)
(121.37883955628915,31.252279024736236,19)
(121.43631705178369,31.260671966763883,40)
(121.41555409313212,31.23584853310631,16)
(121.3974088322415,31.25753879332265,4)
(121.42700458802919,31.23994608442724,34)
(121.43484957407622,31.23701461509611,15)
(121.40469971616575,31.260276956490067,12)
(121.37699633570358,31.29998887083673,33)
(121.43032941019293,31.2478152949107,20)
(121.38499166621253,31.24985024784308,72)
(121.4188188967759,31.237222738809812,1)
(121.37634410015812,31.23143568166764,1)
(121.4610953656709,31.257134638518117,20)
(121.41773998103888,31.229397139591168,6)
(121.41602906614051,31.261076529787776,34)
(121.36770652549066,31.29629861314174,15)
(121.45897253649693,31.259485169536855,19)
(121.39574274046225,31.23183856930869,11)
(121.35113853083587,31.28016986659478,36)
(121.42543137943423,31.26316235295571,5)
(121.44613622445571,31.283518694025705,28)
(121.350229668407,31.288405432989023,36)
(121.38600598214843,31.25303754024007,17)
(121.40547960406379,31.29862443785124,30)
(121.37883484160018,31.266060104473816,2)
(121.45974266445694,31.2537342894801,20)
(121.37309857823412,31.228269435940913,3)
(121.38931230871344,31.2559754584595,11)
(121.4072950486771,31.2453911187556,2)
(121.39906712603411,31.229770986092767,36)
(121.37230165939881,31.255928821367295,18)
(121.42578754026421,31.242241680357022,2)
(121.43209117292271,31.283094523169463,32)
(121.38509682226503,31.250382576813262,19)
(121.3745797526693,31.231395350181696,1)
(121.40908208697522,31.24414669095892,36)
(121.45259590167385,31.24818872748829,1)
(121.44448988447829,31.264474502739283,15)
(121.46028970074377,31.250143396540814,3)
(121.38612097659609,31.2934593223042,36)
(121.38464230192355,31.295840196957645,36)
(121.43188616326069,31.253465695086287,1)
(121.39738974554565,31.233694153646546,17)
(121.38532894187682,31.28345683760683,4)
(121.41205021915746,31.245936305485372,16)
(121.38771671887261,31.25746598056664,14)
(121.46361328896157,31.26413379237696,7)
(121.4582822959314,31.26515234377826,4)
(121.44417079957068,31.27924823671854,7)
(121.4230372695057,31.283669092768406,1)
(121.42766917016607,31.25498616112497,36)
(121.41355674930671,31.245352485551393,9)
(121.40475828203354,31.29575754685269,29)
(121.42581794208697,31.26413175411116,20)
(121.359012419025,31.279486067180628,24)
(121.44044785215308,31.268519330611834,10)
(121.43773530385494,31.278187474438685,24)
(121.40129636325128,31.23544324311379,36)
(121.40025878484202,31.24389477910692,24)
(121.4349075906943,31.255316492588758,1)
(121.42151361376374,31.28462252201268,1)
(121.42185937482634,31.239211767864436,8)
(121.43833610001897,31.264321808834847,10)
(121.3702110331594,31.24063223708511,30)
(121.45173867760819,31.280108061212808,2)
(121.3948852982254,31.243884602474235,1)
(121.41023547086802,31.261927395983726,20)
(121.37233966277411,31.308642102541246,36)
(121.45017577935995,31.251816980519806,5)
(121.37599671213266,31.249458761417255,3)
(121.42805094210297,31.257297812123344,32)
(121.4623678109628,31.25888249842339,26)
(121.39726604766612,31.275570536107598,37)
(121.4346965576097,31.28397080797866,30)
(121.36464428079312,31.28861455901261,37)
(121.39205272780741,31.247357532485108,23)
(121.3712980885611,31.313620546988766,8)
(121.46071853445162,31.273027287747144,16)
(121.4326232538747,31.25881147939893,23)
(121.38562507332244,31.293114936293104,3)
(121.41869573038522,31.240089039780507,3)
(121.45420210355827,31.24862071236989,11)
(121.4465375706644,31.26256121864081,2)
(121.39861488893985,31.29792898077279,37)
(121.38564345188355,31.262642395816766,33)
(121.44158865033413,31.2672062825017,18)
(121.44653661292969,31.25153342222251,6)
(121.3990076252463,31.247244874611447,9)
(121.37834337259832,31.23353818971965,15)
(121.43582772874916,31.236757004639543,7)
(121.41785081435386,31.258038410461314,26)
(121.35430426036824,31.282054187977007,2)
(121.39951210390633,31.262008498655163,16)
(121.39860378348197,31.249186583354522,7)
(121.38928232156555,31.256417629078246,12)
(121.4518494071254,31.245445964671703,10)
(121.37242853931784,31.229232010689092,44)
(121.36512714891738,31.288615115556834,36)
(121.4565662927178,31.25119980032946,36)
(121.38714149806741,31.250229892832134,36)
(121.4563554567429,31.256365759164478,1)
(121.40452797285897,31.29979884054669,36)
(121.39550353909253,31.291049161144695,28)
(121.43146877981307,31.235670946613883,18)
(121.40519823772615,31.24484708877495,11)
(121.39900716086954,31.287782077183262,35)
(121.39309408008968,31.277418076484444,4)
(121.3827821048827,31.248169438912015,21)
(121.43535369500046,31.26023787066315,8)
(121.37072178014743,31.285894325616837,13)
(121.37226835690895,31.22997414280327,4)
