(121.37006010300867,31.252627612798552,36)
(121.37864547385081,31.28766785903837,24)
(121.45335152755185,31.252654334028524,13)
(121.40107936526731,31.292144988502482,18)
(121.40909048904123,31.24413609272252,37)
(121.3900902304261,31.257502510473145,27)
(121.41650104087816,31.25206241035737,7)
(121.40484364087699,31.23101082584927,33)
(121.424503399828,31.254357090495738,22)
(121.40381120551925,31.284793034999616,29)
(121.45191154097371,31.26015030279956,2)
(121.4581634778739,31.26805270465128,36)
(121.40427968830531,31.232272344074428,25)
(121.42108645971685,31.2648145600563,1)
(121.45022840671426,31.24888958900109,36)
(121.44627909993332,31.262500639133336,12)
(121.40554649964027,31.240232081290916,5)
(121.42958829228428,31.236182914449916,5)
(121.35423480217975,31.278396563299605,12)
(121.43720004304434,31.25373878069514,54)
(121.4094496768935,31.302554549941643,20)
(121.3841655755781,31.258909458989773,36)
(121.403110576786,31.30183770768189,36)
(121.42481008853477,31.242911277174336,9)
(121.38768555624219,31.252500693467244,7)
(121.38498631265392,31.29180090237013,20)
(121.41832304083768,31.25243773111078,28)
(121.44630030524152,31.244837137240385,36)
(121.37777943676616,31.254427895538207,29)
(121.36711203273,31.309013610179612,3)
(121.42782200504588,31.22986211864343,20)
(121.4201308734514,31.252817912230437,20)
(121.34295180175377,31.30336517304762,11)
(121.42271226095819,31.266342095804326,14)
(121.42104026851369,31.248011213870637,12)
(121.39612728248942,31.291713980495746,36)
(121.44005314828196,31.24126822899042,36)
(121.40781767642045,31.254080709787846,1)
(121.40197093726132,31.27441242412447,4)
(121.4529691406199,31.27940529078631,25)
(121.44825663814436,31.247651666172164,3)
(121.36908145392286,31.23101652856571,7)
(121.42654794837682,31.249952958953674,28)
(121.43214127699144,31.26787462662676,1)
(121.38256528013784,31.246025643275026,27)
(121.38656390991048,31.257352897526253,1)
(121.37821691517547,31.27623369393883,37)
(121.38870923298236,31.24558608302579,37)
(121.3825042218645,31.29913547070252,36)
(121.36572973515612,31.288615487170762,36)
(121.40699627540708,31.25349114135612,96)
(121.410678178933,31.298157314563795,4)
(121.39421551763327,31.233248041936612,1)
(121.42712070062268,31.254145294315396,3)
(121.43850271694114,31.269196561784575,9)
(121.34511699773768,31.29925231325346,36)
(121.42439051673817,31.243241756012193,36)
(121.40768336829996,31.25007851615369,1)
(121.36677486324895,31.23561609544188,11)
(121.40928443674407,31.243752833710065,2)
(121.40896185677464,31.296341861519842,36)
(121.43049657351109,31.259892137107148,12)
(121.38788655791917,31.239020748134074,35)
(121.45056439029403,31.25740969564625,7)
(121.33458439255679,31.294540116221686,72)
(121.42264864631679,31.284165570640468,1)
(121.38231136948492,31.280422766967156,4)
(121.38293035204464,31.251488693289048,35)
(121.46339873073298,31.257877143897264,2)
(121.38829544681515,31.228743041714235,12)
(121.44260572266721,31.255206755408274,37)
(121.44848058127103,31.270662498060357,11)
(121.41415256087953,31.2296028070457,34)
(121.3355952321561,31.302941099580536,59)
(121.43615407852373,31.253458539462855,30)
(121.41196336294371,31.258028469950588,49)
(121.44511815798087,31.245827626502027,24)
(121.40023554303478,31.29949037346312,7)
(121.41650314596077,31.28546619060595,6)
(121.36497282038768,31.313275741917977,36)
(121.37249995002513,31.25576100765948,36)
(121.36961098276863,31.251288156431208,5)
(121.40385544496137,31.276006426202347,8)
(121.37264519476739,31.25601530782709,35)
(121.45965265296502,31.264768256212825,6)
(121.3930083650273,31.25841096591638,15)
(121.40672680322038,31.266239534348703,37)
(121.40228593516977,31.24820718993933,15)
(121.40157267964207,31.249688703839386,11)
(121.38751857792023,31.25018216001421,36)
(121.42287661007629,31.274529434167967,1)
(121.41766790764663,31.257880429498073,28)
(121.40604056399765,31.238418104938724,2)
(121.40443847528309,31.286921978548527,7)
(121.41745338015261,31.24674546606888,6)
(121.42199450495681,31.259663390443052,24)
(121.45393071439139,31.256189886799195,154)
(121.42505641855891,31.27235086695534,27)
(121.3925609710976,31.299402282169655,36)
(121.44394055799573,31.259827404554652,51)
(121.45198005760146,31.25642155181026,12)
(121.41263356334844,31.231049855506495,6)
(121.33512084000654,31.299272766985126,31)
(121.38920031781865,31.28014161942995,5)
(121.42824977736751,31.26277068302917,1)
(121.36579970094208,31.276390418790537,36)
(121.42850337363205,31.26219099728376,10)
(121.38333463595517,31.247108500572136,3)
(121.36415020622444,31.309707954501928,26)
(121.40323393075563,31.236880297519274,20)
(121.37693557762366,31.269232286651874,36)
(121.44424613544324,31.2618417741568,27)
(121.41077225761867,31.242017625511263,8)
(121.3807529548156,31.28551226140362,7)
(121.42301769104763,31.23100922839976,17)
(121.40310586807627,31.247900224054202,24)
(121.44357380764606,31.277482376299478,1)
(121.3762282842283,31.254126952752557,36)
(121.4358771670151,31.273635047161488,12)
(121.35372090481182,31.285219926682775,41)
(121.38691282771183,31.241026564009232,16)
(121.43671277724171,31.253214200862583,36)
(121.39950899632858,31.248479764042834,7)
(121.41229869008642,31.251413501898774,6)
(121.42212623237371,31.24006397390475,36)
(121.44301429887201,31.282278348734803,32)
(121.40183282355434,31.299733193520993,1)
(121.43095491060113,31.274373165684437,5)
(121.44353152437486,31.263296908933146,20)
(121.40524224497902,31.249016985523756,22)
(121.4049032170576,31.294852202502643,19)
(121.45925612044333,31.257916097197334,1)
(121.40986617982965,31.259577023791106,15)
(121.42139513623668,31.255184171381696,15)
(121.44337951417407,31.2648786099547,21)
(121.33504879816633,31.301600904819434,35)
(121.4251602590515,31.2396434539319,20)
(121.44928532985752,31.25838050333676,25)
(121.4062679695302,31.291106797656976,3)
(121.37463719314906,31.313771308863263,4)
(121.37529378897223,31.23921257748416,3)
(121.4134882755156,31.26132637623855,2)
(121.4311078508294,31.275954660564476,19)
(121.4488283660977,31.258776512185968,5)
(121.45936583177155,31.26599022945886,2)
(121.40545163312679,31.28766837299683,70)
(121.41297065280051,31.253388202820982,1)
(121.41632129746233,31.288300770739966,7)
(121.36420501387369,31.309494761283283,9)
(121.43289714043921,31.24369864858176,20)
(121.43313390601455,31.273563386199775,33)
(121.44569398813258,31.2831168582467,4)
(121.45032804933653,31.258856769372937,25)
(121.4026597463504,31.242498407623398,18)
(121.41349397693241,31.26146957715055,21)
(121.44015761354164,31.271675319480185,5)
(121.42380172640601,31.239846072500697,15)
(121.37726119087466,31.271164480732004,1)
(121.42519857753993,31.2413882796146,6)
(121.37878587354463,31.232630268546366,14)
(121.38343289959523,31.26037840686803,16)
(121.34350968758439,31.299307635339265,36)
(121.42285898735435,31.244304371368482,2)
(121.40831788309261,31.25647029280841,18)
(121.39374914138506,31.274154660207135,5)
(121.43099170579166,31.26110949680773,26)
(121.3730585948735,31.263923601627642,5)
(121.4549030184637,31.255805443445766,10)
(121.3746832913389,31.314126499447877,3)
(121.43939298359335,31.237664559274265,5)
(121.4199451685763,31.23176556470895,7)
(121.40640850734319,31.239946992566143,16)
(121.34939514798891,31.283765220940325,29)
(121.42923062921221,31.24656394575036,11)
(121.43043473534594,31.24776161626778,27)
(121.39590815490081,31.27481200404341,11)
(121.43216008096834,31.28310745101701,18)
(121.45479917845041,31.267878600249908,19)
(121.4524539274157,31.279154274579778,2)
(121.37861762463204,31.232291926358414,27)
(121.44616437923506,31.2540352964428,5)
(121.4296571309633,31.246765606847074,8)
(121.4519820181318,31.279018139781986,3)
(121.41301380310905,31.232345752335686,3)
(121.3712958980235,31.273236435844513,36)
(121.4276396247658,31.259819289345316,35)
(121.44286524013452,31.243910125986147,29)
(121.39402304450059,31.247053557287472,29)
(121.43724600607354,31.25416590595378,32)
(121.45404433890349,31.269952265481056,16)
(121.42580145332647,31.246876235844038,36)
(121.379810233483,31.244688843203935,34)
(121.45294080812404,31.279483451074412,2)
(121.45413775046357,31.24798813432327,24)
(121.4368858470803,31.257050874518693,37)
(121.42866542714344,31.24804515967553,7)
(121.39185533273198,31.255964195643163,65)
(121.4371187044451,31.278931277566745,37)
(121.4349553766775,31.274860727979274,4)
(121.42176917623372,31.247569573202664,20)
(121.41641516715828,31.230072544848255,1)
(121.4517368423449,31.258958125534104,35)
(121.43060917799419,31.2548300381641,28)
(121.41104657119652,31.290481107475912,56)
(121.42797596824481,31.265458614556636,3)
(121.40751548258844,31.23983294460788,18)
(121.43362149329045,31.271369508506382,36)
(121.41446311751488,31.269480064253095,33)
(121.34663510501204,31.282628741143206,36)
(121.4378351791748,31.27863952459272,19)
(121.45957585418813,31.26458226394152,4)
(121.40191553875744,31.247070621780313,20)
(121.4028646471593,31.280284037458422,2)
(121.43436748790718,31.261796905516086,14)
(121.4367587283576,31.253491261519212,1)
(121.4252825001027,31.24144923849705,34)
(121.40473542400821,31.29740919604304,36)
(121.41639829692686,31.24458111804791,325)
(121.45138114923246,31.24561702962757,24)
(121.43469230548078,31.235132697197862,9)
(121.4479487390617,31.248107421111715,13)
(121.36440354144938,31.30955008404765,34)
(121.41448462248086,31.255652795891915,64)
(121.40039558064332,31.304647694525386,24)
(121.45792372487335,31.247879595475975,7)
(121.42786681591207,31.230135327301934,15)
(121.39729862451533,31.255754971249917,3)
(121.4156799139659,31.231032682093517,1)
(121.36497172022561,31.31329984173384,7)
(121.40655472855289,31.253930214458435,11)
(121.43082506877353,31.262812407720606,4)
(121.41342205880387,31.245216393593388,5)
(121.38541993243729,31.28314592191136,31)
(121.42683195793167,31.264985241452212,3)
(121.4303861218213,31.23408273170078,1)
(121.46113612222429,31.269757968398817,2)
(121.41753740059427,31.23803150019181,2)
(121.45214518303318,31.277396162347287,14)
(121.42765206027177,31.230570221413853,2)
(121.3649576182527,31.313214740271583,35)
(121.36443964650007,31.309487688366012,28)
(121.4197175726622,31.234581984111554,33)
(121.412058042383,31.243795342273465,44)
(121.43241160448333,31.245444317209333,7)
(121.40875122716706,31.23116867815439,20)
(121.373007352052,31.281412423534178,1)
(121.42287551620201,31.26198911946904,36)
(121.41014324822804,31.242452814672514,29)
(121.40995790255158,31.242714575623324,36)
(121.40968303470376,31.259477185911667,23)
(121.4089213037147,31.22758427207395,19)
(121.44282939959726,31.28333547411596,1)
(121.39596115865442,31.23526924171682,37)
(121.39796717682778,31.304401258812078,37)
(121.43582470292978,31.25505577237617,22)
(121.44159349068863,31.25399657414142,41)
(121.39426288696933,31.289399626356754,32)
(121.40758415930195,31.24762743319663,29)
(121.44392963191689,31.263581712044438,18)
(121.37533784893812,31.286657587530364,31)
(121.42991794471779,31.25976704463805,37)
(121.3409468770506,31.286439711035765,4)
(121.36664955931748,31.292285145132716,17)
(121.43154087844923,31.25984435433028,11)
(121.44638802346289,31.24483205263165,32)
(121.3641827107122,31.309755458127086,37)
(121.45209497406964,31.279738749726228,51)
(121.41427296990344,31.25256295755726,36)
(121.44860066119362,31.25647192485849,10)
(121.40698122121752,31.248129662645553,17)
(121.40268532054172,31.242566767947903,4)
(121.43717803415808,31.253229586979554,3)
(121.38777042570206,31.287109828248656,37)
(121.4102843984929,31.242511922895368,22)
(121.38411805240543,31.241987948958606,18)
(121.44439759127911,31.259015304877913,37)
(121.40874070231547,31.299432709203316,32)
(121.39931497893717,31.27288105033054,36)
(121.36086467670053,31.29383383102276,36)
(121.40709616879228,31.247551405964494,37)
(121.3843816011491,31.279508365263876,36)
(121.40975765308566,31.259636101109844,21)
(121.41222056177185,31.226747368155447,2)
(121.34994234768585,31.279542633916233,36)
(121.38390352311443,31.27311718207183,13)
(121.43554626342413,31.23401771459175,4)
(121.44210324573842,31.261992259678337,19)
(121.42569419022064,31.247411249550826,6)
(121.3922972771187,31.240152459287934,4)
(121.42822336240398,31.22996740805855,1)
(121.41444711299619,31.248660801535024,36)
(121.44478546387417,31.254890868299857,18)
(121.42250164048455,31.259773426326426,1)
(121.38952761342235,31.268855148118302,14)
(121.40167599053346,31.229864602435892,36)
(121.44843876510905,31.242133872027036,32)
(121.41825504163705,31.251968559011377,29)
(121.3668525345634,31.237629364116437,40)
(121.43662891278794,31.25324332452236,6)
(121.4458059057623,31.24912061208656,13)
(121.38929730119521,31.256036474033362,37)
(121.45659860552253,31.27401496249207,36)
(121.42741268534206,31.264508014089955,3)
(121.4126140584678,31.225885461020827,25)
(121.43674373841876,31.253333212067073,36)
(121.43926148706734,31.263805279921822,6)
(121.40182392585407,31.22975903241026,37)
(121.40968663559073,31.259489586635713,36)
(121.44643835852628,31.25776231705016,4)
(121.42520316952083,31.239498563058334,13)
(121.41923382078187,31.23391586298876,2)
(121.43442156062439,31.267887453614804,30)
(121.40872356008302,31.276122633368452,14)
(121.45472162232564,31.269149549610106,4)
(121.43854980096597,31.26500080036966,68)
(121.43780323759474,31.267239789629233,36)
(121.4099440990428,31.25822094266312,36)
(121.38923444127677,31.279339608886396,37)
(121.44234557888555,31.23885236672401,1)
(121.38907662987235,31.26899473263668,7)
(121.41840299461586,31.253675520581798,25)
(121.44434971674868,31.243010826035427,20)
(121.37296670347968,31.256227817271142,36)
(121.40473452346896,31.2871196091537,20)
(121.4021840872362,31.264089105446754,22)
(121.37870419975776,31.299071972570392,29)
(121.4469113745407,31.27614401169578,1)
(121.41080201753307,31.227868168469037,36)
(121.41289724995899,31.23192054014069,1)
(121.44090617566798,31.2590027973174,10)
(121.42397870922407,31.24105909204228,36)
(121.4244839316061,31.260469263978678,23)
(121.42297995202168,31.268013618403433,1)
(121.4068568555451,31.3011947937958,36)
(121.39757343021816,31.26351543924087,36)
(121.37871822967043,31.24925968060868,36)
(121.44490595810034,31.244944771443656,1)
(121.45667811254786,31.25109401725666,15)
(121.42037472061465,31.253075881192828,15)
(121.4374236864806,31.276741299013686,22)
(121.39038900456542,31.253703233618193,19)
(121.40442395178168,31.22361835944678,4)
(121.42491740207595,31.26312695928095,6)
(121.4098187682737,31.24321044574707,31)
(121.45590926503276,31.27580288832592,11)
(121.39017670881549,31.22930211165682,39)
(121.44511605754037,31.245836026112798,36)
(121.4238798247617,31.241345295834538,25)
(121.36044502821224,31.28023361805764,37)
(121.42884617409727,31.232530853988333,131)
(121.4373453859779,31.26036946952222,37)
(121.40397553909928,31.299682028052967,36)
(121.42773656735962,31.237470295991358,16)
(121.37345613113958,31.264156868831876,11)
(121.43719271855319,31.264203620197737,14)
(121.42719745754599,31.261309932095784,4)
(121.45260764347466,31.28004333933066,19)
(121.46226985753032,31.267837564980766,3)
(121.3644030408972,31.311326579949423,31)
(121.38194878490593,31.232568582493645,2)
(121.39574675609457,31.231992641913177,1)
(121.43314015481846,31.25358681746751,64)
(121.37127528481922,31.313599843910556,35)
(121.37887295601497,31.266806464275163,32)
(121.34872251773594,31.281541097772866,26)
(121.43010832389247,31.26681787242193,10)
(121.44566305148321,31.24745311534108,1)
(121.36411140050535,31.3109961471186,26)
(121.38183061345556,31.244634392896415,5)
(121.4357142112767,31.240289749923072,37)
(121.43984873819294,31.255494974308807,1)
(121.3881419916427,31.229703791621738,24)
(121.43810603710313,31.24772889300695,57)
(121.34233114876268,31.285499724047373,36)
(121.45753646619369,31.256462203884624,3)
(121.38268530580591,31.23686868185965,22)
(121.44639012390033,31.24483445299542,32)
(121.40928226198936,31.296371792794375,1)
(121.41188199890259,31.25514228352591,61)
(121.42208280441551,31.24912629791099,36)
(121.37614505044137,31.26429125112258,26)
(121.375019439627,31.242760229669056,1)
(121.42869542038677,31.265601129839883,12)
(121.41732334756264,31.2392334530928,45)
(121.41584475989234,31.253050785857013,36)
(121.39019262007085,31.274074817220118,36)
(121.43965857843085,31.278136163758536,20)
(121.43236995578538,31.250552369569462,4)
(121.44464726556266,31.272427612787695,37)
(121.38611430783111,31.26702467388051,3)
(121.44256237768353,31.25040449149449,40)
(121.3866099471322,31.23064098170073,1)
(121.44483980132739,31.25478126034786,36)
(121.41426050930588,31.241078654547312,6)
(121.38870956705793,31.253467912940962,32)
(121.41094834105407,31.24341422243535,36)
(121.41249754675839,31.250453031113093,31)
(121.44088749779141,31.262314254361282,10)
(121.37987303372822,31.24059158208275,5)
(121.43141555106038,31.265662990230222,8)
(121.40553064021171,31.230383592838674,2)
(121.40441594876624,31.23193465369137,2)
(121.42978047864558,31.24646918644726,36)
(121.38546284065545,31.28714902083472,36)
(121.36384276397834,31.309255720389633,36)
(121.40613750655774,31.274393957675027,4)
(121.42885635968453,31.23837163641774,4)
(121.34681931121416,31.288616525348857,56)
(121.41021439799363,31.23088865155837,7)
(121.44003275737883,31.256393875687806,36)
(121.37435646785416,31.25262700901029,19)
(121.4467616105218,31.283208445614747,20)
(121.36151097142246,31.249465295743683,15)
(121.45790833596436,31.254463531147856,8)
(121.44684871807695,31.24177523869843,5)
(121.45879946787893,31.259622839753238,3)
(121.3906348895912,31.273084708982083,36)
(121.42699360889311,31.268344376720513,6)
(121.37301977572982,31.256131843980725,36)
(121.4119254465483,31.2588668417111,21)
(121.42662488485323,31.23869085405577,4)
(121.45253875418233,31.279453231461627,2)
(121.41892836051879,31.233802353997692,11)
(121.44104742854103,31.264829091670627,34)
(121.3640021240101,31.249544000998288,7)
(121.45208006394313,31.254199295528593,27)
(121.44637772060118,31.241913956136123,36)
(121.42663287771683,31.261634980637236,13)
(121.33776277638788,31.298724581868882,2)
(121.40325306314719,31.27275597745688,22)
(121.40997530683778,31.242928578832426,26)
(121.43972418818747,31.254409821319832,36)
(121.39018101227119,31.285420354343024,8)
(121.37485830443141,31.272513543615155,36)
(121.37598802224174,31.301015077210423,25)
(121.37994829701972,31.243420423991765,21)
(121.44822730526259,31.261554340270543,30)
(121.42352417429798,31.26458976463328,34)
(121.42070965770809,31.25517459756705,10)
(121.39768967234583,31.277143232370012,11)
(121.38098164722004,31.24381905503051,5)
(121.39788562604222,31.229704521908346,1)
(121.44066089721487,31.25844608954416,7)
(121.43241595407304,31.25125262616322,48)
(121.41130490556533,31.227900093759732,1)
(121.43422302915488,31.242396982032865,31)
(121.43102681922936,31.274390095551297,16)
(121.41003172074129,31.242577891235776,21)
(121.4134869310425,31.23568314650252,10)
(121.37999794655201,31.284677124024395,36)
(121.42360609111395,31.241555595600115,9)
(121.41100030425227,31.231657880735774,12)
(121.44762768508407,31.269120422951456,5)
(121.44612566890146,31.244831706576377,2)
(121.40205587924731,31.26188691638096,1)
(121.42572159838329,31.261119729126793,9)
(121.42697462386005,31.239986129334177,26)
(121.40058037921955,31.26099538433437,22)
(121.42181711989942,31.270280377931034,3)
(121.43185151335406,31.23744908676009,8)
(121.3979886397285,31.24781746486272,6)
(121.4008450914634,31.233819385876227,4)
(121.37752069040546,31.2456902013141,13)
(121.4567523263885,31.25486817916878,52)
(121.43689835450203,31.281327030350745,5)
(121.46354327823566,31.264225783164093,2)
(121.36318201202603,31.251074905283485,21)
(121.42616038035253,31.2617214283172,13)
(121.407644913682,31.244844192007072,12)
(121.4361252915737,31.23703374585187,10)
(121.38182333269913,31.286559784086872,24)
(121.42693339340875,31.26104377846172,36)
(121.3829726400512,31.247044778455518,28)
(121.38414876061009,31.238249291001402,10)
(121.40325003094443,31.23799680669693,2)
(121.39141597738998,31.290077199737013,36)
(121.37846295899514,31.276987782473046,4)
(121.40910209189494,31.244124395152433,36)
(121.41938543824762,31.25638022097909,36)
(121.3903887259222,31.24820851144436,1)
(121.40930696505463,31.235727974890995,20)
(121.38441064635307,31.280704883510808,17)
(121.35552788990289,31.29528361464817,23)
(121.44582059855162,31.245934171269717,21)
(121.3586770686425,31.28296294271302,36)
(121.39249294866991,31.303620217240393,24)
(121.37960359264311,31.240321660209705,41)
(121.42505373162022,31.241527459816435,35)
(121.40169281780487,31.273842223127673,1)
(121.38478427476691,31.25934921457991,16)
(121.38890567352287,31.257226195031354,36)
(121.41664582615353,31.25046764607527,36)
(121.44779246593403,31.24572664093108,12)
(121.4071937797646,31.231646222074883,11)
(121.42068786225283,31.279545647821504,2)
(121.40406726359893,31.250240447276784,36)
(121.43758937816506,31.253360087770158,30)
(121.39133802337616,31.23389200612362,24)
(121.37958792002425,31.23280622852292,2)
(121.40678250270373,31.246749948377154,3)
(121.44510355490335,31.24583222389397,24)
(121.42860239850361,31.269813602746023,22)
(121.42510160116022,31.263493072668492,17)
(121.40721084918822,31.250640322145262,2)
(121.43612447363547,31.264054513688148,37)
(121.40990991190668,31.236169107132255,10)
(121.41024159384527,31.230548988807854,10)
(121.374247035893,31.307050272336607,20)
(121.42766805952695,31.24223751199795,21)
(121.4621936899306,31.25195387357119,5)
(121.44057519527634,31.263898400974114,36)
(121.42815738034514,31.263709479004792,22)
(121.44400156320297,31.26125392093937,31)
(121.45397792076842,31.24798380929884,2)
(121.3689062911092,31.31428290122484,36)
(121.41982824695928,31.241788641347572,16)
(121.418723073974,31.253864087224734,35)
(121.45105211712867,31.28133607477903,1)
(121.41770537676786,31.25204686225468,16)
(121.36736260096113,31.274002350129738,118)
(121.43231100213539,31.24318953274607,47)
(121.42587253309944,31.24172799692069,36)
(121.38253765586819,31.23256883461369,36)
(121.43211130381032,31.250519647134357,3)
(121.41410970079663,31.292987454512126,36)
(121.45839411716929,31.266714840607552,2)
(121.46232786505553,31.26250049470051,36)
(121.41149321548832,31.289274637630538,4)
(121.44876763551062,31.2603513041399,20)
(121.44403897387285,31.243836205711116,2)
(121.36932316635789,31.281894770519756,19)
(121.42246981589041,31.238553055887138,10)
(121.41009493624132,31.255523779327177,25)
(121.4159608171535,31.269295065778966,26)
(121.43545814720987,31.280937611782555,36)
(121.38206802153965,31.291168884704042,33)
(121.42178353168053,31.26251600988991,7)
(121.45771248638363,31.273418071010887,16)
(121.36550391216947,31.284823443957617,36)
(121.37926852050154,31.23088370500883,18)
(121.44868061883781,31.259841552636978,65)
(121.42416929629469,31.238342719534288,17)
(121.37220073840136,31.313197772869177,15)
(121.42149481340113,31.252378877766645,25)
(121.45433213150423,31.252574193654052,12)
(121.40993869783968,31.240254376332246,37)
(121.36375656406476,31.247611960675606,2)
(121.433573093368,31.236962886627825,36)
(121.38400280703117,31.2290999738631,23)
(121.40355013931504,31.24074086055523,40)
(121.39744584458103,31.234528157609027,1)
(121.37887295662459,31.26681346725304,27)
(121.34568819719247,31.296034387364863,35)
(121.41255754470534,31.246398110574873,3)
(121.38305835045266,31.283976415797817,3)
(121.44397614618799,31.25244902978884,35)
(121.44640612423014,31.242809769006822,4)
(121.40162968734374,31.249605680548825,36)
(121.4262422932791,31.238769222557753,54)
(121.37607214544718,31.301069199131394,20)
(121.43334232448078,31.25106489183374,1)
(121.38221252728789,31.28355495208885,21)
(121.36470419992028,31.249426850830986,36)
(121.3784476833377,31.29305779880022,7)
(121.42339427501834,31.264417786755892,36)
(121.38513010941507,31.27626369858432,36)
(121.41516983361493,31.28814215358574,28)
(121.41219514126577,31.2905930175332,33)
(121.39911601031066,31.262647641754846,30)
(121.4154098905143,31.24422436729305,4)
(121.43638531655826,31.25346674287748,36)
(121.36670158743647,31.249595789324815,5)
(121.43539531461907,31.258830356632984,3)
(121.4129514321896,31.26224605403694,36)
(121.42680664805393,31.238194468753367,10)
(121.39425151700377,31.23934522681272,13)
(121.43598236613319,31.258291371703667,19)
(121.42303559611096,31.264489077454822,5)
(121.42567118405185,31.242185554589373,36)
(121.40896645852276,31.246105163198912,21)
(121.45254075008552,31.247474382130296,16)
(121.45503303205469,31.271146754085304,7)
(121.37638803847796,31.237207600856294,27)
(121.39147513827996,31.231544418083676,6)
(121.37816970265312,31.263006054736994,36)
(121.36498231411052,31.27704246547212,66)
(121.43807779563073,31.267369466772482,16)
(121.43704162347521,31.280409329890443,1)
(121.43490598801472,31.241918617191978,36)
(121.41170235873614,31.23424693192759,4)
(121.37181506574244,31.280823722085813,25)
(121.41724686565651,31.231724940909093,2)
(121.40870483486022,31.233403966657082,20)
(121.38385741661938,31.257121107546247,32)
(121.3975713228036,31.23934679685956,3)
(121.41923129871167,31.233810231429036,36)
(121.43497111501397,31.254452929286607,1)
(121.42432125526342,31.255048551477806,3)
(121.44502868011456,31.25146395885305,14)
(121.42323429685771,31.263049317258506,19)
(121.43592731250068,31.245223690422495,3)
(121.42755724353955,31.25108652522686,9)
(121.38284627915488,31.283813680455662,33)
(121.4222115095716,31.25550777244375,4)
(121.37801440237774,31.24954990101269,50)
(121.39284584024733,31.256127426038415,5)
(121.43212647897867,31.25276361813231,37)
(121.38587388580716,31.230460278300136,36)
(121.3953111838959,31.237840303391796,4)
(121.43284311593975,31.259853891131492,31)
(121.46234386879213,31.266055990166834,71)
(121.43739818672248,31.26109849710315,36)
(121.39504742288487,31.267168844734126,36)
(121.36915770857156,31.314302261339467,30)
(121.409925594472,31.259664935974012,17)
(121.42824821994773,31.252553166669077,11)
(121.38928461869344,31.282763757324492,15)
(121.45048442406824,31.26721806339114,8)
(121.37796939861053,31.22819593734887,1)
(121.38331011121655,31.228713371966368,36)
(121.3728924900851,31.28961470489978,36)
(121.4102371713149,31.25534020928241,21)
(121.38029871247616,31.231654461982306,9)
(121.39983053374303,31.23120889669794,25)
(121.4145481770121,31.24319421077355,36)
(121.4410612846874,31.25402347247553,4)
(121.44685571952166,31.241770539926787,36)
(121.39285694271015,31.256330327721887,16)
(121.38001274905947,31.282194126381075,36)
(121.43516155231605,31.27068521308977,28)
(121.45452542289824,31.25048249019491,15)
(121.43237202183236,31.277458479479144,1)
(121.3854405461313,31.227870638603665,4)
(121.429184688306,31.24661101239231,8)
(121.42294446177681,31.262046094905912,36)
(121.33980040985728,31.2876230268679,36)
(121.41705252900499,31.283924681228473,19)
(121.43308815481569,31.264217483635235,37)
(121.41152023887692,31.24380128948472,36)
(121.42228756350572,31.24538425188998,36)
(121.4229294688657,31.261979076768732,16)
(121.44230927698304,31.239945460874523,10)
(121.3786433233016,31.262970571070397,7)
(121.41839802833883,31.2298955448095,7)
(121.39593354391747,31.233174261579983,1)
(121.44688422540733,31.241784944866076,8)
(121.44663378406148,31.283240723229316,6)
(121.42419250774452,31.241014908623093,23)
(121.39770063075785,31.23071891569147,22)
(121.37437469338613,31.289450524431363,37)
(121.37222354222047,31.313197776056235,8)
(121.38483659994921,31.239460466690876,10)
(121.4183235972943,31.271888599364893,8)
(121.43940702340133,31.28426100431293,31)
(121.40909318970532,31.24415479324694,19)
(121.37155146896527,31.2441296192083,24)
(121.41940524316693,31.256591024715345,12)
(121.44113892812173,31.249505288506576,29)
(121.40418313414195,31.260463882360792,13)
(121.46272314869829,31.257793688165297,4)
(121.3853567289976,31.257710014884182,9)
(121.42928357764323,31.24670095395867,16)
(121.4377793603799,31.256726299451916,8)
(121.45249723339585,31.249337430409454,27)
(121.43820612685089,31.262143054971606,22)
(121.37878962702989,31.245117000510874,2)
(121.42061928638735,31.261610443831803,36)
(121.42504020750034,31.25829488069232,36)
(121.43783546632979,31.281936881667278,37)
(121.42268375248867,31.249527122196255,36)
(121.43476503771183,31.279179757236097,5)
(121.4125132356575,31.258402505367826,13)
(121.38690281529075,31.286938596633373,16)
(121.4374201865499,31.236518794073962,7)
(121.37237245377902,31.286854915391956,37)
(121.42519986871424,31.239495862382018,36)
(121.42420749345071,31.24101089527665,7)
(121.43594733284876,31.264167879012017,2)
(121.36973315607419,31.232539510903237,36)
(121.38254106200245,31.285329999388168,35)
(121.42656375628312,31.24794205450602,11)
(121.45473486523002,31.263179699138366,30)
(121.37012471851185,31.232120663700748,20)
(121.44460237005421,31.249635861065858,36)
(121.43674273486997,31.253274187501763,36)
(121.44588962153601,31.247817891694613,1)
(121.41438931919686,31.25553972516226,36)
(121.42221083067747,31.24772034415233,37)
(121.36421151470536,31.309748361454314,7)
(121.3977068955451,31.302523429512355,24)
(121.42019387227481,31.276229885281772,1)
(121.45342589749082,31.247770896841825,20)
(121.35142547137215,31.28436202464748,4)
(121.36408534036659,31.249713395272284,23)
(121.42452061579148,31.245785791803524,33)
(121.4388533837388,31.254623886148952,36)
(121.42543262586649,31.242475004866808,27)
(121.41446021695101,31.275124552407796,34)
(121.4045147646689,31.301580805233392,10)
(121.46051336728,31.253213246905627,36)
(121.44046985494289,31.258630853472386,14)
(121.39083909530483,31.25157876042757,26)
(121.3812611124486,31.234233646197843,26)
(121.35662092744992,31.293485756099432,36)
(121.42879692376017,31.232568050376965,19)
(121.40224346952459,31.245381940139563,1)
(121.45618234188126,31.27304516492554,32)
(121.42077087954493,31.234563651706203,3)
(121.44438267050182,31.254547293997547,2)
(121.36579514564392,31.284712003647126,18)
(121.44875011036702,31.259354433540405,23)
(121.43616958210342,31.253527742345913,11)
(121.43059695877153,31.269675573073457,1)
(121.41300033563351,31.24986564419173,19)
(121.3882226777925,31.282693926472422,31)
(121.44745144256014,31.260116565200292,37)
(121.4308106786737,31.28104808532902,36)
(121.37221544086334,31.313197974923305,13)
(121.38887177019234,31.230805341672838,32)
(121.40366625874759,31.285657365440418,2)
(121.45217879578996,31.270237090240357,14)
(121.36909385718144,31.282684773176634,37)
(121.44821229413603,31.254095588427624,3)
(121.45449960819823,31.262750274652532,2)
(121.41338882235083,31.245503601012423,36)
(121.41368822459619,31.236510665787172,33)
(121.36381360897283,31.281570554519405,30)
(121.45617800064612,31.263236914301107,3)
(121.37997364899991,31.270112062496807,2)
(121.39793249069491,31.262338076658928,2)
(121.39682492169823,31.250344395468634,5)
(121.43586431298925,31.26019837039023,2)
(121.41991903532141,31.27586689444397,19)
(121.42310288677844,31.245570762682338,12)
(121.44273660224864,31.245271938242283,13)
(121.41736753730649,31.243159923789715,36)
(121.38293094922612,31.290404427530433,4)
(121.42307438215464,31.262424164390385,31)
(121.39113619815937,31.237676595521798,36)
(121.39653128199544,31.22938398484535,41)
(121.34453317640943,31.29038700544585,10)
(121.36725542335412,31.313276164279728,35)
(121.37644667879646,31.30117268568695,6)
(121.40730973391099,31.242628206268293,36)
(121.36083730505898,31.24933714188713,8)
(121.41385077053049,31.292649399709315,13)
(121.41386081075797,31.235878124931375,5)
(121.38060119168418,31.290373063705232,31)
(121.41769744246808,31.283031445881825,2)
(121.35969791899976,31.246860204220784,1)
(121.3767531455768,31.264808443840277,18)
(121.40183452827225,31.231470731287253,17)
(121.40423594054975,31.246700856655973,28)
(121.37496602011483,31.28710492797855,36)
(121.36480333051044,31.246281964940586,4)
(121.38990227070171,31.26821114469367,2)
(121.42705038542303,31.23819024926248,36)
(121.38840629895151,31.27644949429179,3)
(121.40991198642513,31.25995465823963,32)
(121.34110889428325,31.305645596692905,36)
(121.39237257583981,31.2314775576438,2)
(121.45251299193565,31.25849141043759,13)
(121.46206387836354,31.261545348259148,7)
(121.3876088493032,31.245196398015118,3)
(121.38600597548171,31.28316715489725,27)
(121.40342040834595,31.23557534413955,24)
(121.44155001227966,31.25906985051756,3)
(121.4225080104453,31.264027657816808,17)
(121.36402810644408,31.247683276554007,37)
(121.35039758368838,31.284115653967795,4)
(121.39527958235612,31.30183907315007,16)
(121.42703909021688,31.280509566548588,5)
(121.39550353909206,31.291050061142833,37)
(121.42466515270917,31.242053006889556,21)
(121.42517106168593,31.23959845624542,24)
(121.41018571133095,31.245889447760792,14)
(121.36945750001225,31.281708970791886,35)
(121.3900475831969,31.275013106844924,36)
(121.37226804967914,31.313197982280542,36)
(121.42471197889853,31.252038410210464,16)
(121.38864839954971,31.252164294302503,1)
(121.39957069830652,31.234164168311004,1)
(121.36565111147597,31.237971505551197,6)
(121.38603678526306,31.261911421610883,12)
(121.36494242554528,31.278334116516206,6)
(121.37962215122704,31.26948942135961,24)
(121.37509225783957,31.272415416878847,13)
(121.38375878431529,31.231908037376233,23)
(121.43191319193046,31.246180944678652,12)
(121.37965265114099,31.27479268044086,16)
(121.46377440360602,31.257331454031444,1)
(121.45823263900937,31.267619502226292,16)
(121.38270170125404,31.290555264987066,3)
(121.44093355602544,31.251701453013776,36)
(121.42053693838957,31.27983517294621,3)
(121.41265317431795,31.258195381087997,12)
(121.37386948613683,31.272644989039758,36)
(121.33346932464053,31.302028689475858,13)
(121.37543822782966,31.30086035243448,36)
(121.39605120079922,31.223709955821974,14)
(121.39904846571774,31.260438817919415,21)
(121.4270883671196,31.238452333828416,36)
(121.34309868695533,31.28791654897121,14)
(121.43194759490983,31.24630552292746,36)
(121.41532997911673,31.29063409705592,1)
(121.39225710996041,31.227073455510205,6)
(121.40796465845312,31.230657749395224,37)
(121.457695635157,31.251597731080388,10)
(121.3885673850448,31.287263049390514,19)
(121.45169098974432,31.259433420002555,32)
(121.43349059787424,31.252877093865308,37)
(121.3824219607076,31.228251066817496,11)
(121.40377701279516,31.24826349017553,3)
(121.40271655958799,31.245234968091626,45)
(121.40609409202924,31.304007866330856,36)
(121.3437171201061,31.2881945744286,26)
(121.44250936690976,31.260619034193237,33)
(121.42954962330717,31.246590639454784,36)
(121.37396614017636,31.3091639331031,11)
(121.43554223581849,31.24439783712933,3)
(121.451021266599,31.256423398868222,18)
(121.4024054774774,31.267985811069373,15)
(121.38272999363035,31.23569846056519,36)
(121.39285014368049,31.23639336612392,22)
(121.36034381348368,31.287841290790773,37)
(121.42611349232973,31.246502637601367,31)
(121.45251137597496,31.278864150367564,17)
(121.40988188266849,31.258708122649058,36)
(121.37932353357914,31.266764942056238,33)
(121.40704271315076,31.242315067336214,14)
(121.4182312564141,31.24280149764131,25)
(121.40989228626628,31.25911833012298,17)
(121.40867504448624,31.24724020863653,36)
(121.40464022468527,31.223545846408427,3)
(121.38210900829958,31.255990213999063,1)
(121.3988504297494,31.234238960241154,20)
(121.42355236616389,31.250432200900978,28)
(121.3883864862157,31.237443672075184,12)
(121.3466827983169,31.299786792323793,36)
(121.43958484891544,31.262886420308458,5)
(121.38130618781388,31.23447780386991,1)
(121.36877980700308,31.230895989709612,31)
(121.40940785884797,31.24613765321457,8)
(121.44222100706504,31.238840369039497,3)
(121.38743894868662,31.225170137020406,14)
(121.39503142352463,31.25581094703763,3)
(121.38445863746844,31.2662479914165,69)
(121.42059345541487,31.228938879501353,9)
(121.37605404463709,31.245887608519034,32)
(121.43832070778467,31.25952676712729,23)
(121.45394456487661,31.269780394263623,14)
(121.39295077137763,31.252049153997522,12)
(121.42215911217492,31.261918586299,15)
(121.45921857586934,31.252251218052265,14)
(121.39918369597385,31.258743980990342,24)
(121.35498270139719,31.30877304462679,36)
(121.45246629958675,31.249263458373743,29)
(121.43672353916176,31.28278952996802,18)
(121.41838609041851,31.253561017262747,9)
(121.37266021628035,31.255998319967848,77)
(121.3827153106583,31.242876674774543,4)
(121.4481279562302,31.24812510776958,34)
(121.40113705228804,31.255334076953698,9)
(121.38715669865148,31.266657761841262,36)
(121.3464595087183,31.280143399693824,4)
(121.38940808521745,31.23607692870389,21)
(121.42003111730087,31.254800839325842,16)
(121.40153275235612,31.290967651456736,36)
(121.36183714156896,31.28350426561435,34)
(121.41472277558644,31.2394294572256,6)
(121.44468691749343,31.257851321948948,8)
(121.41527421862733,31.26290984713491,3)
(121.40998230831876,31.287824591176044,38)
(121.38562035087618,31.296198208911864,4)
(121.40608899447692,31.24562052705958,11)
(121.44209104764016,31.24826889513613,9)
(121.39169484327799,31.2517102299023,5)
(121.37978388551096,31.287071865655214,14)
(121.37893107855142,31.23281951599449,16)
(121.42449626663483,31.23004867740925,41)
(121.42197011309787,31.28306658651649,16)
(121.44757039366736,31.26137935945237,9)
(121.39691729087006,31.265524023523167,37)
(121.41887531172863,31.2542680183111,31)
(121.43672774918446,31.253165159514847,1)
(121.37407197074269,31.256264563167036,31)
(121.4378197493356,31.238996373098477,36)
(121.38734025436793,31.294114367115725,1)
(121.42975804454571,31.235719531182767,11)
(121.45154285863481,31.247689020230375,7)
(121.38472809028845,31.280016208793914,6)
(121.39285644258985,31.256401127484352,2)
(121.4368575456437,31.253201002954125,28)
(121.40226062416893,31.270040650764848,4)
(121.41569096960673,31.23058407154033,1)
(121.3705934748543,31.296255296867045,11)
(121.37588713050081,31.280899905180807,36)
(121.37876491565001,31.277461728982566,21)
(121.45610637396851,31.27122255849665,36)
(121.45354162374231,31.270819642307753,3)
(121.3808122684076,31.253793932134275,3)
(121.41210661922511,31.23850077886515,2)
(121.43568467023083,31.252920049084604,36)
(121.40568807017972,31.223739525127545,36)
(121.45589175263592,31.24637523972551,15)
(121.43139766690206,31.262552082090355,1)
(121.43436828629262,31.2753086398136,34)
(121.44965819643323,31.254829267549745,28)
(121.42516893439343,31.245145988305897,34)
(121.35216490076728,31.305855903690876,24)
(121.38844989037513,31.259829483888442,2)
(121.4355181366349,31.28032606412198,33)
(121.44822739086412,31.25558121087354,4)
(121.42044009833529,31.242340468143354,61)
(121.40231159528705,31.24664651767329,5)
(121.4404527508381,31.25714865305399,5)
(121.40413606912601,31.24832456543409,30)
(121.43835840076187,31.24100871866203,32)
(121.45470619113507,31.27525914721077,29)
(121.3767340449739,31.266297805527252,15)
(121.42517976381222,31.239597858042863,15)
(121.3955832620147,31.247169966449,10)
(121.42715006561708,31.247231217278095,15)
(121.43575216076093,31.240379741879735,36)
(121.40116756521762,31.290986578000847,25)
(121.4231047106312,31.266489881435554,6)
(121.41873127503213,31.2365415217463,28)
(121.3839381601399,31.27995413872815,36)
(121.3644266441161,31.31159058207849,36)
(121.44043184407818,31.247034667944664,7)
(121.40792626697686,31.22613766265093,12)
(121.41613943301805,31.252972747751482,28)
(121.36710823210295,31.309238409198944,36)
(121.4572522141387,31.251917601106136,5)
(121.4204213937107,31.2423334642503,2)
(121.39519015170526,31.240150079423348,9)
(121.40098534670432,31.23783907949783,1)
(121.44685382959133,31.28320956169447,36)
(121.44926451350807,31.25896202136406,28)
(121.34859228618927,31.282094088660436,19)
(121.34784505341312,31.298018119212745,36)
(121.37477700593416,31.25174414401912,16)
(121.4108729293211,31.26142715089042,36)
(121.4242965491906,31.254878146687773,2)
(121.44856757709431,31.272791277096292,2)
(121.42233986395587,31.237860831821553,1)
(121.41838404150525,31.252876893163783,36)
(121.42947230357987,31.23781114004083,28)
(121.38455658470319,31.27717155902927,23)
(121.41384856485107,31.26125375178779,21)
(121.38134519106612,31.23397661500701,1)
(121.40311991533622,31.236941306100505,26)
(121.42297447844794,31.262534283322513,26)
(121.45590600477902,31.275807686685862,68)
(121.3454811983043,31.28970548592514,33)
(121.43431605462983,31.26031033888396,4)
(121.39656698485986,31.27550607699208,36)
(121.40569206535801,31.246625955075444,36)
(121.37241852568711,31.286865980164322,14)
(121.43992767717766,31.256295070633577,6)
(121.43742877042486,31.253921585060624,28)
(121.38997090220094,31.272970956718023,15)
(121.45123344473812,31.252551298811415,2)
(121.39172279269752,31.23459945825137,26)
(121.41577331664298,31.29686640626333,36)
(121.42150827630142,31.234878030326126,3)
(121.35522088006998,31.280206775836106,4)
(121.38154330725163,31.232589182494703,5)
(121.43311166900892,31.242992261069986,28)
(121.42705038690423,31.238207256966735,36)
(121.39688803007981,31.27416665945395,6)
(121.4249401661862,31.245243216663948,17)
(121.38146394977167,31.287063623713188,37)
(121.34821876725447,31.28537875075887,36)
(121.38419530368012,31.24391688535056,37)
(121.45102042936261,31.246770149093816,36)
(121.4292156530838,31.24663199094506,37)
(121.43993475826016,31.25983098232491,21)
(121.43824570838622,31.240646631369035,3)
(121.38273273699569,31.290558296499746,36)
(121.43248429814689,31.244800685077575,13)
(121.43291682216689,31.236527634218312,32)
(121.41941198275983,31.236894208255265,10)
(121.386726645975,31.28695045550735,36)
(121.35213792691407,31.309539718752323,47)
(121.36444214633677,31.311374684363997,13)
(121.36514259715798,31.277024699403405,37)
(121.39622057593058,31.23846581424571,3)
(121.41107731225586,31.243418201514757,30)
(121.42127658687555,31.236366857434327,4)
(121.36836145655171,31.29210054313072,16)
(121.3872943327885,31.231153785377153,36)
(121.42909123493611,31.247184876647594,11)
(121.43770031521014,31.243242448892406,34)
(121.42939837947951,31.246013532941138,21)
(121.44835691081335,31.241774858462293,2)
(121.44059890464858,31.254330117253893,19)
(121.42445327098487,31.264025816900897,25)
(121.43692275552014,31.257033981680728,24)
(121.38837048048411,31.25230363931783,62)
(121.42445166599929,31.24561376906228,37)
(121.42396372411923,31.24107210928857,13)
(121.37222022820767,31.286962759352406,28)
(121.41320230437711,31.246357845443942,12)
(121.43230205600437,31.25064148584,2)
(121.44167830166394,31.253614276609227,17)
(121.43105151550672,31.248347851874758,8)
(121.42512335003971,31.239712346184184,36)
(121.40405017433814,31.22671975571905,4)
(121.39727654612834,31.266446569023774,17)
(121.39203309405848,31.274681293674632,37)
(121.37755173223862,31.27286052839609,37)
(121.39191725708827,31.234547325713955,21)
(121.3888757292054,31.230670797686702,36)
(121.4105309437895,31.254758071577303,100)
(121.4322253504975,31.252824533546963,36)
(121.39448251169081,31.23876527147582,4)
(121.38607707608415,31.241218723252782,22)
(121.38026210162188,31.274805173751837,21)
(121.38846791136847,31.282845177390623,11)
(121.42964413767062,31.269587522096824,21)
(121.37752430982485,31.257798807869733,19)
(121.45382912810699,31.27305900643488,12)
(121.46084560315091,31.254716157453714,36)
(121.39167869102914,31.2386143745364,5)
(121.37851096786687,31.27762288865422,30)
(121.40574623119912,31.248495788629576,3)
(121.37426447745575,31.242774521063904,5)
(121.35307551807952,31.295137422491425,24)
(121.3683483542088,31.31420308216985,6)
(121.39333735188491,31.267184923627244,35)
(121.38130448847984,31.295445813339683,33)
(121.34859396508473,31.301495837631947,11)
(121.37367259218546,31.300256920170085,36)
(121.38938137076744,31.25601152478825,36)
(121.44655455724505,31.241774287350687,5)
(121.36777420488914,31.300594054658838,18)
(121.44846254936218,31.247992605613387,10)
(121.42622735259471,31.239271462589706,36)
(121.43316318311365,31.255476448001435,3)
(121.39366816969422,31.296990319122276,37)
(121.38863576541915,31.290930576856443,9)
(121.45313101761485,31.2755834570933,3)
(121.4109023931979,31.24389544586735,18)
(121.42108203020736,31.239735507305753,36)
(121.42039597111734,31.236660086305665,5)
(121.38278166341767,31.243097177022232,10)
(121.42079276988284,31.24570936841906,36)
(121.34355631009413,31.291866159101602,36)
(121.4047602508652,31.287476744354116,5)
(121.38038586376807,31.266672043829058,36)
(121.4287590490181,31.25643175635119,2)
(121.40259020174581,31.287280840128,33)
(121.44018769146469,31.25459190815769,1)
(121.39045693019936,31.269047985004377,10)
(121.38813181000587,31.240509989144464,30)
(121.40569598303125,31.245679533706713,7)
(121.44627049904733,31.24484803198993,36)
(121.38540878879475,31.234787855264567,30)
(121.38871342633338,31.297723330869836,1)
(121.40595456742189,31.275163270684125,16)
(121.4098881852557,31.259040729422846,23)
(121.42195087263676,31.25843725263795,30)
(121.41722810318474,31.25328547525684,32)
(121.43875549779796,31.265503725684447,7)
(121.43240029126062,31.243404155674824,25)
(121.40006238049612,31.262950074913313,24)
(121.44348351103923,31.24911345587472,26)
(121.37868745579648,31.24081287578207,9)
(121.34094687843245,31.286455717518862,4)
(121.34604716613724,31.286587271759696,12)
(121.3717294361362,31.263593378123552,36)
