(121.37595696089122,31.289316409576728,36)
(121.44395706816033,31.266055051049364,2)
(121.33459359272572,31.294481516450332,36)
(121.45213938886366,31.252996743635972,37)
(121.45937260373904,31.258083229126942,34)
(121.44233678874316,31.284696403818963,12)
(121.41210136674387,31.25851465027478,31)
(121.4017839059136,31.228711271716794,36)
(121.39392299320578,31.235713400026643,2)
(121.4132275207892,31.22993558702966,36)
(121.43701827533098,31.264521693597576,28)
(121.41750757251525,31.25318293400127,23)
(121.42861996438435,31.265058613027488,2)
(121.38659219934044,31.23737404704302,4)
(121.42294473818943,31.249287608076884,3)
(121.43473838903361,31.23687743426256,30)
(121.36936178337626,31.28785394474736,36)
(121.348952372782,31.28574322692188,36)
(121.39211208032987,31.227935764261215,19)
(121.36424301915599,31.30945106575467,37)
(121.41862681285457,31.229066044951455,36)
(121.36701601839137,31.30904769818641,57)
(121.41424858517489,31.25229578398339,70)
(121.44521989760769,31.258370657806427,2)
(121.4091974153388,31.243869415423536,26)
(121.42780529251321,31.24667036680446,5)
(121.38296035889007,31.24702870745577,58)
(121.4263297597179,31.245163221251143,5)
(121.42179413428103,31.26232071247806,37)
(121.38111676145536,31.243705780224257,42)
(121.45288556132178,31.252135900123456,14)
(121.42216954989786,31.28127738436095,4)
(121.40184203019213,31.22953093648903,7)
(121.43196692121387,31.246218458355806,15)
(121.40370357860702,31.254880392735014,26)
(121.40195446786952,31.25761626508687,7)
(121.39732910797487,31.261134315983856,23)
(121.42313478513543,31.251570643214343,11)
(121.41022196756373,31.255705005404938,32)
(121.40127562404763,31.261441760169227,11)
(121.3736677745745,31.24487470795559,30)
(121.43647098474139,31.274145488315288,36)
(121.39874258433683,31.259459137602768,21)
(121.422501407579,31.24938108454898,36)
(121.40218260862,31.247138709781698,4)
(121.37461373593163,31.228324378188354,22)
(121.4241221064817,31.255527009321376,20)
(121.40361642959496,31.241860608001964,1)
(121.34136779973326,31.28623241898002,35)
(121.4519820110113,31.278936105909448,2)
(121.42698945277081,31.238207311635826,21)
(121.39596417248427,31.230384103974842,1)
(121.35841076004007,31.29694511347377,8)
(121.43362167305072,31.267348190175692,8)
(121.38673992295702,31.26702119951592,32)
(121.42660098056881,31.23949824017676,36)
(121.42032229430933,31.27066948156759,19)
(121.44841264284997,31.26169237168907,5)
(121.45163881525218,31.267539996505086,8)
(121.35949080678316,31.296984484342456,16)
(121.39532230307658,31.239502831234326,2)
(121.36169058096259,31.296961410943897,31)
(121.40902397267607,31.245022277217174,13)
(121.43695522473801,31.239831920440825,11)
(121.40044193987933,31.230221916294873,7)
(121.37078655212417,31.235970911162944,36)
(121.4064641800068,31.259115470297022,12)
(121.44454232134851,31.259198145342097,2)
(121.39134072490548,31.230438424486596,2)
(121.43557158983118,31.265069817036387,23)
(121.3949305662651,31.23517169040042,25)
(121.34112226424948,31.286383018184353,36)
(121.44424267451738,31.254700053475684,9)
(121.37971349135167,31.299244632680022,19)
(121.4267608779536,31.240270447857544,32)
(121.44671021571959,31.257726216952523,26)
(121.45797033885569,31.25030890951963,9)
(121.4349063268469,31.2390372047305,17)
(121.36877822713177,31.2468580312999,20)
(121.40511186787947,31.24481110442723,1)
(121.37807173689035,31.276399598682367,2)
(121.39652887695044,31.274078095318885,36)
(121.41584792161724,31.235483253270417,3)
(121.4347109608535,31.265914258214593,28)
(121.4232328241777,31.24615693000904,16)
(121.41022216766407,31.245635924983315,8)
(121.40875004420315,31.224387801913714,2)
(121.4237385156341,31.282160961933236,36)
(121.42668463219289,31.25440424008398,3)
(121.4179661421004,31.262577314274985,36)
(121.45693116381757,31.27188851617531,2)
(121.43600104521074,31.264071089650415,31)
(121.39169737216471,31.280710577425054,31)
(121.44345404068123,31.26602785344639,20)
(121.41830599512879,31.228863115257,6)
(121.3759975129796,31.24631606801076,10)
(121.4108617467494,31.242027096124616,10)
(121.43241539307589,31.244808767116826,16)
(121.43391783573684,31.26262581852272,13)
(121.40911282623225,31.27968507603876,13)
(121.37241584000282,31.25598299451723,36)
(121.3822399302241,31.24183507788479,10)
(121.3972449820864,31.260150856721484,24)
(121.35956902175023,31.27794233467592,20)
(121.40456964698788,31.23140597955425,24)
(121.45638070785462,31.271485093075544,1)
(121.42876193642772,31.265671143244983,7)
(121.39682285943965,31.226680684985833,4)
(121.35684320192314,31.297813731564208,13)
(121.37648889685397,31.268016696879798,25)
(121.39957838844916,31.287118268441663,23)
(121.43135805799544,31.265964667595114,7)
(121.44628460118406,31.24162614032697,34)
(121.4188360015803,31.247207723580566,19)
(121.40051774008877,31.24242119278009,5)
(121.37723425285263,31.274325728173164,14)
(121.40625019326069,31.254538285682624,37)
(121.44824230165173,31.2549248973187,1)
(121.40393973227617,31.260822300370737,36)
(121.40779703424198,31.234850676085824,2)
(121.40819206845124,31.242346109995236,2)
(121.36392767589771,31.308329632168576,11)
(121.38350095258802,31.260118359236092,11)
(121.38088742490017,31.24303424193102,25)
(121.4185880007139,31.230939928128137,30)
(121.3920020767308,31.27474229960923,23)
(121.39154502889892,31.27808139491091,34)
(121.37638304471463,31.237359663915942,37)
(121.38665367741409,31.276647171558746,37)
(121.43508062428226,31.23397268424924,26)
(121.41094995179976,31.261879332316624,5)
(121.42873943100372,31.26566983866665,26)
(121.39523597982179,31.271801649673428,24)
(121.41698869246481,31.25103774787998,14)
(121.39093620836786,31.253358755877194,5)
(121.3852247665206,31.225211283447226,27)
(121.41306717088382,31.245209719382533,16)
(121.4279963422879,31.24971153705997,1)
(121.42323423063914,31.262289991196926,1)
(121.40245796629627,31.261994262784523,32)
(121.37702982029525,31.24751598378854,36)
(121.46076781097709,31.253250900751926,6)
(121.35624522595246,31.282498690129373,36)
(121.43435748079563,31.233160956936707,2)
(121.44243416557129,31.24520138221389,1)
(121.42393380521632,31.241687408914697,12)
(121.39381047125154,31.264990257335892,15)
(121.4453197183651,31.258620598317712,10)
(121.42923294852982,31.273180446980653,5)
(121.45565733594988,31.271577724967297,42)
(121.46285394533741,31.25287975471309,3)
(121.40402495365056,31.24472534942552,19)
(121.41351998301849,31.2593396439955,8)
(121.39200321648731,31.287804661772167,36)
(121.43903700030823,31.26528423301186,36)
(121.45994134462816,31.269895710686257,1)
(121.42211173744278,31.245718520522384,2)
(121.39351923414262,31.252972890022498,24)
(121.40684446442087,31.2623628773147,2)
(121.44570428545536,31.263480097670346,26)
(121.41414364549631,31.246695906397466,29)
(121.43815288039605,31.258299468569422,21)
(121.36611921592791,31.25280981832771,11)
(121.40600055426331,31.238225097092375,4)
(121.38925134451374,31.2822414058471,29)
(121.44776631207377,31.263945456637696,5)
(121.38675450488297,31.250567085271445,19)
(121.4444597450175,31.2637528071388,28)
(121.39861089445638,31.298011011560863,24)
(121.4334293526515,31.249066485951523,15)
(121.39514563356569,31.257455720834997,9)
(121.42680168235925,31.255603393040897,10)
(121.38566548233756,31.289397851327422,36)
(121.40913439983908,31.244108401887008,13)
(121.43303514919938,31.231485366883266,27)
(121.4575156589986,31.247837247428777,33)
(121.39323646264658,31.246276767157976,5)
(121.41087280325017,31.23705636746789,1)
(121.40992589454652,31.259574036215415,18)
(121.42660091704586,31.23876891043767,16)
(121.43024969112545,31.247718978993806,12)
(121.42512335003943,31.239707446193336,12)
(121.4368250290693,31.23494230358928,36)
(121.43984291763412,31.245873599826396,6)
(121.43721791915038,31.236824175990698,1)
(121.41573768177435,31.243591959472308,10)
(121.39178580212463,31.26914780050222,2)
(121.38945744290639,31.2560976178438,35)
(121.44356132921013,31.256525027056718,25)
(121.35350162234157,31.29372150274554,6)
(121.42383387967263,31.24149439760133,37)
(121.4135346864825,31.232392741387304,1)
(121.38705996008284,31.286869697951037,29)
(121.41005532647567,31.255592170953193,15)
(121.44358956285059,31.280098618795957,36)
(121.45750741875413,31.258513357798993,3)
(121.39895514398599,31.25798490436629,19)
(121.43341437389577,31.24906650364758,11)
(121.43147993750655,31.259600315636472,6)
(121.42796196064224,31.230857676843677,2)
(121.43091667430316,31.26379421427823,25)
(121.40600163249056,31.26044782291668,36)
(121.3877671295798,31.257592689320806,36)
(121.44628840196536,31.241591941056,10)
(121.43814606646713,31.271775234257813,4)
(121.44792046111755,31.245656448982576,5)
(121.41146189506424,31.270578165265707,7)
(121.37518970396074,31.2529081635065,6)
(121.43793508561926,31.254556481056653,848)
(121.39765865375291,31.266774965031807,2)
(121.43929089134502,31.254758838828703,8)
(121.43496847866642,31.253321491529512,16)
(121.36437483745235,31.309547380736312,22)
(121.37222104180158,31.313197775706694,36)
(121.35107103577307,31.29923139905248,30)
(121.36688002964023,31.304644330058114,37)
(121.37034665368937,31.23367209020201,26)
(121.42515276729871,31.243048062615745,6)
(121.40063204800079,31.234067441286832,11)
(121.44779043731565,31.256214407081334,11)
(121.38110287838528,31.256748523321782,36)
(121.36509024368013,31.288615111208596,16)
(121.42762444950635,31.26907626270166,5)
(121.45476006496118,31.275324064089734,33)
(121.38245572939555,31.29412344680477,17)
(121.38951991018642,31.23107695888019,15)
(121.45129000973117,31.248014278313047,36)
(121.38561215522495,31.2481070244971,4)
(121.37296608052047,31.258163500668125,1)
(121.43604320035334,31.25747293759807,46)
(121.43404567793804,31.239995693860266,37)
(121.40248565500254,31.223939207253174,36)
(121.4251236478497,31.26427538983404,9)
(121.42630322172961,31.238676127829123,32)
(121.3859659720101,31.25413720864036,1)
(121.40502814649648,31.248087555845203,15)
(121.44132906776582,31.263741235516488,2)
(121.45786734836614,31.264866999635824,12)
(121.39253739558035,31.231588447707118,1)
(121.43864312724206,31.2418567194055,3)
(121.36705342397096,31.309044802831814,37)
(121.43744330390794,31.238297570033318,13)
(121.4248792739373,31.245802515028096,19)
(121.44462773880075,31.254449937100958,16)
(121.391881249781,31.229408329026526,11)
(121.43784801365396,31.25404303353578,72)
(121.4523216428942,31.249312763609634,36)
(121.39015848531669,31.23839725463247,24)
(121.40900226672254,31.296323169947858,1)
(121.4005706086179,31.229244210394196,36)
(121.43053402254273,31.246562609753145,49)
(121.39449744349285,31.259714364394092,37)
(121.3822427402061,31.27410808120764,36)
(121.37671809571118,31.255625187552578,11)
(121.37936832748365,31.289304799170736,31)
(121.40844983200824,31.225686594858647,36)
(121.41112675667956,31.22570811084634,30)
(121.39284746017763,31.26917343050558,53)
(121.38226609950775,31.245142764117873,36)
(121.45003496717977,31.25264901011504,2)
(121.41068827080858,31.241965615864373,2)
(121.45545300677746,31.271278943078286,6)
(121.44726675238475,31.247698450222916,22)
(121.41115698211733,31.283381412917112,1)
(121.44582136377461,31.2547460613668,36)
(121.37634553639278,31.27816032416079,26)
(121.43944279406965,31.247958106988527,14)
(121.42651700072457,31.238711958182567,36)
(121.37204423203957,31.231127527004958,13)
(121.39162532198917,31.246319799073955,1)
(121.41509920170722,31.269099309045163,6)
(121.3725374125122,31.239657878580047,36)
(121.38607303678161,31.229899191130613,30)
(121.4589590525505,31.25965550424938,13)
(121.37282824468723,31.310848366401935,4)
(121.38465587583184,31.27791900080124,36)
(121.39265766633295,31.264652443244728,2)
(121.42321636926681,31.240775530579327,11)
(121.41050449965222,31.244159628650817,36)
(121.43932613787653,31.26107401340392,27)
(121.45370003522788,31.25691436820296,12)
(121.40823297166129,31.24594265876524,36)
(121.4540122707897,31.256770677031703,13)
(121.42306976895978,31.24943663377345,4)
(121.38709178167433,31.28715390717808,336)
(121.37943898280572,31.27023353665259,36)
(121.37969292626308,31.23602309005708,1)
(121.43774797711437,31.240258041409504,34)
(121.36921179088012,31.314223307401253,7)
(121.4572920210583,31.251703107384206,15)
(121.43841838487207,31.24621878698779,2)
(121.40454918114666,31.228713586971292,18)
(121.35956922174304,31.27804813446206,45)
(121.43800259779876,31.23836562386707,11)
(121.4272951916295,31.25049253048469,19)
(121.40363665722006,31.299432159562233,36)
(121.42432243259866,31.241544046446247,6)
(121.38546018502379,31.29617505958977,36)
(121.44349382083821,31.282960464381937,1)
(121.42808599070965,31.231712700602895,36)
(121.44822759087556,31.25788521370717,50)
(121.44216178480495,31.2464673717261,34)
(121.4258864342854,31.259112535413355,23)
(121.43702628020739,31.253252800622445,36)
(121.4543700309814,31.252477073979218,12)
(121.43736205998407,31.27885832460463,17)
(121.39264129299055,31.26775796377232,1)
(121.38913052581974,31.23189118645493,36)
(121.45245735939483,31.256875183407132,23)
(121.38926085319054,31.237183899732248,36)
(121.42227156357241,31.245233195399656,21)
(121.39193773792277,31.25342276098964,37)
(121.43908061395527,31.23874749724066,15)
(121.38622370294611,31.293271568677802,16)
(121.38605705046885,31.230240334505375,36)
(121.46217306250522,31.259485612064594,12)
(121.43679522373601,31.243004383130394,5)
(121.38452615750438,31.230987074560353,36)
(121.37418655671632,31.233485216453126,7)
(121.41465306418363,31.252587437103358,3)
(121.46201273485634,31.266342820527708,2)
(121.38509953452942,31.281510837852768,36)
(121.39962449999726,31.278558995355073,37)
(121.40009222299794,31.261028257405567,6)
(121.43454320672821,31.259840912467403,22)
(121.41290164825185,31.24161399080987,34)
(121.43292714615872,31.235096670388483,113)
(121.44234928921132,31.25591143869602,9)
(121.42254774962426,31.261468125571845,34)
(121.45459683867648,31.259290585008454,36)
(121.36318344518145,31.24673968862422,14)
(121.44141908256132,31.24054229547829,1)
(121.40884462838662,31.259312312158965,23)
(121.4516398136537,31.27904381332541,1)
(121.43035301345472,31.266768596991263,4)
(121.40587520944729,31.248177654491922,9)
(121.45176866847868,31.280801288477527,5)
(121.346838309183,31.298882102870277,1)
(121.43107288745016,31.24750954526846,33)
(121.43463602758939,31.255474638968074,31)
(121.40798718068955,31.22519322150747,12)
(121.36888324358766,31.31417582862528,35)
(121.35567422001105,31.307241518046553,1)
(121.46030942202333,31.247538198047042,31)
(121.40896345760031,31.259412936609223,37)
(121.38994675956398,31.255031504589926,36)
(121.35956902194663,31.27726883616319,36)
(121.40706537628641,31.24992345684523,4)
(121.34968462426369,31.287693598685067,36)
(121.41506986775318,31.257923614062545,36)
(121.36408533082151,31.24960334662544,10)
(121.40996850516316,31.242793177677466,36)
(121.41358958405958,31.266512702298858,2)
(121.44704915938453,31.24171827368084,32)
(121.4551418649029,31.271534578148422,2)
(121.4320661721331,31.27353359595666,7)
(121.4078920672675,31.281135751592814,36)
(121.42176372679437,31.26253310572955,36)
(121.38163680587353,31.24855547189348,36)
(121.40914150139677,31.258978774411364,3)
(121.39333672669059,31.260015852010675,3)
(121.3969340647897,31.228404530824598,2)
(121.37169765523679,31.25516669155347,25)
(121.34706672862842,31.28736304181805,22)
(121.4292283244618,31.261382138706793,2)
(121.41477271621389,31.28856982153219,1)
(121.41478389718849,31.271501027439957,82)
(121.41783535602544,31.252682079136285,22)
(121.42685942023137,31.236229529822072,6)
(121.3906780259059,31.23981025263368,3)
(121.42248600608625,31.25235320215617,22)
(121.40215846257831,31.234054807919858,10)
(121.38098888024507,31.269857024130857,35)
(121.37274774192366,31.295052685924002,14)
(121.35955153590773,31.296641422244747,2)
(121.35535817051795,31.27936989604565,12)
(121.43924414046396,31.28242710741233,14)
(121.3981329367885,31.266440908504133,15)
(121.43700330056592,31.26453571961348,10)
(121.39702942323446,31.23198221858941,5)
(121.42677878739059,31.239451062037986,25)
(121.45962931723508,31.260027187055183,6)
(121.36533878377976,31.27517122347271,25)
(121.43136375884114,31.262541275304486,36)
(121.43068001014926,31.260014356685247,22)
(121.45598589504601,31.271069675831832,1)
(121.36312200706155,31.240121921662446,2)
(121.40094210079128,31.290918927440412,36)
(121.39590065903069,31.229908757444743,1)
(121.38429587735261,31.260762379816512,14)
(121.40613658680552,31.25439009354307,6)
(121.42566658285635,31.241502054913585,28)
(121.37756674842419,31.272813525967223,14)
(121.37987833640904,31.23337380137547,28)
(121.42372493092157,31.25989674972432,1)
(121.43058104542155,31.27043691124142,25)
(121.45454202704107,31.25412638607156,36)
(121.44112100336912,31.27960203489842,10)
(121.45792235338267,31.250471034471904,1)
(121.42823935318168,31.241543663839277,14)
(121.41087026856947,31.2309175630961,8)
(121.4215405493241,31.249764695706965,2)
(121.37763819288263,31.29980954391715,7)
(121.364219915944,31.309477063037274,12)
(121.4448373987128,31.245949876218514,20)
(121.37846105863613,31.27700028214801,36)
(121.39882621612524,31.229680334308192,1)
(121.42298819827445,31.23653377506942,2)
(121.42644587312252,31.245496007836703,29)
(121.39071376240595,31.2907398560553,20)
(121.4383364049306,31.267825301376927,36)
(121.42685960381101,31.238337486494565,36)
(121.42895732888022,31.262318109575567,29)
(121.38334765614394,31.247173541899272,3)
(121.37797142265546,31.262818749670256,4)
(121.41680339696947,31.233520323708376,36)
(121.44451262051871,31.261959386208844,15)
(121.45596054263324,31.257451971075792,6)
(121.41288511452512,31.235432196639092,3)
(121.42497310790179,31.27931583303145,13)
(121.41226869635199,31.251384496103714,4)
(121.37342500845486,31.263282454643456,17)
(121.36046754226876,31.241389504056514,4)
(121.39502994636605,31.238864417714883,35)
(121.41705074888891,31.263530151207398,46)
(121.39553474931377,31.261950727425663,29)
(121.41898962402473,31.286857922454402,1)
(121.38724456278976,31.268812373709324,36)
(121.35776401021239,31.27921765782414,12)
(121.45957490414763,31.25360451145032,2)
(121.40735519904068,31.24797859344417,29)
(121.44018620750663,31.256119615012288,3)
(121.39837881138607,31.228992047312424,21)
(121.38012761149996,31.29045259488098,26)
(121.40895060264755,31.253986163376283,21)
(121.41715918580833,31.24718137250994,37)
(121.44946078816037,31.256604407730954,3)
(121.37402126201992,31.25597645642552,24)
(121.39266057077685,31.29793710325332,13)
(121.38928233342264,31.256553688328278,36)
(121.3682942698698,31.31427603260027,17)
(121.42919025873826,31.247121896880753,1)
(121.41111540138425,31.233073509153293,12)
(121.40691520511194,31.30520034576206,36)
(121.41734173076443,31.24006612422082,2)
(121.38248910257023,31.29796599712045,2)
(121.42808155605854,31.26473298873715,7)
(121.40713901053276,31.244981487356824,24)
(121.41078736616579,31.243299198185273,15)
(121.3715869211263,31.294778050229006,32)
(121.38101539116091,31.229345150205948,1)
(121.37929212437075,31.233823102897567,36)
(121.45505438827654,31.252831830705517,4)
(121.40518353440358,31.238917197207556,36)
(121.40833112375869,31.245691563340735,17)
(121.42429115897222,31.238070502207627,28)
(121.43575252594826,31.244577626592722,12)
(121.34761560019918,31.29850589278617,14)
(121.38440462340313,31.28349944575488,36)
(121.42383420292344,31.24520406006349,13)
(121.45432347297381,31.256262825703867,4)
(121.45413525004889,31.248153633630043,14)
(121.38040753808856,31.232775183904447,5)
(121.45211777831791,31.279293654270987,18)
(121.38208609789973,31.280316499268864,36)
(121.42574972505457,31.26085140206199,36)
(121.43455951054129,31.2599396154867,2)
(121.44071650923068,31.25709960245818,36)
(121.4071123354525,31.260928260524416,2)
(121.4395353477942,31.263186269172216,19)
(121.42741314990053,31.26296185124155,29)
(121.4440686904773,31.241246994516718,28)
(121.42399470734509,31.241206146096626,10)
(121.42969104672943,31.28065809032925,12)
(121.43303322680404,31.252694550578777,37)
(121.39009592814435,31.282530659621905,19)
(121.4578050313788,31.24788485372761,1)
(121.38932835718072,31.256374644165938,14)
(121.43877671292321,31.24543193276751,6)
(121.40485765535323,31.239466429494698,5)
(121.34294010066226,31.288792272102075,1)
(121.43614293413616,31.267669188644863,7)
(121.40001371947746,31.232612596782566,36)
(121.39815868043665,31.236937519694724,12)
(121.36497252034158,31.31328744185615,20)
(121.37944244706321,31.262404068318517,22)
(121.36582175235992,31.276537512668035,36)
(121.43898102178727,31.254677080255348,5)
(121.37440573568311,31.28941254795125,36)
(121.38765983331463,31.3018701332655,30)
(121.4150877933868,31.252968958444747,17)
(121.42773590847554,31.251653591954828,1)
(121.41062743637704,31.24371941241894,22)
(121.42773773470891,31.25087229135864,21)
(121.4047977889037,31.232760624233798,1)
(121.4378630777753,31.25506345929837,36)
(121.46285525610811,31.254789632555912,1)
(121.37669010724048,31.290717843930274,36)
(121.38206635328055,31.280196957921998,18)
(121.44524216054735,31.25041713928508,33)
(121.41418256920001,31.269556736230275,1)
(121.41814755148752,31.230222642535672,1)
(121.40632010913065,31.292482023350786,24)
(121.39061033966587,31.290845136725878,14)
(121.45664212891754,31.251193843885062,6)
(121.45208306277021,31.248018207374596,9)
(121.39422922766899,31.24766494132018,16)
(121.42241518726507,31.26038204556,29)
(121.42570269309054,31.25481933728689,9)
(121.37963325657421,31.22450244433447,36)
(121.40836163020434,31.24214995445965,34)
(121.38941439119542,31.255923510554,34)
(121.42300542074435,31.2621801089713,1)
(121.40426774555556,31.259324000153967,17)
(121.36497112044609,31.312165744246112,25)
(121.37970859947477,31.25433012764046,36)
(121.37836364874802,31.237272449475615,36)
(121.39555125467614,31.247172660264926,22)
(121.3534382557404,31.28494537371601,17)
(121.40519324345475,31.29486823410723,36)
(121.44178368464316,31.257114401964017,10)
(121.41960257711382,31.233726658382817,4)
(121.44254933914122,31.28468642020453,43)
(121.37317753892206,31.254008170532803,7)
(121.4394540733885,31.239906485928472,46)
(121.44012517746195,31.254540014861696,36)
(121.40981276666857,31.259363513105104,23)
(121.44795294853758,31.257825400208695,36)
(121.39268242796595,31.23178347460199,16)
(121.43286121104785,31.249025200098608,24)
(121.41496600830689,31.23182891140129,4)
(121.44723953465129,31.27900592235568,4)
(121.37650742120384,31.29724021808338,3)
(121.46084532505604,31.251500746597237,11)
(121.45644821761437,31.256285440161346,3)
(121.38274774350819,31.29043626222751,29)
(121.4132760899459,31.259579816825728,26)
(121.3703293896706,31.25407737056284,10)
(121.3910385381128,31.259569481146908,10)
(121.43725433070635,31.25412905109407,12)
(121.44127604353648,31.265166890118685,36)
(121.36433363174923,31.309429876245687,36)
(121.40593891798665,31.23882455224242,36)
(121.37893403588266,31.266813534835485,27)
(121.40826110964622,31.224610937498593,14)
(121.39137771169835,31.26916262441949,13)
(121.43319912192221,31.231211699954642,13)
(121.44139908114259,31.254401266133424,11)
(121.40308957167088,31.23306253248553,36)
(121.38114847775356,31.254041761414065,16)
(121.43518217260579,31.25349730086909,36)
(121.42824933806452,31.267056368707316,1)
(121.38463930783234,31.26149200802165,7)
(121.44060890759796,31.257830112546614,44)
(121.40061940529596,31.26115446373461,1)
(121.37034809043493,31.28485239354047,14)
(121.42542802473443,31.242389304077594,11)
(121.4103683293426,31.241901636526254,1)
(121.38540495824117,31.282745614052352,16)
(121.37637203065867,31.237374657638274,44)
(121.40333591491591,31.259429314415225,3)
(121.42529744902853,31.24103303887729,22)
(121.35438098423161,31.288612983806072,36)
(121.37229976950736,31.25256531860458,11)
(121.43063534450467,31.27465462354885,3)
(121.37936832753843,31.289031599762904,36)
(121.41496761355276,31.250241202245718,20)
(121.38491511786508,31.267454806079133,18)
(121.40820257777881,31.252863721963678,19)
(121.43017546030049,31.246411917553612,30)
(121.41426062851124,31.29284134833909,10)
(121.4318147730498,31.262803326768942,16)
(121.41759062665402,31.24268675745468,36)
(121.43668858553629,31.239095942120386,9)
(121.4497884906249,31.261541938721237,4)
(121.39048710426451,31.25394340658329,27)
(121.42720696012645,31.28110866155198,4)
(121.42875703326273,31.250391471358437,14)
(121.41209461222664,31.272759726568697,3)
(121.40212679303187,31.22645530331547,4)
(121.42341743511572,31.273318428688242,14)
(121.37701691619623,31.27184348198968,1)
(121.41815531642871,31.242959606443726,36)
(121.45709375786151,31.246786888993032,7)
(121.42254464060647,31.260114504098762,12)
(121.38949850147277,31.27932950331498,26)
(121.38148034612946,31.291391380692573,22)
(121.37446999528633,31.233737686414603,2)
(121.424842019014,31.2539311375829,7)
(121.38746105991,31.287109472981307,33)
(121.41267127324637,31.27483767853806,20)
(121.40662289730629,31.244394995684747,36)
(121.40841292257024,31.245712549233183,26)
(121.34966811801222,31.30316996222137,36)
(121.45550503039924,31.273034572745185,37)
(121.38882806752171,31.303918832576198,32)
(121.45516911363832,31.252922634374887,5)
(121.40804853313278,31.248265068871095,36)
(121.41585245393077,31.25307411923915,4)
(121.36417951033712,31.309505058328643,36)
(121.40388741780033,31.29950441046869,17)
(121.4188401230185,31.234183282716216,1)
(121.36067945351334,31.29373081206685,36)
(121.4324238116046,31.272637468015613,25)
(121.40814835762475,31.24764229073254,10)
(121.4135731965695,31.261311694038508,2)
(121.40464017480797,31.260307867364453,15)
(121.41591617801146,31.263777179957476,26)
(121.43793392052176,31.277539933730406,31)
(121.37611214272351,31.231333590813986,5)
(121.43201101405003,31.23417241697559,25)
(121.45295677916414,31.27958546153523,2)
(121.38819384296214,31.29636039554748,7)
(121.42246930232865,31.232658371491347,2)
(121.42139500578449,31.242225429701286,10)
(121.384709090243,31.25783445190859,36)
(121.41698835545434,31.247173037152912,5)
(121.43768900738011,31.262448898484827,2)
(121.41594848512061,31.23885053464746,3)
(121.44836753370188,31.26162486411304,25)
(121.37843177724615,31.282883676574873,18)
(121.40987408177644,31.259621225347235,36)
(121.45285678214532,31.276898547410592,21)
(121.41256725073659,31.270220547686172,3)
(121.45934685863058,31.257656784452372,1)
(121.37362534714889,31.275237762840884,34)
(121.42677699591083,31.25328622490954,36)
(121.37580876616096,31.2549638157234,20)
(121.40642433601066,31.245669238813537,10)
(121.36778305252591,31.237180349668797,14)
(121.45391821729174,31.2739225514921,37)
(121.41219230930082,31.258154473457303,21)
(121.44253060727176,31.25924593408543,2)
(121.42809590668709,31.257477847944998,36)
(121.43676090664255,31.278512921463424,28)
(121.43492129565644,31.2389361403606,36)
(121.39432933321791,31.25963824175822,3)
(121.393291635931,31.27079442407265,23)
(121.38711460085537,31.270668051349602,13)
(121.40761781060776,31.278025477897096,37)
(121.39160718926486,31.227693281245198,60)
(121.38724699353244,31.29668377076193,37)
(121.42721156144488,31.265303527295625,27)
(121.41082070857276,31.27022390944628,2)
(121.40602250061694,31.274368942399693,12)
(121.40454857784104,31.300123544076108,37)
(121.45484811684082,31.268048224088226,5)
(121.44528019445998,31.25554113738652,183)
(121.36418651097907,31.3107078563975,26)
(121.41900934560849,31.265429024713853,2)
(121.44196028237404,31.25609993512907,2)
(121.44650764751935,31.241760779168782,43)
(121.36538328540841,31.28861574585406,36)
(121.38239791782327,31.28710339833522,22)
(121.39119647680934,31.231093767195244,1)
(121.40798768736046,31.231006908978742,36)
(121.36785854580212,31.314389452486587,24)
(121.42270065810484,31.266396093286033,3)
(121.39459323676549,31.239595991036506,1)
(121.40035911620414,31.25878936837508,15)
(121.39760296302804,31.246527029792205,21)
(121.40997392410021,31.282268042088862,37)
(121.39938474512962,31.28136159088208,7)
(121.38853259179662,31.266952907573437,37)
(121.40886125428311,31.225974710716773,28)
(121.4120920507636,31.23859435931141,1)
(121.39045775180206,31.25016572521055,3)
(121.4540107268537,31.247930914538987,2)
(121.4366878011791,31.254052441853993,10)
(121.4401390129732,31.2414491843796,11)
(121.41046042643133,31.242537280515013,37)
(121.36767524340644,31.314483224209738,53)
(121.40942539282364,31.234301812079693,15)
(121.40787359323072,31.241313601633095,9)
(121.40828587086763,31.244836162190285,36)
(121.44104827920145,31.241767092659693,164)
(121.43596785739786,31.252843235858762,28)
(121.45438498567438,31.25237399827165,22)
(121.46393178752604,31.26276502794754,1)
(121.39820896741652,31.276912418501436,25)
(121.41349527696804,31.246363806715095,33)
(121.37001129030746,31.2721468647821,34)
(121.38980136219375,31.25185200716896,4)
(121.45386184509265,31.27070995320544,19)
(121.38160858856875,31.28093327221156,37)
(121.39591071926725,31.276438163021545,36)
(121.45760696300258,31.264268423793602,55)
(121.37130028892126,31.313624047282502,8)
(121.41294269572231,31.288131844428797,36)
(121.4158682818037,31.251189284117775,27)
(121.3863673787791,31.287919545896166,36)
(121.4071954328418,31.25060475712204,11)
(121.37226584931079,31.313198281972003,20)
(121.38306109684072,31.290408554963236,36)
(121.38026430204701,31.27480357411083,36)
(121.40989150759347,31.23105391505574,9)
(121.40586459911215,31.260640094389686,1)
(121.44327236860991,31.26323986198437,20)
(121.43732514377069,31.237784194894886,22)
(121.45855606412863,31.259167174131793,6)
(121.45899612120333,31.250043219745706,3)
(121.3657997091101,31.27648445785898,5)
(121.44164913428952,31.24647932718305,9)
(121.38656567108333,31.277560476775886,11)
(121.4017440965702,31.29979063592162,1)
(121.39077834489134,31.25405065253147,37)
(121.42624421811192,31.260858984631543,8)
(121.36969331382993,31.230481902797173,31)
(121.40129864231582,31.26157782447328,31)
(121.42702033742171,31.23726685746893,21)
(121.42772059159708,31.237543343967957,4)
(121.43362731174291,31.242668795354348,54)
(121.45920278589897,31.26396482347914,37)
(121.40353636019766,31.287057913544665,14)
(121.37372281912677,31.25596367046025,33)
(121.37205072474767,31.265587656406495,19)
(121.41534532218893,31.29463968834562,36)
(121.40767004036849,31.24891958934726,28)
(121.44480056511037,31.244909431135323,3)
(121.43069266619246,31.233315461867246,16)
(121.43935330529482,31.2545898509532,36)
(121.36497252033641,31.31330724181098,6)
(121.38280380644413,31.24603045216129,3)
(121.40302431340339,31.22975657488445,25)
(121.3956948924512,31.245369669441335,37)
(121.4263440231059,31.259816448227042,3)
(121.36424131861318,31.310578762994645,36)
(121.4485843700529,31.252718312199693,2)
(121.44324570369677,31.280521258381423,7)
(121.37220263871947,31.31319747313536,60)
(121.35559171802639,31.278413585747046,4)
(121.36502339206629,31.277099551044408,6)
(121.35502340560107,31.30864584833284,36)
(121.43408142265251,31.270953831492434,2)
(121.42866613463777,31.26321775965851,14)
(121.33495729651652,31.301609003740744,13)
(121.43718498314855,31.26424535187709,36)
(121.42231996377873,31.260141926205435,18)
(121.42630481115523,31.256918225106478,23)
(121.45299574445546,31.275280902939024,18)
(121.39431779303513,31.25999672850218,1)
(121.38249891559522,31.238219702742978,3)
(121.45676811111024,31.264365254117394,21)
(121.4232342163313,31.262125920668364,11)
(121.3541748284146,31.281815839344635,35)
(121.42233458655265,31.231816513933417,36)
(121.38201095178303,31.245157337629173,12)
(121.44878370259012,31.261524780976817,36)
(121.36698130881598,31.249359764181836,1)
(121.43748696951144,31.269700263581225,11)
(121.37592212684213,31.24575488841396,40)
(121.38684162949204,31.283270371096023,37)
(121.44003385815029,31.258922871145483,20)
(121.46365137021337,31.259701473163396,30)
(121.34918267266701,31.29509338928968,17)
(121.39186932522912,31.234384186018012,33)
(121.42869882215601,31.264484291067415,16)
(121.39285564158531,31.263048013820818,59)
(121.40500057757755,31.275977544608107,2)
(121.411488768222,31.238313824629476,2)
(121.43896342334364,31.281997224678143,1)
(121.43170358231613,31.247451742764856,17)
(121.36803485098696,31.314475737380565,15)
(121.42970424157829,31.26015943248463,36)
(121.42801123266203,31.24864805227957,28)
(121.40554044161665,31.256510966958864,9)
(121.39278485734005,31.23138076340588,5)
(121.42400969634768,31.241238149097313,15)
(121.36313086725605,31.30923014026246,33)
(121.37698128196509,31.29960870465382,22)
(121.41070287106011,31.225946294247894,4)
(121.3382335199531,31.29501901612121,12)
(121.43150218525275,31.25131067199861,7)
(121.4397239900122,31.263485004198493,33)
(121.4269896276475,31.240215219289425,12)
(121.39781849602633,31.2629853098563,28)
(121.43640316595615,31.286460646837618,17)
(121.42230155046983,31.233901055587793,14)
(121.37923207443923,31.262833162596134,36)
(121.42396373614845,31.241210171448085,36)
(121.41106249288136,31.245450112680505,12)
(121.44560498894954,31.272095995365547,17)
(121.34873055153254,31.281646452057,37)
(121.38257313629906,31.297242795311902,18)
(121.45292307365287,31.247544796123925,5)
(121.37424412440254,31.27360686360642,30)
(121.38942742552983,31.256190636489407,13)
(121.40642449449889,31.23979692525799,19)
(121.43204633357131,31.249856427065417,25)
(121.45511525374029,31.253007782716107,36)
(121.43050560574434,31.2757612217386,4)
(121.43524879198364,31.238809672608337,5)
(121.38027329025282,31.29616402172976,36)
(121.37002940125828,31.24014253463608,27)
(121.39203851547175,31.255372253184884,2)
(121.41344661308796,31.289156119335598,36)
(121.41721760123082,31.251435820409398,36)
(121.39063638189765,31.29018972401363,21)
(121.42784593307049,31.234815645892454,1)
(121.40881994787692,31.246309783771004,14)
(121.36586082048255,31.276533569095157,36)
(121.43881850414705,31.239225809552636,7)
(121.38993315985041,31.282711204648336,33)
(121.38624470874336,31.25530052417529,36)
(121.41209209565885,31.24391622002525,36)
(121.41052710505411,31.22821737406959,4)
(121.35601704526394,31.285698606792316,36)
(121.41671554351602,31.259109394137017,31)
(121.44686673915959,31.26088192319268,21)
(121.35484164511189,31.308518581316136,36)
(121.42957323154849,31.265622208137184,24)
(121.44854146843916,31.259949796925493,36)
(121.39383996478985,31.249737627187784,36)
(121.40392171068802,31.244553858687034,5)
(121.38172270251003,31.269194495242814,12)
(121.39846446171869,31.23641981510757,1)
(121.45163672432817,31.24343147513827,36)
(121.44348442623198,31.259645063942806,36)
(121.39079552144005,31.267402421826937,24)
(121.39130082614774,31.289347831337714,16)
(121.35552809140623,31.297607531451927,20)
(121.39973842189615,31.230298449303092,26)
(121.40686881102135,31.23194135747657,11)
(121.40289014286893,31.22857943624162,36)
(121.43922667435545,31.25379299096331,36)
(121.43386383808853,31.25029050987424,37)
(121.44867849596864,31.259479721132106,36)
(121.45488846546829,31.27204742978819,4)
(121.4091034922395,31.24411469546167,14)
(121.40972902506873,31.26005572439495,14)
(121.39574978572597,31.266745011474807,32)
(121.43780345452207,31.26973184525335,2)
(121.44987203611637,31.25845644959706,4)
(121.38921297404022,31.25310913189385,25)
(121.39942801178161,31.261308169881637,10)
(121.41192347831402,31.236298820179616,37)
(121.39558766467721,31.23181839734684,68)
(121.41762147094435,31.252568131240395,36)
(121.40074846953917,31.261434619813798,3)
(121.44197708245282,31.23976856831817,12)
(121.3795889539372,31.24469460692256,6)
(121.42931455175673,31.246830980887772,16)
(121.42490764277144,31.227409132450937,14)
(121.37238346181395,31.22913790832749,16)
(121.39584945153702,31.27375201428405,36)
(121.43577074987223,31.281872596617553,36)
(121.3618721993509,31.283416285112764,36)
(121.36710393149605,31.309103408969992,36)
(121.39701733574098,31.265473044768168,10)
(121.37634144186545,31.23108174851497,8)
(121.35060329089725,31.278878381525956,3)
(121.39107324454906,31.268544869155605,3)
(121.44494636411426,31.257430707597674,20)
(121.40316674659142,31.248436067751264,28)
(121.38063222374606,31.290303068185125,2)
(121.42529839364995,31.247875367055073,37)
(121.41900653181962,31.251569994009063,33)
(121.39735849202566,31.257679321505396,41)
(121.44061290749514,31.23909711279612,4)
(121.42382963410701,31.249009761098293,30)
(121.3965433062307,31.227200222471904,66)
(121.4287661573542,31.252362800776584,11)
(121.44071892975562,31.247425152540128,4)
(121.43676161087619,31.28659722967537,4)
(121.41864465460037,31.26177062570233,18)
(121.3740988578407,31.27300743027624,37)
(121.44460378235313,31.26588991897277,3)
(121.3838826252306,31.237726351176683,25)
(121.36569788597683,31.245967167217152,1)
(121.43892430710984,31.245022387398897,11)
(121.36926706848075,31.287853732340114,37)
(121.42541422122318,31.24103940374388,72)
(121.45938421135868,31.251332934547875,36)
(121.40613537117565,31.249923439083496,7)
(121.40601936038591,31.23837526803948,9)
(121.43596683372215,31.24405102052664,16)
(121.35620403130626,31.302100764841057,25)
(121.4106124401529,31.243727418381415,37)
(121.36745514703338,31.23698570696739,40)
(121.38143503772989,31.234050548948055,23)
(121.39056645922822,31.268770845819397,1)
(121.37881403452624,31.23126773228962,18)
(121.36315280852017,31.25158478453246,11)
(121.4060341414753,31.230309787988755,3)
(121.41111630937762,31.243488225878696,37)
(121.3921336705106,31.291921396476376,7)
(121.44512655975694,31.245845827964207,29)
(121.42478125560046,31.267430009876904,36)
(121.3630563149559,31.282562791379405,10)
(121.45339694968077,31.27058883422585,33)
(121.38596255948276,31.283141260828494,36)
(121.44333950913976,31.280458572707808,24)
(121.39082579014897,31.26785822474873,25)
(121.36563887933718,31.24708757776813,31)
(121.37690151297609,31.269027160054804,2)
(121.42881143737523,31.250124938367797,36)
(121.41684248710088,31.23631421843971,17)
(121.45287092101168,31.275961781715466,2)
(121.37784127688563,31.263142740458246,36)
(121.44610226324458,31.241655408240344,31)
(121.38638013082847,31.29355916763954,30)
(121.42131047477208,31.23538238765346,24)
(121.40240366132636,31.247167768176197,3)
(121.455051842842,31.25278759949758,5)
(121.39115036151351,31.26888208276329,63)
(121.4258718004434,31.263137282503333,8)
(121.41624536004815,31.28857691336428,2)
(121.39555184946903,31.29790905594713,24)
(121.45120541952325,31.274520769948314,3)
(121.38859220339309,31.27500410156798,27)
(121.39062192032789,31.296495222554366,36)
(121.38868654906965,31.247405706254305,95)
(121.3709665706658,31.278990832316065,6)
(121.41057443969649,31.24363338224802,6)
(121.37730725520298,31.271183542128988,3)
(121.36447685170751,31.30943509279378,36)
(121.42876413501,31.25068017226032,31)
(121.41278222147768,31.231278517302542,1)
(121.44633811309593,31.24482824388858,16)
(121.45636442824818,31.256281614880333,14)
(121.40455851506161,31.287220112453937,2)
(121.37234096191224,31.313199892486274,28)
(121.39784860854692,31.232009468293903,33)
(121.42841607601363,31.276618682588612,3)
(121.40430919400858,31.226557712827226,5)
(121.43012897906469,31.240227193365577,11)
(121.44991693872184,31.25848837973091,26)
(121.45952894355344,31.252656196927397,36)
(121.37228515254736,31.31319798467405,6)
(121.44316601779427,31.282375146715843,1)
(121.39858885819366,31.255959036001368,29)
(121.39007394897176,31.23302775097535,36)
(121.38415470421788,31.2605231463874,13)
(121.37257611047009,31.256263325912045,6)
(121.39091890753205,31.290892093688097,23)
(121.413930500801,31.24409281119475,36)
(121.43162570697932,31.27062686451273,5)
(121.4595225183591,31.27003214891757,4)
(121.45545131927032,31.26331856378947,16)
(121.36511253481513,31.276920611021097,34)
(121.36861737096878,31.251603903452345,36)
(121.39493591009325,31.282314070133584,37)
(121.38809475682909,31.296404335732632,23)
(121.43557296123193,31.28081541549811,30)
(121.37730522366459,31.247833444827382,9)
(121.44764040744828,31.259259375523495,52)
(121.40723992260058,31.23329897912597,4)
(121.37254602856659,31.255851107068782,6)
(121.42538137053879,31.241086994253553,21)
(121.40893205005976,31.246495255309096,29)
(121.3646231226483,31.282222056603274,1)
(121.39293180838155,31.252623395118306,18)
(121.43071770295008,31.248290172328712,12)
(121.38805019255437,31.240662974193217,13)
(121.3920836727668,31.235056624775147,36)
(121.40436174945916,31.30161280030204,21)
(121.39455792669477,31.25753214856307,3)
(121.37907618368853,31.23273917079395,36)
(121.38149255973617,31.259200987019348,6)
(121.42127432626845,31.24726426411961,24)
(121.41693587530084,31.252804548637293,28)
(121.39196023958546,31.279243312119153,2)
(121.44413738171178,31.266812879429633,4)
(121.37846295899094,31.277007282431292,36)
(121.42467508699627,31.252872806148627,2)
(121.44252971220406,31.281967790473363,7)
(121.44698027796342,31.283298215133218,11)
(121.35308631908681,31.295177023233475,36)
(121.44327396895083,31.26322276230764,20)
(121.37276374794075,31.29484062271982,24)
(121.44334268378856,31.26339457447299,36)
(121.45769789703614,31.26771493733076,18)
(121.45364158192679,31.252522380142278,68)
(121.4364462320711,31.253596720003525,25)
(121.38882510099778,31.26991607705419,36)
(121.42316216989909,31.246239727827955,36)
(121.44346610557574,31.242683635332135,27)
(121.44285052224802,31.246830452818855,13)
(121.39919960116463,31.26175174523072,26)
(121.39685935683339,31.23932652947953,8)
(121.42520096898485,31.239511862579526,36)
(121.41766790546498,31.257855418639682,1)
(121.46378699071607,31.25895579199421,97)
(121.36439133977137,31.309470382818198,1)
(121.42534070575974,31.26474954356776,30)
(121.45841832071638,31.26480214770235,23)
(121.45490259701504,31.250941310396225,13)
(121.43568442317444,31.25367174018932,1)
(121.44047685620313,31.257251157373716,9)
(121.46045822399483,31.26138292354249,2)
(121.37677503851341,31.300073644670498,36)
(121.43857798956986,31.244756911119254,5)
(121.36718710018127,31.276336435539434,36)
(121.42083781201009,31.235113562387482,1)
(121.45997084887809,31.25356361408938,3)
(121.39870932993712,31.245223869814467,24)
(121.40981006600188,31.25943111241054,5)
(121.44381070034466,31.24707302171038,2)
(121.44043089105784,31.268934759782244,1)
(121.43198373625057,31.276434898388686,29)
(121.39966951425626,31.232572495948602,16)
(121.37251496900613,31.25571400676888,4)
(121.41078829110106,31.242440812955188,1)
(121.45310548018657,31.249150301406267,12)
(121.43854982603962,31.26528892338231,26)
(121.43956925358448,31.254437392042856,37)
(121.39027689079084,31.26898795198739,1)
(121.42897328370431,31.237924138531323,25)
(121.4435052159909,31.251454726312982,31)
(121.4067664155797,31.227397262410342,35)
(121.46261168823537,31.262995250152205,2)
(121.37963498654592,31.24439752398917,14)
(121.41563897901513,31.246462279374647,26)
(121.40484296728725,31.223281246089105,28)
(121.42126487285898,31.239542304229673,36)
(121.42519636875178,31.248160145460826,9)
(121.46342565171275,31.256339936158913,4)
(121.44764963358222,31.279778415776473,30)
(121.37180058717065,31.249111956387186,36)
(121.39395416604327,31.248952361740486,36)
(121.44795193964433,31.243593402490788,36)
(121.43822564879953,31.241024061670593,37)
(121.45803173342186,31.27422972217779,31)
(121.3712728844163,31.31363464350322,23)
(121.38232853930775,31.29363012523662,37)
(121.39754461460753,31.277248217460997,36)
(121.38859030323759,31.273311904764014,32)
(121.45051993857666,31.27405387820111,18)
(121.44133104723042,31.268658394993135,8)
(121.40939144155341,31.241326500582907,10)
(121.42549642337255,31.24300776253067,2)
(121.39951210678656,31.2620415128523,36)
(121.46054347835464,31.265882646313383,5)
(121.37420709419166,31.25633728262176,26)
(121.45912655883436,31.247665213366478,10)
(121.42221060997471,31.24518821686433,20)
(121.41512079115368,31.253049383883543,23)
(121.4164001801693,31.230133579220762,5)
(121.43419899649143,31.257681342650013,9)
(121.43547842295712,31.255111804716403,19)
(121.4224419926954,31.27468980549554,8)
(121.38948046904297,31.25617366774835,36)
(121.39148208982243,31.267851067848284,2)
(121.38041387765048,31.243424921033295,22)
(121.41955687990773,31.23684110341619,5)
(121.42509523205612,31.233938522087122,15)
(121.3650230448501,31.249343588277767,2)
(121.41670319350821,31.233459334025437,9)
(121.37222095307195,31.29529209260145,36)
(121.43635642561478,31.26566805871973,4)
(121.36761641185034,31.296298301794312,31)
(121.37330223566885,31.267095529579578,20)
(121.43478758543311,31.260021991520894,37)
(121.44985085257241,31.258525752552938,94)
(121.4094076959573,31.244269819455145,4)
(121.40015937212044,31.23953779076137,21)
(121.37603772252622,31.250739236796242,3)
(121.43091925189182,31.25456570111794,1)
(121.3741221758682,31.271734637693722,37)
(121.34335655679739,31.301720290706612,10)
(121.44146900845686,31.257324216713265,3)
(121.37484538687278,31.254987650443464,36)
(121.4078111167725,31.224333828351416,5)
(121.43222535903487,31.252922576590077,36)
(121.40896484510712,31.245321331255976,36)
(121.38519581453302,31.24129610062344,10)
(121.37936752746485,31.288642900477523,32)
(121.38861287857783,31.280988527266175,16)
(121.37886651883171,31.237702669204612,2)
(121.39196700937705,31.228334857581416,24)
