(121.37039055112946,31.272076915614214,4)
(121.3839691961752,31.27997917797742,26)
(121.44943164394333,31.24792256993509,19)
(121.40183582870306,31.229651635010942,3)
(121.43930389569577,31.261831827983077,8)
(121.44542562180115,31.24213168787058,21)
(121.36317237403769,31.304911054701222,37)
(121.38876460156452,31.276271693393678,14)
(121.40653901925481,31.245799621143462,22)
(121.39983189782497,31.246857972617285,31)
(121.45697463857566,31.25344208303445,9)
(121.4100683296821,31.2555289737818,36)
(121.40912549765036,31.24408860007783,33)
(121.45809826748018,31.247807186105135,1)
(121.42043799773543,31.24115726992564,36)
(121.41442680864134,31.274480046697338,10)
(121.3689916175276,31.2472825202176,23)
(121.45443097071762,31.2534893945715,9)
(121.35951471038796,31.24852164324443,23)
(121.44288948120567,31.242258431168505,6)
(121.41049433475399,31.255447662606866,23)
(121.37615924210267,31.24618699261227,20)
(121.4131737970916,31.231856166917375,1)
(121.38757208350616,31.259770770779387,3)
(121.40264568341625,31.223874207998687,32)
(121.34606165799909,31.280329745370558,36)
(121.3884490848203,31.25058444647532,2)
(121.42877633791304,31.25039507527988,33)
(121.38890796071911,31.255990164915584,36)
(121.4028449076643,31.237458492410664,10)
(121.41775140847089,31.252718135316762,36)
(121.42955822946142,31.246513594797634,1)
(121.45296973595349,31.25643861731624,3)
(121.3721296455333,31.23416573274267,82)
(121.40790701983119,31.242518481727437,33)
(121.40983097115495,31.25926691708048,19)
(121.39955811830585,31.26198050146954,15)
(121.42399472076904,31.24136021544244,35)
(121.41322233064598,31.2455755821839,71)
(121.41634310418681,31.233276258934204,17)
(121.39469179031643,31.296734774551418,37)
(121.44782263057478,31.248359758313104,36)
(121.38928228799982,31.25603246125017,36)
(121.41644680647957,31.237590967984314,11)
(121.41161193205214,31.238342259577795,7)
(121.39493394100094,31.273877614347445,19)
(121.38807809682393,31.251527757382,16)
(121.41260615495275,31.234879015197823,1)
(121.38934297403625,31.2518306658443,7)
(121.43434747970842,31.24065894125031,26)
(121.39088500555881,31.250432871226018,6)
(121.41604507783057,31.27275448874072,7)
(121.39919250197306,31.231832902687092,37)
(121.38637633381845,31.270310516282027,26)
(121.45297484082187,31.276389897483575,1)
(121.41063168997334,31.241949048351888,1)
(121.40595187330419,31.24428692536644,36)
(121.39817754195062,31.26169089263009,36)
(121.44161913009657,31.25748330111849,8)
(121.39052104428492,31.27590080644435,32)
(121.38577850773873,31.273195988336248,14)
(121.38275531710836,31.251053664805433,4)
(121.39627922251255,31.24244271051439,175)
(121.41173520651063,31.255529430963083,4)
(121.41103536835229,31.268559949467914,1)
(121.37895602079996,31.266312345924007,35)
(121.40924512707372,31.24379752546447,22)
(121.45239134678931,31.256857172817565,43)
(121.43522598493614,31.240628522876467,3)
(121.42113721063403,31.253750708629397,13)
(121.42678619493935,31.259118658855733,3)
(121.44135927821297,31.25812173034008,11)
(121.39193713778485,31.253456060810276,30)
(121.38186888002781,31.280742456769495,36)
(121.39379069741024,31.26773141308057,26)
(121.38178957789415,31.232343319201245,3)
(121.42094424708186,31.279617132135446,23)
(121.40817668399646,31.25405824701399,8)
(121.46007749274932,31.25273601306524,1)
(121.42152438790134,31.245938318778848,18)
(121.42898850258801,31.26473211365215,36)
(121.4128277371332,31.24235834448739,20)
(121.38699721152783,31.23301039433147,48)
(121.33444633939406,31.299634621719576,36)
(121.39235854958196,31.242778678466347,1)
(121.45066328316227,31.258752091279163,7)
(121.39206737416865,31.23168546352916,10)
(121.42705637631981,31.238160230279803,36)
(121.38367561391718,31.242504767688676,17)
(121.41362242967033,31.238662679076743,3)
(121.44277776181812,31.263451971402546,36)
(121.38673725467362,31.23638772006953,20)
(121.43767322847526,31.266561908136016,189)
(121.39919470164836,31.241906683631825,9)
(121.42271756260311,31.283877404802457,1)
(121.3712556885164,31.2635527283899,23)
(121.41309924647372,31.24922233326991,37)
(121.3787628402525,31.232592225552793,5)
(121.42561139102062,31.242045173811796,1)
(121.3849383365728,31.262270482287427,35)
(121.36964021663445,31.23035977303847,36)
(121.41453943653568,31.272370974495896,2)
(121.44244910601233,31.2678042039578,8)
(121.38693254699515,31.293761664783908,21)
(121.38512856041945,31.258487149879137,24)
(121.36155887474726,31.286430014203365,3)
(121.39270457903682,31.27474773461704,35)
(121.4138758272478,31.236132236001513,3)
(121.40588807610548,31.223698516908588,36)
(121.3839070233859,31.26728581094901,37)
(121.4411144193386,31.243152495750536,5)
(121.42931446750099,31.245863550092466,2)
(121.41321512447581,31.259734900698884,25)
(121.3724248905618,31.25226363674812,30)
(121.41258365093755,31.225126656069328,20)
(121.43529699260696,31.264894090321192,36)
(121.42376947209468,31.281983866153663,1)
(121.4031891032163,31.284801942787155,2)
(121.40912359718084,31.244251599369996,11)
(121.45602297677824,31.275756631469875,8)
(121.40790484623066,31.244236912092322,22)
(121.42620437522731,31.239257476043367,36)
(121.39897974629004,31.300543421378766,100)
(121.45383136445535,31.27583916326447,36)
(121.39188099933467,31.28634299335719,36)
(121.38137541191855,31.224589317797456,2)
(121.42423843399783,31.24065971318407,30)
(121.40540405077904,31.22371249404931,36)
(121.42297463855013,31.264370070198176,19)
(121.41208120980556,31.291005208416504,15)
(121.41130833577071,31.254768533575565,9)
(121.41219171024596,31.251287471095942,28)
(121.40220266952078,31.3050697858002,33)
(121.39203728079374,31.257008303247236,15)
(121.438359715822,31.27183796366889,36)
(121.38936336771208,31.25615257308271,9)
(121.40374084313973,31.26930860129406,13)
(121.38101984951469,31.2690717244275,36)
(121.43383543193681,31.279560047521056,19)
(121.36968084680609,31.236388996157565,5)
(121.33955485989831,31.287641570189642,4)
(121.37862469924215,31.229770305452703,36)
(121.43783303229466,31.253974023866803,1)
(121.4258052167053,31.24187858277607,37)
(121.3998825614625,31.272190259793945,31)
(121.44510515524416,31.245848224149608,36)
(121.41945863903233,31.244779735229926,36)
(121.41921447232045,31.24099317084773,4)
(121.36905410099928,31.2516685470177,6)
(121.38301505545381,31.290530559437414,27)
(121.39653952525647,31.224490542652998,19)
(121.43781835831008,31.268909477060706,36)
(121.45414615578854,31.260749312074413,6)
(121.376506975381,31.29212218913741,7)
(121.39892441918974,31.256729017108228,4)
(121.3960266898556,31.286843484781873,23)
(121.40322535899658,31.280094516114048,8)
(121.37543651621482,31.281204484947505,47)
(121.40958240991912,31.25948716497928,23)
(121.41896946225853,31.22756417063429,32)
(121.45833770782903,31.267835230333155,1)
(121.36598504022437,31.276560764754056,3)
(121.36421456364873,31.238051374853146,3)
(121.3810203231818,31.274510009653365,14)
(121.38432552207,31.25631247862094,28)
(121.42578608119368,31.242430261516617,29)
(121.3395939460927,31.287622636454152,36)
(121.36870696225343,31.31430862991406,23)
(121.4053503961267,31.23961096107267,39)
(121.37516669307396,31.253164247662735,4)
(121.44598153884274,31.24479398127943,36)
(121.4091380005203,31.260226571224134,36)
(121.42130433385283,31.249642265850206,1)
(121.40771038558442,31.232637967290163,6)
(121.38539333202179,31.253151879857263,36)
(121.40106693549012,31.23127928032793,9)
(121.4260766044097,31.26329717705846,1)
(121.3650524479303,31.277148615146757,4)
(121.40524036867036,31.2572149040666,2)
(121.41816355639908,31.249061610380853,1)
(121.40634651703452,31.245724822699273,36)
(121.3754365129057,31.281166469338952,37)
(121.40898108222827,31.259523570865312,37)
(121.40364907940592,31.255022149830463,3)
(121.40150447057049,31.23410219091246,56)
(121.40544041800433,31.239279980154212,3)
(121.3732091558944,31.234156281807834,29)
(121.42389745087227,31.250317772680578,19)
(121.380861568814,31.29104160354399,9)
(121.37227331240692,31.286987839198968,4)
(121.41267367346116,31.24689533389007,16)
(121.41622795614194,31.28187650934572,72)
(121.40999511172089,31.242530383713433,36)
(121.3644274447793,31.30955768679502,28)
(121.42410974138242,31.254276861878164,37)
(121.40836172067138,31.24318742005288,20)
(121.3651805055634,31.27519299502709,25)
(121.400388404199,31.23904163331665,1)
(121.43048701496816,31.234321138780267,34)
(121.45620448703401,31.263845219535845,7)
(121.4348766114933,31.253268582822404,11)
(121.38089973127688,31.24380304169517,8)
(121.35282019907986,31.279202938886577,36)
(121.46127962546853,31.2569921679279,27)
(121.43768860603716,31.257836906525988,3)
(121.43245384523658,31.250598294497273,10)
(121.36598887521001,31.251503050975177,29)
(121.373231841652,31.230137468656796,46)
(121.4308508544376,31.234482456091087,19)
(121.40838531491937,31.299407635558516,36)
(121.41085641076991,31.243981492202337,36)
(121.4520412817488,31.263932103029273,51)
(121.38286096639703,31.26853934603865,36)
(121.43613117319319,31.245036752339065,2)
(121.38536672143333,31.283062312839228,2)
(121.39994024885443,31.261920595621437,24)
(121.3653227903283,31.23866384588019,15)
(121.4262193603716,31.239265466760774,2)
(121.39942886672796,31.271106342492768,3)
(121.4225994411033,31.24697174372711,17)
(121.44849057726977,31.247562543086133,1)
(121.36247549790525,31.245347508114204,23)
(121.37127668504651,31.313611244076643,4)
(121.3998312706251,31.239663748123437,15)
(121.44998655690631,31.257948344435672,2)
(121.42222773881169,31.25828797122557,26)
(121.44530171067964,31.246625357996205,4)
(121.42623962396455,31.25478494790373,11)
(121.41787326301457,31.251872704982294,36)
(121.40310783261955,31.244873462761028,36)
(121.42522077415207,31.242713360710983,25)
(121.40211365168379,31.247817996895115,5)
(121.4634711672282,31.263757035186035,36)
(121.39932493107695,31.256800880029587,36)
(121.41875638652297,31.23658942310716,12)
(121.38276685953089,31.24554725802531,2)
(121.44611666627264,31.24176751056997,4)
(121.34873937914239,31.30267856001648,37)
(121.44690703010929,31.241776048853236,36)
(121.44486483014819,31.260384886026447,21)
(121.40480026267323,31.23979084816721,1)
(121.38094066803149,31.23357701554179,7)
(121.38312076300156,31.283935426405392,36)
(121.40191754704135,31.270090598226023,11)
(121.43335042631543,31.250649894216583,255)
(121.43230219607796,31.25225019432194,4)
(121.3906364178686,31.290601889288943,36)
(121.39961605883937,31.26908274921579,1)
(121.41384788191758,31.259562643588982,2)
(121.43505032468502,31.260249811254777,6)
(121.4401272748416,31.27864727105038,7)
(121.40135024247184,31.245360727975637,2)
(121.44405571319771,31.26419109410227,15)
(121.40227563859837,31.270166707058888,10)
(121.37804027122915,31.27152552612807,2)
(121.39638389166457,31.27552300165316,37)
(121.43557124746144,31.27218969029918,31)
(121.42134042118589,31.248069845217202,19)
(121.45183124002229,31.259236077791094,4)
(121.38475270609669,31.24169839951537,15)
(121.42928311835205,31.264357661482805,13)
(121.36302643930831,31.28462958806065,37)
(121.36736973056746,31.31456481377151,28)
(121.35569377510632,31.308840404929764,20)
(121.43839340959723,31.245786716539033,16)
(121.38929730189268,31.256044477522146,23)
(121.42448323075807,31.25242976251158,28)
(121.36687418197604,31.237322015735028,9)
(121.36443000664259,31.250250157842885,36)
(121.36416620817833,31.31066795415571,19)
(121.36617516127524,31.28566078178374,3)
(121.40368125262528,31.28556032823934,5)
(121.38740715793516,31.227389485424716,10)
(121.40026505281827,31.26123085827884,4)
(121.38114612913311,31.22450704416731,3)
(121.40764373401507,31.245179391159656,36)
(121.39286404426542,31.25662842845816,36)
(121.4135443889123,31.233905640587263,7)
(121.38616308921415,31.270222578995238,36)
(121.41195120621387,31.290549054344922,13)
(121.42559786614763,31.242015539794703,16)
(121.43248430163035,31.244840702955624,23)
(121.44640592718697,31.244859455719148,12)
(121.36317237404477,31.304885254759682,36)
(121.42416253629615,31.24102293528558,20)
(121.38419418175445,31.23102503751773,25)
(121.4369176548782,31.244079880326694,36)
(121.3812001995724,31.236080425146046,5)
(121.39281033188546,31.259380512749345,36)
(121.42185675017679,31.26784561477162,36)
(121.45881181802197,31.25250670946728,21)
(121.37782728988694,31.27501174315637,29)
(121.38843298393694,31.238098851947065,17)
(121.46378209029365,31.259900589609646,72)
(121.43542426690833,31.281717975190666,2)
(121.4071114204862,31.25044068515338,15)
(121.38346287095675,31.259666127712865,35)
(121.45182252303067,31.28056408661284,2)
(121.36754602444796,31.314490040529314,3)
(121.34774493200189,31.2875307606681,31)
(121.4498193396679,31.27209036881187,1)
(121.42248140357582,31.260338159423203,23)
(121.444006821684,31.243915530882177,24)
(121.3650354090798,31.27704954841091,36)
(121.42904950313229,31.246333738436096,32)
(121.45841118182982,31.25617618996239,6)
(121.42486520932998,31.248220008168914,23)
(121.43741819165177,31.263061497214427,15)
(121.39792101394579,31.30277161033385,32)
(121.36489925998637,31.234082587347483,1)
(121.38745646364954,31.257088134890825,36)
(121.44775440566536,31.248491083332656,21)
(121.39325844415274,31.248710496648204,10)
(121.37298872233842,31.256059772497135,36)
(121.39650497715542,31.22988502505469,1)
(121.43886930139107,31.26546354764486,36)
(121.37875517393977,31.22503172800584,36)
(121.429642138269,31.246639565958716,32)
(121.40767624196721,31.245532297194067,2)
(121.37663703810931,31.290767801387652,2)
(121.4002005346392,31.30080466369281,6)
(121.46043472554791,31.254910166746747,36)
(121.45821368765992,31.256094583245503,22)
(121.39724462931659,31.2561061018178,8)
(121.38302914473394,31.279888248821038,7)
(121.45040095973842,31.25286685477365,1)
(121.3863983976849,31.28778551799337,20)
(121.40911329464792,31.24424379724731,6)
(121.45762680460852,31.251511841169997,20)
(121.43077870979616,31.25801638650332,12)
(121.38565138019382,31.28468025895168,32)
(121.43446451696552,31.245172508229647,2)
(121.39441679574074,31.247654441359206,4)
(121.38627956283149,31.23358805963247,32)
(121.41105535750687,31.243879411994428,3)
(121.43924968692804,31.27843798588638,21)
(121.38631771853653,31.288709767060574,36)
(121.40284893401298,31.237751626081923,2)
(121.39281923677609,31.236251960575377,36)
(121.39323997406919,31.25212135535677,19)
(121.44773881959573,31.248477960087257,20)
(121.36105378833584,31.284851569447223,36)
(121.41673068367965,31.260807121226662,29)
(121.38661998512866,31.26914496164813,217)
(121.39133941113566,31.29571739607265,2)
(121.36645793571682,31.309255229028818,9)
(121.4313656351534,31.265876135596134,6)
(121.43226933367087,31.230369382508666,2)
(121.37897204364067,31.26633637383998,37)
(121.43199735767293,31.249377269970747,33)
(121.39123915856791,31.282232903750426,21)
(121.34489748441366,31.299341802500617,36)
(121.4070126006059,31.252484585352494,21)
(121.41544233739687,31.27243058675362,27)
(121.41245938342979,31.248448153488784,6)
(121.42499443674791,31.2340423136386,2)
(121.45931520237862,31.26919132272508,1)
(121.4094217705319,31.243751262226983,23)
(121.42783641973705,31.248530163863805,22)
(121.44229725270273,31.241965923240702,17)
(121.41322233045844,31.23243060714755,1)
(121.45514631407298,31.254583409335574,36)
(121.42393325965841,31.25031238011277,36)
(121.4216850052072,31.234879241744395,34)
(121.43163121949088,31.24334536507704,6)
(121.3724306093216,31.253062736967884,28)
(121.42824095557259,31.259936776141117,1)
(121.39473983127985,31.239520564990237,30)
(121.40663573369429,31.242518155030087,21)
(121.39306557141701,31.3061975538078,26)
(121.37569267845367,31.244331976674154,11)
(121.34873872215316,31.295088585648035,30)
(121.37120674518226,31.230504977758027,36)
(121.38363001873905,31.24773906096188,2)
(121.40990068833395,31.259645130833224,34)
(121.44505094313236,31.243026719645826,28)
(121.43015994926932,31.24032820684322,3)
(121.34104074190591,31.305645468384864,36)
(121.37307762655601,31.264922710526932,29)
(121.44769390186055,31.248323971727466,34)
(121.39187149704935,31.269190885463306,7)
(121.43549495086329,31.26786710548593,13)
(121.40444447284203,31.286885964654843,17)
(121.41187767876193,31.226984554316974,9)
(121.4234920682814,31.251587145467532,14)
(121.45866980265053,31.259574102112992,28)
(121.43903875117616,31.285397612414133,3)
(121.45453106848137,31.26892884519159,26)
(121.4012928945223,31.299984484297116,5)
(121.44553220083921,31.257608800446008,1)
(121.40751777837839,31.26615049347991,16)
(121.3887126329189,31.240444483544948,31)
(121.43023118480845,31.23408680041722,34)
(121.36441874304779,31.3114657814485,3)
(121.44259301687686,31.241653978060626,117)
(121.45378435325085,31.262905788908046,27)
(121.38454170883695,31.278779210768896,36)
(121.40244657297222,31.259698399650663,36)
(121.41080177088637,31.22503785587745,36)
(121.44666638348903,31.254149784188584,31)
(121.4405854943162,31.256063999671596,2)
(121.35697957996402,31.281221405483034,35)
(121.44451100048002,31.243311195629122,2)
(121.41644907929,31.263652464406658,36)
(121.37846896007416,31.277207482945297,33)
(121.43234233137295,31.277353876329908,7)
(121.4237902470167,31.245251114146015,37)
(121.39351875479065,31.24747346172672,1)
(121.42966543616863,31.261846199150018,27)
(121.40375468605008,31.29257369792575,1)
(121.4091243973796,31.244089999846846,36)
(121.3872308390791,31.28361351434244,25)
(121.43244103103332,31.231331580452338,21)
(121.41777943287018,31.230624937488507,9)
(121.39112543377851,31.286392522698748,37)
(121.41872747411306,31.236946020196353,27)
(121.37049587434123,31.247075382685043,19)
(121.40409926973739,31.262145596151168,27)
(121.38584322136658,31.277035708663327,14)
(121.4463622109078,31.25425691981994,36)
(121.38496815971693,31.267296786555416,36)
(121.36925783290499,31.313834225716704,36)
(121.39764623887672,31.245947970367414,36)
(121.43239352671657,31.233832897877743,1)
(121.44418479077675,31.256500561926888,36)
(121.43487661758893,31.253338613538247,37)
(121.42680664570138,31.238167456516745,11)
(121.39023069464847,31.274575052753256,11)
(121.38646821301914,31.29635299643314,11)
(121.44121290721485,31.262285751318075,1)
(121.38725996422902,31.27325425588577,9)
(121.37629592823397,31.237418587089472,11)
(121.40021561456652,31.25806660742775,1)
(121.42053512137731,31.235806200190073,35)
(121.41296226644934,31.262186495435557,29)
(121.40747130636511,31.26072016676919,22)
(121.44381189015337,31.260766019049342,12)
(121.4386384663473,31.253200749437443,11)
(121.40901845689008,31.24094336378106,2)
(121.41121426267125,31.231747883470334,2)
(121.37242649088273,31.252048037422327,22)
(121.37242853332428,31.229162978850056,26)
(121.38564748916932,31.263023562906007,10)
(121.41915348064234,31.254032376971814,25)
(121.41132229356117,31.243866357065972,36)
(121.45821444645524,31.264858365360116,36)
(121.3888130376645,31.303727747385505,21)
(121.44311252881847,31.23982977625257,1)
(121.38954262715069,31.268867164097166,15)
(121.38676633274451,31.242929407911816,2)
(121.39795690962532,31.26430769466419,25)
(121.38561921554678,31.28318097971139,7)
(121.3682102613019,31.292772595854775,37)
(121.41838401070768,31.25252373806255,19)
(121.38156435312787,31.290321037622277,36)
(121.40129839094523,31.25869658006518,13)
(121.37624555415347,31.26846714811735,36)
(121.46235315742089,31.26241205555149,3)
(121.38180782464212,31.280933473781463,8)
(121.43466533774212,31.274837607704136,11)
(121.35400803534539,31.309584548915474,36)
(121.44340696507358,31.28018806279265,1)
(121.41207641228769,31.23602966407754,37)
(121.40945151265434,31.2307706916237,36)
(121.37267960234745,31.294645436054005,33)
(121.41775736942925,31.229380623651668,27)
(121.38617099086764,31.270213080401835,36)
(121.41399920160573,31.23383793587122,36)
(121.39625323854149,31.234779151477188,2)
(121.4420774517476,31.28675364278895,1)
(121.3938104612776,31.223342073143467,1)
(121.40268577182219,31.24774207828894,24)
(121.34386078897673,31.29148519589725,36)
(121.3743565106446,31.253119225075835,11)
(121.36497252034488,31.313275441883505,4)
(121.38457568010048,31.28089691145251,33)
(121.45548192159491,31.254294662690594,34)
(121.3982482801838,31.23658210699319,36)
(121.40712643395167,31.250598754852767,4)
(121.37231004926997,31.236186846101376,3)
(121.44288302350738,31.264778231496503,2)
(121.3894252349003,31.231041374753417,27)
(121.3565008647992,31.297103802494245,48)
(121.39880882729504,31.299666519963882,2)
(121.43571462459849,31.245040882186384,23)
(121.35175960304203,31.30064117021973,31)
(121.40804313155621,31.260669843441008,5)
(121.45106738875428,31.25903944737425,21)
(121.40629520519002,31.247973581444302,36)
(121.44196998233954,31.246317755048565,60)
(121.4195352751214,31.252605559571023,2)
(121.40537291835328,31.25662833713987,12)
(121.43752049144513,31.25464700133841,5)
(121.37127398477246,31.312909745288817,9)
(121.3455413768727,31.278654096425246,27)
(121.42625832135967,31.239282440860322,18)
(121.41111180851722,31.224650181028043,21)
(121.38159031010751,31.243487166933154,2)
(121.45903254668698,31.259487178109257,5)
(121.39290875385882,31.26010832983326,36)
(121.37655753427933,31.26323328834197,34)
(121.42340208400952,31.262308876760073,36)
(121.39115054780468,31.230076132367067,11)
(121.3794097189122,31.29061988851746,14)
(121.39776499431973,31.268976841391652,7)
(121.45931424977488,31.249647344746382,2)
(121.38240724219216,31.24319385330929,4)
(121.36307613926698,31.245473958524087,3)
(121.40578050068011,31.239131050176425,5)
(121.366588670219,31.25171897101953,15)
(121.40927759672006,31.24292623089236,36)
(121.4444197612558,31.272951208255947,3)
(121.42043709751418,31.241182969689444,15)
(121.41138866016122,31.22531888101396,10)
(121.45623604904128,31.271226288169743,6)
(121.41080337773975,31.24347127263155,7)
(121.42321823822714,31.262215970986873,7)
(121.4125098327319,31.230964929815183,29)
(121.39560283865691,31.24534061195755,1)
(121.43506733428603,31.253367388037386,30)
(121.3869248386711,31.286963624919416,36)
(121.40991669239801,31.242845066804833,36)
(121.43279080152827,31.27605082240396,1)
(121.42339032585852,31.24494987762304,36)
(121.43586160909322,31.241916903966956,8)
(121.38817087139877,31.262495416919034,36)
(121.42531169617249,31.240886382877605,23)
(121.44416506041644,31.265090920003885,40)
(121.38213256574012,31.283716661399723,37)
(121.40630030544848,31.25543919421459,36)
(121.4568067550702,31.272905790114848,28)
(121.39645856064271,31.27466488042827,8)
(121.40510177781279,31.23231644838733,36)
(121.3773402655222,31.29378482640755,4)
(121.38692483832207,31.286959623300383,11)
(121.40146293429127,31.229997789744083,29)
(121.40893685105895,31.259388831137045,36)
(121.40231364059382,31.27009068280374,3)
(121.34617723743125,31.284125511415716,1)
(121.41945495522353,31.252488942996465,36)
(121.39172088679015,31.276261773620337,52)
(121.46209503388032,31.264325470282774,17)
(121.39597617741356,31.23539130439388,30)
(121.42521287221275,31.242621659251117,36)
(121.3862922162161,31.270241601633433,2)
(121.45618090392097,31.256450073765386,1)
(121.39402455697079,31.26440112412698,12)
(121.41133464226459,31.252242043977706,3)
(121.38608985172301,31.25057452848368,36)
(121.37443212972896,31.247451818192463,24)
(121.40436317455668,31.254935703236896,2)
(121.42828682002052,31.25158417332053,19)
(121.45047098079728,31.27951981589581,4)
(121.40832750136516,31.258921905758882,29)
(121.4334595903907,31.252285870765046,36)
(121.38276604457826,31.236182039579216,13)
(121.39245725258674,31.238560838525572,3)
(121.3473933443848,31.309326209603817,24)
(121.38610515922484,31.253933017655456,10)
(121.40102783218074,31.287115558015593,30)
(121.39942662649675,31.245424204756603,5)
(121.40938544099963,31.241310494002054,1)
(121.45051842330481,31.256594427716628,37)
(121.4030072081137,31.2504409314695,29)
(121.43513882812046,31.283193939700414,36)
(121.43729304532559,31.266960364602674,28)
(121.39285394584044,31.22602278695074,5)
(121.39953658096793,31.25669842226338,36)
(121.39072043185185,31.28999870466031,18)
(121.42404767888824,31.241439210644284,23)
(121.43890743073315,31.267690441459536,15)
(121.40426969119119,31.301076580585367,36)
(121.44608835784499,31.260955301687357,1)
(121.4315053924771,31.262435503928682,7)
(121.40263973933114,31.279848328627146,22)
(121.44203322217291,31.264275364746446,13)
(121.40079451634907,31.261810794183656,36)
(121.3892724943229,31.25939044509099,9)
(121.39094659906169,31.25545538000759,36)
(121.4450463416052,31.27095332851623,36)
(121.37449223897386,31.277809178544658,159)
(121.44037885331055,31.241993098942743,72)
(121.37891897173037,31.26630029986213,36)
(121.37639117986124,31.264792988892452,200)
(121.4158304687366,31.25312214894592,31)
(121.37956945662967,31.285265902002564,37)
(121.43735475497502,31.261361056808155,1)
(121.39573450410963,31.263611666683726,2)
(121.43176743989024,31.235319211473396,2)
(121.37264787596308,31.286845271021964,24)
(121.44577216316432,31.277705324861397,1)
(121.43599822213744,31.268390682250992,40)
(121.40121934810283,31.235516257127486,20)
(121.40238973133758,31.259473161786943,36)
(121.41181152093277,31.25936508181371,47)
(121.39481456986972,31.224517723312765,13)
(121.36410189907083,31.311441345015304,64)
(121.4477249251539,31.260845394581946,17)
(121.3768617841064,31.23823862704213,12)
(121.41858095752269,31.230393680499645,3)
(121.40976447504423,31.230884708487316,4)
(121.4557491757723,31.27018186567935,21)
(121.38693939626069,31.270244729188928,36)
(121.43568341564814,31.242092601159186,36)
(121.4026686847213,31.22383419371972,28)
(121.40386709162978,31.226068429104895,9)
(121.42881754787277,31.250669583147737,22)
(121.41679248779315,31.270394183441432,26)
(121.37623747857208,31.290734314167242,7)
(121.45705003815306,31.271766795273074,6)
(121.38843866860192,31.287109948306643,36)
(121.4391535127244,31.28491325182977,19)
(121.38905350239345,31.260757340426263,19)
(121.38926731768855,31.256520662905693,36)
(121.386929846398,31.293934463933788,58)
(121.41261885989088,31.246976122279136,36)
(121.37337706820941,31.230226695857045,4)
(121.45119689256911,31.25135865692003,20)
(121.41006940665802,31.230688579470318,6)
(121.4052403697487,31.231855953401368,4)
(121.45405713542462,31.247744822149972,15)
(121.41104732844744,31.243525254823073,66)
(121.40976707829459,31.260735013064327,29)
(121.44652965836988,31.266954436271703,1)
(121.38462594202576,31.280427966946903,27)
(121.36586405801418,31.275737131614495,36)
(121.41986619385665,31.251082000847457,69)
(121.42262513805,31.249426210198727,17)
(121.41248235447067,31.25965605566659,3)
(121.45786984140886,31.24762059668519,12)
(121.45609703194809,31.25228775989229,3)
(121.4150674255522,31.24858843560618,36)
(121.41196622558441,31.290818158909097,35)
(121.42456817995073,31.26422981414155,37)
(121.42588475393353,31.23982900689924,36)
(121.43628692239206,31.258646129941607,36)
(121.36579295447838,31.25073117670351,34)
(121.41036162345594,31.227092020259757,27)
(121.41600680040031,31.26092380453263,5)
(121.41787537561585,31.27952129221549,1)
(121.38835645302876,31.27342066235839,37)
(121.42327830876621,31.240706454417346,37)
(121.42291410870041,31.244000080506776,23)
(121.40724703678788,31.250931998083914,11)
(121.41003962268893,31.242515192999182,25)
(121.41812722658426,31.260256050115764,23)
(121.40070795520379,31.299745967423128,29)
(121.37582772816614,31.300238581638325,32)
(121.43942364089152,31.244007915480374,27)
(121.39867838125159,31.23208020049962,37)
(121.42211220434851,31.251074895186658,26)
(121.4392486098355,31.284377805432786,6)
(121.45958264382074,31.272771231164725,10)
(121.38695341772724,31.258850870753534,4)
(121.39550345212672,31.241543862598313,16)
(121.3486933467885,31.287593436323977,37)
(121.37221864139963,31.313198275370045,27)
(121.43921859953801,31.266809833828273,27)
(121.46023020466363,31.26564426137825,14)
(121.41869685207791,31.252954766466186,23)
(121.44785460808835,31.26038096299143,36)
(121.3774827761939,31.26293323956829,47)
(121.39544550254854,31.22808926991582,10)
(121.37976633239167,31.257971645112367,1)
(121.38808809972728,31.246579869160886,36)
(121.37846465929897,31.277056982591947,34)
(121.37740832467111,31.293402753211883,36)
(121.3974575069368,31.242068977095496,36)
(121.45142545900413,31.26928614766613,5)
(121.38026290177643,31.274804673882148,31)
(121.4312342277245,31.236297241371506,3)
(121.37326364602583,31.250385638194334,36)
(121.40689546690443,31.259978980715392,18)
(121.41337534714677,31.240375093038587,37)
(121.4077974476709,31.23959282847282,48)
(121.42669176926871,31.238179563626293,10)
(121.44001877581049,31.254176008777677,6)
(121.4029845060004,31.23182452977219,8)
(121.37600345744688,31.305766934674878,17)
(121.42303541733838,31.262439198837253,49)
(121.4063475172782,31.24573412288695,36)
(121.37170249625582,31.310817420802913,2)
(121.42543534917323,31.25286211708292,23)
(121.4250202253329,31.24461871574084,36)
(121.36700543251193,31.249448827076893,31)
(121.40019358287735,31.287683417213053,36)
(121.44937633580793,31.25878734053913,27)
(121.37162721540015,31.23983679151394,10)
(121.3709806029554,31.26758607785944,24)
(121.37911849013503,31.240229362445625,27)
(121.37831733179954,31.290992828142574,4)
(121.38878405130814,31.230850625714258,8)
(121.37844353916117,31.245452682891628,11)
(121.38577527335202,31.236062755880436,1)
(121.3650122573461,31.277105058506137,6)
(121.3904362524111,31.267593257106594,5)
(121.39436840729468,31.27168239768473,4)
(121.35430203892544,31.288638234334716,30)
(121.43760434943937,31.2533110458659,37)
(121.42333403391663,31.27249925483067,3)
(121.38979974156965,31.233246656444184,9)
(121.38117287610402,31.287102095678577,36)
(121.34441951570426,31.297221508755428,19)
(121.40993129599555,31.24281516989844,36)
(121.43997416790184,31.26286184338029,27)
(121.37776440469268,31.25429081839589,16)
(121.40869000402262,31.246794009145862,5)
(121.38915244712234,31.259140715464795,24)
(121.39600896124976,31.23322877607634,18)
(121.39595615108846,31.223727919614173,4)
(121.39645835791418,31.302037822943433,36)
(121.40195735639166,31.250536819071684,37)
(121.38614458662035,31.262534391729673,5)
(121.43532919378656,31.279224069349635,25)
(121.37893040890977,31.22511596129036,26)
(121.40444531418619,31.296516813380734,37)
(121.41097148650293,31.245140990753583,14)
(121.45073345683812,31.274074482756326,1)
(121.37290325119942,31.229069553161406,36)
(121.45948452414812,31.257993626653477,1)
(121.43262759455872,31.240215466706413,1)
(121.3906583496646,31.294893536957485,37)
(121.46041960687634,31.253074396375695,14)
(121.43374401377719,31.2319755470935,4)
(121.4217609736048,31.24517151068458,1)
(121.40807068049119,31.23099389936426,36)
(121.37644409567775,31.236586355200508,8)
(121.39921371416509,31.247349991503217,15)
(121.4535017896362,31.248618121053408,36)
(121.43152526134145,31.25253218420134,1)
(121.39976233620463,31.231968715563706,36)
(121.45479219925963,31.272221970765674,1)
(121.3926596809288,31.287744042291106,9)
(121.41031579070598,31.2554183254929,21)
(121.45043465391863,31.25707179357204,37)
(121.40146329962084,31.23418971223356,3)
(121.41757644462787,31.251968889029364,8)
(121.36317267407246,31.30493355468367,31)
(121.4109039147528,31.261338107259725,35)
(121.39490461744991,31.293294522319762,36)
(121.44387323498576,31.26609520453737,23)
(121.42538271423882,31.247815684565772,7)
(121.38747116872503,31.244752262504335,25)
(121.43643123092293,31.253312615086333,14)
(121.35207462316076,31.307136635810977,1)
(121.42856606905458,31.231138618541728,2)
(121.38866724858218,31.296152677052444,11)
(121.38811601106153,31.24537543577787,29)
(121.4217462898293,31.23719692991043,1)
(121.4179342225749,31.251823653797096,18)
(121.37989774910254,31.283854681701257,8)
(121.38847855267387,31.232673415605607,3)
(121.39593143657864,31.299539925931274,36)
(121.43764823961757,31.239845584854997,16)
(121.42568594695119,31.239728128610537,3)
(121.43347528708138,31.249062429850767,37)
(121.43294515856108,31.273432551134537,1)
(121.40491412490746,31.247957487852872,37)
(121.45061799003595,31.265700164710978,1)
(121.41627208355139,31.25120812975554,36)
(121.38819166410755,31.271381209914157,36)
(121.3989968551905,31.241287645649063,27)
(121.39270458671707,31.274835771344254,31)
(121.3882745386577,31.252602890498455,36)
(121.41885230503098,31.236863846469852,5)
(121.44849961155172,31.241882649008765,36)
(121.40409797013102,31.268770416664974,20)
(121.43599686775435,31.252831969836276,14)
(121.4070696566582,31.298950917798457,36)
(121.39952810977688,31.262008503834405,36)
(121.40633241338615,31.23888451028473,34)
(121.4105469478224,31.229622222946123,1)
(121.42494077647662,31.252246319032793,12)
(121.37072107071945,31.277736981800047,36)
(121.38623870554761,31.293130525300732,6)
(121.40313997665544,31.29490599184954,37)
(121.38932832989208,31.256061507721736,24)
(121.38946399054572,31.282651843719215,8)
(121.40903127386277,31.29639207582772,10)
(121.34057496523509,31.296727736655715,2)
(121.42879607600865,31.245774022212714,8)
(121.41114630694784,31.243540243743528,24)
(121.38390816649081,31.280403295582417,25)
(121.405370780459,31.224313563203516,36)
(121.38814615412946,31.27747972047655,7)
(121.41611937524573,31.230743975660033,1)
(121.40699877587551,31.258662831689676,24)
(121.41212217564127,31.23346448355398,36)
(121.45914073422186,31.249962866467087,1)
(121.44960869165455,31.25632603185186,4)
(121.45193463358736,31.245599287750228,2)
(121.43761823275686,31.239637579473953,62)
(121.42534537510764,31.26365494312816,28)
(121.4185657899141,31.228361751279465,1)
(121.43691625436338,31.25880127709323,6)
(121.4518386159405,31.248530866822566,16)
(121.40411116281737,31.22649265828464,4)
(121.42521357943723,31.241579353362553,17)
(121.42432315776202,31.249865757116922,36)
(121.42520226930081,31.239498862872015,19)
(121.37201790891677,31.308712057452777,20)
(121.38228290284006,31.245153866892487,26)
(121.39703333477495,31.27683783427561,13)
(121.42850657434788,31.26175239877729,1)
(121.46124937862474,31.253198578641864,17)
(121.43451756201989,31.235109902202797,15)
(121.44811318413446,31.26187514426163,1)
(121.4201834371272,31.27556085034007,1)
(121.4474122419943,31.256858221406155,23)
(121.37484682112614,31.27147772084653,34)
(121.46086251063973,31.265703866132384,4)
(121.39423395424545,31.247622706490162,8)
(121.37952326825184,31.23411863912247,36)
(121.38142636260322,31.269341256237013,2)
(121.41770371121157,31.232941285514922,11)
(121.44402852635191,31.244056834537382,36)
(121.38998506367088,31.258160893979706,17)
(121.38840148332017,31.27713959344259,16)
(121.40723563472929,31.22429304653997,6)
(121.42037746496271,31.28453019210173,7)
(121.37807091622625,31.278474457471006,36)
(121.38712089561736,31.238428912847013,30)
(121.43840841239172,31.242729725042103,13)
(121.40975605269252,31.25960300084232,26)
(121.34835182297317,31.281586729168538,6)
(121.42131146611045,31.246757509654177,7)
(121.44166349434492,31.255514130533523,2)
(121.38478431729347,31.25983742568913,36)
(121.41106779904747,31.226038274747484,19)
(121.39018924854665,31.282468876895827,37)
(121.44637492074308,31.244833950331646,36)
(121.42404802192166,31.24537597466272,34)
(121.44637697399564,31.25188485305588,37)
(121.4217292182016,31.261573900396453,15)
(121.40135560989405,31.293637210244547,36)
(121.410023618743,31.24287758897684,36)
(121.43489108800425,31.26192127685577,15)
(121.37874651893968,31.244995493962172,3)
(121.41009413612032,31.242937603528368,15)
(121.40166005807272,31.29959754096869,36)
(121.34360053159519,31.29516917624352,36)
(121.4242766930189,31.229743180242515,2)
(121.44187635883009,31.246979041487148,30)
(121.42806098857788,31.263612635492702,2)
(121.41173305469304,31.230852370076775,42)
(121.37143785524479,31.250640359153785,18)
(121.41674567458718,31.260794109124774,17)
(121.44925181094385,31.258871419390147,25)
(121.42368491901489,31.237061784733555,6)
(121.37270966494144,31.29483655086488,54)
(121.42401628001785,31.250225297482114,7)
(121.33867634741375,31.29303406813569,9)
(121.40043534358115,31.26111439475456,6)
(121.42955532465834,31.246466440842227,36)
(121.38103594459706,31.281433890996347,12)
(121.37701549292495,31.267302278642653,20)
(121.41888591433887,31.253973221096736,33)
(121.39791576539322,31.230001770612578,13)
(121.40930599976761,31.224652876407774,34)
(121.37274771527666,31.294746564640715,37)
(121.38116989865786,31.23303700546194,1)
(121.45370125270479,31.27095537950071,4)
(121.36495125384089,31.27698439455629,36)
(121.41775313378804,31.26033117161378,36)
(121.38951025358256,31.24192138136826,22)
(121.45065101052018,31.258954884860827,1)
(121.4229693538834,31.283961260581247,1)
(121.34880850128295,31.30237756828235,1)
(121.39099801251338,31.289574321503242,1)
(121.38182364461372,31.290138226662915,9)
(121.39249079996975,31.27900537188497,36)
(121.40905027931326,31.233187505235247,2)
(121.39444340971542,31.259707332638406,31)
(121.39815367819746,31.24861249575329,24)
(121.41079360867936,31.22360448547804,3)
(121.42921724310754,31.264881951281936,36)
(121.43400975198034,31.263189949973366,13)
(121.4363173788891,31.264429580758723,9)
(121.41167938455503,31.234474040356485,19)
(121.36941788680876,31.30935110420892,36)
(121.38139398768735,31.265476582442812,34)
(121.41441866906197,31.248225497280746,36)
(121.41309812804565,31.23639557875691,2)
(121.4385065181134,31.27077585947952,19)
(121.39336532992336,31.232276515222953,6)
(121.44509075220991,31.245863721556773,70)
(121.45934647536286,31.254610799588473,36)
(121.45020650443048,31.26094790172345,22)
(121.40864767999328,31.258843272249145,21)
(121.4279110317617,31.272046057350767,2)
(121.44513797194264,31.275707166149562,2)
(121.42010407141046,31.25486782605391,3)
(121.39590931075547,31.26029332293109,13)
(121.45223849477291,31.256877246696977,17)
(121.40372821013658,31.296439690608576,11)
(121.38740127725488,31.231797506873367,36)
(121.38882806717238,31.303914831029374,31)
(121.42770507867029,31.245626265715476,36)
(121.42237263363765,31.258458946243362,29)
(121.38919958828251,31.248391108315186,1)
(121.44576150545433,31.266459218556463,32)
(121.44612016694367,31.241533111610803,30)
(121.44512115861373,31.24582572703961,3)
(121.44796100250338,31.27901464546851,1)
(121.38209930937452,31.29405406583206,36)
(121.3826367294785,31.245762226786177,5)
(121.42170720368574,31.235851343939373,4)
(121.45805837982438,31.25963703732175,52)
(121.46319322571347,31.268718729256598,2)
(121.44684031634273,31.241775437234118,35)
(121.37238847977163,31.286869942452086,2)
(121.36957910521043,31.230225626534896,25)
(121.437650772699,31.259038479302614,31)
(121.44621511374898,31.260944124186437,2)
(121.39892829925674,31.30117636252777,10)
(121.42272815002876,31.23341953935524,37)
(121.37378288478844,31.244165537146852,21)
(121.44605092152986,31.266547762092564,2)
(121.42370540374507,31.250429032651976,2)
(121.39457332243717,31.257793572417548,31)
(121.444042931096,31.251214823977595,14)
(121.39368867194445,31.267212695105126,19)
(121.39076123610347,31.229978826498545,1)
(121.44318095730786,31.28200897283468,2)
(121.44094864770759,31.265298440922944,36)
(121.43578509470323,31.26014415505791,21)
(121.38890992996626,31.278578758807257,34)
(121.37625925398879,31.253279618478896,7)
(121.45361742797651,31.270657422090412,4)
(121.41062749683618,31.244412722646917,22)
(121.39031909785855,31.232445656014598,14)
(121.43951584284774,31.26033607088011,7)
(121.41655053428332,31.23421166945392,1)
(121.42770564267082,31.237937536602203,36)
(121.41897096639055,31.234504459903437,5)
(121.3844279374465,31.230900857878265,34)
(121.3845245162765,31.253797562316024,7)
(121.41136024671472,31.243435156707427,10)
(121.43907685316363,31.241420709141874,1)
(121.34633030209177,31.283756441664945,4)
(121.43314587760896,31.239026325284353,36)
(121.44250916408957,31.2582860249583,37)
(121.41434977377837,31.249105909920754,33)
(121.41562040546384,31.28788866983478,27)
(121.37145272955185,31.24978280705536,7)
(121.39083553782072,31.290173852958276,11)
(121.45878556546941,31.27184708402804,27)
(121.45220870091553,31.25844798738646,42)
(121.43051803563954,31.246480590072764,28)
(121.38502843942771,31.25829597770938,16)
(121.4227125590752,31.24360753935066,12)
(121.44621668558776,31.244769973476863,37)
(121.42426073987365,31.249323449823542,28)
(121.38997218754662,31.282659211080283,10)
(121.34800637787713,31.309325783751085,36)
(121.43253008418579,31.243065856178415,22)
(121.40326955813947,31.289845995025534,23)
(121.43657998524831,31.276124169945994,10)
(121.38181968612099,31.244687936007168,1)
(121.3971610631882,31.261544422324842,9)
(121.43698829017202,31.264140570597775,23)
(121.35466481894129,31.303130206629184,1)
(121.42322125383022,31.238152219690324,9)
(121.39143793016311,31.289344919934923,2)
(121.39417014707547,31.270115630952972,36)
(121.41479446373877,31.270582042458546,2)
(121.41375854192565,31.231541289804543,14)
(121.42068245768814,31.2344024335498,36)
(121.37830118761865,31.27808455636707,9)
(121.40997014708928,31.227513127497158,36)
(121.44134679046658,31.28668473700954,36)
(121.41986025585877,31.256879419309143,35)
(121.43494010287425,31.282921076836498,1)
(121.38994633884035,31.250203383900967,31)
(121.40330490158598,31.239038545065306,38)
(121.42920393973297,31.242310577288862,22)
(121.42562475027383,31.23676483733107,2)
(121.44633157107731,31.257668460658003,3)
(121.46328709068584,31.268470474264323,15)
(121.41243141340456,31.238680198930656,29)
(121.44848464180065,31.24185766486863,35)
(121.36516231665146,31.238753127686827,5)
(121.38063205024439,31.288312267642244,37)
(121.40145417756318,31.301589269128662,9)
(121.39288082929534,31.2876831502989,31)
(121.40769876151468,31.243130423530967,11)
(121.45210857681651,31.280216251006543,5)
(121.34441963600807,31.298613055506397,6)
(121.38190369569014,31.243659560581644,2)
(121.40688294987106,31.24398480369211,1)
(121.37267623053498,31.25588028935088,11)
(121.43510734128382,31.27944818546982,1)
(121.3808103622682,31.23188410485995,3)
(121.36418711132816,31.309732058686034,28)
(121.40290758447145,31.24516212161579,33)
(121.39755628768474,31.23902364470395,7)
(121.38954263212266,31.268924188227082,16)
(121.38672424425711,31.259399918793143,16)
(121.4269493972941,31.261025381780183,37)
(121.42318828162252,31.262412076995087,8)
(121.4464921443129,31.24178837640551,36)
(121.36667498293905,31.25173228156843,9)
(121.39725334571392,31.264958555346173,7)
(121.3568963473507,31.292000628404065,26)
(121.39336823227664,31.26557625672115,23)
(121.45507717927167,31.25107100890814,7)
(121.3934272091415,31.251088508757828,9)
(121.422112611261,31.24292001582286,36)
(121.43095076058354,31.262714491963195,9)
(121.42045412238298,31.229243126673694,43)
(121.44685551948177,31.2417757398825,3)
(121.40011914115223,31.239366903369373,117)
(121.42297261578682,31.241166882397497,13)
(121.37533463070555,31.249666913238737,36)
(121.43921418220005,31.282316104836223,1)
(121.42921964603845,31.261405044495056,31)
(121.44077231397975,31.24634843862651,30)
(121.38989488305495,31.291204104352385,26)
(121.42289054841714,31.262506331132737,4)
(121.40363585702387,31.299476659306034,12)
(121.40254074528592,31.259255097406676,14)
(121.4189255950031,31.25169109050879,28)
(121.42607659865313,31.26323114874424,3)
(121.37916226538253,31.254557501167103,18)
(121.382946599256,31.286181740498538,37)
(121.45888325902514,31.259744708996664,3)
(121.36775545496008,31.269270295711376,3)
(121.44338417847749,31.254584023376765,24)
(121.38281982318296,31.290407320823455,4)
(121.42264821220586,31.279191530658174,1)
(121.42700739216693,31.272122108125718,36)
(121.4230747733399,31.285099565070418,1)
(121.39554805165182,31.26867511628059,20)
(121.36497873073223,31.27812632123054,4)
(121.4134757724178,31.261407973462052,27)
(121.41038484101355,31.25926529511859,12)
(121.43235088801099,31.231536230576072,30)
(121.4169048948411,31.252836576368693,24)
(121.43729782110621,31.264477299161296,26)
(121.42713721162811,31.271665799663605,4)
(121.43067459494287,31.264154333587847,36)
(121.42268256230503,31.28353328894861,4)
(121.4440904402404,31.246945040407077,46)
(121.4369341565839,31.24875739935336,27)
(121.41312855422068,31.274386679885886,12)
(121.39024401423187,31.255160770328352,34)
(121.41147560621222,31.25934414131316,36)
(121.43458551401591,31.24479214896698,30)
(121.40624885236767,31.243939782214095,12)
(121.33852758983556,31.29359718629066,36)
(121.45255637887979,31.259013195328894,16)
(121.35415950744178,31.28833548934682,36)
(121.40389540070741,31.286885895921852,2)
(121.3767194727636,31.271451968834477,4)
(121.41368553809717,31.232002406405968,9)
(121.37249996993687,31.255990107556038,36)
(121.4101715765936,31.23027997474861,16)
(121.39670988951562,31.250638474868133,9)
(121.35899721385336,31.27745620348765,28)
(121.40877846184388,31.29795946227747,37)
(121.45370907829489,31.27408281829114,28)
(121.45137840217295,31.255888482009492,36)
(121.42736539710438,31.251488785200266,36)
(121.41464970162052,31.272604942571295,1)
