(121.40652875852088,31.288642815562444,2)
(121.42251070940932,31.243896896832197,13)
(121.34918302148715,31.299122976077633,36)
(121.38541783889193,31.258250303143907,36)
(121.3642761231074,31.31181816418113,36)
(121.4253663832439,31.24106199532713,36)
(121.44690893050199,31.24177794918067,35)
(121.42518846592677,31.2394861600464,36)
(121.416531027151,31.252083406910018,4)
(121.45605187539473,31.25239857077548,9)
(121.3907359065763,31.23791343412269,36)
(121.38741385936012,31.2273525866894,4)
(121.38504632595463,31.279753067772738,1)
(121.41586829838168,31.25137936786027,7)
(121.37779473150984,31.25758428863586,24)
(121.39284994492105,31.226211085834947,36)
(121.43725959780704,31.238253798475828,10)
(121.3987329189873,31.263341806100325,2)
(121.44827960169498,31.247801691441193,5)
(121.42168846156225,31.28446434351258,1)
(121.45775615620083,31.247872953682755,3)
(121.41377116150426,31.23951480109616,1)
(121.39493715795811,31.2499573295147,2)
(121.38115139784038,31.285036481412305,36)
(121.41981284496796,31.269770084294063,28)
(121.37549919647151,31.2994978946106,36)
(121.44475537778142,31.25321418387236,36)
(121.44276285908133,31.265620764570063,36)
(121.35606313942216,31.29727431083149,18)
(121.3787888199836,31.266500240785113,32)
(121.45788661441951,31.268543642612382,1)
(121.39231552670316,31.27730255983258,36)
(121.44638012182318,31.244832551245874,36)
(121.41708660619614,31.23919941848084,4)
(121.34499273609165,31.296759388923455,36)
(121.3804832504597,31.244031373525402,16)
(121.42403426619393,31.259492189144883,36)
(121.45404282002619,31.25243171700358,20)
(121.44168726776313,31.264894145978214,10)
(121.39769857153426,31.25377439601038,3)
(121.40820009576255,31.224395840582677,13)
(121.39210977362747,31.273318252462225,26)
(121.42536971102189,31.247421282625215,2)
(121.39003308500749,31.280907536120548,36)
(121.44382711879429,31.263731269290457,19)
(121.35745407321279,31.287616803655126,36)
(121.40014682698632,31.232823490496585,15)
(121.38473894857856,31.26764172668458,36)
(121.43807658218924,31.253424447533877,4)
(121.45790809130652,31.25163729088423,5)
(121.42782180511419,31.230828616847788,6)
(121.45952941881822,31.258148594615896,5)
(121.41119230830026,31.243679297608097,28)
(121.4234196342363,31.257910159086318,9)
(121.42521447260285,31.242619559585343,36)
(121.37041035429658,31.27216211808884,37)
(121.39218139653876,31.230993216862647,12)
(121.38367050506982,31.229570862449005,141)
(121.41638704494594,31.25143618257043,26)
(121.3827853169922,31.283802601023737,19)
(121.40711158114452,31.25228249642401,16)
(121.36896402103586,31.28785339282571,36)
(121.42927475616801,31.237915199776953,37)
(121.41891822089399,31.228643875475946,12)
(121.42999192941997,31.24741682746457,36)
(121.38272069997888,31.290291177674543,19)
(121.411817909001,31.240908929422368,10)
(121.39733196390699,31.265761569099205,36)
(121.39853426264233,31.24527783070004,13)
(121.42686162588403,31.26154473946605,21)
(121.3869011545703,31.267891702565098,35)
(121.40092281088113,31.234106243127005,4)
(121.40441431480829,31.296565829185223,7)
(121.44404072895621,31.244051936746033,36)
(121.39960389761524,31.24706055475329,36)
(121.4412548257693,31.246924421605453,4)
(121.40518456577928,31.264208594409517,14)
(121.4269055269431,31.238021302337298,26)
(121.45019309207639,31.278849486709085,1)
(121.41130630772578,31.243984412937838,36)
(121.39323733202409,31.224571862117315,18)
(121.39129921520613,31.270883229742644,35)
(121.39064785220785,31.259437009158866,17)
(121.4328737129315,31.24230611504947,36)
(121.44231928455106,31.264338417268625,44)
(121.40292945346067,31.243529244361007,36)
(121.4244916976867,31.261666374060816,9)
(121.36497252034476,31.313277041879786,42)
(121.39840555435242,31.26071455747963,5)
(121.46097585684495,31.26169789325535,15)
(121.44227070167763,31.25932884983633,7)
(121.37241851968066,31.286796952228524,36)
(121.41463612887328,31.288878637265945,19)
(121.4367137582659,31.26448608352878,23)
(121.42010643989052,31.236184490159662,4)
(121.42815605379019,31.248485843616365,37)
(121.4392128371505,31.266863655136376,36)
(121.43565456076507,31.2387343694388,36)
(121.4000477979711,31.3073207193677,35)
(121.44480071359506,31.24661919343474,37)
(121.44431471031807,31.247382811714136,18)
(121.4019872362064,31.289246508465776,34)
(121.45590948134502,31.271227563953314,2)
(121.40818509588166,31.224383835758484,36)
(121.38288432127267,31.283800712105933,15)
(121.43080736295381,31.242991724356255,13)
(121.40286979647014,31.247652440055756,1)
(121.38059489547642,31.23368234361992,9)
(121.42296045590628,31.262137122638073,36)
(121.38248909873167,31.29792197982311,36)
(121.43895335513669,31.26771938859024,4)
(121.43399127409378,31.236623046895286,28)
(121.39750467621258,31.23457540320533,3)
(121.42242959077535,31.25992444944047,37)
(121.39944307723708,31.250525473531702,2)
(121.42162041058114,31.23243736407287,1)
(121.41589640403328,31.22981663799851,6)
(121.40764503401772,31.258729164959686,21)
(121.37704983024732,31.29333631070812,24)
(121.44319380601978,31.246112587262907,36)
(121.43628861124284,31.278042348185945,9)
(121.41981304239057,31.22905586181875,1)
(121.42770780027774,31.262702468539366,1)
(121.41111647862961,31.24542909361502,14)
(121.40952051229382,31.230881735214382,36)
(121.44739655581624,31.24858961664586,28)
(121.3736393673051,31.26371391280674,17)
(121.43421302681273,31.242348780150216,3)
(121.44259246641775,31.252074180096663,37)
(121.44054668290015,31.28038136636559,3)
(121.33972324241573,31.28769090843086,36)
(121.43542425401667,31.23841998160122,2)
(121.40995820262656,31.242553375994472,20)
(121.4298024177791,31.2520948167938,24)
(121.36141346880534,31.284892159238527,14)
(121.43784871597266,31.262114536052984,24)
(121.3370330933534,31.29833504218376,14)
(121.40991092288989,31.2477633179147,37)
(121.3649676196512,31.313277341303436,5)
(121.35776891071822,31.27938535790944,14)
(121.44546353842148,31.259889905249413,24)
(121.4412602310512,31.25551074421095,11)
(121.42965811746525,31.258090583509787,36)
(121.41656085102986,31.23877945822979,17)
(121.42396490659189,31.254640131276506,9)
(121.45526357485471,31.272423816040813,4)
(121.40116696532934,31.287108285959246,36)
(121.42281460959467,31.262460365232737,36)
(121.380601734591,31.296601540801916,12)
(121.41594537574689,31.264152884461843,21)
(121.38939452996276,31.23473304241369,32)
(121.41349127625995,31.261349376821332,25)
(121.4587991141356,31.255536064380788,29)
(121.43489144036175,31.240084696549847,14)
(121.38648322828901,31.29635901143305,36)
(121.40366403564873,31.260190694004713,13)
(121.41879384114242,31.230609668958216,8)
(121.42580083441314,31.239772052002902,36)
(121.41358019779767,31.23467114664317,65)
(121.42176642746091,31.262537706283393,22)
(121.4112752782231,31.232093030449906,2)
(121.36638844580489,31.233115985187172,35)
(121.42191448437326,31.248945394359257,4)
(121.3890850601686,31.266847971791574,36)
(121.46076182349822,31.254651318041333,34)
(121.42160358600536,31.246329703372655,11)
(121.42520477080593,31.24816724718188,29)
(121.40364595097864,31.236316105571355,6)
(121.45368427387542,31.247715354839247,2)
(121.39517466579498,31.271801437866838,14)
(121.45322257929384,31.24773139054797,25)
(121.39589815750445,31.228612094617354,21)
(121.45473486373858,31.258191908446975,10)
(121.39515961510384,31.23419135956849,26)
(121.45883038477096,31.259597761235813,2)
(121.43879768050161,31.254433745886427,35)
(121.40206849408357,31.257601283417795,36)
(121.41235260041466,31.248329647654483,2)
(121.39538459049044,31.2672640694075,2)
(121.38387581377853,31.294007932746183,18)
(121.3938177568888,31.274237673089385,10)
(121.39630882672107,31.26818076463943,36)
(121.42563539742427,31.247260168962665,37)
(121.40468811414411,31.24248778902582,1)
(121.36880289594356,31.28785307193141,16)
(121.42723637810434,31.24042609210221,4)
(121.38942741838068,31.256108600738138,11)
(121.41087295463791,31.26171727578651,11)
(121.42243499214347,31.260360049723797,36)
(121.42518692549088,31.279620785742313,2)
(121.36573142517639,31.274591568348775,36)
(121.37438374686012,31.25425834376963,54)
(121.38867654317248,31.272052653772928,20)
(121.36139832154261,31.283520576534315,8)
(121.38884624094686,31.282786440597302,1)
(121.44746537926672,31.248234337392034,33)
(121.44189091446982,31.242183875065724,5)
(121.43966127883938,31.277195866090242,159)
(121.38368887708201,31.287105015796964,18)
(121.4316123201868,31.277790295672784,2)
(121.39587992444008,31.2675164013042,11)
(121.37588929939615,31.305802811322042,36)
(121.39186998583877,31.25185740646589,6)
(121.33955486447407,31.287694591596942,37)
(121.41124784700708,31.272919967564018,1)
(121.37411459349569,31.281206850078938,35)
(121.4216043861839,31.24608070400955,12)
(121.39670947958584,31.245936389874377,3)
(121.39972242678068,31.232054407462254,7)
(121.4260612361094,31.258895292787773,37)
(121.41759136855062,31.251195541485643,7)
(121.40252971513769,31.24289138056118,32)
(121.42750700818542,31.251063588835486,20)
(121.44234843296967,31.24642806333562,36)
(121.45940260935538,31.25982223013805,11)
(121.37954415973203,31.295548013656663,17)
(121.42982608958783,31.246567395497166,36)
(121.46121835231943,31.251924088907664,9)
(121.46298319229771,31.266485706039322,20)
(121.43301738406477,31.254244248624506,16)
(121.40169769471999,31.244816577989976,1)
(121.41843999229883,31.252710791769655,36)
(121.4458908633059,31.26211513907912,12)
(121.45097550443255,31.257958153694737,11)
(121.412954672206,31.25355027808974,36)
(121.46041960852055,31.253093404716644,36)
(121.39476957690665,31.239520324972236,22)
(121.41117594158943,31.2279611460131,21)
(121.41069873755771,31.253073047785026,1)
(121.39828370900526,31.244086530311936,1)
(121.42318526043194,31.262138961780785,1)
(121.4295432405225,31.246431573412323,1)
(121.38491429188483,31.25797373568472,36)
(121.41057115377257,31.2343404191317,1)
(121.39036216805269,31.290255561597597,24)
(121.38869132073341,31.22783635156405,36)
(121.39911432336669,31.24330415254661,36)
(121.45461332690483,31.251194013712382,18)
(121.38134784807434,31.26450712132402,36)
(121.39676623410891,31.251161887989465,21)
(121.42313530519004,31.262151003076404,1)
(121.41090240567351,31.24403850989613,36)
(121.40255536358963,31.243374105104223,11)
(121.3679206493051,31.314372535195048,32)
(121.3753786869725,31.238066776129493,32)
(121.36298035033481,31.284578495636865,32)
(121.4587462740469,31.25603511128667,30)
(121.43809834732802,31.268871616591266,14)
(121.44836103063162,31.25491457552254,13)
(121.4146481766972,31.255129459825643,36)
(121.38291178597221,31.24280517249653,3)
(121.42471274356814,31.260810230832558,9)
(121.44083418755555,31.257653319909682,4)
(121.38159470187486,31.29391150130398,57)
(121.46331197008132,31.267881166233167,10)
(121.44610826446926,31.24155230948291,22)
(121.41449762552068,31.24853901234571,2)
(121.42952825618957,31.246402575620483,1)
(121.38254527519994,31.25105362965033,31)
(121.42559196467916,31.24175343906614,18)
(121.39487097160004,31.25171206921016,37)
(121.41084272078758,31.226341090642304,6)
(121.40659417698548,31.260506744671186,1)
(121.42693650670228,31.238171342684925,43)
(121.3893283223943,31.255975470215486,34)
(121.44811405731463,31.271929419063465,25)
(121.41112935303867,31.244023463181406,36)
(121.44481588815003,31.248972213068626,24)
(121.39454042602213,31.22476569534629,6)
(121.40586296523514,31.279763172610473,14)
(121.42586703178345,31.241958295359208,30)
(121.34893476225749,31.297049029671435,6)
(121.42750789355878,31.238292880159772,21)
(121.43381735964164,31.26348079373142,20)
(121.41796499212508,31.249392566071798,9)
(121.41102050309166,31.29127452816189,3)
(121.40741637835568,31.245528443532216,1)
(121.42875433458914,31.265622041792422,21)
(121.3847541140932,31.257868545763817,18)
(121.4335589323174,31.24635812974911,36)
(121.41189536353514,31.25782139480523,31)
(121.4310527076265,31.270076229503534,18)
(121.39289677080235,31.263946284479974,22)
(121.42589546139016,31.2522452131036,12)
(121.39831935935221,31.23594854700616,16)
(121.41822201246481,31.228471976781574,6)
(121.35596970448772,31.308119630522096,36)
(121.43750434401625,31.239898211131674,6)
(121.37476331552011,31.278564571410364,30)
(121.43080827953591,31.253517392109543,43)
(121.40840114055943,31.265679538467825,4)
(121.44068804391743,31.241513399846234,3)
(121.4459142247839,31.244771169458858,37)
(121.45557242179177,31.26795529083795,44)
(121.36506647205313,31.277139632536365,32)
(121.40006338299763,31.26756064295636,2)
(121.39716947601623,31.2662324329882,7)
(121.42772758288902,31.23547948910178,20)
(121.41623493105772,31.26070428577964,36)
(121.40405007887603,31.286880600589768,7)
(121.43869334360461,31.25105354414089,11)
(121.42310540749008,31.274478249132887,3)
(121.42864749485062,31.248581414899814,5)
(121.40312086562017,31.24784019997237,5)
(121.45781147506878,31.27622202817025,35)
(121.36978880528025,31.268957030597562,10)
(121.45300168516357,31.279728431538583,14)
(121.3437007242706,31.29483523064815,3)
(121.43318584657727,31.250787532936716,3)
(121.4371021140712,31.264216450755335,36)
(121.39092268881016,31.24521584446421,15)
(121.38871155299873,31.276250644536685,19)
(121.3748669040162,31.28101152659843,37)
(121.40631785220886,31.246583337615125,3)
(121.40219725251829,31.24301487168118,21)
(121.39379335593593,31.23564584615208,3)
(121.41113137429768,31.244272574266724,37)
(121.43999741619747,31.277650048764524,11)
(121.39480587082903,31.296871887962396,21)
(121.41176263015177,31.226072155631204,5)
(121.45664632903741,31.250594755554427,19)
(121.45485702153206,31.254541985691734,32)
(121.43656917395536,31.253886419197592,20)
(121.44259622675365,31.282418601786596,3)
(121.37604151926342,31.253595559584056,36)
(121.40978155897703,31.25950840633135,14)
(121.38640867842874,31.233452106634616,4)
(121.36763982401645,31.252718998280987,2)
(121.42198371337884,31.255708013608253,4)
(121.37496225812762,31.274581163075556,11)
(121.40760381725754,31.30098770690395,2)
(121.41004154431012,31.260261889826573,26)
(121.39744414513274,31.260937278504354,68)
(121.4225867570546,31.28483388604303,2)
(121.4229453831764,31.272609581736834,13)
(121.44640372672893,31.244855055341606,7)
(121.46030607695727,31.254986488416574,3)
(121.45686604377056,31.254932966492085,10)
(121.42266141743643,31.247301847161488,1)
(121.38301654882089,31.24721838548776,6)
(121.36711986802693,31.251916893505527,4)
(121.372369765425,31.25594091588097,36)
(121.41636992411044,31.238487406368776,2)
(121.45517768639179,31.271268507553057,12)
(121.38426589301599,31.272803471757033,36)
(121.36144350968151,31.284713134190316,36)
(121.3809895487552,31.243838856280647,22)
(121.4085467554249,31.24558967719115,26)
(121.43768685477832,31.2377029691243,25)
(121.44150385870768,31.256336733665886,5)
(121.39284994115071,31.256251926560065,8)
(121.37217034973592,31.24482491660913,18)
(121.39445624911693,31.223324979539566,1)
(121.41658485305456,31.250409646535015,4)
(121.3848181346735,31.291785745225784,36)
(121.38222723264613,31.279973498630575,37)
(121.38037190209405,31.290298792451143,11)
(121.4256411028037,31.24099673827966,36)
(121.4305575632678,31.23783005942821,19)
(121.39016864404365,31.282457773132656,36)
(121.42152435585966,31.23593550171511,13)
(121.45698224717958,31.276791839395795,1)
(121.38716707463027,31.2870118429903,36)
(121.46038968658978,31.25306846085577,36)
(121.4269894074636,31.237687075854126,13)
(121.33314846460354,31.30051248686248,36)
(121.41806415216723,31.25190762709883,37)
(121.43794878978238,31.2763224078195,36)
(121.4479673993477,31.249259898522656,13)
(121.3955995672416,31.233336096709706,36)
(121.39630662704637,31.259932380978633,13)
(121.38026730445092,31.265638293956705,8)
(121.43436416504473,31.260072476790647,22)
(121.3957301343431,31.270867746816087,40)
(121.41405973999485,31.235939091415577,7)
(121.45086318144271,31.274297329563925,11)
(121.38242263028049,31.235948596760895,2)
(121.38372204265185,31.24684775167961,3)
(121.43555378004207,31.243995620254722,7)
(121.35918058235147,31.27761156835142,19)
(121.42931363521409,31.236305246242466,2)
(121.40961091707217,31.245221798687936,28)
(121.40117487064911,31.236613288840005,15)
(121.3853121463003,31.242343889347502,1)
(121.45308269990747,31.247598503628904,15)
(121.37936862674464,31.29323549067785,37)
(121.40529506026795,31.269163160517394,26)
(121.43758804302367,31.23800924274903,8)
(121.41235127762262,31.2583245103095,2)
(121.40155688342745,31.25207375169321,26)
(121.3831434711439,31.270668518211117,35)
(121.36470222123799,31.24959508155735,2)
(121.41059445956269,31.22394954337597,1)
(121.44225118170893,31.26442107159377,5)
(121.35361673113532,31.29223911294385,19)
(121.40126598964397,31.276366428017756,29)
(121.3896725308638,31.26650725667973,36)
(121.40228593617063,31.232097221101753,21)
(121.41382875932338,31.231578204426654,61)
(121.37867680841495,31.232685107840627,64)
(121.38683373932767,31.286831496221048,18)
(121.40912219707847,31.227091531584115,36)
(121.37526597483212,31.254765070006474,2)
(121.44230928125903,31.25931642494165,5)
(121.40218550048822,31.28027990267569,4)
(121.36966227610284,31.311302834354457,37)
(121.44488420797036,31.25421140667793,36)
(121.43451728302914,31.2319024353091,5)
(121.41327421984548,31.23813732117278,6)
(121.3717386176391,31.277038058001352,37)
(121.4230747722651,31.27308358897733,35)
(121.42430555137152,31.254611249060822,18)
(121.38899413785964,31.28012245846773,36)
(121.3694735009864,31.287854259416882,36)
(121.3949894567037,31.30233511940637,36)
(121.36554446930307,31.290422765150012,36)
(121.41664583260979,31.25054167874651,7)
(121.36795071564302,31.314551645417605,9)
(121.44619456685108,31.25437526037365,6)
(121.35152043762665,31.281382041942617,37)
(121.3666122737166,31.25164087407407,36)
(121.41705074609573,31.263498137487357,1)
(121.42383387269899,31.241414361590433,31)
(121.45428689305525,31.26007555475018,29)
(121.43208326132323,31.283984895582417,11)
(121.3926871762506,31.247310902087804,25)
(121.4482327556746,31.27709150397978,7)
(121.42123520397405,31.243075913684798,5)
(121.43843272962717,31.23897151309912,26)
(121.38258676773454,31.281346417844404,72)
(121.40818892332452,31.26827037007411,37)
(121.40154031739442,31.23415771606435,8)
(121.40244546560412,31.290660171861777,12)
(121.39100486331043,31.223502989539313,22)
(121.44364956748021,31.244290697409262,1)
(121.4529572375141,31.276473694515207,33)
(121.39697388310915,31.241821846937817,27)
(121.39306889888118,31.252586459815582,33)
(121.45560337172016,31.256752410681404,3)
(121.36531847748628,31.283674649096913,20)
(121.43646917709441,31.253380595098577,36)
(121.3451826581001,31.279429754054135,6)
(121.4063789946053,31.245540501550654,26)
(121.40889784165158,31.24651854816957,14)
(121.39296172782504,31.251462902518146,11)
(121.39190063115215,31.24752551116567,37)
(121.41288671355491,31.253769391876443,36)
(121.40845993411072,31.245647759094503,36)
(121.35718653131245,31.28747129716135,21)
(121.38853547532705,31.277149883967724,20)
(121.44457437710247,31.272049574669722,30)
(121.37305123476631,31.272387836109633,36)
(121.3877191210608,31.246779702677763,37)
(121.44799886314286,31.255366527364064,37)
(121.38566518227421,31.28940275126454,36)
(121.35325703502022,31.292762695184326,4)
(121.42592104434267,31.236348216869853,37)
(121.4588260869694,31.2539062266674,4)
(121.4379083030419,31.26272759196363,12)
(121.43008765233968,31.247491946678064,2)
(121.42433786732495,31.246694339129206,12)
(121.39610610178983,31.233720602791784,1)
(121.38276689470884,31.245951438219066,11)
(121.42767014736887,31.266197998532572,36)
(121.4268755700218,31.238146385712376,36)
(121.41595800882814,31.238033169326215,1)
(121.42468024166496,31.239581254876285,36)
(121.4461665766148,31.241560719719168,33)
(121.46289296270201,31.25433030016529,13)
(121.40245621788543,31.241948445827767,5)
(121.42671486428267,31.239551163810116,36)
(121.42789392568037,31.256419683958455,27)
(121.41105327280152,31.277142036002505,14)
(121.40537362238672,31.2646968177164,4)
(121.44013969281707,31.249269674132865,8)
(121.37233857605626,31.25236892444171,27)
(121.39973841405019,31.230208407856843,36)
(121.38141919645359,31.290511966272504,14)
(121.3891866503786,31.291222705672002,8)
(121.41094838048694,31.243866424960018,21)
(121.45649108449292,31.26791195795148,10)
(121.45381439140213,31.252668281475177,36)
(121.38611667645084,31.288854031434035,25)
(121.41680966007895,31.295364385361065,11)
(121.45542050028222,31.25301115400345,2)
(121.38724396918641,31.262001467875624,22)
(121.40457448083728,31.286807947435037,11)
(121.40719665032378,31.2645588187811,36)
(121.40706081248415,31.251301289901736,9)
(121.39548293713466,31.26477131168908,37)
(121.42474106685175,31.241901878782844,26)
(121.393740204579,31.25097513625973,7)
(121.41879370690283,31.229068959160614,36)
(121.41843698895751,31.241188668824634,12)
(121.43784801330581,31.254039031783456,36)
(121.38763239679538,31.251236094830773,21)
(121.43657277979312,31.2809078681699,27)
(121.39528850022084,31.232017429242724,3)
(121.44566275955025,31.267069646107053,1)
(121.42612846316894,31.23936458962945,2)
(121.44808259423591,31.254339928416346,3)
(121.39037569146032,31.26723644297814,23)
(121.4217540047483,31.245464646118577,36)
(121.39739281815937,31.29185510139095,29)
(121.42609770281912,31.241748690840303,3)
(121.43830678908506,31.271663964262125,36)
(121.37546355693391,31.246691751148976,10)
(121.43059067247562,31.24707994898929,13)
(121.4315468268014,31.281036307309858,19)
(121.38694085372597,31.2869596365013,36)
(121.4059492208179,31.230046371049305,23)
(121.41041400442424,31.238276994235964,9)
(121.43767872476624,31.240696057547225,19)
(121.36466347697844,31.312584507308262,12)
(121.40453849870755,31.2297442117643,14)
(121.42269515665244,31.265271694330185,37)
(121.4280590869431,31.25447897495068,2)
(121.42282992630797,31.266238970873765,2)
(121.42181799810466,31.28034457133276,16)
(121.44094615686481,31.236646811946397,11)
(121.40629062364435,31.275582082716323,2)
(121.41785026761252,31.251769670761206,22)
(121.39729631129798,31.265938961096566,25)
(121.423188261382,31.262179977243264,3)
(121.40466880866983,31.260433949862342,34)
(121.42608118664214,31.266237293313047,6)
(121.4227136613058,31.26637789602588,37)
(121.37618984763424,31.246111597380594,7)
(121.39915859168455,31.25967064128672,1)
(121.40395765219318,31.266753547996487,1)
(121.3910918610989,31.257169223604134,14)
(121.39671912469242,31.23032532287739,6)
(121.46099949604633,31.2698022964458,12)
(121.41960426694196,31.253112343908526,13)
(121.35171190509018,31.282149695314416,4)
(121.44422854310812,31.24315258925977,8)
(121.40870457725889,31.230448610801325,31)
(121.41525239875429,31.27214053530575,31)
(121.44048252752944,31.242857309737044,43)
(121.36669090453587,31.237764948552833,14)
(121.41352248355767,31.237965428372984,1)
(121.39786606703824,31.292208432925,3)
(121.38864842962148,31.25250944599981,5)
(121.43654126755327,31.25387721380867,12)
(121.43274516598773,31.270335480633587,15)
(121.45149617158042,31.245848048000795,24)
(121.3559930085944,31.302709244954716,36)
(121.3878408777674,31.23155840841226,20)
(121.4388152964963,31.24140107159683,10)
(121.44584356335533,31.24606819186852,57)
(121.45968663021235,31.24758726053972,7)
(121.41210534535878,31.25828254873203,15)
(121.4074537003939,31.230831844630906,37)
(121.4010732906492,31.25827734136798,1)
(121.38584161756862,31.241371392784888,1)
(121.42010741068077,31.247322498226573,31)
(121.38198051942078,31.252097381470875,27)
(121.3514693072174,31.304256058748294,36)
(121.35213483276402,31.305794827251976,37)
(121.41938033674496,31.252509027351067,24)
(121.4335196505633,31.242483443452386,1)
(121.40138161932164,31.244854714358656,11)
(121.44200562960575,31.24135132328619,1)
(121.38758491316737,31.234691638749137,28)
(121.4075557710614,31.26608546494638,11)
(121.3660575084987,31.245885665018317,41)
(121.43600434068856,31.234706644889737,9)
(121.43708729298804,31.265995230338504,14)
(121.4601777200917,31.272333883331257,1)
(121.39285674262922,31.256621127095833,36)
(121.33970082898222,31.301003900253345,36)
(121.39874494247019,31.297933029028727,32)
(121.41834360043137,31.237287670404662,76)
(121.4412300984491,31.264838819646005,8)
(121.40833209631299,31.247465330840107,17)
(121.37940013659039,31.27426953653501,34)
(121.37127288443128,31.313572443643558,32)
(121.45220931710622,31.265552042569613,20)
(121.39100003074121,31.251410290550556,33)
(121.42837089246574,31.260925078809596,34)
(121.39763408785878,31.25926763452238,30)
(121.43290714618246,31.265221609877603,17)
(121.33720831448946,31.29629957472984,4)
(121.39914891277766,31.233897721137247,17)
(121.42702041470442,31.23815425985392,36)
(121.3692730694234,31.287853933124925,31)
(121.38941117263487,31.241956324904372,16)
(121.37092734415653,31.242522061557306,2)
(121.45364665911866,31.248487456281932,4)
(121.42617440629715,31.23925750181347,32)
(121.39251706011514,31.235863650991874,32)
(121.44867012874059,31.248636155081517,4)
(121.39070713554314,31.252291832685813,1)
(121.4601986238661,31.273273784459246,1)
(121.38763632782957,31.227294557596213,22)
(121.44837133267868,31.25476887755245,11)
(121.38389181825107,31.287105350338408,27)
(121.34123752144075,31.286379233471905,35)
(121.43651210704502,31.25335352679906,1)
(121.44088284598187,31.257082833522578,35)
(121.44821970162245,31.253497453984544,15)
(121.38554716391002,31.25297430697001,32)
(121.43503022984486,31.251529626713914,17)
(121.4415891200209,31.241290325612177,5)
(121.3769325229108,31.26865103721939,36)
(121.38308625612372,31.28361962126351,20)
(121.4553879041297,31.252968650763442,20)
(121.4219066672625,31.237268956293946,1)
(121.42707334825168,31.23804916469595,36)
(121.40633321378954,31.245774519867066,28)
(121.38180870752491,31.270582819897363,16)
(121.4191707783768,31.267087620484016,15)
(121.38929729805663,31.25600045833307,27)
(121.4425793408509,31.26330046695922,1)
(121.40914310195666,31.24580630042329,8)
(121.4237749434945,31.26302975402802,7)
(121.38687129478322,31.28131327841634,34)
(121.41173271726093,31.226980583131983,13)
(121.44866819152948,31.25275917799926,20)
(121.43490757054181,31.253329571032076,36)
(121.43593832675072,31.241792419131492,2)
(121.42805122136012,31.26050220005574,36)
(121.4161578951579,31.24839093123715,1)
(121.41006702936095,31.255586973397907,17)
(121.42549184016937,31.241021819784333,36)
(121.41296226606079,31.232433552768427,1)
(121.372639196264,31.2561383536355,35)
(121.43533139329645,31.279769428705656,36)
(121.45219178288086,31.24546312960332,3)
(121.40735825368817,31.282978520379576,17)
(121.46035934146789,31.259680410278143,6)
(121.41082671684656,31.22384869192227,28)
(121.38893215567839,31.292418394951092,36)
(121.43006068302341,31.235856282997887,36)
(121.39665685985577,31.250606437332593,16)
(121.40159949323277,31.234090210040634,6)
(121.40907768589382,31.244154790030226,25)
(121.34887425566025,31.30310911196736,36)
(121.36145835354148,31.288462005320465,53)
(121.37427024393627,31.228457010953903,22)
(121.36150195675879,31.2967980912505,37)
(121.39767182592539,31.24459019365409,3)
(121.4232016941713,31.244353147389692,36)
(121.36837172375043,31.30934716843257,36)
(121.38334081228258,31.25653612111173,63)
(121.36418061043686,31.309698958014298,32)
(121.39354610773785,31.288352280504615,4)
(121.37408257273495,31.255606166081364,37)
(121.40356504268709,31.24487275557318,32)
(121.41664317881707,31.2384583120686,1)
(121.41652422129452,31.265724318310912,36)
(121.40125358861478,31.27256848390722,11)
(121.35561697028083,31.298138622803673,36)
(121.43337683309782,31.265190561132158,37)
(121.40751776842447,31.266036444896645,33)
(121.37787929742441,31.262793634052763,36)
(121.37201367659819,31.284297405644164,16)
(121.36451695653997,31.312273390986167,8)
(121.40405543302852,31.286996962233975,36)
(121.43906755550499,31.260779256093727,36)
(121.44282171966073,31.259955255421126,36)
(121.45393672462994,31.248385144278284,22)
(121.38042193324422,31.270970607741297,35)
(121.40911219437893,31.244104597286743,36)
(121.40743734831334,31.22678497678788,34)
(121.38134987344311,31.287755786811584,16)
(121.45267140073628,31.258893214007447,68)
(121.43542961517613,31.27489825739024,2)
(121.39555015285812,31.26183133064177,24)
(121.37756759291051,31.27435554859627,23)
(121.34368002075298,31.280053291334532,1)
(121.38502534686134,31.291724906934498,24)
(121.39312395097689,31.264232540993053,36)
(121.36946393202656,31.23040154740865,35)
(121.42337484309127,31.23956471573673,8)
(121.43313183626962,31.249799159610017,21)
(121.36494371629433,31.31318813870004,23)
(121.34272046501194,31.282213318795822,10)
(121.34012863399464,31.28167222635324,36)
(121.34097794756758,31.286451774413642,36)
(121.39894214257592,31.287866088571548,25)
(121.42958811104694,31.234100965441147,3)
(121.40796312682005,31.304759157403033,34)
(121.36885281831108,31.230998798939513,16)
(121.37877379362901,31.26642219089651,32)
(121.4485596720397,31.259659800569406,1)
(121.43997297016007,31.24908983901901,14)
(121.42352212425074,31.241072440363073,43)
(121.37871956509481,31.287603915711493,36)
(121.4251983403078,31.238665050689924,36)
(121.44897585572141,31.259184072155332,31)
(121.3457703809149,31.29608155744026,36)
(121.42680681822884,31.240148352058668,36)
(121.42860179729955,31.26163221840626,3)
(121.42772058689259,31.237489319461215,30)
(121.38199913880433,31.286403233470008,37)
(121.37273346816973,31.234957147007773,27)
(121.41907776188094,31.254022861147316,7)
(121.410923640734,31.242030877958133,36)
(121.37507502254184,31.258480452998718,8)
(121.44129102160866,31.265227893432268,33)
(121.4479532770142,31.259001189921207,25)
(121.44205436571839,31.28527507865382,26)
(121.39419850178388,31.25103241428074,25)
(121.40685333061104,31.26083021763557,19)
(121.43387382282296,31.250280493464476,37)
(121.39099426476565,31.27414839698128,37)
(121.36492120705464,31.27706138115737,31)
(121.3962228655443,31.264726373269117,25)
(121.41348781769905,31.245852728543646,3)
(121.43554041948258,31.26256978578859,14)
(121.43347528594924,31.249049424093037,33)
(121.45140853613202,31.260232175117682,15)
(121.39053429944168,31.255751229095484,13)
(121.3968095196132,31.245818381112887,36)
(121.41454265853925,31.268722813312937,5)
(121.44881385567001,31.264039806119484,31)
(121.42875023162848,31.25042456991211,36)
(121.44098186448208,31.24138238099862,5)
(121.4225345578458,31.2820497854529,1)
(121.45449481968124,31.258651970350595,36)
(121.39165908456789,31.277739326950595,15)
(121.43340268151276,31.25240499035985,37)
(121.42343113392586,31.25171724763437,34)
(121.42163179424314,31.262680877944447,16)
(121.46021415839189,31.25308986321386,8)
(121.42300730468139,31.28377415711753,4)
(121.40893559706961,31.253902127831655,37)
(121.41064181958335,31.225209961999536,3)
(121.34728726006487,31.302790964274507,4)
(121.44701710466808,31.257208068937008,12)
(121.44051596519449,31.258786261808776,7)
(121.42294445715284,31.261993072103245,16)
(121.37883852745325,31.287530918935452,33)
(121.45311363833618,31.247735503059552,2)
(121.4339307711423,31.23915645323331,23)
(121.40574848540761,31.274328911847945,2)
(121.3391355080562,31.301409483668724,14)
(121.42594568101586,31.239706900140217,33)
(121.43555522396281,31.260586913104255,36)
(121.45402687480485,31.252618831452168,8)
(121.42303541882156,31.262456206144094,36)
(121.37304755194539,31.230011173416276,11)
(121.42339115054511,31.22856683211881,22)
(121.3892972971848,31.255990453971652,33)
(121.4001302221329,31.244825963925432,2)
(121.3823108205719,31.274123155009494,16)
(121.44707029091855,31.261148273249205,59)
(121.40621856410124,31.240642300152565,31)
(121.4301601510051,31.242645249289577,32)
(121.3960211846532,31.223709941776608,8)
(121.41352218360976,31.244940515066563,7)
(121.43246985211977,31.25092842190995,8)
(121.4127547662861,31.230957182179754,4)
(121.40665071240147,31.248258211350436,32)
(121.40997280622355,31.24280297855311,36)
(121.43175707259786,31.25389052465652,1)
(121.39853464661667,31.24968178691408,7)
(121.42250961084135,31.26404115812364,7)
(121.43773546964461,31.280091260225515,13)
(121.3410771743256,31.28650898433771,12)
(121.42167200199147,31.234762339251436,37)
(121.37142428999412,31.27894042635154,36)
(121.42442313787342,31.262175046351544,1)
(121.44564501892275,31.246657792215498,13)
(121.44398496841636,31.24256172226858,10)
(121.4267091445402,31.254160668156388,5)
(121.34564057471266,31.27843218770303,36)
(121.41107732220124,31.243532252611832,8)
(121.44276937667452,31.23922854650441,8)
(121.4198539743632,31.23533998999895,10)
(121.38719520705853,31.230787536568837,57)
(121.42615842119248,31.239238506949057,3)
(121.410514888839,31.260105638832794,3)
(121.3442578524006,31.282431511498306,36)
(121.39722643929609,31.266729946478787,26)
(121.38942745752696,31.25655779641748,36)
(121.41609204374207,31.238254414828173,36)
(121.36658166918762,31.251719770160904,17)
(121.38296198109349,31.290366442346095,27)
(121.45928296594577,31.25861608316258,7)
(121.37259211659861,31.256051254380182,34)
(121.40932636812325,31.260221741246013,12)
(121.43436275535271,31.245044375591917,46)
(121.42615843103952,31.239351558043783,36)
(121.39750799450024,31.293255707002047,20)
(121.3755181215054,31.27173404300737,17)
(121.44301225700394,31.258798452601752,36)
(121.3677056253543,31.296298613028302,28)
(121.39929762998032,31.246018427119918,21)
(121.36976993530068,31.236213629925906,11)
(121.38476738677996,31.237847674580394,36)
(121.3814500060831,31.299386512595028,36)
(121.4200619349331,31.25296101536484,36)
(121.40071399462849,31.267575235782893,25)
(121.37222194195269,31.313197775832474,30)
(121.43124936449195,31.23809304027131,2)
(121.40856254690733,31.264330670595793,36)
(121.42500865219965,31.251577970315335,3)
(121.42793601869754,31.256683652969144,23)
(121.4026691281731,31.229148304133876,22)
(121.44551618364113,31.245547515691467,36)
(121.44176205855352,31.252592699537974,26)
(121.34588794469201,31.299638171064384,20)
(121.38102174999177,31.290884706955264,6)
(121.41228757801993,31.259464928818687,30)
(121.44528922524722,31.263736854894585,4)
(121.40782748353497,31.24002402211787,16)
(121.4362479221281,31.254287287596377,22)
(121.39950697159071,31.287117954242042,30)
(121.41954229958733,31.24153923562381,1)
(121.39027089358903,31.240128009579266,27)
(121.408546610574,31.253583017227932,25)
(121.3835144510337,31.23117547058937,1)
(121.41088752491702,31.245368106593627,15)
(121.39449851429913,31.24773585682753,16)
(121.41902705112314,31.28389529180969,1)
(121.37298937845554,31.263607034047208,36)
(121.44978822528941,31.258484617859892,36)
(121.3725921035557,31.25590118896049,36)
(121.36504004725714,31.249339290283586,26)
(121.37841529717487,31.277613489635023,37)
(121.45492056248277,31.25105132205231,36)
(121.44284827226686,31.24213232387351,6)
(121.41150566799915,31.24867846470801,36)
(121.43400656500178,31.260993008939558,33)
(121.40275484725834,31.254355872629734,30)
(121.4002891788851,31.272384871268752,11)
(121.3943973360197,31.247710051741738,2)
(121.40218269071657,31.248080127843572,3)
(121.42416253028169,31.2409539041959,28)
(121.39131200028194,31.24596715933215,36)
(121.40232264339667,31.257517078957566,28)
(121.41296858300241,31.229649524959132,9)
(121.4091004915012,31.24414419478232,22)
(121.39850873896482,31.261204209653133,2)
(121.42237219358071,31.233009689658637,3)
(121.41091624948307,31.230814507862625,14)
(121.43371773506364,31.23522392308436,2)
(121.3846075694417,31.257774734561078,14)
(121.40727105746754,31.24632485935207,36)
(121.42087569216743,31.27989959214307,3)
(121.44295345260647,31.28271362359673,2)
(121.41932632347287,31.254233412744856,30)
(121.38736110081224,31.296676860482496,20)
(121.35564927298086,31.30040752041346,10)
(121.38615358723212,31.270204177366363,35)
(121.4022751182424,31.264204173668567,36)
(121.40591071387948,31.299758205856463,8)
(121.44413957763342,31.264519097392967,11)
(121.36660993133262,31.274307748291523,36)
(121.38245806476411,31.29794295750317,6)
(121.43167010824466,31.264439187969355,2)
(121.43361655616009,31.24298555375715,5)
(121.34281437354112,31.283921546555444,18)
(121.41101630320419,31.243155094418945,32)
(121.36538731826106,31.249292162666315,3)
(121.38739213214596,31.29670089501423,26)
(121.43644621361494,31.253384627016988,42)
(121.36900812007222,31.252764964337683,33)
(121.42434011389234,31.272461480908824,11)
(121.36830325506168,31.23324121680791,36)
(121.4539779807049,31.252478868638228,7)
(121.45633804847182,31.25114341789168,20)
(121.4480164614023,31.257593011546422,37)
(121.3892530379183,31.276410115178003,19)
(121.41067326678144,31.2418835814095,2)
(121.41113130659836,31.243496226749,16)
(121.43847842832717,31.243390737177073,6)
(121.37500202647483,31.287097933308292,37)
(121.41034532685133,31.24182260437457,25)
(121.4276108770614,31.24205758442764,1)
(121.40014438340225,31.239724870799613,9)
(121.41225146894796,31.245966147457548,6)
(121.45618204722969,31.252425772477064,32)
(121.43939295411481,31.23732540541974,36)
(121.40824608043359,31.22426177574297,5)
(121.3760149806717,31.25408067747123,35)
(121.3877464968113,31.251169156111096,36)
(121.4240700135415,31.237634863486278,25)
(121.4594926205743,31.247646265385566,4)
(121.39870936971018,31.24568007334112,37)
(121.40885171515585,31.255145678648898,23)
(121.41053184404701,31.242608595246864,21)
(121.42812857162217,31.27698110410097,4)
(121.42079476683176,31.26860832469755,23)
(121.38050815750672,31.232883099983916,8)
(121.4524967269625,31.24349482915205,6)
(121.40987628231825,31.259622025803242,2)
(121.43877837310652,31.239074870553516,4)
(121.40208818544946,31.287102771445088,25)
(121.36498392967647,31.284721907328304,7)
(121.45788507454833,31.250759953790126,16)
(121.45201162040682,31.263739652805224,3)
(121.38705247603932,31.27035183565351,2)
(121.39763233179005,31.239126722003338,36)
(121.36682200469576,31.251657699795864,5)
(121.44739036131897,31.279191294290953,12)
(121.44705896141167,31.241754875317884,36)
(121.43995933070153,31.275903379091016,36)
(121.36522673689278,31.27691678105926,8)
(121.4179313745251,31.22946958062886,4)
(121.41602720869324,31.239778130023527,1)
(121.34666794665907,31.30314096675977,10)
(121.44897352368498,31.26423359759286,3)
(121.40017849854281,31.286775045495112,3)
(121.40424391829052,31.25789978001413,9)
(121.42357714099221,31.26475179467076,4)
(121.4390440359416,31.25466569223241,35)
(121.34805895773329,31.30315050928309,36)
(121.3923073424234,31.245623376806694,73)
(121.43212628480286,31.250533636476597,4)
(121.37256105804448,31.255925158947093,28)
(121.45545056830423,31.254651810783784,12)
(121.43674181004809,31.235057587292232,15)
(121.44307994817328,31.256733447887992,8)
(121.36384066373262,31.309099720505294,17)
(121.42239888322291,31.26009394272321,4)
(121.43899867834689,31.26084038048624,50)
(121.43470810267564,31.23307373693143,2)
(121.3935103449758,31.288724937194633,21)
(121.41744375955771,31.23018706904848,3)
(121.42305835444638,31.261946970740148,35)
(121.41286879252961,31.23167848427429,9)
(121.42082443642242,31.253620847073872,36)
(121.34107715748375,31.2863139053175,36)
(121.42439017209817,31.254482366824316,29)
(121.45623626390943,31.273705328281483,8)
(121.43052395665937,31.24783133413476,8)
(121.42416256567134,31.241360087064947,36)
(121.34562729586868,31.298721331937948,1)
(121.42056822947673,31.23460590932795,36)
(121.37755172344274,31.272759486041867,36)
(121.4500460530032,31.25162113722911,20)
(121.39208209077303,31.2283059165676,19)
(121.36596078203124,31.285603441102506,17)
(121.454911817684,31.254338575036723,17)
(121.41130531975045,31.232652281142634,20)
(121.4499169483585,31.25859942786809,36)
(121.40894389734403,31.257354633599075,34)
(121.42271470277561,31.251091487174744,2)
(121.42793813372157,31.234843733284354,10)
(121.390767224324,31.29866117341002,15)
(121.4584723776178,31.260266832048124,2)
(121.45207867088682,31.279553247446064,3)
(121.3685464507103,31.309352890863966,11)
(121.40220781667058,31.244873880689042,16)
(121.44208967406718,31.255139309347538,25)
(121.37208902885135,31.275492879423,24)
(121.422401489837,31.24562528124536,2)
(121.37201236100675,31.269171126161904,4)
(121.39679504134476,31.245408805006434,36)
(121.384725021794,31.28013793743183,37)
(121.38926134665991,31.282374807385583,26)
(121.4082511044888,31.228972578720935,18)
(121.41285515459015,31.24724552092585,37)
(121.43743126839017,31.240170310966082,21)
(121.36307747958524,31.239439986713247,10)
(121.42095335418733,31.24232875585636,15)
(121.4310391813815,31.260914413191674,36)
(121.36899112526619,31.28785339634838,27)
(121.38120083639764,31.24340073021625,8)
(121.36896739583389,31.314323002180267,23)
(121.41746147676243,31.251582772918194,6)
(121.4373906845388,31.253164271551586,5)
(121.3740300814069,31.27675290534507,17)
(121.42274289358944,31.230622245683364,2)
(121.45953263067054,31.258106251743484,8)
(121.3676207125007,31.29629830233536,9)
(121.39601818473902,31.231909111482636,28)
(121.38363315170045,31.283703389129496,15)
(121.44893068098281,31.24196890380744,29)
(121.43626210621797,31.26904963087447,10)
(121.45190612855845,31.24720518020126,36)
(121.44151930070082,31.261735048252884,19)
(121.36400403628603,31.282526237861134,6)
(121.40221451064221,31.268861142713,3)
(121.43057987025175,31.256950133841197,37)
(121.43766728314395,31.27667193899657,26)
(121.43215711221568,31.249031937898813,20)
(121.38601995385791,31.241056226485853,4)
(121.3777801552373,31.262685474499012,36)
(121.38270213198078,31.295495232080434,36)
(121.38003116397094,31.24098660669483,29)
(121.38551832922158,31.262700311373077,13)
(121.3631631736255,31.301929760420283,26)
(121.39141596053838,31.289884122229665,21)
(121.39112395468499,31.276359262330796,36)
(121.414726480107,31.24752408270022,36)
(121.43511165807352,31.244815083661358,4)
(121.41587298881161,31.26900809151931,2)
(121.45660919530508,31.272217919432492,5)
(121.3710785227635,31.253346066840514,36)
(121.44290341548013,31.282696488887968,14)
(121.42313536940222,31.262887319367348,2)
(121.42605960477947,31.240174014047753,10)
(121.43464732337996,31.234572497207676,14)
(121.38991814394285,31.28267117760581,15)
(121.43094013615475,31.276739167005754,2)
(121.42824241694169,31.276699879321516,6)
(121.45210129505519,31.270240100782146,12)
(121.45017649461283,31.26006057494626,2)
(121.41162042576275,31.257698398912886,55)
(121.39696340323322,31.228488301820057,16)
(121.44451120692023,31.24568825830254,17)
(121.43714711553685,31.253591787380113,1)
(121.39951210992864,31.262077528338846,17)
(121.43760355204275,31.24414398474253,5)
(121.40588842945428,31.22775340004778,1)
(121.40176961043524,31.267444847486818,36)
(121.43804233332868,31.26214761873674,2)
(121.43487537275566,31.23903324147861,14)
(121.4401391309603,31.277236669483834,16)
(121.43701822221023,31.263911432484434,17)
(121.39287484922309,31.23633117090325,13)
(121.41820865552016,31.247218481606797,36)
(121.34030457632403,31.28803414467974,35)
(121.36648944036548,31.30919903300747,36)
(121.42292957260197,31.263168587668567,16)
(121.39547278121387,31.245520628777506,33)
(121.43648415566564,31.25340558638223,17)
(121.42299041025876,31.261911003974436,36)
(121.39924491126483,31.268744440056075,37)
(121.36503434935736,31.23873111174208,4)
(121.44302926156028,31.282177283537578,6)
(121.40643950413255,31.23990497443091,21)
(121.42027565716077,31.234651148150444,6)
(121.4286011536494,31.278432253152307,36)
(121.37125089668199,31.248664581733387,6)
(121.37270537623766,31.245520759321202,37)
(121.41055445604287,31.243774448538492,4)
(121.41952673851023,31.234984275132803,8)
(121.4360924621577,31.241333749954173,6)
(121.38938669894726,31.255521816797557,30)
(121.394281615829,31.240264658094762,24)
(121.38494921861056,31.279686953632133,19)
(121.41095180885658,31.278572373530636,4)
(121.37765024735015,31.25424566792703,1)
(121.36497252034378,31.313281741869098,23)
(121.42617440220148,31.239210480558995,36)
(121.37249842443,31.25204707865487,6)
(121.37630576281461,31.27204716057531,36)
(121.39718749873767,31.300773535854265,36)
(121.43680574217198,31.265979599255207,16)
(121.43257706798282,31.262812548781366,1)
(121.3807259727101,31.240098753627624,36)
(121.38932836564176,31.251773482862568,6)
(121.43346121828627,31.27097791592022,36)
(121.43736817523897,31.236354537396725,4)
(121.38822387048923,31.296364420443272,26)
(121.37577054485921,31.253038926975425,36)
(121.39514702089252,31.2733605063692,37)
(121.37363937678764,31.263822959506896,19)
(121.42142578149002,31.239929375867497,13)
(121.3941910915511,31.24637634776915,37)
(121.38605759720993,31.23652220790488,10)
(121.42520256937509,31.239506162920353,28)
(121.3951436355428,31.257491735474883,36)
(121.4320805526461,31.252897728599606,66)
(121.43719861148509,31.237280439152155,5)
(121.36158890395745,31.286117935412502,8)
(121.4418591840757,31.263976333211097,2)
(121.42844000514422,31.263130961368216,22)
(121.383041553848,31.247155389823345,1)
(121.36554040121885,31.278189778039888,10)
(121.4016097705035,31.25061912346847,20)
(121.34860623554451,31.3020321979508,36)
(121.38469688773986,31.257837149801965,36)
(121.40424360850584,31.23140894354629,23)
(121.43979990776259,31.267372811109404,36)
(121.37454787448289,31.254078884233056,2)
(121.42516345982561,31.239569654729614,21)
(121.44852796618152,31.261738591272785,15)
(121.38689381472733,31.287031626836423,30)
(121.3829159228555,31.290297370046208,36)
(121.43132599917,31.246522743747814,2)
(121.41473888595476,31.269422622134915,27)
(121.40242792872178,31.261639103997677,25)
(121.4411755404749,31.245815594259362,13)
(121.39547233193191,31.291057055102378,19)
(121.42302039806503,31.262069050485692,14)
(121.42786651581781,31.229953827569975,26)
(121.39664029253194,31.2327113835296,27)
(121.38038707778365,31.280610874647145,6)
(121.38242643885388,31.27968957886086,36)
(121.41347957335823,31.261350774369628,36)
(121.37883490473793,31.266785413178336,33)
(121.44818507565489,31.242341050546816,2)
(121.42656657554029,31.280279891088494,1)
(121.37216514568402,31.286993699451756,7)
(121.45818237665117,31.25157567064399,16)
(121.42544298238302,31.2488053912373,37)
(121.36933978069229,31.284769148642358,35)
(121.36886850615042,31.287853080430203,29)
(121.385619429186,31.285630977494186,36)
(121.40212699275821,31.22874736388812,13)
(121.4035784240212,31.24186660500999,1)
(121.40629840406312,31.28476743480003,28)
(121.3934223115781,31.277544319210467,6)
(121.46279381841569,31.26102643988579,11)
(121.4432088468225,31.246911919159334,5)
(121.39745871266175,31.255898099731578,37)
(121.45373079009786,31.25494344669928,4)
(121.44269743978393,31.242875794947533,3)
(121.38225521750921,31.251148581081463,79)
(121.39082769045564,31.26867482341303,7)
(121.37470216683195,31.27787821182866,25)
(121.37131441034975,31.235486717531856,37)
(121.37090094372694,31.23187096855066,27)
(121.39216834647961,31.25349831472631,36)
(121.39721833759536,31.264817548784475,5)
(121.42279180716686,31.264500255780714,37)
(121.42625555548757,31.253399730500735,34)
(121.41865475666437,31.247179485702326,1)
(121.44404343294835,31.25867541017734,36)
(121.39833410741622,31.232984199588305,20)
(121.42155574159798,31.252105718105824,27)
(121.45006161930958,31.25853412930693,32)
(121.43698756878698,31.24872430972766,32)
(121.44965259495662,31.27394705833974,1)
(121.41335766238731,31.232077535392992,8)
(121.44119101086665,31.24288771715461,2)
(121.39435780565387,31.229765796222072,24)
(121.45969028775288,31.26155070919154,20)
(121.3935223356062,31.288526864242225,22)
(121.4273201094975,31.2727841035328,10)
(121.43662208610677,31.25399112924839,25)
(121.40639722940118,31.24566223325102,37)
(121.42159598410554,31.246019902373245,2)
(121.39587993290588,31.26761344249817,26)
(121.37703593478263,31.27175746805066,16)
(121.43406263139934,31.26268667007725,30)
(121.42082619417396,31.2481101378589,1)
(121.39751853077837,31.24162938480951,36)
(121.44703645678116,31.241767371384103,30)
(121.39285104139725,31.256259026753174,1)
(121.4187751868918,31.253886898088485,1)
