(121.44504704165652,31.279005686398573,4)
(121.39026066790746,31.27398882885648,3)
(121.43929469216154,31.254581139880244,36)
(121.44854152289359,31.2419075843157,26)
(121.44138507817871,31.254923262558123,1)
(121.45592382848137,31.271197929868887,4)
(121.39400820744339,31.249032426965535,3)
(121.39931252914141,31.24479688708831,24)
(121.34098018380281,31.292762359028593,36)
(121.40525620004975,31.237020607147713,8)
(121.42776209723306,31.266433460972852,8)
(121.42519446827912,31.248079045221175,33)
(121.41000761483569,31.237904495133982,3)
(121.34745567413093,31.30336549411935,36)
(121.41893642611278,31.241148256047072,46)
(121.40725736196528,31.261273408325764,24)
(121.36144371227111,31.287047081008843,7)
(121.4485834272973,31.24185348402567,14)
(121.41836678932479,31.226932191482263,23)
(121.34426135169326,31.285188705394194,36)
(121.43896881712251,31.245073195754514,17)
(121.33176526059225,31.303541281215804,36)
(121.41853693271521,31.252721746950222,30)
(121.38297536374931,31.237139729972853,31)
(121.43786372352649,31.262484674568565,2)
(121.4498181816398,31.25874967703746,3)
(121.4105744380389,31.243614373734523,7)
(121.36422989194816,31.241525966279205,27)
(121.37045155476795,31.297046269157214,25)
(121.40594811304737,31.246689435749172,6)
(121.45061872077507,31.27411871859177,2)
(121.36514995215647,31.28861541824504,8)
(121.37638805934712,31.237447709804442,36)
(121.43845039806398,31.258463125396506,37)
(121.39223992929946,31.271071910255007,4)
(121.36422967039903,31.23897081393162,4)
(121.43941864208482,31.255475893191267,85)
(121.44411822569973,31.2829558460526,14)
(121.40527486220246,31.267526015442872,3)
(121.44200039283278,31.2637895280573,20)
(121.41747338451069,31.233371495515463,32)
(121.40287952180883,31.278814434236747,36)
(121.4173174585127,31.2618983296729,28)
(121.37310576760703,31.277571066961162,36)
(121.42634344299019,31.25316054960208,22)
(121.42581919787008,31.27853081187116,6)
(121.43425343845678,31.25556916349156,9)
(121.45097430572544,31.244137061862972,1)
(121.41271145086688,31.26157382658539,26)
(121.38701546673103,31.270215779524538,25)
(121.3783010752411,31.276794021508103,4)
(121.42517626295023,31.239533357439896,36)
(121.44986713171335,31.25227893498875,29)
(121.38915218006896,31.256076384407447,35)
(121.42760747657634,31.24624636147886,29)
(121.42043484334445,31.24352160813884,12)
(121.44873280384947,31.247831851919248,12)
(121.43707819049102,31.254063717261875,31)
(121.4456491689824,31.24330542532703,1)
(121.4133743984312,31.252048504399525,6)
(121.41012864455234,31.255489886406654,28)
(121.42453512241298,31.240286313865926,5)
(121.3725186642631,31.286689039407225,36)
(121.33443261656541,31.291592417488477,22)
(121.44551802885775,31.266789772356457,2)
(121.41110042125382,31.24472878381205,25)
(121.39205585572128,31.225823750541696,5)
(121.43290432037585,31.24383011832193,49)
(121.40781813040283,31.3046981392825,29)
(121.43992582973864,31.23782888981,36)
(121.41393473339406,31.292588349787305,23)
(121.44884287052282,31.24194305247259,6)
(121.39647829123453,31.227111210003432,12)
(121.40514145759514,31.228604743912275,36)
(121.3349604737654,31.299247451210864,15)
(121.40333348255717,31.23153587318495,5)
(121.37956807540186,31.269407328110056,36)
(121.38058333734067,31.2578144457873,10)
(121.40790446788334,31.23989796240863,8)
(121.41425063717794,31.247085045404226,18)
(121.38007849415631,31.243811738371765,19)
(121.42620437209023,31.239221459763527,36)
(121.44788328365662,31.245860538599445,36)
(121.38459916324436,31.283440379308757,36)
(121.46001714729783,31.26994956454463,14)
(121.38895199720476,31.232986917416333,35)
(121.4271070453817,31.280839641199545,2)
(121.40566047148116,31.23936802509652,18)
(121.41087139319109,31.243817416218686,37)
(121.39221573399847,31.26903103411072,2)
(121.41127517262287,31.230881474122068,1)
(121.38925535273616,31.2322477084328,3)
(121.38493087679181,31.27598240359225,15)
(121.42321723282294,31.262143940746387,36)
(121.44627019817773,31.241576537889244,23)
(121.3793683274677,31.28938099900556,18)
(121.36497172022638,31.31329584174303,22)
(121.39373765899009,31.2823755716001,2)
(121.39236642759515,31.29939984558755,24)
(121.41288262499707,31.23147390676235,1)
(121.37114727381588,31.272625016846245,24)
(121.45514823205116,31.27671084418152,36)
(121.44725970289588,31.242591808636135,36)
(121.36622792211394,31.233969463944952,32)
(121.38994727890386,31.26099009046805,20)
(121.40982546979617,31.259682515118175,37)
(121.44534830596032,31.243824871070913,25)
(121.41147850730182,31.292571961027274,3)
(121.42329282999154,31.24682918564546,37)
(121.43053326762013,31.237891714797748,3)
(121.36180321197534,31.285047840529323,1)
(121.41166809477508,31.2769575692513,1)
(121.39592266859017,31.24136398331165,10)
(121.40187113719003,31.228827843685032,8)
(121.37223679955498,31.304748807217955,36)
(121.4259985954533,31.23934769288021,36)
(121.39625427302558,31.269209293203254,26)
(121.39158201474145,31.277600219636835,26)
(121.41960609167825,31.236958703946968,29)
(121.43644274499387,31.254150094201723,15)
(121.43006093001851,31.238693570692092,10)
(121.44038376857941,31.255092875224214,11)
(121.37877379928958,31.266487218571385,81)
(121.37232855983065,31.31319969074892,36)
(121.42307438642965,31.262473185451228,36)
(121.39014686341119,31.261659943240314,14)
(121.42602964555313,31.240288091069733,31)
(121.41456470709673,31.26080795282447,16)
(121.35509641885733,31.289688397681278,72)
(121.38170510872497,31.251426489324764,23)
(121.39263306860873,31.246509513058708,37)
(121.36855470638525,31.314284405499706,34)
(121.33740775115189,31.29613388850988,19)
(121.38781304199365,31.240744031551635,32)
(121.36778785327783,31.237087050465753,36)
(121.41183041029615,31.25815555373847,36)
(121.38900979020525,31.296463031654085,36)
(121.4181772907795,31.242818532223318,12)
(121.42245462026125,31.28191844243981,1)
(121.37812499446639,31.278547548918105,48)
(121.41404465691772,31.24638479898818,20)
(121.45380002402918,31.271056223508563,8)
(121.40344749986754,31.231510879784707,10)
(121.40151325070349,31.24487264077853,37)
(121.36890284211309,31.252372592497167,4)
(121.4014594558362,31.293499062041217,1)
(121.39260753147451,31.297913061716457,34)
(121.40105101456017,31.232239716963047,15)
(121.42885685930551,31.265726262453857,15)
(121.43166557701832,31.235339333293876,4)
(121.44501611605317,31.279148797209064,6)
(121.42087620775213,31.264854116095886,22)
(121.3969947876265,31.24514814447969,246)
(121.41625686795285,31.248649005145555,39)
(121.38470124640178,31.271521331211467,4)
(121.44014034223248,31.256737951881448,44)
(121.41159019843168,31.255004231328147,32)
(121.44822637161954,31.24383701923485,19)
(121.37771062173474,31.257620208047243,29)
(121.42274696803823,31.24940263557606,25)
(121.44874170870688,31.259475931885728,36)
(121.42857149049262,31.26552060475657,6)
(121.38953312650283,31.274690604058158,13)
(121.39218113560253,31.227996835581724,37)
(121.45566195942357,31.27154065774501,56)
(121.41993297371477,31.254683538735513,37)
(121.37729245265598,31.273686574885446,33)
(121.4608284358797,31.26378212143216,34)
(121.4433257072086,31.28232186950932,11)
(121.42766765664443,31.237611423921756,36)
(121.41325251679913,31.245307757955736,37)
(121.35575637675443,31.284028484648537,7)
(121.44866818423613,31.25267514109283,36)
(121.37409709025161,31.252681707740635,37)
(121.4089992665879,31.246044670120902,36)
(121.40815050388251,31.26343130942198,37)
(121.41316319493653,31.261377008125535,3)
(121.41582768099495,31.271576180201187,5)
(121.33128978464715,31.294805034062556,30)
(121.45464508257086,31.272292030594464,5)
(121.37647198905248,31.246811014696462,5)
(121.38156452413911,31.292282822378702,36)
(121.40042036852263,31.26145553742794,36)
(121.38297554064474,31.246976379082103,9)
(121.36922115819083,31.24915067002807,1)
(121.39817720819198,31.269332151659523,12)
(121.36923236303026,31.287854727798344,34)
(121.40904707852525,31.233247104458886,13)
(121.4511811233334,31.258978203455776,22)
(121.44481982061087,31.260344878061183,9)
(121.3740447441088,31.272620199883264,3)
(121.41885532121998,31.2365683614559,7)
(121.45774146212217,31.250962352467337,15)
(121.36060717302949,31.241289182775695,19)
(121.4233578187674,31.25487855206134,4)
(121.42188152407243,31.229659392221873,8)
(121.4204871067143,31.23551295843533,14)
(121.36433653212666,31.30952457636515,30)
(121.40312536503902,31.299382752468645,37)
(121.37549568587822,31.25916526348405,21)
(121.38364700721104,31.27038087647562,27)
(121.37336087294788,31.22825576638864,36)
(121.40878808264773,31.224876026227296,2)
(121.38541983028423,31.2811009532206,4)
(121.40803202887227,31.258710745015357,36)
(121.38616488472512,31.238598240951855,16)
(121.39110641779733,31.2519499509298,36)
(121.42159270413333,31.2405475464876,25)
(121.39063639185073,31.290303769763067,13)
(121.43630060411166,31.243765553800976,13)
(121.36601192883687,31.25165715296008,36)
(121.38844649418895,31.269185618231738,30)
(121.41463484325968,31.274155596812818,3)
(121.40574595845305,31.245368397794813,36)
(121.37100805101926,31.272831397431037,36)
(121.41115062632028,31.281580877104425,1)
(121.39005866339558,31.229889299256527,36)
(121.37686440880147,31.26841585787851,31)
(121.34100800918527,31.28638680469607,36)
(121.37233107744547,31.248698683126115,10)
(121.36397220103281,31.239485587292293,21)
(121.39813625325895,31.24486926876413,36)
(121.38244159368358,31.2812672426039,37)
(121.4110312252143,31.230831495627413,3)
(121.37274388632655,31.250722115758872,36)
(121.45345575720766,31.2469774845221,12)
(121.40633296593748,31.24522135777667,4)
(121.43851212863277,31.26803314402892,16)
(121.44898235703799,31.259223673182504,15)
(121.44561577374927,31.254649368563054,7)
(121.44115993364389,31.238520339481383,2)
(121.38071542645363,31.279968955607124,11)
(121.38605681854096,31.227575104478202,32)
(121.40850188123856,31.23370511840086,7)
(121.39761279755234,31.267519162792688,19)
(121.39221310150076,31.235602747943425,36)
(121.41819414018225,31.25267189865297,36)
(121.39984627806697,31.2396887640709,14)
(121.40130542185231,31.252443115049967,42)
(121.41212434763952,31.25837058263485,33)
(121.45243900898635,31.279689524691427,6)
(121.3972675253276,31.266257484771266,36)
(121.44261010509263,31.28274217781784,1)
(121.42585652958472,31.24531528692844,36)
(121.39927282086465,31.231841318592423,36)
(121.4472977602516,31.24854076935785,9)
(121.37152331222676,31.265885082742848,7)
(121.43737625822102,31.259478042474942,36)
(121.37575869618844,31.300995793677973,14)
(121.43511766101145,31.253789068063003,1)
(121.3568963594102,31.292139683909106,29)
(121.41908436717975,31.23880325273351,33)
(121.40564774576555,31.276433518123877,3)
(121.42490293151918,31.26321244623596,2)
(121.40854345497776,31.225690114238517,32)
(121.37805421369866,31.293645588936034,6)
(121.46147915643249,31.269370025104216,3)
(121.43659338452937,31.28094507208922,34)
(121.43302072352618,31.28111464962528,39)
(121.43799277760523,31.254074848305965,15)
(121.41113389266744,31.25501129672415,25)
(121.38115390395546,31.233320118515067,6)
(121.44778041236064,31.2538952778458,5)
(121.38394334323712,31.28199198057915,10)
(121.38913208017064,31.227548048445154,1)
(121.3505030932667,31.28168106658728,2)
(121.44483186242722,31.260530241117053,5)
(121.40777442410675,31.23930770041012,26)
(121.40857531234604,31.238730399150317,35)
(121.42014276550985,31.274589231782876,25)
(121.41100564269234,31.27451767973497,1)
(121.41364243451194,31.231867696070825,2)
(121.398939425394,31.25673202364009,5)
(121.45412124080995,31.247946577018876,14)
(121.45328351307445,31.273955474215935,13)
(121.3915890787346,31.240686682671182,30)
(121.3725787731987,31.286881195558447,17)
(121.42235450745797,31.233912024295805,33)
(121.36731542601161,31.30061039906501,36)
(121.43295953234245,31.277945413571473,36)
(121.43077281701969,31.2547622712654,36)
(121.38945920845995,31.27634924091167,2)
(121.43281248617124,31.25214456465772,13)
(121.36143604825573,31.297019183770598,36)
(121.4200161467406,31.25501694248592,4)
(121.41554704887628,31.235303287445486,22)
(121.39642545366053,31.267989287696984,26)
(121.43373191364306,31.237812193485652,8)
(121.45941178659646,31.255332707515816,13)
(121.43489260042242,31.253415627424857,4)
(121.37626408233201,31.246516638871515,64)
(121.40730993840722,31.244973256164172,4)
(121.43583770218696,31.234065613615055,25)
(121.36659050705453,31.242464821585873,1)
(121.44554669186394,31.25209836654148,36)
(121.45767869370866,31.26777243440607,2)
(121.45513122118516,31.253085784078234,3)
(121.41640311926513,31.2384582617757,57)
(121.38376050199066,31.22942934685006,21)
(121.43324891447936,31.275514066101437,12)
(121.41118182585086,31.284657078338594,1)
(121.36497252034609,31.313272241890733,3)
(121.4186418196757,31.229253123478372,36)
(121.4207095352277,31.25376998309441,37)
(121.42494045997755,31.248614716109017,5)
(121.39482052687583,31.29283029412184,36)
(121.42064955265258,31.277871343149613,2)
(121.41540465171259,31.283488733512566,11)
(121.44618908130012,31.241561323672446,36)
(121.45883118786787,31.254000627224787,36)
(121.4040211516767,31.266389505806153,1)
(121.35776761067005,31.279052758526003,18)
(121.44901149654807,31.25338182530515,25)
(121.43304135708598,31.271771492659067,36)
(121.4581531332652,31.259420159212993,46)
(121.40061723495897,31.280718188982842,29)
(121.43849485340854,31.25306870946224,36)
(121.4378382829436,31.24073261968772,4)
(121.39032095993359,31.253821238088523,33)
(121.4110056339842,31.236653133137413,1)
(121.46354034430338,31.268034697062486,11)
(121.42744814594055,31.251897009906443,1)
(121.40824867702855,31.254043236713414,19)
(121.44451236579215,31.25902812118918,13)
(121.38932985793592,31.27358999593811,35)
(121.45197626603131,31.25247811389915,1)
(121.43941515402503,31.25154273177483,22)
(121.44525929594384,31.27976578767366,1)
(121.38609267943345,31.283022323792366,4)
(121.39964054199166,31.243556438883033,36)
(121.41582868672018,31.232682981558927,14)
(121.43796084442255,31.242757874072744,31)
(121.45536057428943,31.245628027874915,31)
(121.3878000031277,31.279383235616347,11)
(121.3697117526955,31.232488708180213,2)
(121.41309747307908,31.22888113621278,37)
(121.42795253985138,31.256377696012457,27)
(121.41044932375907,31.22810750545248,36)
(121.45769563792838,31.25162974517398,7)
(121.4113062611393,31.24345017371079,9)
(121.40460605511464,31.304788057474035,25)
(121.33544956421659,31.299019294597638,36)
(121.44640372672791,31.24484775535487,36)
(121.44848466627684,31.242139791661458,36)
(121.38376189835819,31.251003203838557,16)
(121.42433868943182,31.256126493320238,49)
(121.42327084247798,31.246750166505937,16)
(121.42863390555553,31.265604117308335,36)
(121.38152129593803,31.24426944686805,1)
(121.3632944904141,31.305260167561674,36)
(121.38912217448079,31.25630946373066,30)
(121.45635208338425,31.27116276295337,10)
(121.40079335409133,31.248485974225527,6)
(121.45403165468208,31.25248444155034,13)
(121.39465455257597,31.22332103423998,28)
(121.40813565450831,31.247673988042486,20)
(121.41124529295632,31.243647273452144,25)
(121.42680586722078,31.229227369531564,9)
(121.43398507838059,31.271102680911696,37)
(121.41268016633727,31.246740340795444,9)
(121.41395251204963,31.26637869436997,23)
(121.422829188666,31.253931944052464,77)
(121.41825462177158,31.247153429687312,23)
(121.38144431049017,31.23398572045411,36)
(121.42193576684642,31.23249439837648,22)
(121.43750658054948,31.265605498523772,36)
(121.37619907069086,31.24613562984787,10)
(121.41179364098379,31.226291250776786,26)
(121.39973871936475,31.23371201509735,25)
(121.43371865611182,31.245808694755688,6)
(121.33438675298748,31.29439044346925,29)
(121.43491329201612,31.25530699372494,17)
(121.4378822970444,31.26222958792809,20)
(121.36446194961776,31.30947009098814,1)
(121.34650713089059,31.297742566208672,36)
(121.43721600908654,31.25364471798486,1)
(121.37995028759087,31.266293419373007,16)
(121.41343666271092,31.260846466379846,36)
(121.4500616213063,31.25855713928126,2)
(121.40527651430136,31.286447866456093,13)
(121.44650737396147,31.259581986481184,36)
(121.36647903553902,31.26658930343738,20)
(121.3953197746985,31.234963792127918,36)
(121.40069431539115,31.24838890428604,26)
(121.37518466617193,31.254434729975937,20)
(121.36957913420716,31.230559780288157,28)
(121.3723504151193,31.28680086465873,17)
(121.4407389340605,31.2468651573111,31)
(121.42022017622963,31.23409246960435,4)
(121.43201267466584,31.253248958814208,23)
(121.45215130467209,31.270321108714352,6)
(121.44626699831878,31.244844731381537,36)
(121.44166851665699,31.24739359740628,13)
(121.43290431316004,31.263090214215424,13)
(121.41712717786797,31.247176765813332,36)
(121.41345216656572,31.261427768483617,37)
(121.40147444120836,31.24843842599089,22)
(121.43493199636025,31.255307297393152,37)
(121.3830878631295,31.247212697503286,11)
(121.40756952718064,31.251837294496102,36)
(121.37424064557237,31.23359033235602,36)
(121.37379873589278,31.253700777967456,26)
(121.36602240913204,31.25133723428739,10)
(121.44025882666804,31.24197007648677,25)
(121.38672368506256,31.25298112178402,2)
(121.35415692751049,31.279012544158853,35)
(121.34689711230396,31.301673999650962,37)
(121.4185090209018,31.253662242804882,3)
(121.39734556616735,31.266299535116563,19)
(121.39822323970081,31.269465225330528,18)
(121.38061790901163,31.298376255867456,18)
(121.42765995676105,31.266584173258305,2)
(121.37824793728659,31.27601563828926,1)
(121.39786699342274,31.302813605465232,4)
(121.42803598068338,31.248601659036343,191)
(121.40987328168148,31.245639552412257,11)
(121.36439433959426,31.3116586781874,36)
(121.39905211853446,31.22975197219102,30)
(121.44174563803148,31.26788447325735,20)
(121.40258776404143,31.25935514982986,24)
(121.44823240629275,31.261538541173106,37)
(121.45582015949851,31.252380185618332,5)
(121.3371471780187,31.2963204667151,3)
(121.40224564491709,31.2703177645581,4)
(121.4321967534065,31.243354778198498,19)
(121.42208289555441,31.258721257243916,23)
(121.44174744176065,31.256683511491136,47)
(121.41438009655818,31.25590067352168,20)
(121.42443088262506,31.260068064552915,28)
(121.43327200474168,31.230907914937134,22)
(121.4135981033155,31.28786824614449,4)
(121.4434520567329,31.243197870393836,34)
(121.41646887327511,31.238487364925977,6)
(121.3912855446409,31.286253572248384,51)
(121.42891188320563,31.256593677421048,3)
(121.40981516743649,31.237478555934235,4)
(121.4043121735112,31.260727011582006,36)
(121.3650995482097,31.276773538395034,36)
(121.4178336537662,31.26035908842634,15)
(121.4381066163276,31.254387828088742,28)
(121.4219842825695,31.279078719211082,13)
(121.42244315779507,31.23074951330088,10)
(121.37259211129448,31.255990227778828,36)
(121.44304897917961,31.244925288353055,20)
(121.46034397977417,31.2550364253616,7)
(121.43462156730233,31.236934604617144,2)
(121.37233081720753,31.24570335193929,29)
(121.45219484506057,31.271234479309815,2)
(121.46318549843453,31.25984031254069,5)
(121.44814409358602,31.261597969437656,36)
(121.44074203341539,31.253985857836764,27)
(121.44884446013421,31.26026112520193,36)
(121.44282939343309,31.256064526367055,15)
(121.36560234900062,31.249466187866457,39)
(121.41548017062853,31.28788844043771,36)
(121.40864928081194,31.233311321872577,21)
(121.46019131232394,31.254160383679096,32)
(121.36480601076717,31.27716424982869,25)
(121.43836583338765,31.25035769620956,18)
(121.45640961258738,31.2597140101157,8)
(121.4246411530749,31.234913493205358,6)
(121.35315698660727,31.283025592764712,36)
(121.42977640146492,31.262138987219974,33)
(121.45389854388577,31.256755899976188,9)
(121.37238847663785,31.286833927877666,36)
(121.39968540576297,31.230330447317066,21)
(121.38349852770516,31.23226095357368,22)
(121.39915616964782,31.28721890060581,30)
(121.36934578163644,31.284770249426515,35)
(121.34032763542272,31.28812022288723,6)
(121.36946444880338,31.236356271006745,8)
(121.46360117131174,31.268006542528422,35)
(121.3810335718156,31.25418733410857,36)
(121.36373184878943,31.309225007857492,10)
(121.45379160810162,31.246106415572072,52)
(121.42696448258363,31.238240348947674,36)
(121.42705574292512,31.245715463895195,36)
(121.37691748102434,31.26840691625636,32)
(121.35297971168531,31.28667603429625,70)
(121.39796709492643,31.303463896472284,27)
(121.42731076508815,31.23432825718399,30)
(121.3840513139419,31.25732566607016,2)
(121.42907218600331,31.26224296403685,26)
(121.36917287517747,31.28785355097127,14)
(121.41085639890501,31.24384543130094,36)
(121.38790157504403,31.273395828239718,29)
(121.42318826033508,31.262167972082235,4)
(121.3840525849649,31.271915902049333,17)
(121.41567329303868,31.296051123240773,8)
(121.42268134673508,31.240952792212333,9)
(121.38465258559258,31.23002799853242,5)
(121.37342197723713,31.228398910666105,36)
(121.40750129913418,31.24566626079925,36)
(121.36816506345392,31.31439789418917,6)
(121.41658029017826,31.266847772919075,4)
(121.4023593791398,31.266976373176025,4)
(121.4419652021352,31.240580396387998,49)
(121.40771360946208,31.241395643891906,25)
(121.43492632117294,31.23931530556563,28)
(121.42416661688115,31.250166228737722,36)
(121.39357776602323,31.224183897175063,14)
(121.43051657890655,31.264263132748393,22)
(121.44663590522522,31.257261757191678,36)
(121.3941677604503,31.24759872485805,1)
(121.46257312815457,31.26667665171408,6)
(121.42071286798023,31.273295365434784,2)
(121.41476560719961,31.29497702898413,7)
(121.35694365165935,31.284030693841856,3)
(121.44083404566696,31.256021609856862,1)
(121.4358979479961,31.251994729497163,37)
(121.34611647199723,31.29996872073246,17)
(121.40454997982727,31.26173522299684,10)
(121.42819525187247,31.26273302424061,3)
(121.40420859887718,31.22722052032959,1)
(121.37163789784982,31.27056221700056,36)
(121.43206082647698,31.27733978636009,13)
(121.42019031461385,31.23543409929866,1)
(121.41820703442062,31.228619052202742,72)
(121.41421705645972,31.269636212407466,37)
(121.42548536218064,31.2604351128782,20)
(121.45993296358752,31.253722768244884,2)
(121.43156800449508,31.24335085239666,36)
(121.44875261087435,31.259365833943917,36)
(121.38041796341176,31.290347860777793,23)
(121.409100491501,31.24411949482977,7)
(121.43085333732171,31.262416072924662,69)
(121.40109435927351,31.2280178844316,4)
(121.37258344053387,31.24461610606335,5)
(121.434361479418,31.27740752066319,34)
(121.38255715147038,31.29762793114348,36)
(121.43343071474712,31.264709291930917,1)
(121.43341350579381,31.239092040626286,11)
(121.41415941623195,31.244138760393497,37)
(121.40487030296396,31.250046408590993,36)
(121.43610466714529,31.2534127299445,36)
(121.45998568530278,31.263510573137584,9)
(121.41021555821814,31.2441966876951,36)
(121.45751236492738,31.268552008498062,14)
(121.37261516467369,31.256198348486883,4)
(121.42428506871299,31.263365859101096,26)
(121.4132923477876,31.23159062336442,1)
(121.41036057759236,31.244730905691874,1)
(121.40659069801956,31.240209214609134,1)
(121.38569866643293,31.229974903182647,36)
(121.42281461840665,31.26256140863762,20)
(121.3966402913116,31.232697377113922,36)
(121.4430037150139,31.282310476488473,1)
(121.39270403397691,31.26849910770476,29)
(121.38805939152958,31.259936536879536,26)
(121.38515575303248,31.22587953257234,36)
(121.38436218102055,31.228936230384146,25)
(121.37370393523295,31.303663283462242,29)
(121.4126433657726,31.230832257960493,25)
(121.40380001851068,31.28538555274452,21)
(121.3904897891872,31.273260683124064,25)
(121.39195504500526,31.228765712954942,18)
(121.43711919938823,31.251572129827316,32)
(121.36261193704695,31.247363850165517,1)
(121.40358024356615,31.300132846612474,36)
(121.43672832092423,31.259735020918384,9)
(121.43342848672798,31.239117034238692,37)
(121.38076196226935,31.285471254156615,6)
(121.44514354334991,31.252538239216697,13)
(121.42171671516704,31.26221079655671,9)
(121.41218959287882,31.227001493020225,4)
(121.37739080311879,31.287680439967943,25)
(121.38014398428089,31.2945002260435,28)
(121.4023257033895,31.224900622738083,27)
(121.42142893000836,31.276034041983213,19)
(121.38629601985336,31.25301023786285,36)
(121.44186228062742,31.25726558796533,3)
(121.38265270533617,31.24527402470077,3)
(121.36690545484109,31.25139535174163,31)
(121.42307886006434,31.25648659229486,20)
(121.42405501146723,31.254794827975,40)
(121.4248867926799,31.24438948860404,37)
(121.4575422859727,31.246390986242663,7)
(121.4244211029606,31.27249786941982,63)
(121.39414872451165,31.2424675773075,1)
(121.42983529178585,31.246516997453725,15)
(121.42162149169931,31.262668375820972,58)
(121.42871111195869,31.23357259389286,25)
(121.3859410338113,31.23138576149672,2)
(121.41119230262962,31.24361426848436,9)
(121.4512671309607,31.259551985167054,5)
(121.42018503628667,31.257565585868083,30)
(121.45902754204708,31.24764619927272,21)
(121.42363772031673,31.26055594758315,30)
(121.3851707155282,31.225269262429844,20)
(121.4323801028425,31.282590839849345,3)
(121.38739215106116,31.250495236854643,10)
(121.37184938806242,31.27876660012861,23)
(121.45994836321508,31.258801947966504,6)
(121.45826241777714,31.26824105079077,25)
(121.4072398484748,31.232448589725365,12)
(121.37037755855087,31.23408959349412,34)
(121.42798234643129,31.25131421169246,36)
(121.40987957156044,31.232207301572167,13)
(121.440699902393,31.24214082704001,2)
(121.4524223734419,31.260433428621567,36)
(121.41043331969985,31.255303350184494,36)
(121.42185400289773,31.257824021191762,9)
(121.38926244691352,31.282274407797743,26)
(121.35453517511137,31.31029873101919,36)
(121.42410002184013,31.247704850805036,28)
(121.44086896449562,31.254946166523162,33)
(121.45431300879115,31.273642272754607,8)
(121.39563512345822,31.259878012314342,4)
(121.41733251912108,31.251231677935856,36)
(121.45635005958808,31.274645482178364,20)
(121.41264876750445,31.26317109701999,37)
(121.39021192104262,31.231412107188838,37)
(121.41265717451084,31.24675135144233,42)
(121.38065688630704,31.232825624230202,7)
(121.44503035549859,31.270745267584648,14)
(121.43137246322605,31.278026547084806,26)
(121.38650763292785,31.231811438401035,14)
(121.42725017810909,31.261235257119978,36)
(121.39596079744221,31.231123344562935,6)
(121.38447574247346,31.2576797121059,8)
(121.42326422093328,31.26248105150247,48)
(121.3597308930566,31.28050065817643,36)
(121.43658298748304,31.253266395236228,29)
(121.43298718993108,31.25153409367345,12)
(121.44869866186517,31.247430768224216,37)
(121.40250971036363,31.242521377238628,17)
(121.42324774778868,31.24543159574687,22)
(121.42138115988462,31.255330244167173,2)
(121.37241851724328,31.286768940890838,12)
(121.4265353892072,31.277768881485574,22)
(121.45430258874929,31.268519136336295,16)
(121.3881419771865,31.22953771508309,33)
(121.46242308007162,31.262432107472332,36)
(121.44139447670014,31.24965596740851,12)
(121.44868321668032,31.241924334717247,17)
(121.45762756210932,31.26026065627862,5)
(121.38226469567807,31.26392172525099,36)
(121.41801300259273,31.272753610688504,1)
(121.4456791268451,31.28314932358638,2)
(121.44050186163683,31.256735763019343,29)
(121.40998152951482,31.26019287747812,50)
(121.38498731614494,31.291828914456847,37)
(121.41513911482218,31.291203394727994,19)
(121.38138076514035,31.28608614298533,36)
(121.37508864833332,31.25818010794647,35)
(121.40497300413111,31.223565390705325,36)
(121.40912009632173,31.244095098944538,36)
(121.40942607107391,31.30258794496489,36)
(121.44254239011954,31.284549021834763,15)
(121.40118627165836,31.26131514253338,36)
(121.40885135576521,31.251025870854345,39)
(121.38392203604157,31.267242806703212,36)
(121.38439672410742,31.27024697243115,36)
(121.43438189931881,31.28459660356274,2)
(121.41574443451263,31.23911439140548,27)
(121.3816898681195,31.248547522107128,13)
(121.40380768444702,31.244444794181554,34)
(121.36576585121492,31.232638247302216,3)
(121.39092321455396,31.251249520171267,1)
(121.4543161635082,31.252496191792194,36)
(121.40624937142677,31.249891429152324,20)
(121.40395005766042,31.228136697063782,4)
(121.37874275813684,31.266479180671407,36)
(121.45113110868571,31.274633934248588,1)
(121.37128668668676,31.31362054542608,56)
(121.45873750062023,31.272453111373842,1)
(121.45979628245615,31.264732839385037,2)
(121.43059681508426,31.26802687529641,25)
(121.40404507766429,31.286943599439688,10)
(121.40009322936888,31.272561161945493,3)
(121.43972889193967,31.267513597457803,1)
(121.44423005951532,31.260607268471038,36)
(121.45185025541396,31.25522928358772,36)
(121.45520702847867,31.253018598344585,3)
(121.4286973128259,31.247161736310932,9)
(121.4274658425658,31.247388544762757,34)
(121.39304591120158,31.252907587295375,31)
(121.40389529410969,31.28566540121446,13)
(121.41390745781325,31.243499552619777,33)
(121.40139712590215,31.25534614712585,36)
(121.39011085694418,31.251917956521304,9)
(121.37238489765497,31.245670408080894,36)
(121.437703253252,31.254064241087388,22)
(121.40305901612363,31.238227879153232,4)
(121.45387347233941,31.25638809026702,3)
(121.4466345929548,31.24214707565191,18)
(121.43503562127418,31.260251708369555,27)
(121.44192315499485,31.25711542870133,5)
(121.37989522617964,31.29924766184922,36)
(121.4139932114087,31.26397049591871,4)
(121.37770822097094,31.264725590782234,21)
(121.4218573498869,31.26241942545919,37)
(121.36857275771384,31.29783462009219,30)
(121.39763256068804,31.241752906062075,16)
(121.40722915416944,31.281794036910807,13)
(121.40794812368372,31.30471213987169,36)
(121.43397875324679,31.26268977265501,17)
(121.38346177148189,31.24703859053366,16)
(121.41138270164828,31.248713504241753,1)
(121.33467778203332,31.298668685271902,40)
(121.4123652715423,31.258302497458665,35)
(121.42027759598719,31.273754803576395,36)
(121.42252463372812,31.236524544746473,4)
(121.38655157094765,31.267996351973313,3)
(121.44712035144173,31.251042187496907,2)
(121.44867124271822,31.241924356486386,26)
(121.4144165050868,31.23576531960361,1)
(121.45347076590326,31.247490682698476,3)
(121.42679294160651,31.252859023277267,18)
(121.38664376852999,31.300754870160564,3)
(121.44054338825343,31.242502059838362,7)
(121.38936636364517,31.256076542143916,14)
(121.44618207985408,31.241609022355817,6)
(121.40464110220123,31.254907155157422,21)
(121.40814375651024,31.246919591180156,36)
(121.43783303081503,31.253957016418187,18)
(121.44914036296385,31.25509533939284,3)
(121.40557806556775,31.24670098147456,19)
(121.35646365930505,31.30198578807218,11)
(121.4276504262493,31.2347481372288,4)
(121.40447038370024,31.23998687539602,3)
(121.39539091367587,31.287115547686202,2)
(121.41114608562978,31.24100210372175,1)
(121.4130991794611,31.283395750798707,2)
(121.399008878616,31.248462664890702,30)
(121.4244079518017,31.25987906838424,8)
(121.43295715631785,31.25485163961126,69)
(121.45383930256396,31.27388483916516,15)
(121.38876656225631,31.273972666031458,1)
(121.42489148296585,31.240308241123127,1)
(121.37690250503714,31.268920115942105,28)
(121.39119313885587,31.282411946641222,2)
(121.4251602595834,31.244823344274558,1)
(121.34883881422066,31.29367120458546,36)
(121.44218999795652,31.261001698231826,11)
(121.39119032544755,31.250147212109045,37)
(121.40429731897692,31.25512628455391,30)
(121.36731716343645,31.30908983556251,31)
(121.4265556226846,31.256938339953614,24)
(121.38887954915874,31.274513047467593,37)
(121.44690653000502,31.24177114877499,15)
(121.38731720577509,31.252435369142766,28)
(121.42949061318289,31.261437199809745,30)
(121.37127288441764,31.313628643516733,37)
(121.36079957244678,31.28016605474016,36)
(121.45857103221755,31.25924917700732,3)
(121.41524783290917,31.24656400432041,18)
(121.36497282042782,31.313126542257976,12)
(121.38588983251623,31.241163162743604,2)
(121.45217885125746,31.270876359692576,5)
(121.44273909738612,31.273974347468208,12)
(121.37642837153076,31.263427218538574,36)
(121.44686871674132,31.260671829098644,7)
(121.39605531762689,31.270935929598203,4)
(121.38682304613852,31.256024535199405,23)
(121.39154057133081,31.23842720072172,47)
(121.4235904071121,31.245017158959282,36)
(121.39720051026458,31.266453540168243,8)
(121.42406263760112,31.241124057353684,8)
(121.38941738038001,31.283029734422303,15)
(121.41152708996881,31.276882835382615,1)
(121.45051843823393,31.25676650262219,21)
(121.39215132283984,31.25336824709019,11)
(121.45467420011379,31.251446000457598,36)
(121.43070162209318,31.257306183390714,11)
(121.38882353917144,31.25199635287299,27)
(121.46113502492652,31.25707453180566,22)
(121.39284756883468,31.25053942767541,15)
(121.45505737900659,31.25280981488357,14)
(121.40764779968163,31.243538607889494,26)
(121.40199694830933,31.228593264707172,8)
(121.38270081519066,31.280390136591215,4)
(121.37661732243023,31.24832685951098,36)
(121.38135086668028,31.29914931842355,2)
(121.35368507826655,31.28900788399175,19)
(121.37404056521297,31.256626957858348,3)
(121.44272255263115,31.25588264362209,34)
(121.36228637450114,31.240263998170413,20)
(121.43422125466437,31.249544748482375,30)
(121.43609436183607,31.237104158044932,17)
(121.36394477825026,31.308332634113114,35)
(121.42416617212284,31.28271986631105,3)
(121.39788299623616,31.302763592351138,19)
(121.41726191264641,31.23236022545975,23)
(121.38204517920424,31.233969580998885,51)
(121.41049392749193,31.237415553450848,3)
(121.3649717202247,31.31330044173253,35)
(121.42232551955304,31.245241162040703,4)
(121.45758282841837,31.273519392014443,18)
(121.40101483113183,31.25714741647298,18)
(121.37936812756743,31.288703400442138,37)
(121.41743561570887,31.230077096412927,3)
(121.43810455062388,31.25359448341677,36)
(121.42956635030122,31.25640595563195,49)
(121.43443722025872,31.275712723793074,12)
(121.44602224657228,31.24168629410394,30)
(121.43363731330976,31.23785280620815,29)
(121.41739456463468,31.263612029940784,1)
(121.43735934695849,31.237227198252675,2)
(121.44725165776755,31.246244830166372,16)
(121.37874496287282,31.291794626968926,24)
(121.42259975617273,31.250586344884425,32)
(121.45495380433344,31.259676639516382,37)
(121.38441065505796,31.231809984257886,18)
(121.43304195080034,31.231494068218634,6)
(121.41196342936938,31.25878980007232,36)
(121.42406468832917,31.26465038429907,2)
(121.39327616819423,31.26554719115791,36)
(121.43815923300095,31.237020756266993,8)
(121.37885793284507,31.266764429769328,14)
(121.36627138140679,31.251661538518977,45)
(121.45316923093077,31.27908083176098,1)
(121.40780107247004,31.24876631672522,28)
(121.40511051574045,31.261743437588603,4)
(121.43703330285585,31.253641961908045,37)
(121.35203585543596,31.30844566767044,19)
(121.40458358896994,31.23952797338911,6)
(121.41931369673314,31.24432361141042,29)
(121.41308829769875,31.263235519724724,1)
(121.42744697502023,31.238455009467607,36)
(121.38048619444493,31.28054295126916,36)
(121.42164209651494,31.279863489021416,4)
(121.37561274092829,31.29239822821406,18)
(121.3954095824296,31.300987806333186,36)
(121.44616247575922,31.2415529190126,17)
(121.38945620302852,31.241866317299255,2)
(121.42863039967604,31.270185779645267,28)
(121.40183152758016,31.23109833139262,8)
(121.385460182842,31.296150049714033,7)
(121.39009353090502,31.259205307606198,25)
(121.45775762066947,31.26478732186424,4)
(121.42882772819864,31.276598272632224,5)
(121.36860657942434,31.300315132733683,6)
(121.45082303739501,31.260095369587788,23)
(121.41618874662065,31.258325275608936,15)
(121.37498890074059,31.23546911899728,3)
(121.43584783240402,31.267857183925017,41)
(121.45443017716757,31.24433033866987,10)
(121.43601244326236,31.23866823926758,10)
(121.42872452545404,31.250571864403376,36)
(121.41855163055769,31.237167082984403,5)
(121.39253634054472,31.26189218627673,16)
(121.36436453553696,31.311315475524893,22)
(121.3848833298816,31.258784059170008,36)
(121.3978386053127,31.24158944767303,12)
(121.40167520182361,31.301198169290213,9)
(121.44809813854405,31.26097978555164,36)
(121.4232656992656,31.245056415203674,36)
(121.44143489685385,31.255327398537936,6)
(121.42315528379564,31.26210596928032,17)
(121.4487685963361,31.271417020233454,1)
(121.37528508316072,31.258002137402688,1)
(121.45507736224008,31.253182937599526,1)
(121.3858106135365,31.283297089697463,6)
(121.4148763651295,31.226299591509115,6)
(121.43561495160326,31.23864486187539,18)
(121.41238612356312,31.244108410198475,64)
(121.43028937806842,31.23563194354424,11)
(121.38853841603535,31.244282915966252,1)
(121.40511209158072,31.247376247266264,28)
(121.41008902607294,31.295110199799353,3)
(121.42634223073182,31.23924635200743,1)
(121.40300683985079,31.247790158071897,36)
(121.39807866220319,31.23205551341552,21)
(121.3874391640358,31.231629182838915,36)
(121.3769810830601,31.29732580885378,7)
(121.45379973953963,31.267775837054426,36)
(121.42224153882123,31.24466496206243,3)
(121.4035775606945,31.23196310726224,21)
(121.4224162875239,31.26024184605958,37)
(121.37894598502788,31.231519936706444,9)
(121.37656399397036,31.279925311478557,12)
(121.39645695759393,31.301999322752952,27)
(121.4217336207366,31.27959596594298,36)
(121.41805013835045,31.263110501982332,20)
(121.37627045764508,31.266560266898296,36)
(121.40033806699273,31.30464228303819,36)
(121.4234630132184,31.262118750219127,37)
(121.4449640611312,31.265842299834866,2)
(121.3995603390585,31.28742311667351,36)
(121.41773633766611,31.251805741388893,19)
(121.45547305429649,31.272397371714582,12)
(121.39119046973865,31.251802942002623,2)
(121.40546401887589,31.257710814266144,10)
(121.4028324670038,31.23528852548541,22)
(121.38827365525772,31.24745792744129,24)
(121.44374153239632,31.243600583750712,3)
(121.39474154659467,31.25919826943346,36)
(121.42895275556991,31.244218173765464,17)
(121.45732289976715,31.255157091662443,2)
(121.42403267919435,31.24128415229594,21)
(121.42618939399246,31.23929450566425,86)
(121.40369211848997,31.238154946907024,28)
(121.41300227624617,31.25387452010458,1)
(121.4591543474459,31.268626646123483,3)
(121.41954478809248,31.270073679069558,30)
(121.4114228643249,31.297081872411702,1)
(121.37671416389975,31.24642870727824,5)
(121.41566821855045,31.2379024224587,2)
(121.44512445931534,31.245848527585448,28)
(121.42618938763111,31.239221472653618,6)
(121.3688761695462,31.23277781542055,36)
(121.45262678127892,31.247639422866623,3)
(121.40606024537078,31.304081345679304,1)
(121.40592701429263,31.261137606218497,16)
(121.40644117682183,31.259082455414887,36)
(121.37461597547832,31.254095976384523,36)
(121.43510753477082,31.24191815669427,3)
(121.42203939254055,31.23446781631407,24)
(121.43519645287411,31.245486739109968,15)
(121.36201378180863,31.24089324386688,9)
(121.42546663653708,31.26484316937102,1)
(121.4224428941077,31.260561650978826,36)
(121.41141688388265,31.25493618685443,3)
(121.38103754936596,31.299845268261514,11)
(121.4366898246687,31.25334028655878,25)
(121.3893433421842,31.256055516117584,37)
(121.45594688209196,31.251655906171788,82)
(121.42320480429346,31.27341161534944,5)
(121.4035354355568,31.244790049717704,15)
(121.36409669890368,31.30942034901775,36)
(121.38578510717204,31.289655571661257,19)
(121.38742408869854,31.22694094675607,13)
(121.42890847094418,31.259700384517853,1)
(121.40198206158587,31.261862501542463,2)
(121.39325023883447,31.232114374372788,7)
(121.38893307834783,31.264503485068246,25)
(121.45105234470513,31.269636010347853,35)
(121.3996731652757,31.262041564477027,7)
(121.45682011188957,31.25437582015912,18)
(121.43789394261404,31.254095993639865,21)
(121.35570406156846,31.293162073312693,27)
(121.37947204598396,31.29551170221439,3)
(121.3885955067905,31.257148839091183,16)
(121.41400957692369,31.279680092390823,2)
(121.42615940636452,31.25054655790914,14)
(121.39740566505102,31.25563796449976,36)
(121.41846966733773,31.27211111240092,31)
(121.40768193247796,31.233612114053177,2)
(121.42804853610309,31.229673438118343,11)
(121.44659226813113,31.254107171316523,13)
(121.39354965532364,31.246097867438255,26)
(121.42228457561802,31.249054471215665,4)
(121.42294446945436,31.26213413276079,16)
(121.42354793795982,31.273580550599736,4)
(121.42700041200374,31.280612454086988,36)
(121.38925134450741,31.282288305748093,22)
(121.38728912604486,31.270614277146738,36)
(121.43748982454052,31.256619647805962,36)
(121.36956307936282,31.230229606115717,34)
(121.37582137651495,31.227226348155103,36)
(121.38503135942051,31.291796941083845,25)
(121.39870380833761,31.233245634340754,25)
(121.43775750804868,31.275885571599417,15)
(121.43717731510198,31.264546816574992,1)
(121.42404823209992,31.2592490732868,36)
(121.39449751494426,31.260533718277074,34)
(121.37568032076092,31.274956196002453,18)
(121.3840178261493,31.22913200260606,16)
(121.41142140960118,31.24547505696383,14)
(121.36985544880876,31.24514837289919,28)
(121.42832630567278,31.276528728256448,1)
(121.4034035058576,31.254606227382066,35)
(121.40810106714376,31.254096499311046,1)
(121.36752974753007,31.311620937020745,22)
(121.45734225900515,31.272147908681127,5)
(121.44979600019032,31.267591511998244,6)
(121.3615586091167,31.283369769616193,3)
(121.3368796128332,31.29678714172367,36)
(121.4332479547832,31.26449841691017,44)
(121.410361623233,31.265605945833975,2)
(121.37196153611518,31.30662816717337,19)
(121.4612340464075,31.260418756852722,11)
(121.4379318832578,31.254132957641644,36)
(121.37726025808969,31.272205736707456,12)
(121.34818737583126,31.281626162868577,3)
(121.42536320917402,31.24493098595795,4)
(121.39656640694136,31.23445814931407,26)
(121.38302655285187,31.236312909123203,36)
(121.46081401820734,31.252264308921724,6)
(121.40634751727873,31.24569312296639,37)
(121.38822064955534,31.259430134440127,3)
(121.37723807077661,31.270145024464156,32)
(121.45617953650084,31.25217920687982,4)
(121.42735319408489,31.25097558367027,1)
(121.42534341040056,31.24111203674674,37)
(121.43026619317688,31.23410490745343,4)
(121.37114941567634,31.273865950018468,36)
(121.42868103126563,31.232243014212877,1)
(121.42503763166788,31.26483378082321,10)
(121.41957334447709,31.24229655867808,39)
(121.38780278817708,31.249323385883205,1)
(121.38429916205315,31.298444908930843,36)
(121.38499854816928,31.259904647247343,36)
(121.44391131045782,31.283176539527982,19)
(121.39648627052631,31.23996115560156,23)
(121.42047380673476,31.243297773382384,16)
(121.39457212090613,31.244010495664305,17)
(121.41460315138754,31.236765056801918,72)
(121.39119096700462,31.294988035418807,15)
(121.44715285266851,31.246093936743478,6)
(121.39531048571023,31.300528578151155,7)
(121.37778545335294,31.25452594529133,18)
(121.42116944434483,31.27961969277744,3)
(121.43336693009428,31.250061498588575,2)
(121.3413367313935,31.28624436541005,36)
(121.41013958931374,31.244394786844257,36)
(121.41489330396563,31.269238440857098,2)
(121.39205399930884,31.227489521467945,36)
(121.42902375086874,31.2336583268956,8)
(121.45958191343126,31.249933141494232,6)
(121.43245322739074,31.243501138939347,4)
(121.38570152416226,31.26279451164958,34)
(121.40164151013921,31.259005796671598,28)
(121.43627284264872,31.26894756137747,28)
(121.4127731740694,31.270082437940736,2)
(121.40370297127555,31.22899592382733,4)
(121.40905167948686,31.245116182784148,36)
(121.39497794743095,31.22363892678625,14)
(121.43614186914327,31.266904865256645,36)
(121.40020674005096,31.247354174227507,16)
(121.41462267749483,31.23312689887085,6)
(121.44147307104055,31.246645511853853,28)
(121.45188121540492,31.255595383425458,34)
(121.43516455115804,31.26012553386619,30)
(121.39714561964482,31.276056111548556,19)
(121.43746028080089,31.261302716551896,28)
(121.42703540451329,31.238223277676195,12)
(121.34896166433455,31.29704903134749,23)
(121.3928992665986,31.235174567187098,16)
(121.41276976612775,31.23101020273778,12)
(121.37129078742245,31.313364146566453,8)
(121.39652475902437,31.227262823018556,4)
(121.4404820624807,31.28141611214171,4)
(121.37311449334247,31.31092000687754,36)
(121.37506112867666,31.27144597152332,1)
(121.44178085411508,31.285071418232217,36)
(121.4025536626722,31.223859183283214,14)
(121.39170774762546,31.22752531837363,11)
(121.4401714845027,31.259000888817802,34)
(121.44885869789617,31.25185543377362,17)
(121.38826524598309,31.25433195121081,2)
(121.46070194296682,31.265696224889954,25)
(121.41612717619722,31.251436289492187,29)
(121.40818646543958,31.240096039258916,16)
(121.4532439275913,31.254631283779393,3)
(121.42871101249663,31.232430070842923,46)
(121.39530996446,31.29456023013565,25)
(121.44592182561233,31.241667076448085,36)
(121.36410139914915,31.31089854619403,3)
(121.37878653935539,31.240287749258222,8)
(121.4602611399511,31.265852280905452,18)
(121.45339554202965,31.274031300753215,10)
(121.42364598913103,31.25016042083811,1)
(121.43828756539098,31.254305848935484,27)
(121.39838512626068,31.290292864784504,36)
(121.39264069103133,31.28244683312996,3)
(121.44052888743087,31.24615311937344,18)
(121.34592405433665,31.280960295305157,6)
(121.38242595601407,31.27414827929895,14)
(121.37846405921208,31.27693568275721,34)
(121.44534824814208,31.253879483723377,23)
(121.41098632156721,31.243288159331023,32)
(121.4569351680674,31.246866261562236,23)
(121.40538786797683,31.256039081522555,7)
(121.46249409586505,31.266188346417785,3)
