(121.42846396455323,31.26554088280769,30)
(121.37717718732969,31.272440919440317,23)
(121.36884671385339,31.25116203257055,3)
(121.4105284916306,31.24412260839484,12)
(121.40405697077384,31.304596918834523,54)
(121.44278315761287,31.239614616552362,5)
(121.39849033330883,31.276852774116033,37)
(121.42636017795073,31.238856159981083,36)
(121.35568830527534,31.29634530754833,24)
(121.40232914008816,31.26431423184884,22)
(121.37427040208496,31.230277850489948,53)
(121.45569376022958,31.252298273769757,25)
(121.45762680530139,31.251519844694155,9)
(121.43629220685823,31.234542601118665,18)
(121.38372533558122,31.2846478607775,36)
(121.46382962277052,31.25754551317198,6)
(121.38281533191712,31.236112705161148,16)
(121.40821027255767,31.260899877578048,36)
(121.38538722985764,31.25161237607757,8)
(121.42343483770044,31.25493226794611,23)
(121.4485571698844,31.25336971184262,14)
(121.40063440961823,31.261150466164633,8)
(121.36622275178745,31.303034742809277,5)
(121.42636719834647,31.23917429778539,13)
(121.40289016919877,31.22888157573717,14)
(121.41068687196636,31.225918283835263,36)
(121.4239787258732,31.241250178072224,21)
(121.42529648226464,31.241403206329107,5)
(121.37256105126224,31.255847124921992,36)
(121.37678532446563,31.245675878885756,5)
(121.3836620422117,31.259100071338754,1)
(121.3973330640314,31.267157966471586,27)
(121.4178350239828,31.248874399782807,10)
(121.34040467842287,31.298223387035616,28)
(121.41762141702522,31.25194985943924,19)
(121.43477657445895,31.23965764645795,16)
(121.42964100230671,31.23359267953407,3)
(121.41993867380842,31.234426178167265,6)
(121.4303049819249,31.24278416099277,6)
(121.41041891614542,31.255388747018763,17)
(121.39390915342457,31.260615434521274,12)
(121.38110525054768,31.283985005816998,25)
(121.44200660065468,31.25252529257416,15)
(121.43367680061846,31.24448405317585,2)
(121.37478015868273,31.24192978390027,4)
(121.42322318573763,31.255616622695335,5)
(121.3613704534741,31.24943708095379,45)
(121.37605712142995,31.301036168272226,12)
(121.40404905868853,31.260812222659865,35)
(121.41711957625826,31.253323652446003,1)
(121.38941580244958,31.295057801520343,36)
(121.4262005133916,31.245323457713752,8)
(121.4000336972079,31.272282489727424,32)
(121.43655837649212,31.28093366532864,30)
(121.44216325053644,31.264246388749253,2)
(121.39450783856886,31.23962080565668,8)
(121.38542643378373,31.28315132303043,16)
(121.3658766440367,31.285710359598788,1)
(121.41057451079922,31.24444874710973,36)
(121.45889821834096,31.25972766884678,4)
(121.41441030355954,31.236189317509435,18)
(121.4251510568018,31.23963445204886,27)
(121.45167738516453,31.249613438628092,11)
(121.4254281729039,31.250820294150806,4)
(121.43658878038148,31.264330203261146,23)
(121.40756941549614,31.25870464938395,15)
(121.40178953796071,31.243471230087682,1)
(121.38453847850758,31.24169420323452,8)
(121.4363554489247,31.25444721150733,26)
(121.44871414264583,31.253346352242716,30)
(121.43493582237063,31.233752764754147,5)
(121.41943214847025,31.23443527227126,36)
(121.46015961737007,31.273182379194736,29)
(121.38193379951339,31.244446943034934,27)
(121.39368765136723,31.251594625436724,30)
(121.34488178627882,31.290765721474152,36)
(121.41558292622781,31.268470864073397,25)
(121.35305541618702,31.295124620972825,37)
(121.43114672854107,31.2599722678888,5)
(121.42734398928324,31.22921752205153,26)
(121.40248624590198,31.23072034663354,36)
(121.42343225376034,31.264560820033946,5)
(121.35950381248374,31.296160598487777,35)
(121.39021239672364,31.236874601997094,36)
(121.45912581434845,31.250434107471452,38)
(121.37223525082238,31.28695577626214,36)
(121.40028005462383,31.285092312511086,36)
(121.40723073168017,31.29669090234306,35)
(121.43249972982427,31.249994975785082,38)
(121.43321721390471,31.232310733076222,1)
(121.45758244255515,31.26906551804952,5)
(121.43628760746209,31.243724683470646,36)
(121.41287105555183,31.257630080308218,34)
(121.42430786847054,31.257847265895826,11)
(121.4524011056373,31.279778635726103,5)
(121.43835588237042,31.262121347260255,25)
(121.41026956731913,31.244415778026344,36)
(121.37953955438608,31.2868265023089,4)
(121.36085739067694,31.242136642667017,41)
(121.45179775467635,31.259572273515335,8)
(121.39785128675206,31.24486591274306,6)
(121.40331990278152,31.28322245958145,3)
(121.41179517591064,31.24389927704388,28)
(121.44168252810114,31.283843469084808,2)
(121.40987898298452,31.2595672264728,10)
(121.3872970669995,31.262547745684273,9)
(121.42125195616678,31.263304777987624,7)
(121.37981470659321,31.296058490243496,3)
(121.40983510415803,31.23708483266194,2)
(121.36711313283143,31.309252009777126,18)
(121.4045768856728,31.277098697499607,5)
(121.42499212940325,31.245400244949483,12)
(121.41039854567404,31.244448773973037,13)
(121.38942704665442,31.251842732635804,8)
(121.3661869039439,31.27938376261429,33)
(121.4457904443328,31.254947201984923,29)
(121.40032726878523,31.24482710324109,37)
(121.35956922173804,31.278065034424735,2)
(121.43658415857247,31.266721208257458,19)
(121.37544687040791,31.227531035726653,10)
(121.40391042599441,31.244818625925344,9)
(121.3852094527802,31.23328899460247,4)
(121.39954479958926,31.281307620886505,30)
(121.39812236571993,31.248473098033326,36)
(121.38896660502982,31.27629769738796,2)
(121.36359783052193,31.309102992961737,2)
(121.38274419438156,31.24969607780933,26)
(121.39488991875055,31.2968469215243,36)
(121.3358853012444,31.296098977121254,20)
(121.42222604065172,31.260430306097025,11)
(121.4490562707085,31.251913097968036,6)
(121.42574031012967,31.24452323783789,28)
(121.43714628395047,31.278446379765207,24)
(121.44644363904199,31.261041032366848,42)
(121.37637203318036,31.23740367080118,6)
(121.39114006275645,31.28200774595486,36)
(121.37195378428147,31.263575667731704,37)
(121.41731861797504,31.275184956837958,28)
(121.36317267408133,31.304900154759377,36)
(121.34424315153963,31.282487110707095,35)
(121.40336969634467,31.231815841018747,1)
(121.44454071432177,31.275155630378023,2)
(121.39662540257967,31.24554217697049,36)
(121.395113406437,31.23210338080378,2)
(121.43120392081534,31.2624332434079,37)
(121.44125072647665,31.254393507003385,1)
(121.44790677857554,31.252128272680814,7)
(121.44335469058608,31.259814345566397,16)
(121.43959934241413,31.245882957762493,13)
(121.38770417595732,31.282384392610275,4)
(121.42440712208679,31.250360910581215,34)
(121.43381930194946,31.266342526468488,21)
(121.4305791430079,31.24860046741194,5)
(121.36503541194686,31.277082562105097,36)
(121.43626750714695,31.26734343519549,17)
(121.45469111720043,31.273984645856576,36)
(121.45593732939311,31.254328656999725,7)
(121.41611610832159,31.29639808545645,2)
(121.46126291893654,31.266593475998047,10)
(121.38846578855187,31.25849691937383,36)
(121.41294226165037,31.27297046979493,3)
(121.35071052056863,31.278915588101473,36)
(121.43441897050765,31.238132397054464,40)
(121.39059573385124,31.23720501727802,14)
(121.44405623218924,31.243725340136297,12)
(121.430145484868,31.246264883147354,4)
(121.42077518059311,31.234352252995198,2)
(121.45756599227408,31.251875131694593,20)
(121.41192538343928,31.258143528142085,27)
(121.43419530818566,31.238249723005534,1)
(121.44353954382608,31.244095677832124,3)
(121.44710803775611,31.258632528041204,17)
(121.43295795765242,31.25987076544333,17)
(121.39744451351434,31.24217536923753,147)
(121.43754869511771,31.24021233346161,64)
(121.36403160559237,31.252486066822133,36)
(121.40171053259813,31.25905883566,1)
(121.43002245989422,31.258256044461696,58)
(121.43882748871208,31.26194753741146,12)
(121.40089072735083,31.229483407822638,36)
(121.44794098682449,31.278342403382002,9)
(121.41843199377982,31.252670778270176,16)
(121.40894555338393,31.246126358821993,10)
(121.37409495886938,31.228151649857878,15)
(121.44382604689436,31.25139691086612,19)
(121.37082051356573,31.269490667814416,1)
(121.3669215170472,31.25179455084836,1)
(121.4178356981502,31.256604794531267,5)
(121.43764881736455,31.236558501343602,6)
(121.40989168611617,31.25938902946536,32)
(121.4638444158672,31.267175618286416,5)
(121.43009415642722,31.265673013500894,1)
(121.37543238078766,31.233652833183385,36)
(121.3804581442406,31.23435286538215,25)
(121.40875172554578,31.24367561265474,36)
(121.46152296202446,31.26983250518765,15)
(121.36516675454385,31.288615420227355,15)
(121.44293536502867,31.258359384342334,17)
(121.4005503873275,31.26119646260622,12)
(121.39196948258136,31.25672159782778,20)
(121.41524160998566,31.245601073782762,27)
(121.41204164881673,31.273007842380977,3)
(121.37222021845844,31.28685071401622,6)
(121.38325559166742,31.24761565031015,7)
(121.46025275204866,31.262126345267845,3)
(121.42394876332246,31.24136425217295,37)
(121.37445347602632,31.228030042721883,18)
(121.43352633851812,31.239011870881455,3)
(121.42765276996984,31.238720940417537,36)
(121.39149902625502,31.2899171896054,19)
(121.36418805396059,31.290435721834054,31)
(121.38454705704092,31.257820324064937,10)
(121.37189480916057,31.241867060866756,28)
(121.45938988613766,31.26529408586527,1)
(121.40501129014056,31.30003893890476,35)
(121.44404036883158,31.25989226992049,19)
(121.36412980346364,31.309479752679117,6)
(121.37405896863176,31.255647962573523,25)
(121.41894212712938,31.23421927018329,3)
(121.38990313832356,31.282749198840513,51)
(121.38582758925475,31.22758591229356,20)
(121.4375368700663,31.2694921078385,2)
(121.36270932873603,31.245649233080993,12)
(121.3438607895819,31.29149219869654,17)
(121.41768873842105,31.23315338974707,25)
(121.45117999334902,31.245949478684622,18)
(121.37230166192029,31.25595783401602,18)
(121.36705692449205,31.309048803257078,18)
(121.39077758191908,31.245294781776042,42)
(121.41089536402849,31.24354328937238,8)
(121.43781565587464,31.24078368365184,36)
(121.40974948127742,31.23092873052816,4)
(121.45294004315473,31.27066677538516,21)
(121.38968539506845,31.276302385257555,24)
(121.37406076305167,31.272565196997018,36)
(121.39757182161406,31.245069367436535,10)
(121.43940810238549,31.239328290913164,19)
(121.41719549432324,31.236184500869037,2)
(121.38096010301125,31.28431198888025,26)
(121.38631552366223,31.25465543793428,13)
(121.42588223524227,31.23967240273623,24)
(121.34880295405182,31.29103503524548,37)
(121.45249674811949,31.24373893848532,22)
(121.4094174694729,31.243784861269273,30)
(121.42463517661317,31.241999006307204,31)
(121.43667601419183,31.266734092459185,28)
(121.44606483708274,31.254417501534952,30)
(121.36695037153048,31.23799843350755,3)
(121.36497282040499,31.313209842068144,26)
(121.36233198084327,31.238986605776947,190)
(121.4463191091504,31.244838740536252,36)
(121.45393342016978,31.27407335359121,130)
(121.40256332875438,31.254423999678004,3)
(121.42142706615675,31.25466692473804,36)
(121.39584581088714,31.231996691073515,9)
(121.46114257476883,31.26143313698099,36)
(121.42561016090993,31.241305903304788,30)
(121.40912519755268,31.24584399663519,6)
(121.43737569569356,31.253013225529333,36)
(121.42237291342555,31.26166733222646,3)
(121.42557866141493,31.24157523665546,36)
(121.41174835009582,31.23428694063727,37)
(121.43388136459974,31.2795469870203,21)
(121.43741906696953,31.247354795413916,36)
(121.42695449178099,31.238222349725877,36)
(121.43015577134518,31.26689002361111,15)
(121.45294586480915,31.24576195734551,32)
(121.39645096340364,31.229928068187828,1)
(121.41186169652978,31.227138629115206,12)
(121.3786143048809,31.274697500216277,36)
(121.42118183471348,31.249834956993123,1)
(121.41164893046258,31.229174614746185,17)
(121.41410960510129,31.29189201758625,26)
(121.45068258790036,31.274254654490562,8)
(121.38514368043631,31.253231036395032,36)
(121.35616106754951,31.282616595766545,36)
(121.42658794809613,31.261896132494904,3)
(121.42611443099675,31.238829359604967,8)
(121.4356856340172,31.267580740739206,36)
(121.45628206509157,31.252305787778287,9)
(121.45498711065731,31.259243765294443,16)
(121.42832387920535,31.24868877390304,23)
(121.41164321854073,31.25192820896535,36)
(121.42521777341044,31.242622760260648,2)
(121.38139495090134,31.299509504493194,37)
(121.43875207029235,31.25473403665255,19)
(121.38869552761118,31.27612157874866,36)
(121.36365706282017,31.243906156191724,36)
(121.43760443543489,31.254299478915744,36)
(121.38974725575564,31.257133848398958,36)
(121.38307326022877,31.247048795377065,37)
(121.44524466145745,31.279196433802447,5)
(121.4290574955677,31.265590412115685,1)
(121.44075391604648,31.250247422212617,25)
(121.4405303723718,31.277562028665212,29)
(121.38718980410611,31.276395447375528,31)
(121.43633781735662,31.23466880974094,3)
(121.38684002149014,31.267040290623928,14)
(121.38955985379354,31.282776963655074,37)
(121.38378861605135,31.22959500197551,37)
(121.44197477049873,31.242312803429545,10)
(121.36172498538645,31.297011014504047,2)
(121.41613005245306,31.28210563079692,3)
(121.3712890871498,31.31333944638912,18)
(121.38733263762309,31.234243231271073,19)
(121.43247083750238,31.262243348361697,21)
(121.43964869372225,31.25638393493157,22)
(121.39291670153125,31.251515899165184,36)
(121.4267927770169,31.250970192285173,13)
(121.40611839095767,31.238688413977215,5)
(121.46329705858874,31.268421430199023,36)
(121.4150597281136,31.229086616209397,4)
(121.40032666733703,31.26234336834497,2)
(121.3939083157279,31.251007244112568,4)
(121.42598786062514,31.236385730555313,8)
(121.38831970272915,31.247526993692652,37)
(121.42784431366287,31.256290274067155,4)
(121.41350481854133,31.257392804054003,35)
(121.39488990861626,31.296730875776714,36)
(121.38414915114016,31.24273631373447,36)
(121.42697446998285,31.238219330491695,64)
(121.40835460826085,31.245662337254846,21)
(121.3686077904308,31.31423246115948,13)
(121.43648591974792,31.273670269947154,9)
(121.38596554582551,31.28324041692082,36)
(121.39597579371241,31.23098728909827,1)
(121.39962290325293,31.232699986439428,32)
(121.41010222740736,31.25163300356023,13)
(121.34961351366154,31.30309535885457,36)
(121.37637318396388,31.25064059348797,2)
(121.4417749439092,31.26544208331878,9)
(121.42526765506133,31.24305797337319,3)
(121.38025830089167,31.274792673164185,8)
(121.41597160577828,31.2307492153976,6)
(121.44868061887271,31.259973552389074,39)
(121.38284340658579,31.250836677854412,5)
(121.433820206269,31.27672289152464,36)
(121.3969172877281,31.26548800816033,36)
(121.41612802880496,31.261210547644414,7)
(121.421196461681,31.234221930886346,30)
(121.39451108897804,31.24407149069926,30)
(121.39139612082808,31.23145220356999,36)
(121.3894278554788,31.26112377421688,36)
(121.43685984052291,31.253792075611507,36)
(121.3750938753483,31.237754482064975,4)
(121.42112072214003,31.248007186137688,4)
(121.36914888456764,31.236648657193935,3)
(121.42228872567813,31.258715114817793,2)
(121.37938082860136,31.295540987595853,32)
(121.42241988400981,31.28468294029521,2)
(121.40488028190555,31.243292857738425,4)
(121.36326802259934,31.25162498073034,7)
(121.37536510425562,31.254618126791918,36)
(121.41354729665343,31.256337139720635,39)
(121.37875878250554,31.26651921550767,15)
(121.45157831493003,31.271678862430836,6)
(121.42712976400935,31.272441427757016,63)
(121.42379073487044,31.2623085879923,37)
(121.36084517422478,31.29391872880624,36)
(121.41786425718703,31.228814310884303,28)
(121.39993160844395,31.237510795113362,10)
(121.37244456543122,31.229249039491165,35)
(121.41400653809941,31.24485412813879,37)
(121.4149832880329,31.246588577328406,13)
(121.43524768795547,31.23528412781142,6)
(121.44076581967867,31.254961415664496,36)
(121.33301767860614,31.2948300040629,8)
(121.44616578604389,31.27918386333563,5)
(121.39924719201085,31.28707587343572,29)
(121.4312820417319,31.27811172875811,3)
(121.45587199274017,31.256394718201292,22)
(121.39441620851893,31.29199474836225,36)
(121.41186699519125,31.255182280314976,33)
(121.37939332173409,31.27480140258321,36)
(121.39626658575867,31.238299760196533,19)
(121.40394005524514,31.228168694967312,16)
(121.4446032888597,31.260211482778992,5)
(121.4231713705007,31.227330464749645,3)
(121.37678756992688,31.271488064072727,10)
(121.45816786471168,31.256765975108582,10)
(121.41676067063221,31.260840122467197,29)
(121.44881362001829,31.247459366327035,1)
(121.42276016245653,31.24534190484188,30)
(121.4144662136013,31.266145273336054,2)
(121.40934211216145,31.28330453903906,1)
(121.41687291421931,31.233751937838672,37)
(121.379836981073,31.287400055436198,7)
(121.40952619636913,31.231284407592227,4)
(121.33436949014798,31.291641620869893,24)
(121.37856450535281,31.248528989161375,3)
(121.41269327850867,31.26160500940751,36)
(121.39526213226215,31.27387377885545,37)
(121.44824172049039,31.248228949302998,23)
(121.39148716216494,31.231689251124283,67)
(121.42419372393833,31.254432426245103,37)
(121.4055367497718,31.300388430528365,8)
(121.39675835263948,31.259609200378616,10)
(121.40952809687371,31.228170513816654,13)
(121.42311903483828,31.247429578612397,37)
(121.42917133420424,31.25976843781275,2)
(121.40887925098959,31.22692396978521,8)
(121.42295553968395,31.27450236667339,1)
(121.36447165096763,31.3094857920761,1)
(121.3791043889827,31.232936074870015,2)
(121.38075918013286,31.253524758842374,35)
(121.43448079252445,31.261809196449505,37)
(121.44871475841504,31.260440438848207,35)
(121.4298040851566,31.252726779488007,36)
(121.4046023015587,31.26180750969406,22)
(121.38570939138894,31.289855158009715,10)
(121.38492941761295,31.25923629633882,9)
(121.4205491356623,31.247831461405326,3)
(121.3649098115816,31.31289353539345,36)
(121.40619863500731,31.27584556512087,2)
(121.44289672548639,31.250171861122283,37)
(121.40727954546796,31.22404975604929,36)
(121.43597808838972,31.266498904733826,1)
(121.38000355805923,31.24401259612069,36)
(121.34967051820327,31.303177762359176,23)
(121.4114011586371,31.227347605152293,21)
(121.44126342837492,31.250240117081262,34)
(121.397215517486,31.266453546470615,36)
(121.4500316826534,31.258492167096996,8)
(121.43710219279451,31.26512083730864,36)
(121.41933053703808,31.265540874560923,3)
(121.42808116602419,31.260258066395068,26)
(121.42270072058763,31.262618513445833,36)
(121.37141072227557,31.251271198187197,2)
(121.43251474300251,31.250382129671742,15)
(121.38991407919423,31.23603701092785,1)
(121.43958688863971,31.23607234474551,4)
(121.40185359942075,31.23646984195568,14)
(121.39007623366368,31.25925243128652,37)
(121.39387804881979,31.248165971139297,15)
(121.38239540585974,31.27972256182492,24)
(121.38411896932662,31.259624146991822,15)
(121.43031670530964,31.23457101680127,18)
(121.43488018434675,31.255424487008828,37)
(121.37551155470888,31.26890645083181,20)
(121.36433953249154,31.309719076269374,22)
(121.37697099227799,31.232986242613475,3)
(121.42406261249705,31.24083592758579,36)
(121.40268068119607,31.223765163813706,16)
(121.44051212679021,31.238859464261697,66)
(121.38225521686223,31.244928478851058,5)
(121.41459953655479,31.24756014181397,18)
(121.37584278630099,31.300661764891107,6)
(121.39122261287969,31.264643532185875,3)
(121.36505043924599,31.27708958764836,20)
(121.43796183197591,31.254111907186086,26)
(121.36446544957985,31.311406886988948,21)
(121.40737095104784,31.245141330394105,7)
(121.35427288809528,31.27848966758889,22)
(121.37127258436763,31.313631643468828,20)
(121.44250340227612,31.263307321444344,36)
(121.44755436720062,31.257903731420345,1)
(121.42387034423939,31.250510966695625,36)
(121.44186207710878,31.25492456755137,6)
(121.43722991980366,31.241400259325882,5)
(121.43689833270419,31.240027084403067,15)
(121.4563760573303,31.24630798071416,36)
(121.39206708238825,31.228334920560485,37)
(121.38952653580401,31.25649284024764,36)
(121.39470855570413,31.305425377502925,36)
(121.43604314863046,31.25687867919745,5)
(121.40196958170418,31.232567287470633,7)
(121.44312605854256,31.2590113636696,68)
(121.43079435096533,31.265595631610015,25)
(121.4257863993342,31.24608189483842,2)
(121.42386639319948,31.25918318277352,16)
(121.4357367833169,31.258827648131994,4)
(121.40711142982344,31.250547732394566,3)
(121.4460637551989,31.241571101618884,25)
(121.42307435266602,31.262086019048574,34)
(121.42252641504606,31.264796660152353,36)
(121.4230585774516,31.264504067367294,2)
(121.41931368644207,31.244205558608197,29)
(121.43720995620811,31.26439838377407,25)
(121.45403856637392,31.260903414901787,7)
(121.440446720543,31.267301043464418,11)
(121.36493292141031,31.288614892722386,21)
(121.4040808018611,31.23387305198992,2)
(121.38914572910157,31.231896689204255,12)
(121.40070608321652,31.25715375591187,33)
(121.43119171841387,31.265828734444483,36)
(121.36941530011913,31.28169281620337,36)
(121.35249276817981,31.281048810036157,37)
(121.4482571974075,31.25409550757172,3)
(121.43001701615734,31.261990901853636,37)
(121.38210325944488,31.286308550965714,37)
(121.41085500537369,31.22786015586675,5)
(121.43341726822122,31.27807568622307,81)
(121.3923927382387,31.290563013587292,37)
(121.41588936907083,31.229376437866897,2)
(121.45689375595613,31.26788541818514,8)
(121.37936832748609,31.289292899196553,2)
(121.4516677053377,31.255542773802805,4)
(121.4284538269175,31.249808144852533,31)
(121.42142826782965,31.268444856060434,36)
(121.3898527790258,31.233170659558784,4)
(121.44137485870326,31.26511071595617,8)
(121.3976331283646,31.248264813934618,5)
(121.41014054701473,31.255374638718358,22)
(121.40228965845029,31.229765357383556,45)
(121.44392615074639,31.266311210513813,6)
(121.45032099908242,31.258096452877222,1)
(121.41663173528876,31.26080016080686,17)
(121.40813535443402,31.247735087861976,37)
(121.45350824016073,31.272338589916636,40)
(121.42525446618909,31.26366802322557,1)
(121.39314320848167,31.23259453210904,36)
(121.44738158746553,31.24858964310051,11)
(121.39091861171599,31.259472659133223,4)
(121.4577338032927,31.267730642564143,36)
(121.38934334680495,31.256108539228606,33)
(121.39599121368362,31.235714458618382,9)
(121.45193325890213,31.245980040200298,11)
(121.41073309373364,31.22959786174843,9)
(121.39106814338949,31.268801467679534,26)
(121.38917593980864,31.230098758120526,36)
(121.38551622212381,31.238504638162496,3)
(121.43642464083098,31.25411589075529,36)
(121.42131951588672,31.246233344332843,23)
(121.42528471913889,31.266908381697288,26)
(121.42308477336528,31.257643621175315,19)
(121.41103468006466,31.27043996373756,3)
(121.43624792280058,31.258007280571128,1)
(121.44335745079658,31.252527664553543,1)
(121.35560408572982,31.284211299674414,32)
(121.40508877645676,31.24378464341348,3)
(121.41927311027956,31.254040801983205,2)
(121.42321773646468,31.244999424607858,7)
(121.34416394652052,31.28398830372915,37)
(121.4101538507141,31.267303568333997,1)
(121.42468013158685,31.241974959956966,2)
(121.39003031673703,31.26184629060476,10)
(121.4028286718949,31.22331298043584,1)
(121.38146493698223,31.298388136594813,36)
(121.34768344206874,31.283391968678277,21)
(121.39199906603872,31.24020629750832,2)
(121.4547467925148,31.271483517283603,30)
(121.37221164022712,31.313197774392606,24)
(121.42223661008596,31.245435309451544,36)
(121.43825224624523,31.26439395640421,18)
(121.40009176892849,31.255823000500506,36)
(121.41550997292423,31.25716003620396,37)
(121.3800507620121,31.269396151114076,55)
(121.46333395842201,31.2684553583743,15)
(121.43961425372228,31.24516161430746,6)
(121.41944448630387,31.254380989138063,18)
(121.36516563740057,31.277017731148,22)
(121.42222630209116,31.241806691049835,17)
(121.3764706228015,31.231092906919958,3)
(121.44250904259725,31.256888417805015,19)
(121.39089370448268,31.257140078311064,35)
(121.38681026844,31.281687381386995,20)
(121.44696675292373,31.283257381268154,18)
(121.41635552233323,31.245261457745016,12)
(121.37756675251734,31.27286054567532,20)
(121.44950949294599,31.245248209066585,2)
(121.43282650995513,31.241168663186745,13)
(121.41605759127556,31.244336166179988,15)
(121.43454540727824,31.260061712481384,4)
(121.43749608314958,31.240212623350526,4)
(121.38231923387771,31.232002630462897,70)
(121.37781388522251,31.2935602815641,24)
(121.38334495160395,31.25060605903098,4)
(121.43545408630874,31.234286356442635,1)
(121.40494789434726,31.29111071650899,3)
(121.41947723695638,31.228846486473877,9)
(121.38009920074536,31.251645237213054,23)
(121.38190781925206,31.291004658517885,36)
(121.4315588037325,31.252896932734927,6)
(121.38255564540775,31.280351978730906,23)
(121.40746080236903,31.24347458347474,20)
(121.3777040696153,31.22833207187883,37)
(121.39434517948067,31.247631627715645,27)
(121.3727443423627,31.25596941670264,36)
(121.40428447980753,31.287188068191455,8)
(121.38735855318424,31.26746489493868,36)
(121.42295803162122,31.24578996433779,36)
(121.37003148680446,31.249212821415814,4)
(121.42244829537763,31.259843553488714,12)
(121.43604220632555,31.246049910484174,11)
(121.43051761943106,31.24170045123793,32)
(121.35607789764722,31.282580439947253,17)
(121.402115076732,31.264154118640604,9)
(121.44220475268449,31.258501594153362,2)
(121.42374471339748,31.2504463407711,19)
(121.38941243474274,31.25644273535398,36)
(121.39335535470484,31.301475897126576,36)
(121.39909855423574,31.246023362253805,23)
(121.39293534508293,31.250720759853266,1)
(121.40423104867865,31.293778703916235,36)
(121.3976191702162,31.26029107086232,36)
(121.42381495079123,31.235574814454594,1)
(121.44253999555072,31.257016424927954,37)
(121.38296198536736,31.290415462002258,12)
(121.3764079902859,31.231451860060506,28)
(121.45683603373445,31.253940595799495,12)
(121.4541214473598,31.247720632261263,7)
(121.42832282832663,31.236622358654827,3)
(121.43174304846359,31.259677556826276,36)
(121.41690792312887,31.239136635100284,2)
(121.4260974852142,31.239250564606767,32)
(121.39501999903199,31.296886003534237,36)
(121.45937260296597,31.255683233586907,35)
(121.41714703084038,31.23298356320227,19)
(121.36181211015425,31.24949052773529,24)
(121.40752730518363,31.258749440596436,36)
(121.41437689527977,31.236294610318,2)
(121.39960902127986,31.231856816368325,3)
(121.43690632900741,31.28601179998602,36)
(121.37228663508873,31.255915795984645,36)
(121.3539445338199,31.28216861239484,36)
(121.34030457416517,31.28800913459119,3)
(121.42710334206231,31.238351274581063,36)
(121.40780099256082,31.30123134135567,31)
(121.39957313276523,31.262083550607915,32)
(121.38547519510806,31.296114048678817,36)
(121.37401996164746,31.256608254914234,24)
(121.44812443466822,31.242040396355012,6)
(121.39195154097682,31.253520963372246,9)
(121.39783163910455,31.241612922345126,5)
(121.44725291704383,31.26074918876687,20)
(121.44625387833142,31.257059629805152,4)
(121.43195280740329,31.26531424810209,36)
(121.42277697294035,31.266254014712867,7)
(121.40919931589671,31.23693422906572,3)
(121.42857446328313,31.2357737308366,2)
(121.37723799511008,31.26927565732132,10)
(121.38712199076708,31.270089548537662,36)
(121.38400874363097,31.27800618968445,27)
(121.43721592874473,31.252721312866843,36)
(121.43636492711684,31.2541142791756,36)
(121.44524273409304,31.257020032639172,14)
(121.43142257202453,31.257210097260863,23)
(121.41739244812445,31.239342343733295,5)
(121.36504063664825,31.288615105370774,13)
(121.38925945288734,31.23718639947268,5)
(121.39086359616802,31.267646571458858,36)
(121.39626888924204,31.264719391425714,36)
(121.42712069556622,31.254087268910975,20)
(121.42088160908693,31.264847017237326,24)
(121.41939163843901,31.234373963914326,10)
(121.44931727617093,31.270066446159454,10)
(121.3955783608886,31.24718886546533,19)
(121.38045600898953,31.29033089410656,4)
(121.40757831767586,31.258753251127114,31)
(121.43153988526397,31.248440361918803,20)
(121.39652894516642,31.27527496372172,24)
(121.37152344989842,31.2674687563571,36)
(121.43199622763639,31.236395446756934,21)
(121.3866934615719,31.25075011524013,36)
(121.40224122545912,31.232244011797643,6)
(121.39651555822063,31.2938405147883,1)
(121.38616416893268,31.230374487720592,6)
(121.4131179157535,31.27987142979946,14)
(121.43918288626176,31.27830749939697,1)
(121.38863224391366,31.25054056694873,3)
(121.437819559529,31.282705218183413,22)
(121.44168542226596,31.256129384320296,29)
(121.39026276789241,31.2590986389104,4)
(121.43774353948913,31.24070446996771,18)
(121.40903697587372,31.24496098003278,31)
(121.40642679305385,31.2661464886597,37)
(121.37270725631069,31.267151180306648,20)
(121.4339937400999,31.262787796683767,37)
(121.38245525961867,31.23873563966113,17)
(121.40550671322703,31.230206579983566,36)
(121.40274763970297,31.25754839685568,12)
(121.33520473542606,31.295843578955743,4)
(121.39914418967643,31.24300397147707,26)
(121.37280347990482,31.235347156090654,62)
(121.4361560266995,31.246021750252723,3)
(121.39589504643982,31.26882096141204,9)
(121.4191414776678,31.25401527449336,37)
(121.40674073432874,31.249835226806365,13)
(121.44385868985874,31.243206705442446,8)
(121.40269928505887,31.230652356442995,6)
(121.43603780898556,31.252886941001965,16)
(121.43652798646032,31.25428934192738,33)
(121.45891235752165,31.250234487989147,5)
(121.36761671189596,31.296298301832095,19)
(121.44776931394888,31.268829647914764,3)
(121.41360168590681,31.233346046590867,13)
(121.4465601858376,31.26251218172637,21)
(121.38343057394049,31.233661530109874,36)
(121.43908294965853,31.2656033037356,16)
(121.40350262834852,31.23182376799487,36)
(121.45766464563378,31.250800446242348,24)
(121.45408831353137,31.259377655119827,1)
(121.40679655961877,31.279822968455058,6)
(121.40178131553733,31.23190291974945,25)
(121.42153906006936,31.232676003701087,2)
(121.45978851791418,31.25568394736113,36)
(121.40863247645441,31.246795492623214,60)
(121.42183706247751,31.235424063581707,16)
(121.4314942404743,31.251823906727203,16)
(121.40350994976507,31.261047543348504,40)
(121.42234486981211,31.258892233799042,36)
(121.3766167278344,31.23268938922729,36)
(121.38770145840762,31.25120713707281,36)
(121.39014553013229,31.273483536953993,5)
(121.36136757276604,31.287086976065513,36)
(121.38625603114345,31.262586242069933,18)
(121.36873858595477,31.28785306361385,30)
(121.44017228708009,31.26822684179003,20)
(121.39848484689274,31.298065987236104,36)
(121.39416276198206,31.225162767871655,1)
(121.38868655150694,31.23152473787759,14)
(121.3827697157208,31.278343359739264,36)
(121.42048761404973,31.241334594300085,36)
(121.40695136891694,31.24981841028675,8)
(121.40402586173,31.246117570366774,36)
(121.422766271688,31.236500563765496,36)
(121.44743071733159,31.26276974477698,5)
(121.38965511326056,31.23890712732512,36)
(121.42176482487523,31.23467745874657,36)
(121.44068943819367,31.257551492229087,7)
(121.40745727336603,31.271792881950972,36)
(121.46144294376346,31.253749524463885,32)
(121.40650934751744,31.261029298097206,19)
(121.36842435519031,31.312749643697373,5)
(121.45702575335036,31.256261207088293,4)
(121.43165396445578,31.251079403153774,24)
(121.38817756031814,31.281814531388527,17)
(121.38741052892186,31.243646546095608,33)
(121.42667683085632,31.23870381419743,36)
(121.4407699553026,31.25366367487818,36)
(121.3856353764499,31.287191350799908,36)
(121.45494954774932,31.263212553008007,24)
(121.42643503750325,31.261073912021832,20)
(121.4176064727121,31.252489103602453,1)
(121.42082999727218,31.27764978127442,9)
(121.39177151868725,31.258810379009194,9)
(121.41754008632306,31.270536905560117,4)
(121.45615062706517,31.252387359029033,10)
(121.37723015556922,31.248225531715253,5)
(121.43432185996456,31.25817540758003,6)
(121.45404463146593,31.273325683673942,21)
(121.39790019634967,31.264733782650477,17)
(121.4252020692518,31.23949346284071,36)
(121.40156325596875,31.256326614661752,28)
(121.37652580667972,31.25377763236512,22)
(121.41391250207712,31.264183690338434,18)
(121.41417374482096,31.236505313049236,4)
(121.40983667256052,31.25911391856708,33)
(121.3910398462958,31.26894023783984,4)
(121.38757408752545,31.28275844188027,27)
(121.43419743914973,31.26273152597782,36)
(121.39610523602553,31.223782014591514,7)
(121.42805230374238,31.272918481509706,20)
(121.42786543788446,31.237644254833935,53)
(121.43621791710375,31.264665262061374,33)
(121.34283654749541,31.303381964169358,9)
(121.43739135798793,31.260903637878357,3)
(121.41551129609763,31.27232351588757,19)
(121.37958808217637,31.234671080900615,8)
(121.3925687808459,31.235529514845254,36)
(121.4061648808132,31.244290936274517,29)
(121.42476724781065,31.27863971849645,36)
(121.41220725813746,31.259494811979714,15)
(121.45935259948118,31.255329231405554,2)
(121.41117731496648,31.243715316492555,26)
(121.42308934598437,31.26215903966132,2)
(121.42846783820633,31.238655141740864,36)
(121.38009758145213,31.290538597343286,18)
(121.38424826060205,31.24276441786762,36)
(121.43716040314948,31.234181079065383,36)
(121.46219291339489,31.25450699581868,6)
(121.39563269106951,31.23197257774351,8)
(121.4040500798712,31.266270642763512,3)
(121.33843209721479,31.29652198652191,36)
(121.42838451761264,31.24534322799971,1)
(121.3901247344494,31.282446565089405,29)
(121.3792691088944,31.28794518631488,37)
(121.43989433195077,31.282360299971536,4)
(121.36765353484091,31.237571258750574,3)
(121.37888796454517,31.266680427295018,49)
(121.40192704921208,31.24947801504724,30)
(121.39032257290951,31.27232317443061,37)
(121.42337669348646,31.234647634666374,36)
(121.44750037647229,31.250141368331647,11)
(121.37498172287613,31.287156830182678,18)
(121.43848843014014,31.24110374328799,1)
(121.40649284143223,31.24376571139529,2)
(121.433065221647,31.25314871273237,12)
(121.43800432048754,31.240173652518077,31)
(121.40366736461586,31.29982626498392,17)
(121.44055667417015,31.25858036981053,10)
(121.35053472338407,31.285563995560672,33)
(121.42391776049467,31.241006114419257,36)
(121.36509651228181,31.27698861512356,36)
(121.38834995026396,31.282495942102326,15)
(121.41094835169739,31.243536277118174,3)
(121.41338237004281,31.228832647343804,10)
(121.36890793423422,31.252533722031803,1)
(121.45149251296561,31.24867909223349,1)
(121.4364830888582,31.241143136978383,2)
(121.43787795684217,31.253956954707213,36)
(121.44392603395161,31.264967637549006,37)
(121.38929706023322,31.253271264919658,21)
(121.34130668532237,31.286488407742098,36)
(121.36972170078378,31.28172093296696,28)
(121.45848699751359,31.256326090313706,16)
(121.33729251644668,31.296433787755404,36)
(121.42432385750777,31.25789327347933,3)
(121.43871848452078,31.25391376333013,3)
(121.38983005803775,31.23659420438408,12)
(121.43175106269948,31.230740132988426,7)
(121.3746137228102,31.228173308380683,11)
(121.43033653802499,31.279490066723035,38)
(121.3801125974396,31.290506600528186,36)
(121.3767583416742,31.287096596897193,29)
(121.44159639996553,31.243283591605895,5)
(121.39596686447406,31.300671951963395,24)
(121.40098999391031,31.23220668595845,32)
(121.45977267420713,31.268314266419402,1)
(121.42506870739851,31.241417398178097,37)
(121.42425391019175,31.246285221984987,35)
(121.40038798317146,31.2448271153653,23)
(121.38949346689496,31.256022611374757,14)
(121.42970469029257,31.26530864326665,32)
(121.45785560449973,31.255990311938405,18)
(121.39611158420917,31.23944758386585,36)
(121.39182359444561,31.236269403512416,14)
(121.41371213101765,31.26125262323194,26)
(121.37306350373169,31.230241771947007,31)
(121.4378480068651,31.253964999362715,18)
(121.45120611695582,31.251806989581443,36)
(121.43905100230438,31.254106379065167,23)
(121.44180974123066,31.272916353497443,1)
(121.36711503316438,31.309066710432372,29)
(121.39379255112439,31.274793767140523,6)
(121.3848298120721,31.274888437181943,10)
(121.43485460040709,31.252764388865774,4)
(121.37795785090034,31.279455734170995,6)
(121.39741558464432,31.25199371318554,5)
(121.41658400769967,31.240714322104253,3)
(121.42120927702283,31.243684202780184,37)
(121.44132195545397,31.265114798148637,48)
(121.36377607051344,31.252521037668203,32)
(121.37849856557338,31.277466087041386,5)
(121.39203836344964,31.229282227532956,15)
(121.45269510658575,31.252551116630016,13)
(121.36402378914751,31.308288143241594,36)
(121.38923064048429,31.27913320862904,10)
(121.45316688596304,31.252042301158937,17)
(121.36497222030599,31.313262941876683,36)
(121.43491014866433,31.282932118687683,36)
(121.40454287742885,31.277181690383287,29)
(121.38596070411658,31.26185533218779,26)
(121.36302358979154,31.25179167498147,36)
(121.3833714455302,31.25594542562896,1)
(121.384410596361,31.267609414141926,37)
(121.44220953458257,31.246360099078167,37)
(121.44767791743352,31.248111906067646,7)
(121.43651372358715,31.23750445184115,1)
(121.42489426144736,31.24582551327895,7)
(121.39467979681794,31.22805429365472,26)
(121.4236598842871,31.251203852133624,13)
(121.43489259624255,31.25336760636667,36)
(121.39045661024373,31.288720810161834,1)
(121.42587252511207,31.27144781272688,3)
(121.46009059015519,31.265787634435046,27)
(121.40115305824855,31.25535008802126,11)
(121.43953866589068,31.24038194386912,6)
(121.38964143658596,31.230836381517936,36)
(121.3843490686743,31.2623040922849,6)
(121.34704632422176,31.296607319557474,15)
(121.42609718835722,31.246486634276486,31)
(121.45230133048003,31.260010152420964,29)
(121.43032860997455,31.247622695109033,36)
(121.45379273218093,31.255990779540397,36)
(121.40830179138834,31.255403828693833,22)
(121.41224972196409,31.297418716263145,10)
(121.41968609742032,31.228882385775123,3)
(121.42172287602295,31.243703879511195,9)
(121.38933436047718,31.256353639420503,2)
(121.42383373525536,31.250524459080953,2)
(121.40225826560906,31.24300387947394,36)
(121.40635431964864,31.224698464305284,18)
(121.43734363644337,31.240258591477673,4)
(121.38323343744364,31.23002027158568,33)
(121.41609611170051,31.239056776325942,35)
(121.41020277398844,31.269561724796553,7)
(121.41829208913666,31.241310797184273,10)
(121.45146516672116,31.24997203536748,31)
(121.43504811956414,31.233610860199214,36)
(121.41858854163269,31.2716049244801,1)
(121.4484432486681,31.260263679590135,20)
(121.42565327962569,31.24163575192321,1)
(121.42627329478407,31.239156370942066,28)
(121.40912484282036,31.245519405456456,25)
(121.42762172848624,31.237848573943026,23)
(121.3435039110994,31.28020848343852,1)
(121.36760841993002,31.248671168227062,23)
(121.4399287605389,31.2773139476574,3)
(121.39819016107118,31.245786929829112,37)
(121.42101564106753,31.249279075175238,36)
(121.4449143182122,31.244678138345655,2)
(121.4337186529772,31.24577267869869,20)
(121.42684550600063,31.248510057789076,29)
(121.38975788725757,31.269778704620514,7)
(121.43809090724136,31.245950122477165,2)
(121.39544805391388,31.231935001260844,23)
(121.42115186436857,31.249911009578536,24)
(121.41072734349376,31.242893025944017,4)
(121.36835712150356,31.309342466571692,38)
(121.45142631074856,31.27909924759373,1)
(121.40887907287139,31.224880020865477,36)
(121.3815235881172,31.270598886016444,5)
(121.42769149061043,31.247480832969615,18)
(121.36629111128707,31.30908590907084,37)
(121.39669699751839,31.27489187870232,17)
(121.39400639538205,31.228235015954485,28)
(121.38326015859474,31.300027553232056,37)
(121.35243935821241,31.297267569347603,3)
(121.44029181454103,31.254334228170148,36)
(121.40382002634347,31.227165672444325,3)
(121.38296200036956,31.290587530979344,24)
(121.3918566178496,31.269168913686844,21)
(121.40379130119263,31.240076830018758,10)
(121.44841044275188,31.2607181103311,37)
(121.38257527601435,31.278516577144917,27)
(121.4268202647675,31.2510521742761,5)
(121.37901896356284,31.27770646862653,37)
(121.44850134556506,31.26186243905604,14)
(121.43672803681812,31.27857333407804,2)
(121.45335745994646,31.25236406316453,10)
(121.42785511661654,31.259047971016617,259)
(121.45944795114235,31.273320245672796,35)
(121.43464994685702,31.264715822025504,32)
(121.42887288943953,31.25613751689964,2)
(121.46092261945665,31.257302111418134,23)
(121.40537072023585,31.231421058697393,20)
(121.4117494014648,31.24634537877595,3)
(121.41209205097742,31.268000301997883,33)
(121.39738971080766,31.256249224423854,36)
(121.4184510480054,31.23049879555711,36)
(121.45480565788765,31.271925548269888,4)
(121.37488905859307,31.227427304305085,17)
(121.42264934332155,31.241311730506204,52)
(121.3897011414626,31.238788106634743,36)
(121.45125000882577,31.25947628720879,9)
(121.43688124543606,31.25387967958355,37)
(121.43579620074235,31.237025467122884,3)
(121.4425893432941,31.264515466483754,23)
(121.42663032173184,31.27817638291293,5)
(121.36908154413639,31.31385698750982,18)
(121.43761927117824,31.252692754093808,11)
(121.4413364484018,31.268581296142752,13)
(121.38451133560682,31.274864558448325,21)
(121.39229657158131,31.23205277472595,11)
(121.40095101291487,31.301708912001267,95)
(121.43220697853562,31.24967449986969,76)
(121.4243912734213,31.251924612149036,1)
(121.42476438379535,31.245792602287743,36)
(121.42221061494487,31.24524524231897,31)
(121.44590441808239,31.245826980499942,15)
(121.38549959203944,31.231453409231214,31)
(121.38735744248885,31.25816391505269,15)
(121.45001555718879,31.24513331683169,36)
(121.4288175457353,31.234085713900974,9)
(121.36452185798971,31.30945489796638,13)
(121.42545806770336,31.23848975815088,33)
(121.36274814510153,31.252499557277453,39)
(121.42669384639876,31.262018091804297,18)
(121.44189259226495,31.26148636794707,22)
(121.39323812921681,31.2653931033661,6)
(121.429290262343,31.256388768396786,1)
(121.42326420034388,31.262244950046476,32)
(121.4062814319036,31.262038726267402,36)
(121.43708811197958,31.239641477434414,36)
(121.41617274179526,31.246718182197345,19)
(121.41810567677236,31.237574301813872,2)
(121.39822323271706,31.269385191505744,2)
(121.41091735194047,31.243460248402954,37)
(121.43789394426773,31.254115001962198,36)
(121.39307440902324,31.22394449513712,12)
(121.45696219128263,31.269545857301274,4)
(121.41077570186825,31.281487603940025,4)
(121.38970440410212,31.27622336609438,2)
(121.42162395363647,31.232224741521602,36)
(121.4400709683638,31.26828676036402,32)
(121.41199327950073,31.245706041605008,4)
(121.36814900452771,31.251359466588898,88)
(121.3911923718137,31.273619307626625,36)
(121.34862459506779,31.296450917337506,36)
(121.3683563474422,31.233281310639367,33)
(121.38399794969594,31.2318685824544,11)
(121.40745316792227,31.22472201847965,10)
(121.45899653878274,31.253892183359795,1)
(121.45412663142032,31.252593618727396,14)
(121.44611446575915,31.24154341058957,35)
(121.37769547786188,31.2561985723808,3)
(121.36017534112585,31.287394188076114,33)
(121.38686792209234,31.24260863806659,12)
(121.36217505491638,31.252143503102648,2)
(121.41044289405221,31.225605176529914,33)
(121.42740899500593,31.23820393049693,6)
(121.40584504732446,31.246333833519987,18)
(121.39181014915333,31.265718372186427,32)
(121.4543013807026,31.24771986037009,5)
(121.44645254342565,31.271171814751376,2)
(121.45572288329879,31.251095183424777,1)
(121.44734632360232,31.2541220024825,15)
(121.34678590892446,31.288658823431117,36)
(121.39649893851951,31.27537599235575,36)
(121.36187720507922,31.29700233081677,35)
(121.40169384309189,31.251201399786787,6)
(121.41676122658383,31.267211849910673,6)
(121.421954497135,31.285055331985273,6)
(121.33370169314907,31.300170409674386,21)
(121.37887289566353,31.266113169221914,36)
(121.36399798558858,31.308294040277843,3)
(121.41637402914462,31.28553763058733,10)
(121.43825079847522,31.247752702820332,34)
(121.42483928372435,31.270609628596134,28)
(121.38949832285626,31.27728165637319,1)
(121.45869623048182,31.251160531947257,1)
(121.44511955827647,31.245827026752398,22)
(121.37814081460134,31.27623760958564,9)
(121.38738644878822,31.257197622195314,192)
(121.42954634261916,31.282026798815828,36)
(121.38025750073876,31.27478427305273,36)
(121.38181859605962,31.232158263622278,1)
(121.4452973876091,31.25430375519557,17)
(121.37385286232147,31.254229077789418,36)
(121.42775757837421,31.23786645614795,26)
(121.44957349104159,31.244555881267516,8)
(121.4378335674585,31.26012469909404,18)
(121.44225051595512,31.256763767776306,14)
(121.39200320871655,31.287715625822567,32)
(121.41119232443984,31.243864380476804,35)
(121.44501345296247,31.248503675995988,37)
(121.44692573428645,31.262243406457426,3)
(121.44772432859097,31.2539744085178,36)
(121.38831874742603,31.257154189188977,36)
(121.4525559552619,31.255462069885045,36)
(121.3816244951592,31.2796427573876,19)
(121.44689972859695,31.241749747629623,29)
(121.37473320805553,31.277832231265474,36)
(121.419095365237,31.236965897129302,20)
(121.42297437218453,31.261315759177272,15)
(121.39264741665654,31.258989413726514,39)
(121.40428443463296,31.286670858902596,11)
(121.42176444590373,31.229811398926227,1)
(121.39642706864537,31.242879897418373,36)
(121.37519716759195,31.257932424519048,4)
(121.38163556730869,31.23432006760546,31)
(121.39752287699935,31.291830144691378,37)
(121.389085242196,31.268935857391913,2)
(121.43204178657155,31.243511608266598,7)
(121.42035030706938,31.236668566215556,37)
(121.40554692875756,31.245153289692162,10)
(121.41469247450226,31.271719407852324,11)
(121.37129458798452,31.31362324650287,33)
(121.41022056721883,31.255590005338505,37)
(121.42221455835166,31.248914456907166,47)
(121.44399982019388,31.24393612958199,18)
(121.45526159391972,31.27258688857202,17)
(121.45915004133657,31.25196077653925,10)
(121.40873640233484,31.22570045418934,15)
(121.40501946649039,31.236856112820536,3)
(121.43802152816733,31.240278674774636,7)
(121.43144296266158,31.270793135188377,36)
(121.43943502355224,31.254399966758804,19)
(121.4432872718168,31.26322416472376,36)
(121.3990033556374,31.24417050240765,1)
(121.4275469442277,31.27722307275885,2)
(121.43055069563155,31.265987056683105,4)
(121.45916328278048,31.268490838686517,13)
(121.41422165679872,31.236394877634314,7)
(121.38221252981639,31.283583963929264,20)
(121.4386136364082,31.241108835506612,4)
(121.38247285139389,31.283813315015536,30)
(121.40813615463213,31.247609488270967,23)
(121.40691783470382,31.300962703776648,18)
(121.41817393664164,31.231004315376246,3)
(121.4253589084155,31.247731079813548,28)
(121.42593076266914,31.24046825638859,36)
(121.4160270422939,31.23786926645801,19)
(121.38695070133879,31.227655892287082,5)
(121.40633641334048,31.284723842711017,1)
(121.43701614248185,31.240007918532193,8)
(121.40643989687008,31.244408997902642,5)
(121.44695884081725,31.24187525769078,25)
(121.41056785295872,31.23438221836575,36)
(121.41640551172951,31.291244918413142,12)
(121.43567189873015,31.281836708530093,37)
(121.41560999405176,31.269393244079307,36)
(121.38024639860419,31.27475557131987,24)
(121.40517674437663,31.289169957516357,36)
(121.39068056971415,31.268998019953777,1)
(121.4140269085235,31.236240537164118,15)
(121.41117732997193,31.243887393533242,4)
(121.38833733110188,31.277528888986524,2)
