(121.42718168602389,31.254738498843153,37)
(121.403907223165,31.287067340415547,30)
(121.38144738739742,31.269337276012795,21)
(121.40942139178993,31.237981804246875,12)
(121.38920666330107,31.233365828479197,2)
(121.40616884753092,31.289739245726512,7)
(121.46387332657748,31.257793837674967,1)
(121.38645607306074,31.262417277600743,34)
(121.4539296222296,31.270025527919625,9)
(121.41214704323419,31.259512399366518,36)
(121.35213483874604,31.305863853786292,23)
(121.3795146776387,31.284424063871715,48)
(121.40208475581832,31.272019446720893,13)
(121.38760519514118,31.2576032603642,27)
(121.43283030209663,31.238392613605455,5)
(121.38521342384875,31.27888085675965,11)
(121.37590385859357,31.300499775218874,8)
(121.39720049900532,31.266324485232065,29)
(121.43191365098444,31.251453279969233,40)
(121.42615842825097,31.239319543575693,19)
(121.42497088575878,31.253833991702823,36)
(121.43590025407254,31.278481033462924,3)
(121.43079165246374,31.233572794093664,35)
(121.39429754549431,31.250824376090286,7)
(121.33316350276344,31.300558533530456,6)
(121.40124029208575,31.29212548651397,4)
(121.43775054083508,31.26972491479592,1)
(121.45991818683322,31.255842728296347,5)
(121.36678085970799,31.304655189321455,24)
(121.38590958351337,31.284028577291483,2)
(121.39780596469568,31.302799575983517,20)
(121.42182634361718,31.279451985556733,37)
(121.44697060553996,31.281214912775287,8)
(121.43344345137128,31.23895494324237,25)
(121.36754263757479,31.237976449146853,5)
(121.43295665926874,31.24495821219507,18)
(121.40051936915074,31.261100412515397,10)
(121.4209223722819,31.242267747744947,11)
(121.3716552725952,31.297590251214928,35)
(121.39904216414281,31.26156101441187,17)
(121.38925484526649,31.28228180639883,37)
(121.44825778051774,31.260812426388853,36)
(121.36663453264661,31.292277119901026,29)
(121.42227146844418,31.244141707639848,17)
(121.44332607863429,31.256523384366368,34)
(121.41968737196201,31.243508037898028,21)
(121.40212432146468,31.244001298145918,28)
(121.39553264218755,31.232054566698356,1)
(121.43500729080188,31.263303773481212,5)
(121.43809301878446,31.240996636370333,17)
(121.43770325873548,31.25412726868309,18)
(121.39516198765368,31.239420931547087,2)
(121.43311719695937,31.27356963547105,1)
(121.38932076618656,31.236945211099453,17)
(121.37854266491549,31.245401771145577,1)
(121.38270088005783,31.28113444252604,9)
(121.41219125538451,31.246072160413178,15)
(121.45505502537728,31.268087239335713,2)
(121.3709331684373,31.240062887488445,10)
(121.34599245682293,31.28687258542126,36)
(121.4468385798171,31.24469637929104,1)
(121.40416621819385,31.249988305571613,18)
(121.38684873594156,31.25253423627717,8)
(121.38681072544868,31.286927516015027,17)
(121.4194929409232,31.270275093009058,2)
(121.40912169671512,31.24409349927969,23)
(121.42542830595438,31.252346966299246,36)
(121.43510923433612,31.237121565799626,40)
(121.46274142713101,31.266370851817378,36)
(121.37979381504533,31.257908233881462,15)
(121.3388240958342,31.305452366107644,15)
(121.42539301603884,31.24096619950602,24)
(121.43595760847869,31.23768125689977,36)
(121.38475579568926,31.277167738170537,13)
(121.45930158668256,31.253145914245046,4)
(121.39276172390748,31.236200149841252,1)
(121.45532234659682,31.271468293076097,36)
(121.42168310472678,31.234726541630863,17)
(121.42050211814576,31.235770066478583,43)
(121.38743826388601,31.2313697831872,13)
(121.37428909862173,31.2725474763021,8)
(121.40981672407318,31.302567158339436,30)
(121.39974903204124,31.244813688025108,36)
(121.38783055753014,31.250975137174166,1)
(121.38513747335655,31.28711336441224,37)
(121.42397872351965,31.24122316591301,36)
(121.41827177614338,31.271956147553187,16)
(121.37791139808773,31.274961818218777,5)
(121.4191836450801,31.23127276538852,4)
(121.36115451450661,31.289598370769202,19)
(121.39497794651126,31.231701911253317,3)
(121.4018106226719,31.229831729593712,11)
(121.39722453885251,31.26674594607443,23)
(121.4419992094977,31.24030240316464,8)
(121.3463307359668,31.297616192737493,21)
(121.4417623996523,31.256516415716696,35)
(121.42653459471836,31.245649825778436,30)
(121.39009862873509,31.282527660124135,33)
(121.43463302689287,31.25548353836158,26)
(121.40607704947053,31.304079949138046,36)
(121.38638393195137,31.291547972630333,26)
(121.35587175706132,31.285741377313727,21)
(121.41299627499394,31.27002248699189,1)
(121.42789594596098,31.24144964383431,57)
(121.42583912531927,31.24510498373765,14)
(121.39824997986923,31.231932686213973,1)
(121.41036938478572,31.254003006403355,36)
(121.4311732100621,31.238881581403827,20)
(121.38812891447188,31.25194079644079,1)
(121.39296031287856,31.235224626198136,36)
(121.38153507901397,31.232395499857947,5)
(121.42805598814383,31.26985962234711,45)
(121.37823249233851,31.230480205546332,14)
(121.45146422599562,31.279128186614738,1)
(121.3747570917525,31.25010877592643,4)
(121.3981750606074,31.26414493792282,36)
(121.43865247081314,31.259843739584756,67)
(121.35386129496315,31.292946819652403,36)
(121.45629679810699,31.27009468353364,4)
(121.36917373283056,31.314277274398627,17)
(121.44475382833258,31.258354429283592,21)
(121.39580280966659,31.27328485605131,36)
(121.38942742308865,31.2561626242824,35)
(121.3775675928974,31.274416348466524,3)
(121.37377033395195,31.272592841603153,28)
(121.40788868783496,31.242409093543046,44)
(121.44458995521074,31.27903946071334,5)
(121.4091248331358,31.245408355913874,23)
(121.4581149957869,31.268217010677525,1)
(121.41106232415254,31.2435152476721,36)
(121.46206121961517,31.253167276437292,9)
(121.443651384795,31.251387189463085,30)
(121.422315062583,31.26028432491045,37)
(121.3595692217371,31.27806793441833,1)
(121.37991116866641,31.2539880645179,9)
(121.42259883131655,31.239974608853764,19)
(121.37085288233826,31.273145248571083,4)
(121.384625902607,31.279975780819935,3)
(121.43899867782466,31.260834377897776,1)
(121.44683761578611,31.24177603676247,11)
(121.41319656778468,31.289324697029492,69)
(121.37977984122125,31.240614982707413,3)
(121.43898528356738,31.278991063608263,19)
(121.45709288473225,31.247440585695507,37)
(121.43651985391682,31.250589300321984,3)
(121.38857937626048,31.252599432997762,4)
(121.41001111557743,31.255565261809195,36)
(121.45603638935604,31.246353928020685,1)
(121.40821864951248,31.265160045512538,25)
(121.38255549292825,31.278602257216633,36)
(121.38769091094018,31.27310674358846,22)
(121.45475758712321,31.246735744076364,2)
(121.35413588760426,31.281725762369184,11)
(121.44419406670991,31.265546424362178,1)
(121.4311517280521,31.248392290831664,50)
(121.43275838500442,31.250124736682963,4)
(121.42525520069378,31.272090596079018,2)
(121.39078012688586,31.27448939516716,31)
(121.42885015767688,31.26562076129389,37)
(121.38487122744803,31.29220896198888,16)
(121.38195151302794,31.263914479477545,14)
(121.36499398098631,31.238325680953544,11)
(121.44124605629484,31.264687730868836,33)
(121.38216650179511,31.283878038092286,22)
(121.45959964830591,31.251540927754373,10)
(121.44457496607521,31.278823396246935,5)
(121.43942302571206,31.27807231939507,1)
(121.4568750463565,31.247625552981166,5)
(121.4310685428887,31.26038109993577,35)
(121.40016742794214,31.28490489041081,27)
(121.41296255176306,31.252199683055803,3)
(121.41416073988103,31.259314439273396,1)
(121.412351564401,31.238687807093406,10)
(121.36434603344995,31.309519177474137,36)
(121.44342371044279,31.26156599062217,11)
(121.38005546569632,31.243815715578197,16)
(121.44847795604824,31.261644682922704,8)
(121.43776409025229,31.253338839904266,9)
(121.42945632718082,31.28092188570246,3)
(121.41480947051726,31.27073310093248,5)
(121.42739310400275,31.23925341998728,9)
(121.40737266732788,31.25870870874261,26)
(121.3852907496846,31.281703086438686,37)
(121.39877882591227,31.233424648817333,39)
(121.38988693574451,31.269103511544266,17)
(121.39774305705801,31.2940319911308,10)
(121.40438641070293,31.240410056740494,1)
(121.43419250314855,31.26338281146023,7)
(121.44515206513168,31.245838732516088,38)
(121.38585927799043,31.23514040859551,36)
(121.43167523335994,31.26618253079716,19)
(121.44002674010247,31.259011105769794,11)
(121.40626399543734,31.29237351202828,15)
(121.40413678129408,31.23195139675092,12)
(121.39927894026029,31.271117672744765,10)
(121.43425134580353,31.23962027490812,1)
(121.43848842972443,31.23896974719477,25)
(121.41804787816935,31.237191056422763,12)
(121.41908426071582,31.23758169938308,7)
(121.44016728875019,31.263308787926288,36)
(121.42142609328229,31.243506984657365,36)
(121.35091492722057,31.284395088719247,36)
(121.40886584153152,31.245149262656906,1)
(121.37100941994557,31.253424007892296,4)
(121.40411427524634,31.26218561527173,4)
(121.40047299897401,31.24555458233809,21)
(121.40658371568823,31.23084384958195,7)
(121.42503265194199,31.25184306765053,14)
(121.43248429884358,31.244808688653308,13)
(121.3892258368815,31.296821370151598,36)
(121.46331442101665,31.267475115026603,2)
(121.4109185431614,31.25711727789642,9)
(121.40077746359883,31.238324417136248,1)
(121.40007609761022,31.248183635896044,36)
(121.37978264810856,31.258915024710696,5)
(121.45340999779003,31.248488246928236,16)
(121.42081001665959,31.260145695347614,54)
(121.4378779674606,31.254079008155735,31)
(121.41420564368181,31.2469550019724,6)
(121.3908106231009,31.26843286903778,3)
(121.42331627378844,31.240689419052263,25)
(121.43841997981656,31.264552790605237,46)
(121.42326516326713,31.273284634289176,2)
(121.41070430296608,31.242372796200797,10)
(121.42282978062691,31.253110293916478,1)
(121.44692669518358,31.271604959774372,52)
(121.38669630627564,31.283389983316997,14)
(121.39475531806956,31.24500303522565,7)
(121.40329257684878,31.248851392468776,36)
(121.38277100177582,31.235936066962985,15)
(121.39281010694917,31.268490167562177,1)
(121.4365314664251,31.25996230045217,137)
(121.41780583954227,31.25802342564139,12)
(121.43802273719723,31.254179852960135,36)
(121.34802742522153,31.309348830774447,19)
(121.46134785510864,31.25024605489578,8)
(121.38695152948445,31.23717025269549,12)
(121.42645559765774,31.25074733119782,14)
(121.45245736579713,31.27931514081253,3)
(121.40722926608815,31.283075561483937,36)
(121.44294919887986,31.263299503003555,20)
(121.36413120331908,31.310722250013672,37)
(121.43007765451944,31.280195581902127,3)
(121.42237033422522,31.232076172845016,7)
(121.3713409956692,31.313396753377493,30)
(121.40820196101923,31.245792593487202,7)
(121.3686316797937,31.23181202796319,36)
(121.36870695476522,31.314222597632238,36)
(121.38755805977293,31.2711326056332,13)
(121.45985596041444,31.251323885182728,20)
(121.45538902784686,31.246673417116774,21)
(121.41841269713287,31.255700218714697,36)
(121.44293491461393,31.253177123835062,44)
(121.3453279787495,31.279455032964112,7)
(121.4086883894782,31.296607904219623,37)
(121.44432934327365,31.25462250489191,36)
(121.4516078424165,31.26702983949155,9)
(121.39667671441472,31.241018890584776,2)
(121.38131451411085,31.234120729015125,1)
(121.45290744496478,31.256909255475065,1)
(121.44164756688168,31.244527299897968,2)
(121.43915582935446,31.249171292997005,19)
(121.42131080682795,31.239193117084625,10)
(121.42162258923996,31.227336942591673,18)
(121.37663508751248,31.268362565667022,5)
(121.39514460551356,31.245663529250784,12)
(121.44187918333381,31.240521380628078,7)
(121.43682743620643,31.25139424856387,36)
(121.42118176755629,31.2490646162515,5)
(121.4573833546284,31.250657986553794,21)
(121.38882966110401,31.230965033740574,1)
(121.40549000565338,31.25983263530447,5)
(121.39936059026155,31.26822910482145,27)
(121.4103152905821,31.25534372553462,36)
(121.3741779272886,31.306974156462612,36)
(121.42910107932309,31.249950576516703,25)
(121.4079744753774,31.26296211613536,33)
(121.43721542229807,31.246899739864435,4)
(121.40268543856587,31.24392037467582,36)
(121.40484596811237,31.25769875820013,37)
(121.45418782602476,31.256539221221573,37)
(121.4038954135519,31.287032955424845,36)
(121.41762032590982,31.239435279157583,25)
(121.40488165304612,31.231108874513374,34)
(121.41785747986721,31.23604157096059,7)
(121.4513230154229,31.24544588840165,18)
(121.45931337118333,31.258946186867274,1)
(121.4099405984082,31.228205799456127,4)
(121.44186229010799,31.25737463536668,2)
(121.43456522397337,31.254987721038006,6)
(121.43653066513718,31.253968311583854,7)
(121.45323143752901,31.248648674032033,10)
(121.45539338242473,31.252844319702255,28)
(121.40929485739888,31.268861537387636,19)
(121.40126038934464,31.260895258256834,27)
(121.4369525623551,31.257135187247016,37)
(121.39329194810801,31.274372924994836,36)
(121.36989217642228,31.25188029205046,5)
(121.37160320027056,31.30920167506626,30)
(121.40709643231561,31.250572743475487,7)
(121.38550025409154,31.25354799763615,32)
(121.37879002974898,31.280394055480084,12)
(121.45462829383742,31.25123400078833,1)
(121.40014607039221,31.259070427760665,36)
(121.41553790484663,31.24551306710208,20)
(121.37856447795116,31.277435697465823,8)
(121.45690215783333,31.269142517061617,36)
(121.42254811844765,31.241837208473502,11)
(121.44957329076368,31.242246846608154,22)
(121.41382685885374,31.23160240398393,2)
(121.39198428691608,31.24286748512569,4)
(121.36049604563306,31.24197470575164,28)
(121.40393004996027,31.284733580576678,27)
(121.41017185293627,31.258945187045562,37)
(121.39903727702627,31.24311604188072,36)
(121.45172362644834,31.27911968269745,1)
(121.41324628369867,31.273135596221934,6)
(121.38152448241425,31.280864158351832,31)
(121.373181604171,31.22827354465766,30)
(121.39589345645938,31.266652040416545,9)
(121.41175196665085,31.233762297473714,1)
(121.43716208923698,31.25356675629609,26)
(121.35741782664596,31.308695016368432,36)
(121.42248601009823,31.252399222382195,21)
(121.41105585489773,31.224353093416916,1)
(121.45098431112841,31.278959035840945,37)
(121.42705058591646,31.24049228959528,12)
(121.43781619253889,31.24401763755355,29)
(121.35956922172981,31.27809453435956,7)
(121.42669565354137,31.2284554219432,2)
(121.4552458430083,31.263498065572414,2)
(121.39190547868294,31.30309464824924,36)
(121.4521387687866,31.245844579919854,16)
(121.4189696048569,31.22920092684961,14)
(121.42436256606233,31.26190124687935,36)
(121.37932424812726,31.27497139811012,37)
(121.39435068179932,31.238379247030444,36)
(121.38069379343226,31.232965329948893,2)
(121.39094817132157,31.273488090007397,18)
(121.40185991721455,31.23253779365761,16)
(121.39625731478334,31.26872305352531,36)
(121.43820544894753,31.25435167529718,26)
(121.43644797189994,31.275097286589997,9)
(121.42328017308698,31.262093873459172,2)
(121.42990150765364,31.2465669107604,36)
(121.37243354280065,31.286796971884396,23)
(121.37842791143352,31.245268055586884,1)
(121.38135080631875,31.29845704702168,36)
(121.3733033444982,31.23469264742014,4)
(121.39085058409216,31.290569021565254,36)
(121.38147193472028,31.287102144813456,13)
(121.38962493287822,31.231690576838453,6)
(121.4221580244137,31.249443143585022,36)
(121.4339787422692,31.262563718520703,37)
(121.36826421378431,31.31421096540291,1)
(121.37743626067784,31.25772493817471,16)
(121.40593848774418,31.274257892123515,9)
(121.42735081405203,31.241945531411915,55)
(121.4449964393317,31.270928401439697,36)
(121.42472608288003,31.24192089923147,36)
(121.39688802344467,31.27409062768314,10)
(121.40878987691747,31.245458406625843,28)
(121.40823412573772,31.259172470637274,2)
(121.40763052006349,31.25178827141169,25)
(121.40897656082274,31.25942353930679,1)
(121.46366881245844,31.254519571328295,1)
(121.45228132358177,31.249154169349662,26)
(121.38423939158415,31.272508240720935,21)
(121.37582360794804,31.25289992997008,18)
(121.45397164992772,31.274320391034767,3)
(121.4170332763126,31.25559536101073,42)
(121.44959100787435,31.273937567123912,5)
(121.40466390604949,31.29423327996133,54)
(121.36496791969012,31.31328984131019,24)
(121.40736969215357,31.230701786219754,4)
(121.4145345364647,31.281614719027687,2)
(121.3775675931574,31.27320215105639,37)
(121.39466754635053,31.30544816958567,36)
(121.38463925528211,31.260888748115235,5)
(121.38780246862798,31.2732216770901,18)
(121.43417887304392,31.251340792886683,1)
(121.45867859430757,31.268958099166532,16)
(121.43763572390037,31.269667047187696,7)
(121.3644342457466,31.30949018773529,18)
(121.39210111627152,31.274368205662423,36)
(121.4415496104244,31.254447838862934,12)
(121.3631683741684,31.302497259718,26)
(121.44490121072991,31.266118522420737,6)
(121.40097601963649,31.290196841203233,19)
(121.3675722051699,31.29629829623661,25)
(121.3668808450324,31.31401789788279,22)
(121.4233873260184,31.254864458213635,9)
(121.42955232591693,31.261108312563714,7)
(121.40730890590167,31.233130901485836,24)
(121.43924860825732,31.276622820582837,28)
(121.44644416691504,31.28316112177662,33)
(121.3680038014959,31.314508705322034,2)
(121.4304659265208,31.25594081412602,5)
(121.42065817526306,31.26484910160018,3)
(121.40361646535942,31.242270792315885,2)
(121.38330229051793,31.255050969348268,3)
(121.42159028272299,31.24633430059132,1)
(121.396051892927,31.231655631719335,1)
(121.40911539516593,31.244101397956975,36)
(121.39055046625562,31.26899793092593,7)
(121.40160958527554,31.248495184246252,1)
(121.43755951083054,31.265795507623537,36)
(121.41778229417326,31.251615635691596,30)
(121.44751229203099,31.259868350202293,33)
(121.3874195565426,31.252554637557758,25)
(121.43641467441135,31.235148510337574,7)
(121.40773275809654,31.288939930397174,2)
(121.42461718922411,31.241946997123673,33)
(121.46230787010657,31.26919005053254,2)
(121.45008557945187,31.268809640542777,1)
(121.4378499597378,31.276402577020185,9)
(121.43826019454889,31.260855721863784,4)
(121.42619553591797,31.264982250400433,48)
(121.42518576526862,31.23950235945887,3)
(121.42463659687834,31.258295203184023,6)
(121.43121674490007,31.257901285914965,46)
(121.42045918005746,31.25899526642756,8)
(121.44239847754669,31.254695918363943,4)
(121.43506976188488,31.28124322716062,13)
(121.37471618492964,31.254825419715104,30)
(121.44638362254983,31.24483255185946,36)
(121.3649337242098,31.278726614635556,7)
(121.4276376727945,31.237413361798378,33)
(121.39822037012004,31.27650252159321,2)
(121.41981818261158,31.253837540558177,21)
(121.40507534934832,31.26183056502972,37)
(121.42297444285178,31.26212610791076,31)
(121.41811077417815,31.231196870498426,6)
(121.44120317940515,31.2652070177264,19)
(121.43899088264651,31.273766267354244,1)
(121.40341950238233,31.25453519884125,34)
(121.40463307456662,31.304977133224,19)
(121.44140908085168,31.24281528946314,2)
(121.34871331340312,31.302564468631424,36)
(121.44405564051752,31.24037962492124,1)
(121.3766883411513,31.23129560290376,5)
(121.42385440794138,31.254642916124272,3)
(121.4575127339277,31.247324232805816,10)
(121.42786488361182,31.231278349101686,6)
(121.4107422551814,31.241916585037934,5)
(121.43978285252295,31.25540289257465,12)
(121.43818553971784,31.240972254102093,36)
(121.4087364992109,31.252526540169853,21)
(121.43710068410259,31.247783286678555,8)
(121.40836193781642,31.23420935741045,1)
(121.38972641781116,31.276169359467666,3)
(121.43896775117997,31.261071524112015,2)
(121.41101632196069,31.243370190829516,36)
(121.38229164513352,31.226354059922024,36)
(121.40988548470962,31.242899760211785,33)
(121.42598756847487,31.238908503663037,36)
(121.42614359856023,31.23645466247484,2)
(121.38095154373147,31.23180787422636,2)
(121.4133583790944,31.240299275001583,24)
(121.44455673290031,31.25276631638898,36)
(121.38889268843853,31.25301585267787,1)
(121.42012280962098,31.25202056651341,1)
(121.43380547174128,31.279522067755885,2)
(121.43674437642434,31.26066440111023,14)
(121.43186217942451,31.277469446360488,36)
(121.39160718872066,31.231695273455337,19)
(121.44668199785015,31.259427616714,24)
(121.43757940472736,31.254005713859897,14)
(121.43426023783347,31.242394889369194,36)
(121.40613517711496,31.247698453572895,2)
(121.42695948047394,31.238154314441203,32)
(121.41116018799768,31.230745432866247,5)
(121.38351432135293,31.229684784698158,17)
(121.40999511171755,31.242969582872302,36)
(121.4595033019489,31.255219520677837,36)
(121.39812381564056,31.265097332298893,37)
(121.44122111906985,31.25024370921629,16)
(121.42778334260876,31.258426552971905,36)
(121.45602045501451,31.246651093685653,4)
(121.42683386810191,31.251310176580358,36)
(121.46076312679597,31.2697147931651,8)
(121.39226326659156,31.29768175980349,25)
(121.41498544308544,31.271290273964617,6)
(121.46363853491229,31.261874834618347,5)
(121.42820847300042,31.231040916209675,5)
(121.36322194204429,31.251666927827557,34)
(121.4593749814215,31.258492596450473,25)
(121.43078742049681,31.254731074265457,12)
(121.38013268281303,31.244279216367985,4)
(121.4555366532784,31.263233602213205,9)
(121.36837301088725,31.2521568002061,5)
(121.40560440839265,31.2597851222244,1)
(121.4246659337517,31.251015996412086,6)
(121.40540498590578,31.298642022508407,23)
(121.41282643234706,31.261781886883153,10)
(121.4262043827215,31.23934351492918,16)
(121.42054897501556,31.245988641795268,12)
(121.41287146494442,31.26232210758089,19)
(121.36203623053906,31.280026485765905,19)
(121.42917128909858,31.264778952938215,13)
(121.4129622661018,31.23581554639873,47)
(121.41739275563621,31.242869932055708,26)
(121.43153974772032,31.24686066044703,2)
(121.40585979245044,31.243403525350104,13)
(121.41259529592638,31.229492944293202,2)
(121.43794598808265,31.244125507476767,3)
(121.36710983234178,31.3092390093964,18)
(121.39862550184988,31.247589893042125,36)
(121.43318517089446,31.24302508051723,2)
(121.36956676743287,31.27269629733253,7)
(121.42847006498666,31.264215397160818,36)
(121.42708832704018,31.237992125370432,36)
(121.43150589126793,31.253541720909933,36)
(121.38128145582503,31.295388767150083,14)
(121.45622159285783,31.277066760015575,36)
(121.39127138231224,31.295982456099793,4)
(121.3641475058471,31.309720454163518,36)
(121.4145355120467,31.269889838356676,2)
(121.43594843312268,31.264280179012047,23)
(121.3970364943528,31.275657291043384,239)
(121.40810389875453,31.25645729821029,36)
(121.40172553146803,31.259001814426668,28)
(121.40073328509588,31.261247982705484,16)
(121.4293062847737,31.232984946632683,29)
(121.38402724739066,31.27803579278026,15)
(121.34151311047418,31.286074628147517,30)
(121.39017514759438,31.267242906083954,36)
(121.42523297943484,31.264797821237313,37)
(121.3882215934164,31.270258760435006,1)
(121.45236751713166,31.24910158032168,5)
(121.38384081089748,31.27024607742685,3)
(121.39724496332536,31.259935763803885,28)
(121.40113647536198,31.248719167574897,6)
(121.36238794720268,31.2463392702158,2)
(121.36400588667927,31.30828624119868,5)
(121.38361836369333,31.286325441134096,29)
(121.42285943937947,31.249490678077574,10)
(121.42399459812583,31.239952581044214,1)
(121.37490984074844,31.2470294358871,1)
(121.39240083857445,31.273049007623246,8)
(121.4170548534482,31.230367403668655,5)
(121.44403912861523,31.244056636448942,10)
(121.41276949699595,31.23157858292394,7)
(121.39534397424244,31.248576923931456,2)
(121.4194678799392,31.254098873689884,13)
(121.38941944287731,31.25646775136388,32)
(121.39070089450078,31.238092491446782,36)
(121.4090798299614,31.245307314927352,10)
(121.39536950834587,31.291152835057307,28)
(121.38165982353784,31.248444446018954,26)
(121.44005192364371,31.284566810591357,19)
(121.38797527483919,31.24620013557309,3)
(121.41276221662952,31.240950494832905,10)
(121.3418610236816,31.29283178965864,33)
(121.4240745357026,31.240081578312218,1)
(121.39644906353352,31.22439887838591,3)
(121.41292271241937,31.230961140722048,3)
(121.40986457943369,31.259678723257977,36)
(121.40630941711387,31.23893253128568,1)
(121.37807171746545,31.27617650595898,36)
(121.39866391030696,31.29794300395597,37)
(121.43483444486681,31.246045541000665,7)
(121.42690555203679,31.238309432865414,36)
(121.34126330435404,31.29479765365758,36)
(121.4435469275871,31.262880512512044,39)
(121.41599019595644,31.252289917796737,5)
(121.40252799426148,31.23035167331594,3)
(121.43621464738321,31.270251288183363,9)
(121.40161419730438,31.301328205671716,1)
(121.3902212555503,31.28242928286305,4)
(121.42416369990589,31.254374863380917,3)
(121.42165459874377,31.25136532766449,29)
(121.4354706034034,31.240511160524946,2)
(121.4570421984595,31.247134910969788,49)
(121.44911647558946,31.244287603629964,25)
(121.39519008187324,31.239348717598986,37)
(121.38856434096103,31.252347310776912,8)
(121.34487953513566,31.30889988339668,21)
(121.4076448883803,31.26747705458601,12)
(121.40894962954796,31.24282921743434,29)
(121.41391490421877,31.23718470236538,2)
(121.40419550912776,31.230339445964926,31)
(121.44896145284548,31.25924266960608,3)
(121.37755156155207,31.270899704622064,11)
(121.4217373895937,31.238259417594026,37)
(121.43166860102083,31.24713364000786,3)
(121.3916093615392,31.235423881424907,4)
(121.43793589033118,31.254290020895393,36)
(121.40176959426206,31.236652906146187,3)
(121.39297920477242,31.268276177446484,3)
(121.40893715131969,31.24604815723027,36)
(121.40583051145946,31.27636598654221,7)
(121.44223776726051,31.259375921534758,37)
(121.4479825535136,31.253766212836734,4)
(121.41085952493468,31.226074094637564,20)
(121.36417160867214,31.31160085265206,36)
(121.39073189313422,31.23779537789133,36)
(121.40990067084051,31.244854023599054,19)
(121.42775479133785,31.250866566042227,6)
(121.43637178736047,31.270092916157406,2)
(121.44786932941284,31.25753970580373,2)
(121.39193333354334,31.27968760615596,28)
(121.42458307656695,31.234548472453312,1)
(121.45603602447837,31.263720729354468,1)
(121.39379437193936,31.25249383487873,35)
(121.4379090795867,31.253860077378278,22)
(121.44912525870164,31.242014568088432,8)
(121.43575191222949,31.237522449575216,31)
(121.41723263484866,31.251917025404957,3)
(121.37945877193158,31.23299317393766,10)
(121.34848045456677,31.281965567561212,8)
(121.37722305318233,31.27017802095306,36)
(121.37848446316916,31.278475923982164,13)
(121.37025975464194,31.23651243983061,8)
(121.43581400307865,31.251139460870252,36)
(121.43491556024938,31.253348569411553,31)
(121.3905901222573,31.276162962874153,30)
(121.43693336714273,31.2525426128487,6)
(121.38594754003509,31.283091227471793,4)
(121.38685248410533,31.2377444314293,16)
(121.42876024521253,31.27015664119198,28)
(121.42630351540512,31.242047648250473,29)
(121.39964829795647,31.24481979490794,4)
(121.38827794261759,31.29663156770571,18)
(121.411146307733,31.243549247776915,3)
(121.42440077427676,31.25019797715789,21)
(121.45799737206613,31.26850801173791,18)
(121.39156921868621,31.3029803886399,36)
(121.38270168590356,31.290379194399577,36)
(121.42798126878893,31.248673091555688,16)
(121.36541732186316,31.251791160942453,18)
(121.39336717978311,31.26498200252605,5)
(121.41484949888853,31.22540698640468,67)
(121.43682693302146,31.25395136895291,36)
(121.39285504228562,31.256325227373797,36)
(121.44631930919181,31.24483934057032,34)
(121.42224995968185,31.249569136810155,22)
(121.44879063976128,31.255092580219788,47)
(121.40245630310726,31.242925884690397,22)
(121.45420677263988,31.279462907081744,2)
(121.45821475281532,31.26839587038788,4)
(121.38162361997173,31.26959656481996,11)
(121.41153429256727,31.267376573427992,20)
(121.42333441429497,31.276859074270227,9)
(121.41610304543828,31.25562616601626,14)
(121.4211659859807,31.239965558184764,8)
(121.45600549258495,31.251518915299002,10)
(121.43806781304151,31.240813831883294,3)
(121.38597965092357,31.270228846828417,4)
(121.4293754620882,31.246643836655807,23)
(121.40515681072975,31.232642602432445,37)
(121.43237201944865,31.26209150926724,27)
(121.46201019847848,31.25200431735988,9)
(121.36086447667476,31.293833631002496,14)
(121.42272887011408,31.24168428808738,11)
(121.40765847639463,31.255888366818276,1)
(121.43753540555069,31.25266385554762,36)
(121.39051918211715,31.25454269090972,36)
(121.44856647337411,31.25951340200173,4)
(121.34300968124329,31.291128337975444,14)
(121.44394119305221,31.26713353593684,36)
(121.3631723740353,31.304919454682146,32)
(121.39319311445648,31.28708532767436,598)
(121.3638437354296,31.282399940479493,40)
(121.45441070174729,31.250543272241014,3)
(121.45927946401781,31.25447789032034,8)
(121.42683166869404,31.261031557611613,36)
(121.44267436580631,31.28255144728679,33)
(121.39112774180987,31.255481512332214,3)
(121.44770089323873,31.242621684826915,37)
(121.44288146128132,31.28124413533599,1)
(121.41651202538587,31.250602430380535,30)
(121.38051223897298,31.23467506935206,8)
(121.37209237075861,31.313890095804407,21)
(121.37081922549683,31.251756416555875,36)
(121.39724552910272,31.266421545421416,36)
(121.37777643586996,31.254463907858685,8)
(121.39587815146719,31.242021064602806,123)
(121.44393909001889,31.24293096272864,1)
(121.41053644520989,31.235123310429202,2)
(121.41347239309246,31.27293058080136,2)
(121.4162015659346,31.233402161480278,15)
(121.41114640561865,31.24467175000384,16)
(121.4346482274631,31.244964189133515,13)
(121.38273931747976,31.23215170032483,54)
(121.45379799490564,31.274062532329584,20)
(121.37308151223614,31.263538123366676,4)
(121.36711263275708,31.309252009715028,28)
(121.4178502714513,31.25181369013266,12)
(121.46191928681512,31.26168073826065,36)
(121.420322245339,31.270108244907345,2)
(121.41020866428417,31.25548610306462,21)
(121.34710103645737,31.293290894116613,9)
(121.3724135089163,31.229147952272687,1)
(121.34562607297666,31.296169326090197,11)
(121.42721804817951,31.236412291029836,11)
(121.36382406144413,31.309140118524677,36)
(121.42046568013872,31.25337095614248,33)
(121.38579271199761,31.270183714231216,2)
(121.40816816151285,31.302555083997753,23)
(121.44142878106604,31.25386977018053,3)
(121.36481789864008,31.312792024859913,26)
(121.40694966706066,31.230299603506218,36)
(121.40991239122728,31.25821603607839,16)
(121.43459384506261,31.239651869726856,25)
(121.4404388677861,31.24761209982706,9)
(121.396494506099,31.224536543895155,12)
(121.43033717086628,31.268344282618607,24)
(121.42516566035947,31.239524055268472,36)
(121.43007704577286,31.25172036994911,36)
(121.41189200125928,31.23160433076046,1)
(121.39202973972816,31.23620050259546,2)
(121.40598054745291,31.292835983424254,15)
(121.42754655052578,31.28069618211013,24)
(121.4240626344631,31.24108804113697,37)
(121.41020266280378,31.25563690152084,10)
(121.40085519182449,31.276355245614713,30)
(121.35411986258002,31.281815771526084,28)
(121.37220543679221,31.289626813673205,29)
(121.42510026747276,31.25467204445872,5)
(121.42817525406728,31.262655415700973,3)
(121.41764342734078,31.247762503933952,3)
(121.39056518512972,31.25415555313078,22)
(121.40190724379981,31.260142889902987,18)
(121.42782592777992,31.231027648746597,1)
(121.39227704640525,31.272109369385266,10)
(121.36333331119513,31.24944999428097,8)
(121.4378442832754,31.235309630736094,1)
(121.41445501495488,31.2486248032587,21)
(121.41436261301273,31.23280584502665,13)
(121.39209710219644,31.228311928745185,37)
(121.34122249450616,31.28645623638689,35)
(121.36123121884606,31.308576435954834,16)
(121.4327438058984,31.254720773692664,12)
(121.41383045978759,31.23376650069557,5)
(121.40404555784377,31.260779722011435,19)
(121.39737327510875,31.248832911181026,36)
(121.43758823008365,31.261547532793294,53)
(121.42890619277648,31.26546280417942,123)
(121.38003935876334,31.274674438095552,30)
(121.42908141325519,31.248230651301316,2)
(121.43804532287584,31.249853918496242,31)
(121.42884905566044,31.252211986650625,5)
(121.45249024054282,31.247752673508206,7)
(121.41062755851833,31.245120038671914,12)
(121.40903213900012,31.22584545658142,5)
(121.42132614743834,31.243234926943288,34)
(121.371407266841,31.2559396416617,16)
(121.38284715130646,31.29381770841537,36)
(121.38049917606845,31.257152069593214,23)
(121.37758277065481,31.272820547325754,36)
(121.39386196684954,31.274585480783966,36)
(121.45623605961947,31.271348339523794,3)
(121.40181842463042,31.228395433890565,34)
(121.45225639534748,31.245822039377792,14)
(121.45634837992812,31.25526020291707,37)
(121.3727603728304,31.256038467604963,12)
(121.42876053608362,31.265620443057728,4)
(121.43752103695134,31.25963991624585,14)
(121.43861093534944,31.238821239161723,36)
(121.37635698135846,31.23704849176389,22)
(121.42290839488052,31.283828249786406,3)
(121.43256874407867,31.251244448371803,2)
(121.39302392864825,31.28769624034798,13)
(121.40134010637301,31.29086131293053,4)
(121.40178731575939,31.25040378507489,8)
(121.36503192981883,31.309337457822956,36)
(121.4413470500837,31.26559960378814,4)
(121.34655278681653,31.304190161192892,6)
(121.36490201063353,31.312323835776123,21)
(121.4604347501263,31.255194290877867,36)
(121.3788579332805,31.266769431896602,14)
(121.4551312153779,31.253018754663046,20)
(121.45463074492717,31.259316890219935,5)
(121.44461848935784,31.25137360151723,36)
(121.40872819996805,31.246646012751256,5)
(121.40991799284113,31.228172194819745,10)
(121.39949579575804,31.24707296156015,36)
(121.43046892064318,31.255916800507315,3)
(121.38320473752623,31.231274609327237,6)
(121.41773615314865,31.24968980810537,37)
(121.3958300776073,31.223672834231813,11)
(121.41010270184312,31.25707138325875,36)
(121.40003102614757,31.259009366868764,9)
(121.41889571579502,31.23705485519612,7)
(121.44145871546235,31.265223636420647,21)
(121.42519496785367,31.242775255268725,36)
(121.44668185379129,31.257768897777954,17)
(121.44490234167432,31.279127978526706,3)
(121.4467529087313,31.283246744021845,18)
(121.40022634534482,31.238781594872222,1)
(121.39856887446543,31.297980984527797,14)
(121.43837569074536,31.28179631318468,25)
(121.41150360642804,31.225030724574978,15)
(121.3879627713029,31.257370524805562,5)
(121.45641107310864,31.27734254561986,2)
(121.42196588090798,31.23453457211345,37)
(121.43039072294644,31.23427393228076,7)
(121.36445594820796,31.311575885503828,36)
(121.41375794237835,31.261303632720686,37)
(121.41555404743787,31.235324294362325,30)
(121.42038763578326,31.229280160991262,7)
(121.37439156543634,31.253157285574897,22)
(121.44354512084149,31.268963953876504,53)
(121.43628520021784,31.238852362082547,3)
(121.43498347816009,31.253573583359955,8)
(121.37933772618122,31.267109741750733,36)
(121.45235230336854,31.246231335145254,2)
(121.44250788634531,31.24358354301571,34)
(121.39482047708616,31.29226006675557,36)
(121.38978561126922,31.25486331622901,37)
(121.40023384637462,31.248597177189904,3)
(121.42189825841274,31.242814471385078,25)
(121.41319860985442,31.25377331040486,1)
(121.39635021490723,31.23353763141252,12)
(121.42294446709876,31.262107121147043,24)
(121.38483660769933,31.239549506912645,20)
(121.41726566364325,31.275368057390192,36)
(121.42165041798074,31.232413370370196,3)
(121.4290403503431,31.252229641230052,2)
(121.41036330242554,31.255399335420126,36)
(121.46324421475916,31.268520595602663,36)
(121.40895945680504,31.245848062242658,3)
(121.38758019062594,31.252548766206548,21)
(121.41489363726984,31.27305704812761,5)
(121.43716751586683,31.28034618422362,14)
(121.4430635760676,31.240613329787536,20)
(121.43622737615898,31.27424885019912,8)
(121.43412155484228,31.26279064342083,36)
(121.44910324590244,31.264308392051955,4)
(121.43794979236874,31.272115550520653,4)
(121.43780209520533,31.254112126783415,9)
(121.42565766028518,31.259042697494902,36)
(121.42582692200116,31.24191868717216,35)
(121.4287871424976,31.26563504844445,37)
(121.36926725277698,31.249366830053553,15)
(121.39441215867454,31.24556910705013,36)
(121.40591947616724,31.228274642575453,36)
(121.44919079581395,31.247890729393802,36)
(121.38071719206177,31.300227084270087,29)
(121.42286093201453,31.2666091064745,1)
(121.4254960294403,31.238485724911612,32)
(121.42249200618225,31.26026866176343,36)
(121.38929735010552,31.256597718532312,37)
(121.43669670319997,31.25394944376963,19)
(121.39882457277038,31.247475913427674,19)
(121.41568484646656,31.24519169528479,36)
(121.41559947091358,31.228956356621794,4)
(121.4568121604287,31.255600861139566,1)
(121.44403242303845,31.26033647481724,25)
(121.42308936840618,31.262416150164405,8)
(121.38260322323137,31.297844061304275,4)
(121.41262736748483,31.260316305442785,21)
(121.3767034403393,31.271333900314946,8)
(121.36746480556567,31.233072218104624,35)
(121.4374971867369,31.25777549098149,35)
(121.41384248475194,31.266202671682603,53)
(121.40439992811663,31.30360457750084,14)
(121.40605189614122,31.25597209057995,36)
(121.36757190512486,31.29629829619888,36)
(121.44445847150051,31.259019206255285,12)
(121.40125708657368,31.29080539636213,30)
(121.41934537937635,31.252391171262232,37)
(121.40357714096385,31.227146887271484,18)
(121.39982665137396,31.23212362806223,24)
(121.44500985713604,31.244961940597108,5)
(121.4268929835807,31.260943670362952,29)
(121.39064782556213,31.237783315176834,29)
(121.36056511174533,31.287720948482967,17)
(121.42110892062489,31.284540747480282,2)
(121.44101687337188,31.24688237744108,3)
(121.37244455300974,31.22910597350331,33)
(121.44632581054356,31.244844441701282,36)
(121.39720043323138,31.26698954086336,26)
(121.40714237556489,31.24993346103545,1)
(121.34738648851109,31.30294920672855,7)
(121.39825157507981,31.30381937047631,8)
(121.3435487062337,31.302331934618856,28)
(121.38182281194607,31.280584345409043,7)
(121.3722201513466,31.286079401568696,34)
(121.4198423504471,31.241759044350964,32)
(121.44072715862536,31.255117375137136,10)
(121.3713164915891,31.31360534954606,36)
(121.39270220983265,31.247576028905332,37)
(121.39988521733757,31.2503095185246,5)
(121.35649285343426,31.307134866000247,36)
(121.36827431507238,31.28477931071283,16)
(121.34957237046737,31.293546477464595,25)
(121.36936216804334,31.235051534745537,36)
(121.37989434063915,31.244702939859064,12)
(121.36768458784375,31.237575305282117,1)
(121.42480980160006,31.23961779474011,2)
(121.41124529208392,31.243637268971526,47)
(121.40544729619945,31.29868763109142,36)
(121.36036583537305,31.27735938971775,33)
(121.39811582807097,31.268400189204687,9)
(121.4594684586487,31.25674912104633,17)
(121.39557836089004,31.247175865491087,36)
(121.45644207100825,31.25251347928706,36)
(121.42885825883378,31.259556874579,7)
(121.44078542480551,31.258696012324958,20)
(121.4286862181778,31.26567572782246,29)
(121.38563245069571,31.2627574356118,36)
(121.38856630767947,31.274910976466856,9)
(121.44575998525536,31.24895861852642,36)
(121.4415639107768,31.24671440373012,4)
(121.40383696555601,31.236148056538212,5)
(121.45298244195601,31.275339500705975,20)
(121.43234679007493,31.251251593447147,3)
(121.38636492931273,31.283272186960524,36)
(121.44773020313293,31.257857961832354,20)
(121.44728279860503,31.24861883033583,21)
(121.42251010925165,31.243770796944084,28)
(121.40571547141917,31.274187851034014,1)
(121.407671228934,31.28284545943909,2)
(121.41500765363745,31.26235946796538,14)
(121.39969153031856,31.30052236130334,37)
(121.37249764628118,31.229241105170818,36)
(121.39042098442042,31.264657996502315,26)
(121.37648840924876,31.251387059068698,14)
(121.42204859483573,31.234819417580272,8)
(121.41360312492044,31.249850469697627,4)
(121.38695666215209,31.231173898060366,22)
(121.44317751977162,31.242465981810977,5)
(121.39563254142249,31.230254788401417,25)
(121.42386597611319,31.254399100728815,32)
(121.44320015152468,31.256591961339232,1)
(121.4363723100935,31.276095430806368,19)
(121.37797142047891,31.262793738935073,36)
(121.40800782302927,31.254141248992198,8)
(121.38643716339729,31.296133883809787,36)
(121.42440792240694,31.25954192262364,8)
(121.42656270625474,31.235887636220856,2)
(121.44124608848983,31.265057889006158,31)
(121.37082046547431,31.26893743390807,3)
(121.42520176917908,31.239499162768176,21)
(121.45043340125052,31.25413351330319,3)
(121.39721536265392,31.264678789530674,22)
(121.40087713588134,31.245693755391713,36)
(121.37058932973507,31.248574301914218,36)
(121.38944243548742,31.25615863349383,36)
(121.41080473699267,31.259054137643048,37)
(121.43659896865282,31.253340406632194,3)
(121.41090175665674,31.23086912564439,2)
(121.4366540172381,31.264482346996385,7)
(121.42538533450485,31.22898215133927,27)
(121.41835488268097,31.253551510746934,9)
(121.36401318766804,31.308351841884562,31)
(121.45137542753803,31.252445184155842,16)
(121.3698419682762,31.252513684067704,12)
(121.42204329592528,31.26293810259038,19)
(121.44647041831713,31.259211890268382,36)
(121.41999875945427,31.227505570113312,18)
(121.45749586204629,31.268565606043474,32)
(121.42409544422263,31.262179301346613,23)
(121.38643174043372,31.233904332766457,3)
(121.42416253446567,31.24100192582398,23)
(121.39342233558087,31.28928511228461,5)
(121.44949678207944,31.258253693665765,72)
(121.36917866909849,31.231110641035748,7)
(121.37915024754639,31.289028966026923,7)
(121.46106196321406,31.26606771728819,36)
(121.43700118737306,31.24024804689248,2)
(121.45410367887551,31.252500624283602,19)
(121.41170606885278,31.276774485432355,9)
(121.41229978104022,31.259446531404414,36)
(121.42532389928266,31.242137783065886,3)
(121.42235565613326,31.24709396684055,12)
(121.3820663532783,31.280206157902317,37)
(121.42848380006272,31.249898155818414,37)
(121.37404474062755,31.272580183101056,36)
(121.42245259832431,31.281884011158848,1)
(121.4033783221361,31.229605992611923,22)
(121.37510718950567,31.271381000766574,2)
(121.40647979794674,31.266194510470342,36)
(121.4103007341999,31.25785769725318,19)
(121.37792541610564,31.26344996801384,36)
(121.42520286978046,31.24273585697336,2)
(121.41758285570283,31.230365851437746,2)
(121.40874122466857,31.233424671813445,3)
(121.44237647887716,31.281942462406498,7)
(121.38949954595897,31.29130136754303,3)
(121.41016085249167,31.256013492083664,23)
(121.38927032871376,31.291049098936504,72)
(121.45381569817447,31.27394023534773,8)
(121.41890931122713,31.236853462403978,1)
(121.46048841441875,31.252984202386305,36)
(121.42176428198516,31.237271952097146,2)
(121.41073859504056,31.274538875639177,13)
(121.44077394429084,31.258681141770378,39)
(121.45783988600097,31.247244494108532,7)
(121.4493307520352,31.269889643719736,1)
(121.3680198213874,31.314426697498718,36)
(121.36446325811706,31.27896775931351,6)
(121.40422270067097,31.260674758326694,51)
(121.37872700852851,31.277370323198905,6)
(121.41083461879388,31.224349192643462,36)
(121.41081726123848,31.230701472668574,1)
(121.43300457682604,31.267715071709326,36)
(121.41656258687094,31.258685275955852,36)
(121.42400968004729,31.24105106486728,36)
(121.36519857255888,31.291741174501595,16)
(121.43892094454708,31.239419027994458,5)
(121.37756759288669,31.274467548357162,24)
(121.43677466639477,31.26454302716381,36)
(121.3712730844612,31.313586843638504,29)
(121.36299198815253,31.245509843803063,36)
(121.44809773422368,31.25632276732241,8)
(121.46238307654163,31.262430994695077,36)
(121.3945465869157,31.29541417667816,36)
(121.42880916469788,31.258432577139388,36)
(121.44210580579032,31.256996093956165,22)
(121.40363826118868,31.22876360135291,36)
(121.43685629768088,31.238854610466138,6)
(121.38216364649597,31.251096123652307,3)
(121.45540611700272,31.271211011556463,1)
(121.39907937153792,31.278126788007214,13)
(121.39040216641554,31.232463721916467,33)
(121.41830812989154,31.253353140531562,17)
(121.37069116294147,31.27934960751679,10)
(121.38903933324006,31.270437457358874,36)
(121.36797374713542,31.31446664653858,20)
(121.42305836413044,31.262058018498568,32)
(121.35149892301767,31.28752250289387,36)
(121.37519134762233,31.27180528226648,51)
(121.39544602866846,31.264831504444917,36)
(121.42808015474942,31.248651989054107,5)
(121.40263226056159,31.24200550579102,4)
(121.40032265509016,31.27656590108007,14)
(121.4314505267321,31.26591105776878,3)
(121.39318911263585,31.294789310598084,19)
(121.37745438736515,31.293405807588886,36)
(121.43615880366069,31.24351162482994,1)
(121.40344993486106,31.269262514588664,35)
(121.39197135347472,31.278174706128915,29)
(121.37171341178608,31.263601360259432,36)
(121.42486520876832,31.24256801881391,34)
(121.43059481893756,31.245111898783705,7)
(121.41069078323801,31.25581550280354,16)
(121.40828566174777,31.242438088181558,1)
(121.45280720992966,31.279425064885707,31)
(121.38405625654082,31.25975753600552,25)
(121.33437549023569,31.291651920901636,23)
(121.38936638962616,31.256374672047077,32)
(121.46144110965095,31.259660725110916,1)
(121.43765158864561,31.268413495100955,1)
(121.37709850722882,31.271447282565866,19)
(121.39445710542469,31.233156522862636,4)
(121.44000775318183,31.262979158579213,33)
(121.44291587004675,31.252249746633556,26)
(121.43276047307059,31.25076507173175,7)
(121.37658582357783,31.231563259142867,5)
(121.4052579900066,31.25754472702599,32)
(121.37560936046161,31.253551957023166,36)
(121.44033280210014,31.27738944737938,5)
(121.41815477105125,31.236702781787464,8)
(121.40743288239912,31.245314947352156,9)
(121.43822147614236,31.254969923471904,15)
(121.44712030143857,31.262023280288755,17)
(121.37274053654849,31.304320299849607,23)
(121.37660962362973,31.245882961384684,30)
(121.40094421237141,31.285637144312137,15)
(121.45398165152022,31.273404394357346,1)
(121.38994483815623,31.232974635350306,10)
(121.42155568403145,31.251445427522636,7)
(121.44172915191172,31.24693834113229,2)
(121.40887981577423,31.233403953092388,2)
(121.42288907231939,31.245574917554585,34)
(121.42749370084508,31.247370966590758,36)
(121.43519735654468,31.255870319659746,9)
(121.36570263130052,31.288417984362475,205)
(121.36717024300924,31.30136248141415,36)
(121.36451345602002,31.31238859031766,3)
(121.38457260603072,31.277220593948112,11)
(121.37403316393238,31.25661685680771,33)
(121.42680664735687,31.23818646512777,26)
(121.38375858525882,31.22961998530051,29)
(121.42730078369866,31.270361035771042,36)
(121.4388219004999,31.248464217805015,14)
(121.39140296673338,31.290068187622385,36)
(121.3928434345905,31.297826538780427,36)
(121.36373038792149,31.292295764296405,36)
(121.36830042793544,31.25056008757529,1)
(121.4146026726997,31.239975881764018,10)
(121.40475400678991,31.246780949721053,4)
(121.38224073622678,31.25109620031556,3)
(121.41009873725702,31.24248670534881,6)
(121.44200699435372,31.257054272446528,45)
(121.374469691113,31.230236080311705,31)
(121.44635891664856,31.241718453194487,36)
(121.38325942653583,31.291633235649794,6)
(121.4022114767286,31.23407582867081,3)
(121.46016195941927,31.26071529900161,14)
(121.45454175133173,31.259940507287165,9)
(121.424147005836,31.24624128472795,36)
(121.43280700102318,31.266327656548192,13)
(121.42531525373296,31.261922223886078,28)
(121.42861730036394,31.256406531538566,36)
(121.4047833779428,31.239534704136734,2)
(121.37828383091087,31.25123506640484,36)
(121.38830795449101,31.29645752226175,34)
(121.4496735044763,31.258761951259128,36)
(121.38570190336493,31.267146370242404,36)
(121.4284460793447,31.245662748218024,2)
(121.38961440601129,31.3000519101441,25)
(121.46076193028283,31.255885857138658,5)
(121.43582220300483,31.25868936504227,4)
(121.4003743476436,31.261386494514287,13)
(121.43344661497966,31.27528673857634,7)
(121.41083972002379,31.275747994284675,2)
(121.45210637621751,31.279599051839394,1)
(121.39281713331737,31.26012541251712,36)
(121.38825191258107,31.29655651796015,36)
(121.44444473702549,31.243313842541284,4)
(121.44630220487987,31.24177404314743,10)
(121.39107054396041,31.268494668758503,17)
(121.36412520281819,31.30951665206745,24)
(121.45504923453458,31.27393489085194,36)
(121.41336724551255,31.261372150823853,20)
(121.45448079683955,31.252884027478647,15)
