(121.37453491891988,31.277835986579426,4)
(121.42809646793863,31.263917625802883,17)
(121.42382044355338,31.259280259433908,31)
(121.39679644208971,31.241167513616052,16)
(121.37747023589394,31.245397551765915,1)
(121.4314088851691,31.234988455169557,4)
(121.44286940215618,31.25635453313261,37)
(121.40211743451921,31.291160304418398,7)
(121.43609246689309,31.26749960088157,36)
(121.38724111202653,31.25218519749951,10)
(121.45645887400276,31.252515681805555,3)
(121.379832910332,31.240640051096253,15)
(121.38067619009352,31.23259782781985,72)
(121.41858593223512,31.230139560946814,7)
(121.39192553601816,31.26918191592623,6)
(121.42601336631107,31.236893568262897,2)
(121.40359321037886,31.239388490383664,20)
(121.43274543421259,31.2734137740514,3)
(121.38967192650024,31.259574282396986,3)
(121.40255533227375,31.243014944100604,10)
(121.41386044250146,31.231653193754617,23)
(121.40548042798409,31.23302900033598,35)
(121.43645797089651,31.25706832311214,30)
(121.38002790585638,31.283777789717536,3)
(121.42138106855151,31.25428278627934,37)
(121.42911980434197,31.28143398219687,21)
(121.44577137983896,31.253759714643017,5)
(121.41147551342348,31.258280680606145,32)
(121.40391504753032,31.260600626651364,20)
(121.39297632001093,31.235180615610304,12)
(121.4064780722002,31.24641389340232,11)
(121.37883490499918,31.26678841445464,37)
(121.45969008030528,31.25915367441502,3)
(121.43355950256586,31.25290902620772,8)
(121.42776179513503,31.267983234743674,5)
(121.42519923044485,31.24888162499002,31)
(121.38887593432669,31.233026878721308,22)
(121.41062743576634,31.243712409283,11)
(121.41833857875363,31.247251430992815,35)
(121.41093334307763,31.243399218304088,13)
(121.41731654276845,31.2513997593267,2)
(121.37780972506545,31.245767105994677,36)
(121.37693519602917,31.299348548988576,4)
(121.39051769887082,31.237518105777337,2)
(121.41688791553281,31.230039326671317,36)
(121.43237990280248,31.282638839714995,18)
(121.39853283031724,31.228843369484956,9)
(121.41117080175579,31.226726558283513,37)
(121.39661039902703,31.24558919127679,27)
(121.36361813354453,31.308178797357414,25)
(121.37242862340307,31.23020045690058,8)
(121.40912199678935,31.244099199330993,19)
(121.3643962404669,31.309422083494418,6)
(121.39376396863302,31.25956790124786,8)
(121.42680665275905,31.238248493224557,33)
(121.34592835363034,31.283970788712548,7)
(121.44116377905193,31.262087340377626,23)
(121.43797972087448,31.276118280319402,3)
(121.41007040932008,31.242189807949664,36)
(121.44385169348107,31.26521756324856,14)
(121.46115067573211,31.26037874005152,11)
(121.40792788072335,31.24464909548784,1)
(121.41485276184503,31.239907628321227,3)
(121.43744572694357,31.266148812716942,15)
(121.45441549283807,31.25906585667912,22)
(121.44685822003821,31.241775440353557,27)
(121.37425609176528,31.238471571871877,3)
(121.37687944610373,31.26860695641534,32)
(121.42990610874809,31.24651421178971,7)
(121.38364706929877,31.283278216884618,8)
(121.42350218975808,31.264541760352028,1)
(121.42949070620375,31.262504658927458,2)
(121.39167735532732,31.223276324646072,24)
(121.39925441653823,31.23179821502605,46)
(121.4361269722638,31.253332434430806,9)
(121.39998530801039,31.26242082438483,56)
(121.38150843288109,31.26902220502854,7)
(121.42362668756894,31.284046850880213,5)
(121.4461158660493,31.241536110849037,30)
(121.42891186376703,31.256370580260413,19)
(121.40657690071764,31.244437013593718,37)
(121.33975593369485,31.293178919977507,21)
(121.41871877223832,31.241997208905314,3)
(121.39206793012472,31.23806837438965,37)
(121.38206743737608,31.284467179331617,25)
(121.3825732415989,31.298450269935326,36)
(121.37622952919263,31.268438116721118,26)
(121.4608977078772,31.254568053155147,2)
(121.42116706402743,31.252333067531442,12)
(121.38906681220784,31.23095457672359,16)
(121.41123029713458,31.24365427938008,15)
(121.44386461843179,31.26542369680385,27)
(121.43477838667637,31.260479843381955,27)
(121.4090662179209,31.226798895840705,36)
(121.45443251516647,31.271306049316316,2)
(121.38059497427368,31.233031813767358,7)
(121.41516949599556,31.22698310411264,8)
(121.4240112774167,31.259378157321787,30)
(121.38277084532476,31.291302631636405,25)
(121.39561586397492,31.299795664303627,36)
(121.4170487588966,31.257992728583698,35)
(121.41797996782337,31.249216480834527,13)
(121.44860840907789,31.242267624870834,36)
(121.39084908431357,31.27337897765586,35)
(121.38263974247586,31.280358063679806,36)
(121.389268355589,31.26842777770393,35)
(121.3682623493637,31.292779672882176,7)
(121.44629410318572,31.241731941802403,25)
(121.42250041011388,31.281914421049546,18)
(121.39046220757714,31.301250976729072,16)
(121.3904612453552,31.290227618950865,36)
(121.4270205636137,31.2398640330625,31)
(121.37449776621467,31.25665735537787,8)
(121.45529252533491,31.272676862454762,3)
(121.36628939626023,31.286077119302174,7)
(121.42753744093429,31.26914398659699,14)
(121.39816220910096,31.269417181898696,26)
(121.39665633446354,31.24457976099224,15)
(121.36688920947152,31.237341046303825,13)
(121.3820469321071,31.232938850288647,11)
(121.39902888471173,31.232245700554554,36)
(121.3889783931499,31.230890460817545,7)
(121.4126111860624,31.246719348628847,36)
(121.43240539547791,31.244679720804942,6)
(121.44627189933617,31.24483633225711,36)
(121.45398933460724,31.256867765597292,3)
(121.37829019905126,31.23234758494341,3)
(121.36769265628648,31.252844436926253,34)
(121.409929725819,31.245540326266056,23)
(121.41651442556312,31.240175250712987,15)
(121.42310469466304,31.26630680350084,8)
(121.39595030345923,31.30580263105415,1)
(121.3973732237415,31.23927368285196,36)
(121.4597367237358,31.265690080452696,1)
(121.39503301186413,31.27402072477136,35)
(121.37564040315635,31.25353498718419,29)
(121.36514259090242,31.276952669519442,31)
(121.37989692934521,31.274443797973127,36)
(121.38447273734295,31.283471257509305,37)
(121.42524627931783,31.232357485114115,37)
(121.41039781093747,31.255662442089683,37)
(121.33291845403876,31.294842819673566,12)
(121.43906803844403,31.26632963458032,37)
(121.44382665098924,31.25834894940652,21)
(121.4392143264518,31.283972781766195,13)
(121.40399772147221,31.244553868878793,23)
(121.390296775511,31.25780234780668,5)
(121.40312112519669,31.250816516780525,48)
(121.41160467324501,31.249027599522627,37)
(121.43653126527452,31.253967311701984,37)
(121.40504909583937,31.304759089145758,24)
(121.40524167055122,31.242430048570668,36)
(121.40643944874286,31.239269687486914,4)
(121.3841495707,31.28710559434672,21)
(121.4393427041231,31.260505837832344,7)
(121.37383990290137,31.28945685427142,19)
(121.37817090612208,31.276830889982005,11)
(121.36395998033937,31.308345335819677,4)
(121.44415335603205,31.257065432992682,16)
(121.4535907484445,31.24776394878189,23)
(121.3464613456609,31.301384906316848,36)
(121.34989978199796,31.278666035382937,38)
(121.44080162926976,31.262835507541027,2)
(121.41927361040403,31.254050002070215,7)
(121.40828422863893,31.23748471637277,1)
(121.42753003695711,31.25114351955263,36)
(121.42850609208375,31.231763786168493,30)
(121.39209747474861,31.232589897081233,18)
(121.4502551128449,31.268484669390947,31)
(121.42837473949275,31.23769101713395,28)
(121.42477986643674,31.25149611757486,37)
(121.40579320393519,31.27107955182273,19)
(121.42487890495325,31.241567618532443,12)
(121.45738298578357,31.246397098124078,6)
(121.44960581863936,31.260646892018812,53)
(121.3868365926218,31.227668804108514,7)
(121.42164299684039,31.26055038440588,36)
(121.44359683886935,31.26531871694631,4)
(121.43871348046946,31.239036789927955,2)
(121.43763664088733,31.280198439332498,33)
(121.38413896853945,31.287105592533454,13)
(121.3863839126709,31.293858937928256,20)
(121.41529432155987,31.248560340838562,37)
(121.4396139773213,31.24198219013575,35)
(121.40732552377398,31.251690234189383,24)
(121.43354411933333,31.25973101724869,36)
(121.41311368488616,31.23137327935426,2)
(121.3919800306222,31.256691200193714,5)
(121.40006352150607,31.276024599612366,31)
(121.41003552167886,31.242507892160205,27)
(121.39634493444795,31.27421615926208,37)
(121.38214807128506,31.24468826505899,36)
(121.36322148058629,31.305158959623192,8)
(121.36888861842687,31.25212375997233,10)
(121.41141973812657,31.226301331208845,57)
(121.37888797229603,31.266769465164206,15)
(121.39823824232572,31.269421212393542,46)
(121.40987921029924,31.228062393181013,4)
(121.41061123539609,31.22990814105439,62)
(121.44783836761383,31.24572255724737,13)
(121.37814082052469,31.276305637861192,17)
(121.45271008595479,31.26026058567787,37)
(121.42825603497987,31.257735686601492,17)
(121.4238651750314,31.245208038481245,37)
(121.41019566114716,31.242440625599535,10)
(121.41882576568767,31.24144658333925,20)
(121.39074925522807,31.264765267253168,54)
(121.42839968428076,31.24745515397551,13)
(121.39280712260258,31.23425109102843,2)
(121.3955347455487,31.297854752758177,36)
(121.45527584922023,31.252910408820444,2)
(121.36912491452567,31.282754845344368,4)
(121.44511329500153,31.26047574765436,36)
(121.39045796234036,31.252581789348167,42)
(121.36375666852642,31.248816494807166,36)
(121.45334369708164,31.266221089258337,3)
(121.38381640986832,31.248436218336167,32)
(121.44151768607803,31.25879594827858,34)
(121.38513579490302,31.28314900333141,84)
(121.40866401950052,31.25840311058,7)
(121.41184030140892,31.245476972533016,1)
(121.41037550556229,31.22803909021847,4)
(121.41459824792629,31.290060125026518,61)
(121.37176460211813,31.23028562146279,29)
(121.37538379353204,31.27375733546755,36)
(121.38336544018972,31.24749977478208,50)
(121.37212982070271,31.306896491996635,23)
(121.36413230347989,31.310689950213394,18)
(121.40538823021636,31.260190882962704,4)
(121.45587632195506,31.252488977327292,31)
(121.43858602976088,31.238949834185753,36)
(121.41396068259073,31.24630879115769,36)
(121.41242791260015,31.244683086774426,22)
(121.43706679386698,31.28568875433396,49)
(121.42792623514447,31.26968086505992,12)
(121.3861491483321,31.230309444989825,3)
(121.4342794459601,31.264064752500392,19)
(121.4331688585854,31.23917836717223,28)
(121.42519697523677,31.2459303153933,4)
(121.39952899664262,31.30373165420092,1)
(121.37099661630847,31.27896686296492,36)
(121.38274773356524,31.29032221649548,29)
(121.3860190330544,31.230477411017567,36)
(121.42846866847948,31.248188413296326,16)
(121.38915244677358,31.25913671373257,29)
(121.37695010710672,31.29809107347081,10)
(121.45387663116763,31.270750382933365,17)
(121.43733084445957,31.23453140188666,26)
(121.44856397293019,31.259745001142797,36)
(121.43892266504454,31.259202780739393,36)
(121.40595385594582,31.26701283973137,27)
(121.42362132609345,31.244406863228644,10)
(121.3710499000545,31.269742083792742,20)
(121.42297601492146,31.28014669261094,15)
(121.44604805272533,31.244828392928216,37)
(121.45828741615786,31.249528089318705,1)
(121.37783865007994,31.2329403446543,6)
(121.38539981872141,31.231787374882668,18)
(121.41793516273917,31.262602340131053,36)
(121.42075064788139,31.23248341381219,10)
(121.43799321926036,31.2591510583709,37)
(121.43667748902423,31.26073752120799,16)
(121.35314197919732,31.283298678069915,4)
(121.4098629791652,31.242983655372267,16)
(121.40336162605067,31.233126606873878,57)
(121.38540049106857,31.231461325833514,22)
(121.4162355996048,31.27635313035247,8)
(121.42617448010738,31.24010488449118,37)
(121.4336494435746,31.25370526859511,36)
(121.42394876297378,31.241360250372058,25)
(121.38882587418819,31.278782779954206,20)
(121.3910396674565,31.266889367981275,1)
(121.41661487801795,31.250875839412767,14)
(121.45398895083422,31.25243982933964,11)
(121.44212302864311,31.282872992618103,5)
(121.39124958343413,31.26876440142756,36)
(121.35407717177299,31.30952364548661,25)
(121.4276346579073,31.24867241430632,37)
(121.39922370687162,31.261351150818076,36)
(121.37350858897902,31.257004851109816,36)
(121.37987143273828,31.243950975017533,3)
(121.42030729475118,31.270550440307357,37)
(121.43534295700016,31.265285199284953,36)
(121.41234527748202,31.25830250217764,12)
(121.42728283455106,31.280620392054384,18)
(121.43477992842482,31.27818132609225,1)
(121.3987244546617,31.246584481597417,37)
(121.37702981716332,31.24747996779216,1)
(121.38105919819269,31.284023974135277,21)
(121.42621043018167,31.239959788098478,13)
(121.44852417275098,31.260444786622305,16)
(121.33813807733091,31.29354727717975,19)
(121.42745067130701,31.280864339268085,5)
(121.43419250027348,31.263349797306468,4)
(121.41320950353891,31.231960822986053,1)
(121.41747744321951,31.25130264209642,36)
(121.36497282037968,31.31330614184874,9)
(121.39200676187488,31.271090772450332,36)
(121.34869426278489,31.302451390309642,28)
(121.39981496816195,31.236258199797543,6)
(121.41601281235006,31.2466172018506,9)
(121.42625832170823,31.239286442669027,13)
(121.35133818281197,31.29443298315117,63)
(121.43948465479477,31.24525492471081,8)
(121.44362294859445,31.2829971877206,5)
(121.41902104683712,31.237058881409233,1)
(121.41734623523304,31.23660212310123,1)
(121.4022746539955,31.2432673282984,59)
(121.40230631945248,31.239467854655857,21)
(121.44848464049873,31.241842658122227,21)
(121.4368259333886,31.25715096275105,36)
(121.38838981258807,31.27103621792687,35)
(121.45912717688036,31.25465395917518,37)
(121.41588167025756,31.232788008834614,29)
(121.44733568541287,31.248600729049663,26)
(121.44662027162262,31.244859493226087,2)
(121.43735875448421,31.253976971485365,8)
(121.44219733407152,31.256046778884635,23)
(121.4265192887439,31.264968509836933,21)
(121.4031061312308,31.25091755877621,7)
(121.38164045862956,31.290493183878606,36)
(121.4592485793645,31.24734523132288,5)
(121.44451236718307,31.259044128120163,26)
(121.43959266173638,31.26866126956765,31)
(121.42458069756196,31.23591029506384,18)
(121.40637552369603,31.25838710386801,36)
(121.43493753686995,31.253457589833864,37)
(121.33953982973885,31.287683558713677,4)
(121.38752610222058,31.26047903980419,21)
(121.45656359224084,31.25121139990363,1)
(121.39780131998077,31.226625065533224,36)
(121.37223525761206,31.287033807828365,3)
(121.40988958560129,31.259051029693826,36)
(121.43646919450579,31.253580682823678,1)
(121.40189914609704,31.242612626779298,5)
(121.43209823647035,31.284627179530876,37)
(121.38601002552866,31.299418811886945,20)
(121.41202727509665,31.280132805258766,36)
(121.42358988136404,31.238983447316226,36)
(121.44424647790075,31.265618533655108,36)
(121.45402685260943,31.252362718920132,14)
(121.44026883626056,31.27736801145458,18)
(121.44215429133928,31.28655344239261,4)
(121.38948266806244,31.25577501475759,18)
(121.45572924114103,31.245928083593306,22)
(121.36692567229176,31.299623447019048,4)
(121.43482247478983,31.239298427159575,36)
(121.3800387546448,31.294760594752177,36)
(121.43962056502872,31.25432590193476,36)
(121.38176955051682,31.278303351244254,11)
(121.41698436998456,31.270229029419266,9)
(121.43839700416721,31.264390753383438,20)
(121.38294697340781,31.290473470724812,36)
(121.44209261120999,31.25589785989011,8)
(121.3825256095481,31.280336943039472,23)
(121.3921773155327,31.229811383612493,23)
(121.4027616531437,31.24620240785466,19)
(121.38558971459992,31.300729960148907,36)
(121.37518388735624,31.254798460178545,3)
(121.39524509312369,31.262067764181822,37)
(121.39740636845767,31.263702451180368,30)
(121.41292825771946,31.239039533180204,1)
(121.40987378170577,31.259129126253665,21)
(121.4108035409724,31.245343109596146,15)
(121.45365512435292,31.256699364724174,36)
(121.42699850922976,31.261099991710797,2)
(121.41740955614428,31.26361202299878,1)
(121.43701734354202,31.25381505912203,36)
(121.38566518227582,31.289391051289613,21)
(121.45890816339455,31.26169929785526,1)
(121.39177343787108,31.28081566932661,2)
(121.43734427093541,31.247553856934633,14)
(121.40255066508203,31.223894199019394,36)
(121.39557355978828,31.247183164549764,13)
(121.42861386154905,31.25233610495249,13)
(121.43650129008988,31.266728320385532,37)
(121.40424415868178,31.2606549723245,6)
(121.40323549098356,31.25477227281441,2)
(121.42276122225314,31.257499259091738,36)
(121.45078603873974,31.26537989507524,5)
(121.37259210033847,31.25586417282025,36)
(121.42050379865626,31.25504866764799,6)
(121.40613566589305,31.23873749281981,37)
(121.40918326254885,31.296228745896222,9)
(121.41057274503862,31.22419249943707,10)
(121.37408023694232,31.243136451983865,34)
(121.35364611086233,31.284365991445895,18)
(121.45720963451721,31.271802470248396,18)
(121.4493728351118,31.258798939927832,2)
(121.39317764880344,31.271821790026074,8)
(121.39945634182888,31.230553476367284,37)
(121.40356996538998,31.239560597883813,19)
(121.44712865866694,31.261668903702816,4)
(121.4294163970987,31.2808474455328,1)
(121.43942192061216,31.254362564352093,23)
(121.42299232791746,31.243749397229692,1)
(121.43150858090735,31.244475630828248,5)
(121.42551957651865,31.279404423148776,15)
(121.44480064678012,31.245849850766966,1)
(121.46208304468831,31.249011619401006,11)
(121.38828972722814,31.25960626408857,18)
(121.40366352314076,31.254316140128086,13)
(121.3854209832968,31.294322291867616,36)
(121.35505392406237,31.29520477274235,8)
(121.40807034958634,31.227197147679785,2)
(121.46002671813001,31.273082292994612,1)
(121.41179705651223,31.240145763693345,36)
(121.43273148304836,31.265223843633574,36)
(121.39079028224248,31.268575716700283,37)
(121.38445941561132,31.29938142290332,36)
(121.44827385737126,31.262093949471435,5)
(121.3893283740946,31.256568728687036,17)
(121.42003275767846,31.227760668404,29)
(121.4008238704209,31.242831461028658,37)
(121.40908288717192,31.244152391113957,36)
(121.42724825408541,31.23915250621117,32)
(121.4237667555844,31.250836610284345,22)
(121.39314407814757,31.24257705938899,5)
(121.41006896825941,31.225658254442425,35)
(121.41711868935725,31.251818033428087,37)
(121.452496848239,31.27025533265203,10)
(121.3920545943111,31.268767822100827,31)
(121.43555561992582,31.26513486516766,19)
(121.43282712861598,31.273341578236383,40)
(121.45579281220932,31.255736573841226,2)
(121.37537543268144,31.28124942898932,15)
(121.38252507595969,31.27421340409592,13)
(121.43164684370328,31.234984415039428,1)
(121.40962231995343,31.2378827150938,4)
(121.39278518830302,31.23518050184856,37)
(121.44859657951972,31.259768106652775,2)
(121.44008616201941,31.242092551376135,15)
(121.43830178227151,31.243933891775303,1)
(121.37761280655185,31.272767559620416,14)
(121.41822409119565,31.25231972894316,21)
(121.39812388922073,31.26594069203561,37)
(121.38361076193868,31.28333741059258,19)
(121.42393377740915,31.241368265343336,37)
(121.38600657641666,31.259859511200947,10)
(121.39445804653153,31.243957411500123,10)
(121.43974678985285,31.237914555947942,2)
(121.40499737895384,31.239315625196937,20)
(121.3707385349737,31.29427671101515,22)
(121.3815440152272,31.24072788046751,19)
(121.43558424429138,31.237393758163996,36)
(121.44343110750894,31.283652451653055,36)
(121.39745726748829,31.23932173911773,7)
(121.41038830859483,31.255402840619034,17)
(121.42175442466039,31.264563499847515,36)
(121.42683089916062,31.252837980353657,4)
(121.44707624737234,31.253964388269523,13)
(121.45404318697071,31.256665568825653,36)
(121.3634193208399,31.24032818280827,20)
(121.42304476500449,31.274487579967772,3)
(121.43940942590326,31.254550060171027,9)
(121.42560066679619,31.24169374097114,36)
(121.42753388021481,31.272857938917685,2)
(121.45425669631159,31.26847521082648,30)
(121.37714695300333,31.27021995021199,37)
(121.45155666498172,31.26363148737552,1)
(121.39016074236551,31.282103972426405,25)
(121.41737767803342,31.25334458601574,29)
(121.43839840861118,31.23487273748611,15)
(121.37936862677205,31.293099790973418,10)
(121.390268084486,31.267223983577583,36)
(121.38495513480125,31.29271832081589,29)
(121.45902703231661,31.249954112499537,7)
(121.36941811081826,31.314000511767286,22)
(121.36748493506342,31.314658015283605,36)
(121.40139063213638,31.249703666690273,36)
(121.41693343083365,31.270435380040258,3)
(121.43948801276544,31.285781124458254,1)
(121.40356094169901,31.24487305473922,14)
(121.37684838839489,31.268434847137776,3)
(121.42157126831087,31.246821370378946,29)
(121.40365326120306,31.299986661776785,27)
(121.4444904067629,31.270483053984744,4)
(121.38737289018808,31.248205547189507,37)
(121.33528151445257,31.291248899564014,36)
(121.45717953342952,31.269754671390345,4)
(121.36171578419767,31.29701671350877,36)
(121.42448321392844,31.25223667764205,36)
(121.39455954598903,31.271926601934087,27)
(121.38026750449005,31.2656374939907,37)
(121.41060506211872,31.239737515970095,3)
(121.38184395083088,31.270402127332176,3)
(121.43547430973624,31.283082470424752,29)
(121.4251521576096,31.244882742490592,15)
(121.37789358936104,31.254425024514372,33)
(121.35414382472914,31.283838132308777,36)
(121.43405809066451,31.2424544494011,1)
(121.39981764717764,31.258435074692148,13)
(121.4186064450558,31.2537124631032,28)
(121.408087924123,31.24527136655285,31)
(121.44317865015735,31.25547574212604,30)
(121.39628034987832,31.22402320776873,36)
(121.42378322331778,31.255434439261784,27)
(121.45131113760004,31.25266900519585,27)
(121.42756077171983,31.2375675026953,16)
(121.45676886838748,31.273104953867907,3)
(121.4545754256574,31.251266122823637,5)
(121.41326762097607,31.242780062617246,66)
(121.4637127271951,31.254958660274,2)
(121.44847049230721,31.251285888177897,36)
(121.42219880984267,31.28173488704643,29)
(121.3810739892142,31.281416923364027,35)
(121.405696687004,31.29956611912586,26)
(121.3937813954515,31.252859988419033,1)
(121.44872811993378,31.241935257979765,11)
(121.44158312193895,31.25626829673716,23)
(121.444392805706,31.272851210719516,4)
(121.45325832187841,31.24805435690259,2)
(121.33939552518814,31.29952499053167,11)
(121.45040477688737,31.269208057374424,5)
(121.4285157402866,31.261101015553137,37)
(121.38763632270177,31.259410493115887,13)
(121.37086590420459,31.27315827163934,36)
(121.36508595370236,31.249538595259935,28)
(121.37032733497153,31.2304137440514,23)
(121.41796350681312,31.249524567599,15)
(121.4341926212352,31.237442085118914,134)
(121.41526570210831,31.252773209989243,36)
(121.34094688050521,31.286479727243005,11)
(121.3754478120922,31.25792136174611,6)
(121.43368732416786,31.232552825776416,14)
(121.4053904061715,31.231817984198003,20)
(121.42567096451853,31.23975615380061,8)
(121.36488380929299,31.284775492897683,32)
(121.42711930789231,31.238158172720325,37)
(121.37608161249236,31.237241250873687,7)
(121.43918032424911,31.248861884422823,11)
(121.42624233615213,31.23926144515216,7)
(121.38639583492845,31.288575481094416,36)
(121.44192220175914,31.246148600987272,3)
(121.45159118976615,31.245154064770798,3)
(121.42520016878775,31.23949666244255,24)
(121.45212673518662,31.27964011480184,36)
(121.38569608972105,31.283264769766213,6)
(121.36493284120908,31.23796642609183,36)
(121.45195176723941,31.275325666439535,14)
(121.40424726862459,31.29627269376245,36)
(121.38931230435429,31.25592543665021,37)
(121.38546654210515,31.28308483014913,34)
(121.40633751555524,31.22468516087548,36)
(121.38890795470375,31.255921134819165,28)
(121.3880077724905,31.25846975265198,2)
(121.4134422806622,31.239509894939324,1)
(121.43868345475207,31.25431462438432,27)
(121.36381062972067,31.247238878050016,2)
(121.43839496051267,31.240896434930626,4)
(121.4133911514399,31.261422655726598,36)
(121.43015990232209,31.239788963511543,3)
(121.45610426614562,31.246892025503904,7)
(121.42172355693708,31.2515153484641,3)
(121.45615086137227,31.25509254436212,8)
(121.40366624153526,31.28546028540976,18)
(121.4214943817995,31.26316127940901,11)
(121.37331311498527,31.2894721893876,17)
(121.45259862293312,31.279563159129665,6)
(121.43420915125655,31.282551825676084,36)
(121.43877858795163,31.26698632462349,31)
(121.43436721195178,31.262974423397264,20)
(121.3866611218676,31.227557384053434,7)
(121.43472339667109,31.236709376459107,5)
(121.43271578039854,31.271853327732074,6)
(121.38980286696375,31.269115456591102,8)
(121.42476439277453,31.245895648223257,36)
(121.44730321165986,31.241928817377836,17)
(121.39202935179343,31.231746467652574,2)
(121.39569896215042,31.24313449208714,12)
(121.37887056368176,31.24490604481242,1)
(121.41249819981886,31.25793930805002,36)
(121.38175269434228,31.264197039741365,36)
(121.38329542617423,31.24704776387292,51)
(121.40067781280163,31.23120514268558,2)
(121.45632112810296,31.274596522565805,22)
(121.3865836121135,31.27668212753044,24)
(121.45516586820696,31.267954588644475,5)
(121.3641404046196,31.310618351305973,36)
(121.40182792682641,31.229490833725418,2)
(121.38497029954517,31.29184290480393,36)
(121.40442004694226,31.294089730434326,32)
(121.41049133398671,31.26805093710801,2)
(121.39674411254836,31.23004120306557,6)
(121.44971104602608,31.242947905901698,12)
(121.44039995791508,31.25759594201458,12)
(121.38731287926603,31.260219756109343,34)
(121.41239625000483,31.235235228515876,36)
(121.45382892120121,31.247658038688567,10)
(121.4307467092146,31.24607316667459,10)
(121.36501236666382,31.27703250663269,12)
(121.39559075480909,31.250379144627523,36)
(121.4290661065934,31.242261149386316,36)
(121.39426548470662,31.22738776526738,36)
(121.40624548893634,31.274158863479137,7)
(121.42340773272751,31.27329132672711,8)
(121.411665179683,31.24354914729954,6)
(121.44428590585413,31.28306161456885,5)
(121.42721737691454,31.228702758490854,16)
(121.43382066771491,31.28201807584205,10)
(121.444960319469,31.245748539551954,6)
(121.40441434778235,31.24454582915024,15)
(121.3811289973323,31.24354041076255,14)
(121.42575542933815,31.27184014637674,5)
(121.38387337329515,31.237239577152685,36)
(121.43853484242696,31.265187901260013,21)
(121.44870817265463,31.242042342403792,36)
(121.4364161386662,31.252955691278824,33)
(121.39132371554606,31.28787925481645,37)
(121.37215813408908,31.27547196169823,31)
(121.41086091487742,31.295581269034006,32)
(121.43667485060773,31.253365317344308,17)
(121.42323921542946,31.262165934242265,36)
(121.42955823198815,31.24654260771203,3)
(121.42562524091785,31.242397381495017,16)
(121.46392021014532,31.256364613873973,4)
(121.41171772528718,31.238496861168837,1)
(121.41446351347291,31.23518661887806,19)
(121.37740636360051,31.270882530052088,23)
(121.43631901344848,31.23694170197123,6)
(121.36443204543878,31.30949398747203,16)
(121.42533047012954,31.26457434891351,36)
(121.45686576731958,31.247425298102197,7)
(121.41414363834232,31.246613869891284,24)
(121.45171619267089,31.249679344822344,36)
(121.43285771828316,31.244055923341488,6)
(121.39271531359597,31.23561504224628,3)
(121.40296084245438,31.247921208134876,36)
(121.44331387749077,31.26297817002468,8)
(121.42035160582007,31.251568232213224,29)
(121.36497282038417,31.31328844188913,19)
(121.39620256168567,31.238411781487667,3)
(121.4173637210196,31.265203724981475,25)
(121.44642463029173,31.241721164705787,20)
(121.36856972049158,31.314158379481846,4)
(121.43809190263497,31.25739315938546,37)
(121.38598974026131,31.23894824947265,36)
(121.41341602420337,31.2364625213227,3)
(121.45925796123952,31.257113282396173,7)
(121.37127288442774,31.313586043612812,8)
(121.34373009178621,31.286747047556062,36)
(121.42914974249474,31.281134829684564,2)
(121.4267458284975,31.23951912196745,36)
(121.4335209474918,31.25738202625606,2)
(121.4031633713337,31.299374755778615,20)
(121.3786736309249,31.25454795682768,36)
(121.38944243679519,31.256173640033452,72)
(121.39139544360086,31.23821901203179,28)
(121.42689073412781,31.24021530766036,34)
(121.43343147698216,31.273458992944835,1)
(121.43108315510548,31.240095325557196,1)
(121.43464572984945,31.255484940855617,18)
(121.43790592538495,31.254124989863232,21)
(121.4237219969139,31.26459662040925,1)
(121.34722401197514,31.278331052140153,11)
(121.42614352349176,31.240234969752766,37)
(121.42520316952074,31.23949966305636,70)
(121.38807653411284,31.27108899729915,34)
(121.36819139786644,31.27166392845661,16)
(121.34890738687348,31.298601274215457,19)
(121.4038511031404,31.22622750070635,36)
(121.36772578751881,31.273684108531903,10)
(121.39656428837336,31.244589724550526,31)
(121.42160805136889,31.23320119924956,36)
(121.44710921099504,31.27213929114692,3)
(121.34726933565757,31.30931020263444,20)
(121.43732464411758,31.240232390337855,23)
(121.38999840663438,31.239000414724302,37)
(121.39848193491088,31.287633830308764,30)
(121.40058925184259,31.248414979493766,48)
(121.45402686136619,31.25246376332513,4)
(121.44259187716438,31.245293175724335,17)
(121.37737030449695,31.29376385281723,7)
(121.41787276224328,31.23599364306013,22)
(121.37155469104614,31.28119953029383,36)
(121.38999775887714,31.231562025339787,25)
(121.40404805923242,31.244709854161652,6)
(121.3863288208479,31.288794868831474,6)
(121.34169651891389,31.286066969537337,36)
(121.43303404999749,31.23817125451251,36)
(121.40904937949429,31.25156409125437,36)
(121.44372959962448,31.278555668935688,17)
(121.38656196904218,31.29325320034516,4)
(121.38925834600967,31.282379206830218,36)
(121.39086115134545,31.239594279259602,3)
(121.45470563560487,31.268852456551738,20)
(121.43507253374402,31.282500972675777,28)
(121.41459356021159,31.236338099748604,2)
(121.408232849253,31.244539032268296,27)
(121.3368029107128,31.290645556370166,36)
(121.42832527436913,31.26469974307975,36)
(121.45258738525533,31.26066419721435,8)
(121.45113858368474,31.260207730945126,21)
(121.37064208556436,31.297057694808526,36)
(121.36380090408085,31.250661707033274,9)
(121.36245191460272,31.252019822804954,3)
(121.38156435809844,31.290378060489957,32)
(121.39723051291342,31.266318495271925,28)
(121.41968893629561,31.27943987012819,24)
(121.42518766573583,31.239522459813895,32)
(121.38774680621864,31.254720714951514,34)
(121.38745194452454,31.230547770763344,3)
(121.43459603201607,31.26477691463455,36)
(121.3469343166027,31.296284214113356,12)
(121.40990118862341,31.23737677400821,36)
(121.42385784116047,31.250401664311006,26)
(121.43789392834015,31.25393192179039,20)
(121.37161580059063,31.281357676598482,6)
(121.3829769964452,31.290347449256338,7)
(121.4012331802641,31.30019447185318,27)
(121.40698307763296,31.26940587973081,12)
(121.41088734824942,31.243342200639304,36)
(121.41282512797727,31.24682934360741,21)
(121.45862247598508,31.256870124172544,2)
(121.34555740547319,31.278579095016497,24)
(121.41630154172752,31.233703258080194,36)
(121.42303382190366,31.244138172281996,16)
(121.41155579351448,31.22732878054065,36)
(121.37697543077326,31.232369086352467,36)
(121.37649890635177,31.233213970296717,25)
(121.42404934640726,31.26057064362807,15)
(121.39657977748931,31.238634053063997,5)
(121.4460520535602,31.24483089362783,36)
(121.41374686551619,31.23601722252597,19)
(121.41013784689672,31.24245501354466,38)
(121.4444005107051,31.265638961296315,1)
(121.4371181191632,31.27603741828253,21)
(121.40804068478593,31.23101891220958,30)
(121.39074623428758,31.230093869289743,1)
(121.4475651576693,31.25961314613455,23)
(121.41495443844114,31.271082197336284,6)
(121.3830761015759,31.2902685132752,36)
(121.37714695648627,31.270259967090134,36)
(121.41346216853039,31.233066824959458,33)
(121.42320638403804,31.282374666937027,91)
(121.41065936103018,31.254394133020583,35)
(121.38793074139065,31.25202968041258,26)
(121.46054928059951,31.25332621580469,32)
(121.35284249559477,31.297085100199077,25)
(121.36438563897624,31.309473282152748,36)
(121.3784124344708,31.241264371694278,1)
(121.38484231158083,31.292698701366024,24)
(121.43307906256119,31.250624340411807,1)
(121.37516805159241,31.268783979919093,32)
(121.46076336741936,31.272494963442572,12)
(121.4519360629191,31.27830493422432,6)
(121.38268347923939,31.25376981097305,10)
(121.41029667332315,31.245689342826527,21)
(121.38836735538445,31.273302464569323,19)
(121.36896733514187,31.313625740323467,28)
(121.39867919611893,31.243829235655355,27)
(121.42677379682027,31.239498087708387,31)
(121.45180258284013,31.280720189457906,3)
(121.45679633913079,31.26922490113637,1)
(121.44687976104942,31.261446143662287,15)
(121.36768503765262,31.237317037043322,23)
(121.42215685896895,31.23607014330286,3)
(121.43635534271165,31.25322667680704,1)
(121.4521074766567,31.280396050482086,27)
(121.37127668504216,31.313626744041677,22)
(121.40269863416175,31.24749607475392,18)
(121.42815747513411,31.26479694426061,7)
(121.42354715399098,31.264592748905834,4)
(121.42106392113708,31.28379048127168,1)
(121.43251424900005,31.24470760932552,35)
(121.39532838511025,31.23043272112236,34)
(121.4495518706031,31.257996371542372,31)
(121.42843608081184,31.276361687173324,1)
(121.40253909602117,31.245242346888563,16)
(121.44003055778873,31.26071896714016,26)
(121.4183076200712,31.247506559979925,36)
(121.41233714685472,31.245316789735725,33)
(121.44474297897258,31.24698505744861,7)
(121.44379513300288,31.251696092798138,16)
(121.40755885409504,31.301385863063313,36)
(121.443164295146,31.262566836534628,9)
(121.45465894978497,31.258204096663636,18)
(121.39884060089562,31.25919605847179,1)
(121.4571087246907,31.24684388248361,2)
(121.40436131280514,31.296615842777573,4)
(121.3562452305483,31.28255171182335,11)
(121.45762680582102,31.25152584733723,8)
(121.41226837326614,31.25946362480878,36)
(121.45004768977134,31.27048126543637,28)
(121.3801586518282,31.290470635162052,36)
(121.38459260295257,31.253960695757208,11)
(121.38899701991181,31.23279786449365,14)
(121.4269204713619,31.23756808349923,27)
(121.44856846194413,31.24187852242164,19)
(121.38092550654277,31.243440463518635,6)
(121.41065527453758,31.22977824520711,33)
(121.39341758789004,31.272793530829066,40)
(121.40711147275785,31.251039949473448,2)
(121.39016104238672,31.28242187181148,14)
(121.38407901136674,31.23049868892919,17)
(121.42703831925077,31.271669890355295,36)
(121.35655403313353,31.3077992234129,20)
(121.35956902180577,31.277752235095804,37)
(121.45757229368715,31.254324976072535,2)
(121.40196826018644,31.232030457158338,1)
(121.41256389961262,31.23180061722481,6)
(121.36498823990503,31.2494346840017,7)
(121.39026052830985,31.272388158480243,14)
(121.36456666426099,31.309442403195728,36)
(121.45232501650825,31.27402949781428,61)
(121.39156095414951,31.254133207038755,2)
(121.39003325135278,31.282814317727222,2)
(121.37034547630209,31.25477769883176,29)
(121.44070070521595,31.25465190408662,36)
(121.4423341452516,31.254301562393813,2)
(121.38934334802553,31.256122545332946,31)
(121.42265992968338,31.230227122114282,1)
(121.36444374707224,31.309488488838845,14)
(121.38442540082302,31.253687423514783,36)
(121.40309703075981,31.231829085685288,36)
(121.4461209671094,31.24152871175946,13)
(121.412756154777,31.246883385266457,27)
(121.42503987637038,31.254496226033464,5)
(121.43684805644106,31.235965437799766,20)
(121.40777335006575,31.249924445346718,19)
(121.43039775059104,31.24146847274962,15)
(121.4056929588788,31.256869463137615,36)
(121.42326549509175,31.243917153648848,34)
(121.40999241105513,31.24253388314517,28)
(121.416829630674,31.26080407689043,36)
(121.39466938988443,31.223451150834205,3)
(121.45517610162335,31.252982646324014,26)
(121.45926258431767,31.25540521848075,1)
(121.43826830502493,31.26537535345426,12)
(121.41111598831324,31.279414444494765,13)
(121.40991151245372,31.237666906683682,24)
(121.41683380453388,31.234099228999973,8)
(121.38998720847908,31.282757261824326,8)
(121.3484321299086,31.284266685602223,36)
(121.41170883500337,31.284763957375823,3)
(121.43039004606861,31.25621401282057,14)
(121.43217228036725,31.251195876824568,1)
(121.3859777772154,31.285465220435977,20)
(121.40127769431318,31.2484559864282,118)
(121.34426165254783,31.282648011179354,6)
(121.42595950796864,31.260813208453413,32)
(121.38288073864754,31.2426660799928,6)
(121.4075154789248,31.239790925637713,22)
(121.37231938786955,31.2870379198854,22)
(121.34162737099291,31.286139869226417,4)
(121.39605542341044,31.22624113488778,37)
(121.3631726740786,31.304908354740743,1)
(121.43611108158133,31.25732178388026,29)
(121.46341030021915,31.263325992821862,36)
(121.4370530581963,31.269552786112953,2)
(121.42141029639659,31.245693972451573,36)
(121.38648135204275,31.29368748519425,37)
(121.42693651053602,31.238215362625574,7)
(121.45593598607104,31.271078668253974,36)
(121.44176220822382,31.254314454454832,2)
(121.38455786836265,31.291894552846145,1)
(121.3917387773923,31.22760237390294,36)
(121.43549379508572,31.25459138603466,17)
(121.42125114276718,31.25397773583201,29)
(121.43440692898517,31.28332390020432,36)
(121.41212434013286,31.258284545321146,47)
(121.40003149548487,31.288441555927907,31)
(121.4295263440175,31.28101889971492,5)
(121.43285792132075,31.2601513025464,1)
(121.41249563557831,31.228532129015626,3)
(121.40807103708383,31.235084771982937,33)
(121.42650555677206,31.27932755197473,5)
(121.37326190323441,31.230324593347394,56)
(121.39013155995087,31.273956725031248,20)
(121.45319782913244,31.252235324539413,7)
(121.4061042524319,31.24857284018667,1)
(121.40635051801078,31.245683323602513,25)
(121.42562489083323,31.238378569271944,34)
(121.40426621196445,31.244380299258324,64)
(121.36157365602661,31.283585881671794,7)
(121.44405372217946,31.241275031580887,19)
(121.42520176917851,31.239501862763245,36)
(121.3595690218649,31.277547435548122,24)
(121.38843253097741,31.232896482468902,12)
(121.45927996530999,31.258215083480597,1)
(121.44492152318134,31.27378953902267,16)
(121.43913405613844,31.25459170943863,1)
(121.38616578672442,31.288808740150184,19)
(121.41437261556968,31.23628284058358,6)
(121.37127308446357,31.313576243662393,3)
(121.36201185932833,31.24401279210232,31)
(121.4301909080874,31.251768273105423,31)
(121.40597419112636,31.24792154568312,37)
(121.38831794476583,31.27348495528903,37)
(121.3691670360968,31.237232253783606,23)
(121.4437417264471,31.2458345820055,15)
(121.42114617447517,31.264844372458718,19)
(121.40243927122438,31.259650898269573,32)
(121.46147420507351,31.269775207643765,3)
(121.38242642176668,31.279493498028184,9)
(121.44142076065086,31.26494657593992,14)
(121.44272135927709,31.242149563664942,10)
(121.37842855594705,31.245872853404432,26)
(121.40685222551149,31.248162676616428,36)
(121.3854869534376,31.241245720200588,1)
(121.4502294461193,31.260869824991467,23)
(121.38694040927194,31.281863561108228,36)
(121.34900059747834,31.310303956556947,21)
(121.38449309211178,31.249306556792988,2)
(121.40411987721129,31.23194759331457,19)
(121.44382637747978,31.25520157961539,35)
(121.45688217788225,31.27194684082193,4)
(121.42746584119861,31.235770566409638,12)
(121.42319404344104,31.23337388575619,2)
(121.40785931384791,31.24956628407551,37)
(121.36455746240458,31.311540897355304,36)
(121.44161763955717,31.2562145063586,28)
(121.3964382816811,31.23020919626654,1)
(121.40788579252384,31.283271265411322,3)
(121.4593225926702,31.249883237191316,34)
(121.39138061591599,31.240327955359028,4)
(121.39387963925329,31.26640689977612,31)
(121.38676867599388,31.240881779581475,9)
(121.39500194873126,31.260635858315524,1)
(121.39812252404852,31.261759901377605,2)
(121.44697840578453,31.248243198380344,13)
(121.42521375044849,31.243542234481122,43)
(121.37085138828473,31.279000680723907,35)
(121.34070235381157,31.286716362445837,13)
(121.43413152985833,31.262670579772372,6)
(121.41406431769995,31.231777153346286,10)
(121.42581691952799,31.241594585715134,25)
(121.42509484342214,31.243128433938065,1)
(121.38701692211473,31.28690667762161,26)
(121.42357697173641,31.262810963405215,24)
(121.38374356545296,31.229581953666106,29)
(121.43112689962412,31.24284616478999,36)
(121.41067169984497,31.242085056423676,2)
(121.3695418866338,31.239946004250292,5)
(121.43271492596025,31.26710514750462,15)
(121.3713087810629,31.26365384288043,7)
(121.42303541419756,31.262403183362995,3)
(121.3733438485599,31.24265548664121,21)
(121.39000218035183,31.28229308250214,2)
(121.38701045068689,31.27008672096869,13)
(121.37409707833709,31.25254464754156,28)
(121.40939276354285,31.231402579664564,36)
(121.39624823391166,31.268260083505133,4)
(121.45228452680895,31.258483854804602,36)
(121.43055062649873,31.26519371832363,3)
(121.45391944267828,31.256170902981616,3)
(121.34161233219038,31.286078816240742,17)
(121.3645211700199,31.25025029643126,22)
(121.4291859575749,31.26118039391241,3)
(121.42271468182304,31.252264554574804,8)
(121.39113308146476,31.25005314888599,9)
(121.40232745364584,31.244980778376373,16)
(121.42567308441132,31.241207656801027,25)
(121.40528880116533,31.255353775196593,9)
(121.45368525398146,31.25902331361146,6)
(121.39185712194906,31.238704375264632,36)
(121.39732628770938,31.228781870903912,16)
(121.45202491981205,31.244530214694045,36)
(121.39442716678802,31.245556109259148,24)
(121.41077738138954,31.24344926709066,15)
(121.38740345255007,31.242845181269242,5)
(121.39636884786186,31.275110823105162,8)
(121.45408771713655,31.25249665481446,36)
(121.41707259895124,31.250491469482746,4)
(121.40747251366507,31.24016909717787,2)
(121.38845182183918,31.281982812118166,36)
(121.44089897131684,31.255868170387416,39)
(121.41293938820104,31.250237824666183,35)
(121.37525244740529,31.271942414633774,26)
(121.40158417307681,31.301141125739438,19)
(121.40278225250066,31.278032030487392,14)
(121.42143311848258,31.23239194211985,5)
(121.37031698196311,31.284180077366337,37)
(121.39817456120521,31.2389798675377,2)
(121.41598507301337,31.26090747450254,26)
(121.37327691390065,31.23018654908136,36)
(121.42334561487455,31.244972668299848,28)
(121.39103706163631,31.240412150384383,89)
(121.39123858079851,31.275610168944432,10)
(121.3892690597611,31.276503165626767,10)
(121.38978636058437,31.28288460212575,4)
(121.4604724741318,31.253179323825385,18)
(121.3806048955037,31.24317732607713,46)
(121.38501418261687,31.267006704515783,10)
(121.44800395784091,31.25365881670985,24)
(121.33258286837055,31.2951225020118,22)
(121.45853245772469,31.247896127746166,9)
(121.38859601839177,31.271287481476946,36)
(121.38235486322243,31.251034286099124,4)
(121.4099177925488,31.259688534304896,3)
(121.3867128211712,31.300587862582248,18)
(121.43643124154391,31.253434668611334,36)
(121.38172511604,31.2340685278426,5)
(121.43749828363492,31.240132023920694,7)
(121.3637798554417,31.308934213968136,11)
(121.40389663733374,31.30104051842713,36)
(121.42232551327501,31.245169129886673,25)
(121.3972455147886,31.266257475571926,6)
(121.43232774679629,31.28188576159006,4)
(121.39468305488329,31.260120267297896,2)
(121.39433137632777,31.24780632473068,72)
(121.41014594889367,31.242454215231593,32)
(121.39664397522988,31.274944877370082,36)
(121.40534927234997,31.298687910987287,21)
(121.4280995761612,31.262491814349282,36)
(121.4141898771967,31.249560162367327,36)
(121.40833860406183,31.260501404938342,36)
(121.41106130636719,31.231840953968238,4)
(121.41926854544533,31.253705790424473,6)
(121.39252068914003,31.25454198880733,41)
(121.37864229259452,31.27733970991583,26)
(121.45935537708368,31.255294099590685,1)
(121.35955781275212,31.30650471174582,27)
(121.42729335557094,31.229411016404363,2)
(121.3910055377765,31.231249575433292,20)
(121.4291547110445,31.246460975357905,9)
(121.3940977459929,31.235754734932435,31)
(121.4516211955232,31.245005069933395,21)
(121.41948746338596,31.254271946375553,4)
(121.41144376933782,31.273350625088668,3)
(121.40930775990635,31.24484408639325,34)
(121.40804689425156,31.302163149000123,1)
(121.42803598068288,31.248594659049555,16)
(121.40771315093103,31.24879369850017,36)
(121.43656100810823,31.253104353092702,37)
(121.38703847185464,31.270021716532515,22)
(121.37659152837546,31.297129273849485,37)
(121.41083341986298,31.244028517122647,10)
(121.4552467183863,31.273596342344106,12)
(121.38763270314845,31.254752638133162,10)
(121.43674489362586,31.26660594674616,21)
(121.44233339169786,31.245630731431323,34)
(121.45373108451727,31.258339925330503,4)
(121.4406456935522,31.257037989346447,17)
(121.4518506318168,31.25956916970657,36)
(121.42448407963437,31.262166995274548,36)
(121.42306756858325,31.26449205576939,1)
(121.4303880242106,31.24791350655823,12)
(121.37208991658186,31.285698075559036,24)
(121.40255972238108,31.242105388159892,1)
(121.39723051692835,31.266364514863756,36)
(121.4313884627583,31.24936200519794,37)
(121.4528538127806,31.258702111575264,36)
(121.41428467331619,31.272619920636302,19)
(121.4164514855534,31.29121588754123,34)
(121.37129888873423,31.313444947494503,37)
(121.39641316130549,31.255502476597975,34)
(121.3734555121725,31.257037797681388,36)
(121.40353114211702,31.227245926166887,28)
(121.3614715729158,31.250184528209314,36)
(121.4475153567626,31.248310642433943,7)
(121.3875442765478,31.29672002488382,36)
(121.41729237412358,31.237847713247525,4)
(121.38957410590808,31.274057369366655,30)
(121.45863247579427,31.250894136662154,107)
(121.42102412127193,31.274648722023333,20)
(121.46028276067607,31.27329432831688,19)
(121.38701529337366,31.26822693860217,7)
(121.43882286999718,31.259610098357527,14)
(121.41212218244333,31.233542519242278,12)
(121.39733636577448,31.256809988047493,11)
(121.43582838247895,31.244272392670425,5)
(121.40167275097915,31.27313582284566,9)
(121.42594788369667,31.26498200780184,7)
(121.40841272252106,31.245712549191698,34)
(121.43322665410834,31.272170693752898,29)
(121.45771179522919,31.25431026436828,6)
(121.4063353132801,31.27781115661289,2)
(121.36596627514986,31.26706226272934,2)
(121.43356397722675,31.25568602707145,36)
(121.37180415506423,31.236072466122526,2)
(121.40911819585455,31.244101898537167,22)
(121.38029883897012,31.23310912869249,40)
(121.37649073510146,31.278118479113218,37)
(121.43118230182485,31.259310514301294,30)
(121.44156489347341,31.245187582287876,21)
(121.41819209097059,31.229163310890836,12)
(121.38380524964708,31.23667525715586,12)
(121.38455846412391,31.230922580235102,36)
(121.42253420434123,31.277999117241357,10)
(121.37445881723205,31.289454631110637,18)
