(121.44220603288231,31.24211990619355,25)
(121.39043522373645,31.255793179127345,8)
(121.38026400198763,31.27480897405085,17)
(121.373735440869,31.228334280013133,36)
(121.43810589188443,31.24605915034566,3)
(121.35532884076027,31.287805286642257,27)
(121.39810744479695,31.264202124494172,19)
(121.39356839926688,31.288909044348145,20)
(121.38512147679279,31.247818743558483,33)
(121.37039262749401,31.278694930818727,31)
(121.41334523967046,31.239320388738896,16)
(121.4116234932451,31.2928330361211,13)
(121.43394028985611,31.23382511712532,2)
(121.36155892615753,31.287022253935554,36)
(121.44117881075358,31.2548679927564,6)
(121.41865367756584,31.242755725003054,66)
(121.45348134554038,31.254453732405665,2)
(121.44865299084282,31.259545616670238,7)
(121.42115110263616,31.241172111540237,2)
(121.44042774326347,31.247483666349122,29)
(121.45163944989393,31.27485307420223,3)
(121.42957635137606,31.24648897640147,12)
(121.39333614995188,31.25962961161323,9)
(121.3888248967291,31.26757308525812,6)
(121.41076172199872,31.273117014137654,3)
(121.42482105319188,31.242627140917797,13)
(121.38374338969027,31.27836014372492,37)
(121.41017064914689,31.245145117812537,35)
(121.40455115847696,31.225823399597562,1)
(121.36584377054751,31.253225592334527,3)
(121.40155319370758,31.237470798740006,11)
(121.45640077875487,31.27288263784795,3)
(121.35574214077987,31.293191149724553,20)
(121.42836493672895,31.234502220985277,36)
(121.42215454356719,31.249010444229942,12)
(121.4220906072638,31.26046527782967,25)
(121.4293886893121,31.280942540852205,9)
(121.40245660345829,31.246370424048877,14)
(121.42393502173351,31.255645593216197,9)
(121.42144119831343,31.2448465742675,2)
(121.40264664377266,31.234894289185963,6)
(121.40384089469018,31.227015589901416,3)
(121.40465465087973,31.242817168798748,3)
(121.39490047341312,31.24579246245231,18)
(121.4176893097289,31.23970836979893,1)
(121.42217970742031,31.234547433859415,7)
(121.4047521089463,31.225010042536113,46)
(121.3883523154558,31.277194762051142,18)
(121.38258826068636,31.29847129291764,36)
(121.45398164420074,31.248452441133466,19)
(121.36059211062052,31.240897982505636,36)
(121.41090236257625,31.243544288623564,29)
(121.39978668507142,31.25607101534401,37)
(121.43988298635607,31.270420193207197,15)
(121.40859085523127,31.24497320455806,35)
(121.3712730844581,31.313596043617704,13)
(121.34133773856414,31.29790701998457,36)
(121.37072107011052,31.27772997889993,4)
(121.41820897034842,31.25082908013622,17)
(121.4382366824604,31.257628060784867,37)
(121.37496198462371,31.271437846137896,1)
(121.36235803484998,31.24799195758525,7)
(121.41526331616443,31.270302930272486,3)
(121.44854058927696,31.254875538080668,7)
(121.44569155384347,31.253891908316348,60)
(121.46053847337613,31.255214066674064,36)
(121.40912089651817,31.244101399098465,25)
(121.40321099205158,31.283483409083566,3)
(121.42520126905539,31.239492662677097,34)
(121.40873451271347,31.229744284263067,15)
(121.35531505229018,31.302129934421405,36)
(121.4311225118007,31.27228811218418,32)
(121.4406523950961,31.25732769005534,36)
(121.4208242151419,31.24820716840681,14)
(121.364972220302,31.313277041844565,24)
(121.36837841308683,31.314301161686927,40)
(121.42283248859772,31.243739964032386,36)
(121.44301428503059,31.259164607993128,15)
(121.4061203062335,31.26064712098488,27)
(121.42525420067606,31.26062271395875,13)
(121.42433444402364,31.24180415412313,36)
(121.39544872651611,31.29107825050085,36)
(121.40676980767051,31.26629155704643,10)
(121.36857165754397,31.297835419948715,47)
(121.4555032913192,31.252966963098217,19)
(121.37232937721085,31.22912283054393,7)
(121.44807049397568,31.254739457958305,16)
(121.42697327641916,31.235984316671637,20)
(121.39945908803458,31.262050499490872,36)
(121.45583866136572,31.24755379726257,23)
(121.35586579340902,31.30831902101921,31)
(121.42980486789726,31.280207789105294,7)
(121.39561309170382,31.232114032753525,5)
(121.43784800965027,31.253997013383152,11)
(121.42177355579462,31.237301600489932,4)
(121.45213052919368,31.265876334590136,14)
(121.41186167307693,31.226869504438955,12)
(121.38141988213313,31.298377086278066,9)
(121.41501277555972,31.279598890041022,2)
(121.43978872475908,31.255262963440458,1)
(121.42103613970656,31.240589921647125,36)
(121.4306893431172,31.23509782511958,5)
(121.42469642731913,31.245544545599095,3)
(121.45209876760696,31.254469498054142,4)
(121.42947447555187,31.248170415596334,5)
(121.4177768975004,31.229530141996282,1)
(121.40079958129257,31.238430410117516,36)
(121.41502016367512,31.277300169342652,35)
(121.41424966625839,31.235949035791336,7)
(121.42891127885386,31.249656633629012,36)
(121.45480057870644,31.26787830046698,36)
(121.42180543709718,31.262655714183843,22)
(121.4463587173777,31.24483444749015,23)
(121.33492228791857,31.298094926682513,9)
(121.43040817263758,31.269388650418176,17)
(121.40797103532338,31.25109647829446,59)
(121.41477632743347,31.234551223460368,18)
(121.39694827751241,31.25578062843956,22)
(121.39852284861243,31.297903937479028,12)
(121.378819551769,31.262954760193328,26)
(121.42702861703532,31.265290789814706,20)
(121.45548862101971,31.256344471028704,1)
(121.37314467493789,31.2643105352752,36)
(121.42949831102445,31.246816328631194,36)
(121.3641906118041,31.30976575901167,36)
(121.45613732430135,31.271543628775536,1)
(121.42546553416798,31.245028206882907,36)
(121.36228393099506,31.241500540295398,5)
(121.41498617267995,31.279647754899568,2)
(121.42960307652179,31.233913864799874,19)
(121.4073877834241,31.26615049585302,10)
(121.42770716187039,31.25537729679136,10)
(121.41349937826884,31.261381678453336,8)
(121.38608856115046,31.235751884054746,36)
(121.44723777292552,31.25872634063479,36)
(121.38735694240414,31.258028815240593,37)
(121.40627883701913,31.23228550340179,11)
(121.41871657235885,31.25380118598475,23)
(121.41605709307547,31.238621595173484,16)
(121.42356170244285,31.25956857745448,30)
(121.42838457747747,31.246030534488565,36)
(121.45108858797236,31.250385621819643,9)
(121.423398228978,31.25793705459139,12)
(121.39577894953916,31.245491764258567,10)
(121.40582186524834,31.24425790585038,36)
(121.45367009121436,31.256731348625117,36)
(121.37241853134536,31.28693100647609,37)
(121.3918589279075,31.297175306746293,29)
(121.37388072171542,31.229078807675904,67)
(121.38186887157175,31.280645416876116,24)
(121.39876334740053,31.245172866290613,36)
(121.43859669128686,31.27611742149681,1)
(121.42858611541415,31.263791742252728,2)
(121.37776845942548,31.300859102761997,36)
(121.370378186215,31.28539765624789,19)
(121.37378146001664,31.227764074845947,23)
(121.45558837782352,31.26790523647849,1)
(121.42381965226278,31.250203291003686,2)
(121.39893846067739,31.24566914923481,13)
(121.42317181686755,31.245459663344665,36)
(121.37548028621885,31.25481635365791,17)
(121.41455383945825,31.248343224492423,27)
(121.44870290086604,31.259395925438792,21)
(121.37572646434484,31.246586226829827,11)
(121.42679177726217,31.239494069959807,43)
(121.406117160115,31.276374714663344,3)
(121.4544473096086,31.254257471104765,36)
(121.45566492965878,31.246365673009894,7)
(121.40989906092865,31.28368963279239,8)
(121.36791672586692,31.269249518375833,36)
(121.42593070515211,31.23980795848118,36)
(121.38188055760146,31.242383965453378,20)
(121.4239333327137,31.236263956123192,24)
(121.4296207403905,31.246768353535558,19)
(121.39652829081362,31.26777581031872,5)
(121.37212043623398,31.26617876485195,123)
(121.44878449707025,31.270674678628875,2)
(121.37628351007635,31.267348719093636,23)
(121.41225366962591,31.25950702165175,27)
(121.45193243324155,31.245872486896275,18)
(121.41254330258735,31.259274875962475,10)
(121.41726581254188,31.25330878311225,28)
(121.42480967380776,31.24431567280476,37)
(121.42150999325816,31.25457683170918,2)
(121.38232738274222,31.28036175772681,6)
(121.44629391071949,31.26067782866783,23)
(121.40743889735751,31.244554066950368,8)
(121.40551701565309,31.23211527848435,10)
(121.38183448532628,31.242176826096248,34)
(121.42020831948541,31.270018274401252,3)
(121.41113130790696,31.243511233471892,12)
(121.37739234098883,31.24782254074641,1)
(121.38991603046166,31.258433963403707,7)
(121.42088022867551,31.24382018842273,3)
(121.44940424753689,31.281686801712443,36)
(121.44844951719223,31.263986628788558,26)
(121.38541530113274,31.229101252804515,6)
(121.40442507640209,31.23652230114385,1)
(121.38929115976752,31.23703560553579,2)
(121.38597584797434,31.283241218723152,1)
(121.43991163831957,31.255526758930316,9)
(121.42946233690306,31.280794377559502,1)
(121.42313377029384,31.244544281995942,37)
(121.43125008714466,31.257861812774287,20)
(121.3852747642633,31.28206021865266,36)
(121.38926374718842,31.282319707938704,36)
(121.43658577774724,31.25380072257407,5)
(121.43601023215982,31.234297648820412,21)
(121.40227176847797,31.260203453316905,14)
(121.35956902178737,31.277813234961087,30)
(121.40422823371733,31.2615383510669,7)
(121.4231033061996,31.250382898006965,18)
(121.43612671904306,31.25344206932927,35)
(121.37953765774728,31.299245404530144,37)
(121.4183776883359,31.25355721551094,36)
(121.42802335815362,31.265830492356805,26)
(121.437475666643,31.266015715400794,36)
(121.40714621948355,31.29396595058073,22)
(121.43789281489681,31.241130235914476,1)
(121.42612853018252,31.24013393701738,25)
(121.43947078631358,31.25990229947888,21)
(121.37745047623517,31.248472896232055,24)
(121.40020706912433,31.258822338368656,22)
(121.42367586030107,31.26255377937817,21)
(121.4053871950586,31.248324689705186,9)
(121.40114045819436,31.299566454551627,15)
(121.41197701632223,31.231169463696578,25)
(121.43390073683713,31.238265085906566,11)
(121.35956922174223,31.278053034451187,37)
(121.45941660982419,31.253965243006807,19)
(121.3901144819917,31.25026052792588,6)
(121.40570048098,31.245191022025196,26)
(121.44950613079027,31.261696529015946,18)
(121.36425716344841,31.234371061898127,36)
(121.3720394614732,31.23526526488592,1)
(121.44431324362363,31.253113870270724,64)
(121.3897692127666,31.23895423062989,18)
(121.41186699519126,31.255163280352118,80)
(121.41979843958396,31.241794035107116,20)
(121.42170181150037,31.262364293152935,36)
(121.4519112552441,31.25857809201139,44)
(121.39872400322687,31.241406164239528,34)
(121.41432048149512,31.24472768254647,17)
(121.42945630457622,31.234486274351017,4)
(121.39425190103155,31.24375220915411,35)
(121.43804682149316,31.26707738544268,36)
(121.45686606707619,31.25520208406382,14)
(121.42521343327697,31.239901597356955,31)
(121.37686440514481,31.268373840078294,30)
(121.43388735295215,31.255692591020225,41)
(121.42786161470828,31.230578825434296,164)
(121.42434011310694,31.272452477130987,37)
(121.42875483272975,31.250372570946265,43)
(121.37179948303061,31.265358422037266,36)
(121.41914127762105,31.254074374337957,13)
(121.4099242943149,31.237357278848677,21)
(121.36412214081486,31.24859001673038,6)
(121.45395902133141,31.252419880956115,16)
(121.42524818141561,31.248190556098553,24)
(121.43238625352178,31.254221964193643,9)
(121.41528522461198,31.266880400389503,21)
(121.45414255072608,31.263617371612536,26)
(121.38384110617383,31.280553294551304,16)
(121.42436916163405,31.25040495957802,36)
(121.43512042700775,31.24387411381919,57)
(121.37681345972968,31.269809387314428,28)
(121.4126809041344,31.255199069828127,35)
(121.37787884048878,31.257542366385955,29)
(121.41613800988468,31.29539668080055,15)
(121.42153334756564,31.27396108861474,3)
(121.36057224020529,31.293492801548044,21)
(121.38316877936668,31.247283510994155,1)
(121.41167891340729,31.22906855966536,7)
(121.42766708615832,31.2310594324905,8)
(121.39016054227426,31.282443871673237,36)
(121.38532674840621,31.258288239327747,36)
(121.40889434060767,31.259355222385135,27)
(121.41188038010013,31.257964460136993,49)
(121.39772190493316,31.30255244676057,36)
(121.42485748510515,31.240344890093933,35)
(121.42519446739456,31.239496961265168,12)
(121.43192876455097,31.252987937988593,9)
(121.39672726475736,31.266314277470993,22)
(121.42356043897195,31.245074206667447,26)
(121.45677266824255,31.270912024330237,19)
(121.36697012702186,31.292460683744423,36)
(121.40033610479165,31.258744342228596,45)
(121.35064963026993,31.281674614303057,25)
(121.45223911604265,31.264040338192224,2)
(121.40184833032244,31.250640096898458,18)
(121.39488991778954,31.296835917186783,36)
(121.41553578248623,31.23077836328417,36)
(121.42522962836314,31.242321673967904,5)
(121.39486990865862,31.239516630573302,23)
(121.45519687123677,31.259213609861522,5)
(121.4381383522847,31.247672664326302,12)
(121.37885816355255,31.269414553276548,37)
(121.37882455407923,31.249336028449108,16)
(121.42612978444936,31.254529333421143,3)
(121.40387776197488,31.24521514805738,37)
(121.41158795692662,31.229297683897652,36)
(121.37262417787024,31.256191357176906,36)
(121.42357557837204,31.246827977166195,36)
(121.3781012451893,31.27029307636753,19)
(121.34696331860194,31.296270915741363,11)
(121.41018562015752,31.24484398124893,11)
(121.4244982122195,31.252379728788515,36)
(121.45300167518002,31.279613384116782,3)
(121.4280126052054,31.26439891088072,36)
(121.40244370964679,31.27054990276141,11)
(121.37963723762041,31.27026276407337,16)
(121.4254113041324,31.229196548933214,1)
(121.39215731113178,31.229418380630356,2)
(121.39207287080664,31.231680229337044,8)
(121.40635651947277,31.24572592475428,28)
(121.4033563958615,31.2304953986652,16)
(121.42356947349793,31.283987339124174,3)
(121.40675914201165,31.227700302561118,2)
(121.37046196259031,31.272252724826643,37)
(121.3642747229126,31.31181836401928,29)
(121.40203108298658,31.264455229362525,6)
(121.41449364027167,31.23678233506045,1)
(121.37127608494444,31.313625143963126,36)
(121.43127583794518,31.26259165755303,27)
(121.41980164037545,31.24179643577161,18)
(121.3865098563047,31.257344848707007,36)
(121.42433728205094,31.239977328878563,3)
(121.42324921946708,31.262312990190676,36)
(121.38945748917519,31.282371343125654,3)
(121.42258579386387,31.262342475254357,36)
(121.3858921367819,31.267617735068978,36)
(121.43690185107639,31.25884387423039,21)
(121.39001722596275,31.282674249120706,13)
(121.42069356259184,31.26484947797083,32)
(121.39185749437598,31.280750696187003,2)
(121.42125059905172,31.24865222538067,10)
(121.4526617726152,31.245748304690512,12)
(121.43524768909438,31.241897115689465,35)
(121.41065447426458,31.265648675868263,3)
(121.33572492559202,31.295959616488307,36)
(121.45356226561783,31.24425205546381,25)
(121.41792567702878,31.268685091407797,37)
(121.37161235721949,31.241740629192144,2)
(121.461446647057,31.250946139187146,9)
(121.3983072680846,31.269377219730828,17)
(121.39457262536351,31.299537264037664,77)
(121.3922655107165,31.25466301986079,21)
(121.41125006726362,31.29834028712869,19)
(121.42516856943892,31.24095710990677,29)
(121.38850713753074,31.29650969595503,28)
(121.40264974277162,31.262110366765725,1)
(121.38994535924729,31.238958358111933,18)
(121.44329358041198,31.257202310770676,16)
(121.39525009454945,31.227611380426097,37)
(121.36490048719186,31.303776055170907,11)
(121.44309843146937,31.264842227294427,36)
(121.42429363951291,31.266529009609194,25)
(121.41035680082048,31.255627233621137,36)
(121.41275589381628,31.24671465142212,36)
(121.37758277169988,31.272832552357734,7)
(121.36465139527465,31.25016145475431,36)
(121.38942742971471,31.256238657413927,2)
(121.40692735212113,31.23815519069977,16)
(121.39711931440527,31.26691112516332,8)
(121.46047235047442,31.25174969563962,29)
(121.37625408396939,31.231171668604805,12)
(121.42300544447505,31.262452225916263,31)
(121.46340363138704,31.255394575215696,30)
(121.36372914870601,31.30818310991934,29)
(121.40987488197241,31.25985402505513,14)
(121.44907264739793,31.268151085181138,16)
(121.43835052403922,31.257990059575885,34)
(121.41020646374236,31.25543920269841,29)
(121.37847546130645,31.277144084101657,33)
(121.3805016225682,31.285243888922018,37)
(121.40989388665668,31.25969582931889,29)
(121.40995674785313,31.245845458861478,17)
(121.4555336574322,31.246534055469784,36)
(121.40040531856542,31.260938310290936,34)
(121.43777957321866,31.2591723612119,32)
(121.42591470946964,31.239669909692378,7)
(121.39745789501623,31.246337232685097,37)
(121.39609320209088,31.231015127746637,19)
(121.4047578170684,31.290435427825457,3)
(121.443895856611,31.266849088737082,1)
(121.43957585568893,31.257509787532975,102)
(121.35888540060957,31.305213115193464,36)
(121.40846521344302,31.283312614402213,6)
(121.42936349361794,31.281221652324884,37)
(121.40995330141743,31.242816574471213,14)
(121.36130722852556,31.3085748439628,24)
(121.44582420524962,31.24180405898118,11)
(121.41003662192834,31.245640686375474,21)
(121.40906528282993,31.24517988548367,4)
(121.34205706260732,31.30625761286818,36)
(121.40365076060813,31.299796761666748,8)
(121.43734359450963,31.239776373860174,31)
(121.40253224641789,31.230612305978926,17)
(121.42321824136789,31.262251986467824,19)
(121.41475109709505,31.243253168430886,13)
(121.42191425749472,31.249838482290116,8)
(121.42356007753287,31.24092634646263,37)
(121.4037603906143,31.228977125777327,36)
(121.41449732682632,31.29798071380681,36)
(121.36206113719709,31.23904628392692,21)
(121.41100136434329,31.24381739377205,3)
(121.4517385846861,31.279037619874632,2)
(121.40418660647856,31.30022923985897,36)
(121.42327861554696,31.24422703507983,27)
(121.43609620521374,31.2584743036468,1)
(121.3852211592406,31.241274628212906,12)
(121.39724552412768,31.266364521147516,28)
(121.40093951960277,31.2613506347627,12)
(121.43318051489952,31.271701536757117,2)
(121.43800774970438,31.254038811872704,16)
(121.41969911419295,31.228829338423985,9)
(121.36417110859979,31.311610852571842,36)
(121.43549196042996,31.23350395069707,10)
(121.40837760883714,31.241920850565418,34)
(121.43237690208574,31.282587039217994,36)
(121.42708834577286,31.238207222826496,36)
(121.40522154297427,31.254877973930093,36)
(121.4590737484845,31.259622238037085,20)
(121.42604462639231,31.240245058883247,37)
(121.44653175328254,31.244842577779874,36)
(121.38614408223675,31.288498937003208,36)
(121.42897070416913,31.232400803385197,1)
(121.39733176387755,31.265584169420745,36)
(121.41209722728748,31.245441900697767,27)
(121.43688276058187,31.248096516859192,18)
(121.41900082489401,31.243424378479272,11)
(121.4342198418198,31.233307442765817,2)
(121.37791438740452,31.23279691959277,18)
(121.40227512217083,31.26424919292989,32)
(121.3909805870357,31.289437654913193,8)
(121.45392858169049,31.258024390958905,33)
(121.45446106441695,31.255411174418246,17)
(121.41206335399917,31.25824554207716,13)
(121.35991522457314,31.280245852713236,27)
(121.4403274283863,31.28249768106625,14)
(121.39135222868133,31.270574134332485,17)
(121.39593713982151,31.223716905518515,3)
(121.3885117021175,31.26851724791087,12)
(121.4130520494533,31.23531710021336,5)
(121.40655568811512,31.283116121868833,35)
(121.44851546154874,31.25370770410994,36)
(121.43644623572753,31.2536387384202,30)
(121.36656478999831,31.285108131288744,30)
(121.4329277411569,31.26837043887149,37)
(121.43799164921388,31.24110108671469,12)
(121.40940443877803,31.229846271113555,14)
(121.40146514615006,31.25536717280502,37)
(121.40810904809388,31.242336292835926,36)
(121.42181611263933,31.258732440395505,36)
(121.36117071115767,31.30857802959319,15)
(121.42448479635631,31.270385494774235,19)
(121.45359425207126,31.25794813057448,16)
(121.42764851182267,31.26273705305902,1)
(121.44887379839832,31.253390080574434,13)
(121.41926982978909,31.235496867572355,8)
(121.3896924438219,31.257248538146296,9)
(121.39892603808141,31.246891720648645,35)
(121.43487917933662,31.28275308401697,36)
(121.4114388025398,31.27294294078925,36)
(121.38468799494598,31.291760617570347,36)
(121.42321020842766,31.261793795220747,8)
(121.38589349663569,31.28321723239712,36)
(121.43853255330538,31.238870327581832,16)
(121.38005076778151,31.240757610312286,32)
(121.39994700541571,31.259102381621776,16)
(121.42855548666132,31.265747901057846,29)
(121.37160976611274,31.281069550308715,37)
(121.44574878949139,31.241868045549136,29)
(121.3656196633475,31.3141780963639,2)
(121.4337880315761,31.262727017716532,2)
(121.44133564823643,31.268630995899354,9)
(121.40813565450809,31.247678388033986,18)
(121.43292633530139,31.252228469877373,11)
(121.34911483129096,31.310182116489806,25)
(121.37086641456146,31.279027712207373,21)
(121.3709777479974,31.234721600644818,36)
(121.36695354498178,31.27455335332877,21)
(121.41918058612234,31.233247321865587,28)
(121.39616727641743,31.235351375315847,2)
(121.40254239683517,31.244877448267424,6)
(121.4252163992343,31.273926397133657,28)
(121.45122320418321,31.274654017515054,12)
(121.41212304419838,31.24342699396311,3)
(121.38176326495234,31.286596738478213,1)
(121.43665629589923,31.264522815967936,17)
(121.42338842642508,31.25635285559477,4)
(121.40987738258883,31.259819825642452,16)
(121.38502562778694,31.225997471335337,25)
(121.41065855246859,31.245124035511072,33)
(121.36389179254293,31.305118038023966,3)
(121.43810587709334,31.245889074550757,3)
(121.38150860837342,31.271037055286712,57)
(121.43148308720534,31.262607199125927,7)
(121.43313516104233,31.253577819357155,2)
(121.41588413700988,31.261076587447302,36)
(121.40903457528422,31.244947979559715,18)
(121.41496631079798,31.235299498423398,36)
(121.42333221309529,31.251619277015497,11)
(121.43857462950903,31.257975346886948,2)
(121.38043904233804,31.241919270645038,37)
(121.45258076439431,31.24619887245926,8)
(121.41583118593887,31.261343723373827,32)
(121.41143915409204,31.276969620041232,1)
(121.39468512673052,31.2672943797005,4)
(121.42472883583604,31.273499610893445,52)
(121.4568099386585,31.275111705830103,9)
(121.411259923526,31.227982140163093,5)
(121.42088022948123,31.255205166692008,11)
(121.38226320648853,31.244702385797783,15)
(121.35085142231435,31.282788687942755,10)
(121.45163714291802,31.248259627374107,1)
(121.39500194779572,31.269054841079072,1)
(121.4257879721949,31.264127777644962,1)
(121.42209865681541,31.267590051121374,11)
(121.40326648769563,31.254671233743945,14)
(121.41331623286865,31.261423140050628,36)
(121.40177021300711,31.230089720968415,2)
(121.38640915579425,31.296362950618708,18)
(121.40059925325016,31.261451955470662,3)
(121.37172943961471,31.263633395267252,36)
(121.3515976212909,31.28163528242484,19)
(121.41990398895292,31.269967933931113,8)
(121.39935644053892,31.231904035056882,5)
(121.38359650845133,31.2997447626522,34)
(121.39285644258928,31.256400627485398,35)
(121.43986992518323,31.276029207670273,2)
(121.4252098720464,31.248115448332484,15)
(121.38405334124852,31.280593509027604,1)
(121.40527654872886,31.286842026070588,3)
(121.41472756283734,31.29428476750674,25)
(121.39911198202354,31.243952263239333,3)
(121.37975229879203,31.299188239026655,21)
(121.4439358115386,31.265468777963004,36)
(121.42185391609603,31.256828588497218,49)
(121.41442190642607,31.235772120721528,36)
(121.41207962930567,31.27290679157455,3)
(121.42378858838977,31.237681709298133,2)
(121.35172849407574,31.29713221739501,27)
(121.36711263275467,31.309261009694612,22)
(121.41101635956139,31.24380138396715,37)
(121.45605122975027,31.267973300655097,14)
(121.42547327428201,31.24103289404491,36)
(121.37222814299089,31.313197476700086,36)
(121.41097273994905,31.2595103064246,1)
(121.42805946510047,31.25155102699215,21)
(121.38490009713134,31.267397768374234,37)
(121.46299979285834,31.267331660608427,2)
(121.3876053948994,31.259410656695845,16)
(121.38766983680787,31.244401091407013,22)
(121.37706374618483,31.269149401296264,3)
(121.42256894126595,31.240946067748023,28)
(121.40514243171192,31.239779847342533,2)
(121.43547209470559,31.25764874653326,37)
(121.41715826488293,31.27011790464355,16)
(121.45675784264142,31.249456787118362,23)
(121.45883002687509,31.255462964803296,13)
(121.40216160780987,31.27011566168675,10)
(121.40901637080653,31.24510317548428,28)
(121.42216062451875,31.26036359260605,36)
(121.44884287364717,31.24197906866018,13)
(121.39682562825269,31.258446940456604,36)
(121.3632980864165,31.25172807261697,12)
(121.38026100141246,31.274793273599276,36)
(121.424435783592,31.23532314123919,35)
(121.40002879345974,31.307437915325902,23)
(121.43566907623496,31.249420887674805,5)
(121.42355385094942,31.284094889855975,3)
(121.39197674898573,31.235144504603667,20)
(121.41568606499992,31.259162838015826,16)
(121.45976191291425,31.247894577220723,3)
(121.43787675066014,31.240088788456745,1)
(121.44548528119984,31.245949747353862,36)
(121.43076251371194,31.248835680334768,37)
(121.44078292061599,31.2415573435995,29)
(121.38374357406937,31.229680999311,15)
(121.38621029904854,31.270427186854654,28)
(121.44987203793954,31.258477458705684,17)
(121.38269843274561,31.253038504992514,8)
(121.40027529540912,31.261158367569436,6)
(121.390033255193,31.282858335726093,6)
(121.42951391627444,31.265234804874574,2)
(121.41039833481453,31.242030690089027,1)
(121.44834055024036,31.248721989823043,23)
(121.3970846675694,31.257431611211512,3)
(121.41130762116616,31.25904204294444,36)
(121.43218645618936,31.27715761182788,5)
(121.42587176564194,31.26273811120149,6)
(121.42819043320442,31.264747892040553,7)
(121.43879159978887,31.24442246073324,14)
(121.3809406389703,31.23324286270672,13)
(121.41245308294235,31.267899593564582,8)
(121.4128922487088,31.23082454114924,36)
(121.41007155170949,31.260200896190284,36)
(121.40119957381336,31.276370214670496,29)
(121.42568619158853,31.242536392993543,37)
(121.36423921855071,31.309735864669893,5)
(121.42625831752547,31.239238420963606,53)
(121.40909367435317,31.232074325656974,2)
(121.41399995300625,31.232373109261534,1)
(121.45309965840822,31.255664256419422,8)
(121.42765266803602,31.237550410114608,37)
(121.44525891121062,31.270912955015653,3)
(121.41457759729765,31.23668726383624,4)
(121.43506736154157,31.25368052531405,36)
(121.43997764650891,31.263132152628238,36)
(121.37802587575231,31.27869849895831,32)
(121.38195294174864,31.280315365577483,18)
(121.4040352344367,31.227433084172592,36)
(121.42427024172146,31.244338061174847,37)
(121.41952160221284,31.25057827509281,1)
(121.40108437026954,31.23764409972778,31)
(121.40990920964902,31.228112412514466,22)
(121.42148192340899,31.231310014329285,18)
(121.40474042762943,31.224539633859436,175)
(121.43854931626166,31.259430405897255,36)
(121.40895615537134,31.296297160429,24)
(121.38047015787484,31.26885505876109,14)
(121.43781916320656,31.27815434587597,25)
(121.43430466300102,31.24415524901104,17)
(121.41265617695616,31.23531019934458,9)
(121.41150542404286,31.245881221614084,31)
(121.38078220842337,31.243857222436034,4)
(121.46002271338938,31.26060631600482,6)
(121.37748195340922,31.25347613746958,12)
(121.39201659598365,31.269104940840286,5)
(121.41087722927091,31.252232948632823,36)
(121.39533487795337,31.236050294445736,3)
(121.43609674455587,31.26466997084666,3)
(121.36506226444455,31.277038064530498,18)
(121.43617578086933,31.238806070767428,2)
(121.42964211448313,31.246366444378676,1)
(121.45249773881166,31.25516699316587,19)
(121.4255803834951,31.24243716668596,95)
(121.38884088455843,31.278750778031135,19)
(121.41017475608736,31.228154648240164,36)
(121.39920092617729,31.272772966875387,35)
(121.34378614883487,31.280086327496548,28)
(121.39298299462857,31.27730696501445,1)
(121.39945703716866,31.23853211746345,37)
(121.38547785776197,31.234765905930175,36)
(121.43240153644419,31.25770546603652,9)
(121.40792869940415,31.254035248034477,9)
(121.4391111332494,31.245309403383988,6)
(121.41926767099346,31.243676346945275,9)
(121.41868246452856,31.264725057667086,14)
(121.40714198274323,31.245429461211273,5)
(121.36512857419606,31.27704668743603,36)
(121.39247172187538,31.2323460168095,2)
(121.41443405089144,31.252673455493312,20)
(121.37503810036539,31.271502967182265,1)
(121.43204523702397,31.283119584918378,1)
(121.43313213031709,31.2531766469292,37)
(121.46303774840736,31.25650291236887,8)
(121.42380365650102,31.26154524988171,21)
(121.37573736686264,31.2440594336456,20)
(121.40465378313608,31.232863656905074,9)
(121.4306012781966,31.269396608706515,37)
(121.4144486214619,31.236355155793323,8)
(121.38178851028663,31.243088188695044,6)
(121.39846647233338,31.259480046756355,34)
(121.44322463195263,31.256277018214885,23)
(121.39291528223058,31.235227600865517,29)
(121.40950819195643,31.261582407934522,33)
(121.39765209381754,31.282171289674842,36)
(121.43861068599898,31.26485765372836,29)
(121.39614136983117,31.293930379827398,36)
(121.36416860849988,31.31070785434055,36)
(121.36413049678451,31.239027688245294,36)
(121.440336691035,31.273177589644522,2)
(121.39009922889186,31.28233786063453,17)
(121.35682815932066,31.302946818381876,26)
(121.38668060017537,31.28693841230543,33)
(121.43010585671574,31.24763685008696,2)
(121.43972746924209,31.23841241471489,36)
(121.3960897367364,31.22962871718608,3)
(121.44333899769987,31.25151074671367,3)
(121.38742529779091,31.24083029324448,2)
(121.43661538456591,31.253963528002544,36)
(121.44979522910063,31.25870770155695,2)
(121.46248240312988,31.25782677591905,7)
(121.35206357018205,31.281339984361846,14)
(121.37785500875572,31.248335299159407,36)
(121.36692567168282,31.299616444279994,6)
(121.42602557079304,31.245416421543247,33)
(121.43366481630379,31.25823222454226,1)
(121.43562342413212,31.25260935190224,7)
(121.46186564188373,31.252547887782825,9)
(121.41532193160026,31.295722291286875,29)
(121.40310985257898,31.27602643174861,2)
(121.41095374820145,31.276184217178894,1)
(121.36702331947875,31.309053399078564,23)
(121.37925946306689,31.232371671925492,5)
(121.42466800204178,31.274736175930794,31)
(121.40226576869652,31.28314009229129,28)
(121.41942234714759,31.252480536192575,36)
(121.41317049674599,31.261376209654507,27)
(121.42806247162306,31.271537291961327,5)
(121.40768371877478,31.254096283054665,10)
(121.36836382253502,31.30934196743155,19)
(121.40781597612164,31.2487490198397,16)
(121.44990139217106,31.251804488102582,36)
(121.40654171529216,31.23084284825397,4)
(121.4019850279597,31.263952004017142,1)
(121.45390061400578,31.273905748759802,21)
(121.34313972571067,31.28605266582956,6)
(121.46394223210604,31.256695878436812,19)
(121.4057746002454,31.22977232611707,19)
(121.36188722763998,31.283419310087144,13)
(121.43433648143683,31.254079604129487,20)
(121.41414289043585,31.238036017571265,1)
(121.43693385805733,31.2570215838486,18)
(121.39050881126704,31.227398462842658,58)
(121.45672141316936,31.254966287498956,2)
(121.43032210842055,31.247620793800063,36)
(121.45902754583031,31.259464177437906,9)
(121.38131502964471,31.244044135475328,4)
(121.39053415941171,31.2541445270063,25)
(121.36734237055296,31.29629286745187,18)
(121.4046286507117,31.300132252767618,49)
(121.40217150785367,31.246893669415236,4)
(121.43422957239522,31.236814682168475,13)
(121.38900747239214,31.260871355296803,36)
(121.37709270434227,31.268212038307052,33)
(121.42614344087954,31.239286541513653,4)
(121.38074578453006,31.283656498670044,36)
(121.44134490867619,31.265057738886483,11)
(121.4020696059118,31.22809231617671,1)
(121.3720909743629,31.29785293131016,10)
(121.37598388847215,31.253523396109745,4)
(121.42394196476864,31.28131172172406,7)
(121.39305488669106,31.264033415266372,21)
(121.44924770720449,31.247907838968448,36)
(121.38354204803362,31.283375898849986,31)
(121.4292729121526,31.26300008995332,5)
(121.42744703783903,31.23917633580284,32)
(121.40014431136785,31.23889849733845,1)
(121.40827358100519,31.27588056160904,29)
(121.38677286890075,31.24305275857349,4)
(121.4368885026744,31.253274994221243,36)
(121.4468502417658,31.246110262927598,3)
(121.42608960095582,31.22901389499987,36)
(121.42419250556537,31.240989897359043,36)
(121.42593069452033,31.239685903368652,3)
(121.38083052797288,31.291007557606648,34)
(121.35470878355933,31.27856344961803,36)
(121.4224398372779,31.249975186011376,36)
(121.46190430371185,31.24986861815828,1)
(121.40894255264467,31.246219658019548,22)
(121.40999342207792,31.230713601040282,16)
(121.38574473123592,31.230183038999286,36)
(121.40901287024697,31.224948812895814,36)
(121.42749299491211,31.23926633435228,36)
(121.43854804239062,31.244784965680726,9)
(121.41707328543515,31.23675140538416,1)
(121.45387662575862,31.252278417601218,48)
(121.42059622132953,31.260670052561924,36)
(121.44483117620665,31.252631802119478,37)
(121.43856301007025,31.2447029080068,36)
(121.44835610975701,31.255540961336614,1)
(121.4043569101729,31.246179639068828,12)
(121.41083222991979,31.23037932194779,23)
(121.39865987437659,31.26142283905885,36)
(121.4446597910988,31.278857814023212,26)
(121.33509087836757,31.300509192797445,29)
(121.3485790053065,31.30233313581304,36)
(121.44779371508038,31.253917280094893,2)
(121.4405743562705,31.25425122419582,28)
(121.44392545797707,31.258340785285178,18)
(121.42215032058503,31.243301922956473,21)
(121.42750943421547,31.269711979761073,6)
(121.42146515418786,31.256017489906878,29)
(121.45495023626377,31.271154927635074,2)
(121.44762249679705,31.25341734535271,26)
(121.43595062998786,31.2440442173859,1)
(121.41577331096188,31.296801380630722,6)
(121.38025589625263,31.295878327361528,37)
(121.40164844423929,31.24331978678341,1)
(121.36401098738206,31.30828894177576,7)
(121.38683885505405,31.253653512137117,24)
(121.3828318351181,31.29038732448761,36)
(121.44590468224428,31.248869332334458,21)
(121.43235898995425,31.231737531828394,36)
(121.39822323551056,31.26941720503643,36)
(121.38138832857975,31.23403264130863,24)
(121.41235332582252,31.258883752224953,43)
(121.36496841983323,31.31302024198318,30)
(121.4108917541882,31.23091512347416,5)
(121.37231337346265,31.286978888127607,20)
(121.38100539498217,31.27554342496045,26)
(121.39971904615844,31.24502381261763,43)
(121.43605429274639,31.2552890716784,8)
(121.41160336884883,31.234067870398178,12)
(121.41693588664373,31.252934605735284,23)
(121.44685842395161,31.25718611204267,20)
(121.42213729085108,31.263760391764066,1)
(121.42770565234134,31.238048586927793,36)
(121.3976733757776,31.262362984974782,31)
(121.36497252034026,31.313292241845225,55)
(121.42266392270045,31.27602920924809,21)
(121.3937655305348,31.231562414819333,8)
(121.41071170971763,31.242367064215976,10)
(121.39733006352726,31.26509937007336,36)
(121.44127104182284,31.26504284472729,36)
(121.42756594500045,31.24572003708554,36)
(121.35558922784574,31.297758695152172,15)
(121.37956946342804,31.285343933707754,17)
(121.4402551886272,31.25730102777513,37)
(121.42470304688325,31.235915066375682,8)
(121.41083022433769,31.25897209785422,8)
(121.41052787621285,31.237064427055902,1)
(121.43519545618621,31.234029566030543,1)
(121.41006162803036,31.255541172363785,35)
(121.40971564273927,31.259177993278755,31)
(121.45562722471172,31.252536955978805,36)
(121.39149215570501,31.28803213690525,13)
(121.43414626482418,31.25987735831584,8)
(121.39863116765918,31.261246233743396,1)
(121.41090438232189,31.23230819569675,1)
(121.44500013308074,31.24584220545165,36)
(121.39512968511907,31.246676973111203,8)
(121.40056162129687,31.287143964539,105)
(121.42879094145313,31.25057547791178,15)
(121.39567581942849,31.26720830692557,7)
(121.449962271474,31.25197945151958,1)
(121.41227107393381,31.259475525349742,14)
(121.34919738080448,31.30287203275287,1)
(121.42364699119408,31.269642283538204,14)
(121.4174084868756,31.251353696637253,36)
(121.41829146837887,31.279440646694685,6)
(121.42490882060574,31.240932308548775,37)
(121.45300104751747,31.27237937503882,36)
(121.45816814569058,31.26001138239999,2)
(121.4238810792087,31.255738674653532,37)
(121.43908303061997,31.26653370010438,31)
(121.42190776233902,31.262594635622865,20)
(121.43337456810751,31.23917412368056,15)
(121.42968809348767,31.246769577179414,2)
(121.38320349694834,31.258696460564757,18)
(121.39790840457188,31.25803270814519,1)
(121.43857352886909,31.24873821383556,22)
(121.41308552805528,31.26385470861389,1)
(121.3643699535567,31.248327114425273,16)
(121.44212524249598,31.265366379620936,10)
(121.37732218924151,31.2701911413972,36)
(121.41138913560552,31.230774403199398,19)
(121.38745565876309,31.2871091720188,11)
(121.41295483130352,31.25537407595134,28)
(121.37668070940914,31.263284455615544,36)
(121.45751268136428,31.246716962786127,7)
(121.43362126525189,31.26266619058176,12)
(121.41275184373337,31.273886081118867,1)
(121.41436549244915,31.2361172082641,2)
(121.39323445445206,31.22322325230653,5)
(121.37901778965592,31.26273388456567,23)
(121.383231226519,31.23222468217608,36)
(121.38258755970524,31.29043210390698,28)
(121.42546853451509,31.241356314356167,673)
(121.44629198112717,31.266035829880117,2)
(121.38867855126497,31.253600947748886,34)
(121.42147829026247,31.234767999558958,37)
(121.45224559369835,31.247295034950668,37)
(121.40102309531514,31.25620442722583,25)
(121.3686004999586,31.2303353054894,11)
(121.45159127776952,31.248592863671412,6)
(121.43328911193704,31.244028408186008,15)
(121.43615027470594,31.237153268821977,3)
(121.44747004602941,31.242594245037544,21)
(121.4392185995447,31.26684383376318,51)
(121.45142631404882,31.27913726328525,1)
(121.4090805983912,31.25411720941394,12)
(121.40717514454673,31.281667985608046,36)
(121.433136886393,31.238982315884655,32)
(121.42312128138647,31.284642429093108,2)
(121.44053336824966,31.254994472172122,36)
(121.3856492793744,31.283562161540367,2)
(121.42079420820983,31.25507614898294,18)
(121.4551310444604,31.251045886941053,17)
(121.41786624568965,31.25162660005596,16)
(121.42226595085356,31.26478740596219,43)
(121.36497393200811,31.270945336330087,36)
(121.39129788239532,31.255596674993203,27)
(121.39220452989831,31.232333846534175,36)
(121.36921975105119,31.232940371758062,36)
(121.45549034184994,31.27619892447679,11)
(121.38854945845297,31.253848958203406,13)
(121.41464965263081,31.272043707013054,2)
(121.40391182553546,31.2608336946654,20)
(121.44368046090737,31.282858298406634,16)
(121.39078698044585,31.276429999765845,117)
(121.39262011240623,31.270072722220192,37)
(121.4531155629995,31.26993311782409,3)
(121.38456986131366,31.260076423330982,3)
(121.37626238320345,31.289236742877993,37)
(121.4480818747284,31.257694422578233,29)
(121.36109686496383,31.250143913507372,35)
(121.42302042650684,31.262395190674866,1)
(121.42630364233618,31.279408413324376,7)
(121.42697631787615,31.259428723766515,19)
(121.41406351760091,31.236427144475105,26)
(121.38461064814845,31.27723963644364,36)
(121.43680464341311,31.25335514089076,27)
(121.35617709569375,31.28257060412408,29)
(121.3788058086923,31.289111619139224,12)
(121.42372197632378,31.264360519450175,26)
(121.36535357106881,31.23778397591527,4)
(121.44628080118635,31.24483253382628,26)
(121.38301504978433,31.29046553337025,36)
(121.38697626318687,31.250243663502356,36)
(121.38816162720906,31.282747901122903,6)
(121.42450032053664,31.276557066144317,2)
(121.34247729496037,31.298109237343404,36)
(121.40798741731412,31.227908480495554,16)
(121.39167720435941,31.230715288413407,1)
(121.36494323356254,31.249382378835865,21)
(121.41211643553892,31.245959119268942,22)
(121.376625624884,31.25338734833394,36)
(121.43687174689475,31.27328584082901,17)
(121.43127363742127,31.262584357124922,11)
(121.392296627173,31.23269106728915,36)
(121.44441973156752,31.242703839169486,17)
(121.42620456572631,31.241444462310895,18)
(121.43321309295685,31.24373067983923,16)
(121.44138285860164,31.268572104771703,36)
(121.4034959481036,31.229706601754405,5)
(121.37237245256033,31.286840909724067,10)
(121.3928015160562,31.250299294196516,17)
(121.42765566007839,31.237497383288332,2)
(121.38701174612453,31.22749786934768,3)
(121.41019856174331,31.267216477812923,9)
(121.3649725203442,31.313280041873007,8)
(121.4099079902544,31.242884064920805,37)
(121.37116320682439,31.236589925911616,7)
(121.42181569914526,31.253990374645486,36)
(121.40993129604968,31.236140382610653,2)
(121.41482472610815,31.262281498629893,24)
(121.45879898330317,31.254024403547955,3)
(121.41897413620153,31.25398023954552,12)
(121.38027309265686,31.293897123882292,36)
(121.42202849211871,31.262583560793793,36)
(121.43895641765239,31.261629662503424,2)
(121.44997087636413,31.258529772611332,25)
(121.41038678914315,31.28158270387632,1)
(121.3564751023893,31.28731503691629,47)
(121.44314946859988,31.282389534365354,37)
(121.43028679993861,31.247313987244173,36)
(121.45907402969554,31.255781858668435,11)
(121.39283603765666,31.25929281777432,27)
(121.39475658718843,31.259560433927803,4)
(121.40821217328497,31.247234604728984,36)
(121.40526605355534,31.26059117173258,37)
(121.42503904338963,31.244938000716584,36)
(121.40216330370428,31.282745395625025,2)
(121.43100792354252,31.26384565509877,4)
(121.41025338964978,31.230875640062077,2)
(121.46050338826723,31.253146239904616,36)
(121.4138095548447,31.245585873963027,22)
(121.39281817750098,31.269235487759858,9)
(121.45374709254189,31.270380044896722,24)
(121.43341342326691,31.238143611371612,36)
(121.38009879612804,31.25170922674589,32)
(121.41855133005842,31.2292826975377,37)
(121.42090411302031,31.242453964796443,37)
(121.40367982338944,31.26919054253598,6)
(121.42397900901373,31.24449963575515,33)
(121.46300873878782,31.255460525203354,13)
(121.43272866562523,31.252871980925182,33)
(121.45319989381252,31.27604351171349,4)
(121.41173352124922,31.236204817786057,20)
(121.42681872114218,31.239180904506167,37)
(121.4598034169597,31.25497660528198,36)
(121.4024873166668,31.243003925832646,7)
(121.43091924907685,31.235017637415456,24)
(121.43551813380641,31.264500894688503,4)
(121.41246532202634,31.259521165849748,23)
(121.43700119415952,31.240326082088853,10)
(121.40247722769377,31.299305602882786,36)
(121.36618341534383,31.235014056413295,12)
(121.44400282588083,31.265533589931593,6)
(121.41776639035861,31.2526110811151,33)
(121.42158108044306,31.246215498897605,1)
(121.43591491963267,31.274907530220567,18)
(121.43784801017249,31.254003016011872,25)
(121.43430955481917,31.274850037662407,6)
(121.42524057899101,31.242713664798046,12)
(121.4249862582178,31.25827391510955,17)
(121.41023852448727,31.243858533128847,6)
(121.3996731577696,31.26195552747616,17)
(121.4319499353264,31.232327640934063,13)
(121.42429328740637,31.26249128317073,36)
(121.45567915468465,31.256422109339685,1)
(121.3876173837825,31.251247087693574,21)
(121.4279108144076,31.231078214152106,4)
(121.43102997550753,31.235538258736078,2)
(121.35247678444189,31.28543038079283,36)
(121.36670348710867,31.25187658476263,22)
(121.43854722286285,31.24836300951939,37)
(121.45207845777952,31.252155492654754,19)
(121.43350467718788,31.242544488605546,2)
(121.37090223374948,31.272935082827402,11)
(121.40480026299682,31.23278286162151,7)
(121.41513485119464,31.252663109216517,1)
(121.42499201795277,31.239849618808318,36)
(121.37771033460376,31.254319769201402,33)
(121.38742175613316,31.258072226692565,1)
(121.36571133250204,31.28861578496585,17)
(121.4285846139692,31.26057072035736,22)
(121.37585827256481,31.30599884931079,36)
(121.37213921220778,31.230607264405027,1)
(121.4104129146361,31.26570672543971,15)
(121.39497794326834,31.260477854023716,105)
(121.41937324667886,31.22815322386572,30)
(121.44313123817481,31.26320463636843,2)
(121.36574428291117,31.24960985262368,22)
(121.39770326297106,31.260912372615138,30)
(121.42622154069281,31.25081828293538,32)
(121.38773148160898,31.25115413757727,21)
(121.43501196866809,31.26325389207155,2)
(121.39642982473384,31.274481588253153,2)
(121.43498346936505,31.25347253906292,12)
(121.42798172412385,31.253899394032356,5)
(121.43796254786305,31.2623394762368,4)
(121.42134472184223,31.242682256276726,17)
(121.40431962385198,31.266390366656612,2)
(121.45784234397958,31.26472799624156,60)
(121.42868241417904,31.241771972266477,25)
(121.36702742008718,31.309061299569088,36)
(121.41013188251368,31.247740278541617,1)
(121.39831669400964,31.261037372108873,30)
(121.36763978823343,31.252306817209618,20)
(121.45509129613973,31.275834597024183,12)
(121.37609845343816,31.24665650130713,2)
(121.43483407091736,31.239600607333742,1)
(121.40801835242577,31.23865939797154,8)
(121.42082232563503,31.229401952989047,3)
(121.39461425518596,31.29114051183456,36)
(121.37736855015041,31.27361863453788,3)
(121.38471339043508,31.261791144480526,36)
(121.45917114656511,31.25710507006195,36)
(121.46064945203985,31.269934141830557,1)
(121.39168235844205,31.280681555854375,2)
(121.42700443476268,31.238186288690972,35)
(121.4393280153662,31.28264607678675,9)
(121.43225619507534,31.251521925838805,8)
(121.35045017909266,31.281332117891047,37)
(121.43949145844128,31.26906983532979,1)
(121.43390207607129,31.253652943416526,32)
(121.38728369660754,31.281403653061997,36)
(121.43560972992985,31.267345737920184,25)
(121.42519446739472,31.239497261264617,30)
(121.38137703783558,31.243282858111908,5)
(121.36965913926673,31.252526959869872,36)
(121.41015409621266,31.225005939678386,1)
(121.39255557362769,31.26926294454078,4)
(121.40968145580639,31.237101859944755,3)
(121.43753603169478,31.259859991032172,13)
(121.41209933142478,31.259471189481374,11)
(121.4174133698372,31.238053474172297,6)
(121.37204383196193,31.2855469534732,6)
(121.38413405198749,31.241783872061898,9)
