(121.37484299299258,31.22744125389213,8)
(121.42687557856067,31.238244430125444,36)
(121.38713079364258,31.284183665297537,19)
(121.41513849018654,31.28405150591238,5)
(121.38359530247484,31.28591525306157,7)
(121.38876754776109,31.230830822768887,33)
(121.41123358867962,31.28137347674559,8)
(121.41388075108688,31.292556353512452,36)
(121.39526152635521,31.2669288506131,3)
(121.4433082671217,31.253927857818535,1)
(121.41239370429429,31.25950245092004,22)
(121.44036863247808,31.258563034644652,36)
(121.44446021151838,31.279035673432798,7)
(121.40408326670016,31.262135589794248,19)
(121.36588737269511,31.233828023142966,35)
(121.39861788615653,31.297882963771478,17)
(121.37326172287621,31.22824763557303,12)
(121.3820480256989,31.234001337193174,1)
(121.38050211810486,31.290930182774865,4)
(121.40725133806306,31.242553415210534,3)
(121.4365151005772,31.253333514082296,40)
(121.45775647643943,31.251572589117632,5)
(121.39687163157278,31.258221862846465,36)
(121.37253100586302,31.25585508920893,6)
(121.41239840013526,31.259889176567984,36)
(121.398395641781,31.29614679845708,1)
(121.39578144865504,31.274147147015082,19)
(121.36030832246531,31.24178338697136,82)
(121.417520752334,31.232201032751263,19)
(121.35320953052998,31.295893431124703,14)
(121.42344761824103,31.268892651601032,7)
(121.42995201975867,31.246636020850318,14)
(121.39838153164652,31.24909947301682,19)
(121.45785487782341,31.247595617850042,6)
(121.43804438994685,31.239126122602645,6)
(121.38883889901224,31.255975106497456,19)
(121.41090392322077,31.26143514905315,53)
(121.38374799944056,31.22953514451771,6)
(121.39952811291896,31.262044519322135,16)
(121.45397564806358,31.265450408536577,52)
(121.41740860021079,31.25265326826862,17)
(121.40245630554969,31.242953897254527,6)
(121.43160791396328,31.24334646040444,9)
(121.40910872488459,31.232675599895025,7)
(121.44981816427592,31.258549590324602,6)
(121.41795358228093,31.23605285987188,37)
(121.4011371317007,31.25624447404012,36)
(121.39841838850128,31.235801516881473,6)
(121.39936086832577,31.27141545019513,3)
(121.40109210186431,31.256050377924325,3)
(121.41076270099077,31.26820869332914,21)
(121.43646917927082,31.25340560606634,25)
(121.4484972599585,31.261672886161566,12)
(121.35505460878858,31.30867675088202,20)
(121.41422138022588,31.255467748053583,4)
(121.35728597580835,31.290331614599335,33)
(121.4364875552134,31.253793903556097,16)
(121.44528855031501,31.255968497501538,36)
(121.39731736055897,31.26527186723626,13)
(121.40990098841041,31.259210831750703,36)
(121.44111474349374,31.24688216127717,36)
(121.43664388375016,31.25318227796316,36)
(121.40979642212848,31.24180567038406,2)
(121.4361278512122,31.266448689350515,25)
(121.40410387335226,31.23183639026582,53)
(121.38146014367588,31.243356976179385,17)
(121.38753666428016,31.251888005259552,1)
(121.44479749052391,31.247027867113495,15)
(121.45624313513423,31.251361151478992,36)
(121.40901617105763,31.224941713593488,31)
(121.44266924279016,31.2832500135399,36)
(121.40142766425865,31.261423789831174,4)
(121.40528893269617,31.25686143232639,51)
(121.34885385698257,31.293793280264303,37)
(121.4285996975713,31.26173020550912,3)
(121.39425189440534,31.243676175107943,24)
(121.39285184406106,31.236400666430153,1)
(121.4451081558731,31.245829524718058,36)
(121.42326337124754,31.25273581822769,36)
(121.3536010301326,31.284504969638096,3)
(121.40305411938418,31.250571140722702,18)
(121.37601426354438,31.291867500450973,36)
(121.44751244701887,31.261653119966663,28)
(121.38926730426218,31.25636659580741,4)
(121.38380463431511,31.22960302069216,45)
(121.43334992509271,31.243795806859342,13)
(121.45444522178592,31.24526572612398,4)
(121.41085793730673,31.261481176694556,4)
(121.42885585604196,31.242522106164095,5)
(121.45584325094227,31.272766088588117,5)
(121.45164120513594,31.265591034916117,40)
(121.43480870148042,31.253138610197364,32)
(121.44613300957216,31.24651589613753,22)
(121.3986643180745,31.25677094332217,27)
(121.4034882213905,31.29944102934897,24)
(121.44237777369972,31.257631609077396,6)
(121.40659477647046,31.28318329906394,18)
(121.39583912270518,31.228662252005087,12)
(121.4565256066521,31.27452306132123,12)
(121.39347012935981,31.298019611601255,36)
(121.39574978293324,31.266712997858193,36)
(121.44493180148771,31.25063275415124,20)
(121.33778160782532,31.296272653600255,7)
(121.45240102333798,31.247085860377354,23)
(121.38229580898886,31.27419016813183,36)
(121.38775552710322,31.25763368716191,36)
(121.39471706102832,31.242315812018123,3)
(121.34894216085075,31.303239315888845,31)
(121.42070716388092,31.23566573636531,24)
(121.46144765113633,31.262556192072445,7)
(121.44877246925107,31.24246321451738,1)
(121.36970065093071,31.232513406664673,36)
(121.44290340962078,31.256832538446165,42)
(121.45930259236599,31.259428216682206,5)
(121.44843922908204,31.247481261008666,2)
(121.4103824493788,31.23184106476191,6)
(121.4015461630292,31.301141116724242,27)
(121.43518200533767,31.251575456508988,11)
(121.36431102860887,31.30942067365921,36)
(121.36452116125473,31.250149251817195,35)
(121.41626980327202,31.28577947193361,1)
(121.43489259659087,31.253371608121604,23)
(121.43793188534666,31.254156968153143,37)
(121.42688758228239,31.261055669039585,36)
(121.44707256420575,31.24172857772903,6)
(121.43217694872207,31.24333977427067,36)
(121.44099939442128,31.24047846669873,66)
(121.35019211814074,31.298529556414422,8)
(121.3780256298415,31.275874328047816,5)
(121.39852351017215,31.305475882722515,46)
(121.39767364533878,31.245089177434643,16)
(121.45443223324051,31.26805467599306,4)
(121.39276232142208,31.25703970844893,37)
(121.37406496954694,31.256184762319567,23)
(121.37887104495348,31.232762738303748,1)
(121.41015435350519,31.24172158608624,36)
(121.43839587568922,31.251420122883353,25)
(121.39409501820857,31.287021999226738,159)
(121.37623218042464,31.298888538431434,3)
(121.38448244808258,31.299471479194004,36)
(121.42632093670201,31.258549919895373,36)
(121.45221025337537,31.276342586406066,1)
(121.43003914526396,31.279978874539726,5)
(121.44776973811476,31.248298825575425,24)
(121.46004832370258,31.272939753261543,28)
(121.4149522920394,31.246479539738928,13)
(121.42357697426644,31.26283997585894,37)
(121.40527511307792,31.27040023153426,1)
(121.45082372808815,31.26805477621124,23)
(121.44990197333841,31.258502413726806,25)
(121.42655048546908,31.26759960307873,20)
(121.3996440046109,31.278456499446197,27)
(121.37244689254116,31.256038059116776,72)
(121.38538926556998,31.274977392610595,7)
(121.43002089733426,31.27214421404635,11)
(121.44236477245674,31.262160924887866,34)
(121.40343493036723,31.285978477247326,4)
(121.39014658199066,31.27406878241332,37)
(121.4271846533775,31.25234864655099,36)
(121.40792810792172,31.247254256515195,36)
(121.3895426306398,31.268907181030784,14)
(121.38926404725304,31.282317807997398,2)
(121.38146330996467,31.279721625966975,37)
(121.44077206806435,31.243519174958497,3)
(121.41430797819723,31.236416095663248,3)
(121.38382401439742,31.231938052700215,10)
(121.39051899876314,31.25243876856571,18)
(121.40502933719657,31.261736520574654,36)
(121.3640831970172,31.309497747294493,36)
(121.37718424417726,31.2719957254756,27)
(121.38012761184869,31.290456596485278,6)
(121.41814733031914,31.23631569994529,19)
(121.34565662188056,31.27857227516175,19)
(121.43378293162742,31.274427834524438,9)
(121.38412406621038,31.28308189858989,36)
(121.4354021578266,31.280082330895407,12)
(121.4149543837791,31.27045593349798,3)
(121.44830511888448,31.25329396897076,17)
(121.36505042169601,31.27688750380725,36)
(121.37598719441394,31.291511325688298,47)
(121.41300033746592,31.249886653475972,11)
(121.40820344219665,31.262771023519388,36)
(121.3954115183989,31.287115551661596,36)
(121.44840055908581,31.247640527581886,23)
(121.42414681203941,31.25031512435374,27)
(121.45964432883936,31.265152022102477,31)
(121.42370033591493,31.24533621951963,25)
(121.43317078398243,31.24975576024829,7)
(121.38932046671934,31.23291721896281,3)
(121.4428800791589,31.242197629562835,13)
(121.39939524725253,31.26164298427076,4)
(121.4521123685832,31.24870561085642,4)
(121.46121791264255,31.269596464180207,1)
(121.40389270431389,31.244528843552153,4)
(121.40928203618995,31.240816638838258,19)
(121.34260693460753,31.29058749727792,2)
(121.37525915304232,31.245411931864528,17)
(121.37585370570045,31.25353524482604,26)
(121.42079156376344,31.231869106911237,5)
(121.4486672508753,31.241918361043368,21)
(121.42827104138334,31.24985233927989,20)
(121.38725893171207,31.261408224775238,6)
(121.4242784861926,31.264610202794316,2)
(121.40911409484609,31.244105197679833,36)
(121.45241243212328,31.270229819124435,21)
(121.4542880842718,31.273814395364518,36)
(121.42372151701913,31.25909325272633,31)
(121.42099106558926,31.23934738901209,37)
(121.44379463437923,31.2459565506337,19)
(121.43262215282495,31.236872074954448,4)
(121.45577985819301,31.27891344825959,6)
(121.36762131259185,31.29629830241085,32)
(121.37612845979801,31.24624435376703,3)
(121.41147523961779,31.255142314552362,36)
(121.42494752101229,31.26085406231711,32)
(121.44291942614441,31.247228520693632,8)
(121.36442014378152,31.30948418611735,36)
(121.38426498920961,31.262430069076004,12)
(121.39056710173014,31.27613793669035,36)
(121.42286523619981,31.258679697818714,14)
(121.41137915350706,31.297029263395526,36)
(121.41595895738566,31.24797682758888,20)
(121.4476936640385,31.245583753111774,13)
(121.38610119720236,31.265904185896048,12)
(121.44964308587822,31.247264506667463,21)
(121.34340982359547,31.29185050186869,29)
(121.41774523198451,31.263428463919574,8)
(121.44881305843997,31.254855833288392,10)
(121.39521013752822,31.297202224222442,24)
(121.4230354160297,31.2624241923898,16)
(121.3763932521773,31.297125037399162,22)
(121.36103481730572,31.23938400934588,36)
(121.35093172866398,31.28437178993687,15)
(121.4338354251367,31.279482015343895,28)
(121.38806078904071,31.262698418269093,18)
(121.44126863134817,31.258716402235937,16)
(121.44025300451565,31.24759813339477,23)
(121.44146202879678,31.257411265207626,3)
(121.42855969430084,31.23822685928154,37)
(121.3938624686254,31.2603618100663,4)
(121.38617558877147,31.288820641845735,24)
(121.4306958236483,31.269569423581274,37)
(121.36769957442318,31.237127123557627,9)
(121.4230583737273,31.262168065814667,40)
(121.37674924758475,31.268387710757807,15)
(121.4068929500117,31.258668209862538,23)
(121.40501809148034,31.304740079093506,22)
(121.41543287856868,31.238324058768896,1)
(121.34873644702704,31.297094817291622,17)
(121.46021410594729,31.252483597006528,10)
(121.42008931107499,31.23454990941203,6)
(121.4261455226624,31.255250258854822,116)
(121.39738713009241,31.22664090570271,36)
(121.42363778103255,31.261252247798854,35)
(121.42013212211018,31.24135820565739,13)
(121.46313621347801,31.253495368326355,10)
(121.38728262688569,31.269134540876337,8)
(121.41341111771904,31.237515000678,32)
(121.42789778524462,31.264974264599978,17)
(121.4261150925664,31.245103140552676,32)
(121.43549293180492,31.244670999801453,27)
(121.41572185615185,31.23633238892387,1)
(121.44304887444896,31.243719749209042,17)
(121.40184232888359,31.250708495554708,1)
(121.38926598876469,31.241266908455785,11)
(121.43455650986425,31.260065514657775,37)
(121.43688902311563,31.259255600068425,20)
(121.40264736837716,31.24320604749764,19)
(121.42690570591576,31.240076231558852,20)
(121.3906032069614,31.25405853671355,13)
(121.42632275986928,31.279457764625786,11)
(121.39227688061072,31.270208569392956,34)
(121.38212506070285,31.244875325686007,12)
(121.4477108448708,31.271067777175283,4)
(121.43661694003183,31.253338382032084,22)
(121.43790987854995,31.247549589268925,28)
(121.44276904422084,31.274014316894814,1)
(121.42635157375565,31.26346128544757,2)
(121.43885839225702,31.244864775170342,8)
(121.42385099013453,31.254403113792364,15)
(121.42215032234603,31.26480938184442,36)
(121.37327284211918,31.254405857529527,9)
(121.41508957947043,31.22753288751684,10)
(121.44116153656809,31.25696152609437,36)
(121.37712593195924,31.293308388271296,36)
(121.38385091641777,31.25091121916871,11)
(121.3826549903295,31.27151540091622,33)
(121.44683591543435,31.241775436467172,11)
(121.42308933499164,31.26203298546075,32)
(121.40103090125149,31.231006145508776,1)
(121.39078618648946,31.23128359087216,9)
(121.43006158673795,31.24623595704573,7)
(121.37976712027104,31.267022532699137,7)
(121.4126071782494,31.24111446211741,29)
(121.43648279328119,31.237744601447503,2)
(121.4161877272185,31.246637140021072,29)
(121.42174552230225,31.262542501917398,37)
(121.3865060893298,31.227667356517657,7)
(121.44343778235434,31.251218459355012,11)
(121.45420126412515,31.254372932529144,1)
(121.40472792368253,31.244803892671477,36)
(121.36501235441371,31.276891448106106,1)
(121.42503542980849,31.26078896342419,37)
(121.42529969396855,31.24788946729686,7)
(121.435043643791,31.253501054102454,184)
(121.43014547110293,31.24610681273451,4)
(121.41406050625207,31.24472805501338,18)
(121.43214227943724,31.26218669587235,25)
(121.42562693037537,31.261782906142347,36)
(121.39429279166015,31.223402796055375,11)
(121.41604590913705,31.234650762928084,2)
(121.4476401837521,31.254004853479948,12)
(121.45207273546346,31.259775537494832,7)
(121.44068892527935,31.257693127758053,48)
(121.38836295310615,31.28213354521127,36)
(121.41993147538794,31.246639296629493,23)
(121.38423479603608,31.24214430242483,36)
(121.44998580760348,31.258749364338456,26)
(121.42371092761525,31.26134174402369,51)
(121.39872558986873,31.26053425383588,25)
(121.39285314186212,31.25629992706659,25)
(121.38906922615479,31.268910834903714,21)
(121.44463978199516,31.25841284949251,17)
(121.39477216106589,31.266037221910054,21)
(121.42747923506761,31.264773566677768,21)
(121.34848423295045,31.281418037539176,52)
(121.41295314325285,31.283540319951673,59)
(121.44553120413516,31.24613275124669,14)
(121.39797730613624,31.24852106346886,36)
(121.39638528452852,31.26855307531645,10)
(121.37254826394476,31.28155798756917,32)
(121.44593511633205,31.254572791471393,2)
(121.38141748723042,31.270895902950585,24)
(121.38299201728242,31.29039148143252,36)
(121.44852503771455,31.270406036595823,11)
(121.3855893166874,31.296169170358947,7)
(121.44638502205585,31.24166575786619,6)
(121.43647723615501,31.25420394534096,2)
(121.43750434845307,31.239949234162083,30)
(121.4270685358575,31.240141115057877,7)
(121.40966684107053,31.2463737297627,36)
(121.43329869551208,31.239405317512478,7)
(121.42604461210037,31.240080984861596,36)
(121.3707060457614,31.277725956848226,6)
(121.44847117502782,31.2591513232588,4)
(121.3677421597093,31.289179487740814,36)
(121.34551742907225,31.279190778730392,36)
(121.34201806689484,31.295715434190043,9)
(121.38980405456394,31.282732121161985,5)
(121.42357441040384,31.233422929296275,36)
(121.41460962338701,31.248603601361914,37)
(121.45076267189135,31.265813939085955,25)
(121.37264521667984,31.256267417691493,5)
(121.37222624267338,31.313197476434418,44)
(121.40712427123167,31.225792519782882,19)
(121.43046669765084,31.26479163487744,37)
(121.39916889410785,31.259673843322666,21)
(121.43737426856863,31.236604895365122,28)
(121.39866879910149,31.24488560470475,2)
(121.44348404687939,31.255280167205143,14)
(121.34461678495568,31.28371446313196,15)
(121.43991652446486,31.265510083983212,25)
(121.38436966442498,31.25740399398371,14)
(121.46054940737658,31.25479185754654,12)
(121.42175912552757,31.26089030795216,36)
(121.46021427280488,31.254412442711203,36)
(121.42200408361006,31.231573414294825,12)
(121.43729074351295,31.24050477392565,3)
(121.40643065899178,31.2399861821074,1)
(121.41750956938324,31.275868152907336,23)
(121.44511765787739,31.24583222640462,1)
(121.45255237650582,31.275479557089337,5)
(121.37764738901552,31.232890102895222,19)
(121.35833996844627,31.305459853063972,15)
(121.37546055824747,31.28129255034398,32)
(121.37461760658871,31.272850012868396,13)
(121.44911858430876,31.25901649661948,6)
(121.34650585153152,31.282948634832152,20)
(121.37913224179276,31.266235507296646,37)
(121.4520066080723,31.255411759697626,5)
(121.39284314211251,31.23639306480468,36)
(121.42598361152716,31.239355709248755,36)
(121.38936601711427,31.25209980109009,2)
(121.45110454870951,31.250353577178267,37)
(121.40980712309569,31.255164980180844,35)
(121.39077237841332,31.267793115007308,36)
(121.41384545451606,31.231726231824975,34)
(121.41775845539557,31.237737547040826,13)
(121.4407089292121,31.25535413589285,5)
(121.3713124909289,31.313614848976055,9)
(121.42374741281593,31.237009166505015,116)
(121.39339758837004,31.232096609024367,4)
(121.38173673341296,31.257861654293876,37)
(121.4237518129528,31.251338842883808,36)
(121.4373340509308,31.264913546071586,12)
(121.44130633237965,31.257636600143144,18)
(121.42653369815818,31.2776636640679,16)
(121.39092940932905,31.29474788741384,2)
(121.43869224791118,31.261410059717264,2)
(121.38504731097488,31.291049656554623,11)
(121.43539731542721,31.28180404465437,3)
(121.39753961350206,31.251889837691134,36)
(121.41770782201962,31.2497156825964,29)
(121.42762256110534,31.26544901116984,22)
(121.36780035517639,31.237075852065605,36)
(121.44389962251101,31.2507007307963,64)
(121.40541609146028,31.224292172523757,36)
(121.45842722294539,31.266993444869563,36)
(121.40695429410074,31.283333667562555,2)
(121.4069517286374,31.25394222464748,37)
(121.44858394828321,31.24785816637712,30)
(121.44074234137055,31.25752740271027,11)
(121.41654546861174,31.23430242968128,14)
(121.44828168765373,31.271828075002695,36)
(121.34660681901268,31.303201878271402,36)
(121.37573566177545,31.26537338900711,32)
(121.40548600168368,31.246032677849524,36)
(121.39486891024825,31.22805639277967,20)
(121.40983177135018,31.25954961669021,10)
(121.38242679710376,31.28380026430469,27)
(121.41443391725957,31.236726899929455,7)
(121.34850542003734,31.28580444329933,19)
(121.42979373703638,31.239577544725616,1)
(121.3892605531254,31.237189599666422,26)
(121.40512976417872,31.26653258155153,8)
(121.43278711592819,31.252651609941548,1)
(121.3724308631148,31.255983014172777,19)
(121.44170030811424,31.242668386102892,9)
(121.38271298993558,31.236250018751566,19)
(121.39277832470019,31.259497606478142,7)
(121.44135989418025,31.265204778895118,21)
(121.39601184941287,31.266981636366005,3)
(121.40590433055755,31.226610871740032,12)
(121.43397762308729,31.249709116101968,61)
(121.42211205242386,31.24933212557829,4)
(121.38033914753353,31.259100745971672,25)
(121.3847369959796,31.257774956837366,36)
(121.42276167116627,31.243668849445676,25)
(121.37233025493555,31.239230446159965,11)
(121.37441603368697,31.23509223722707,22)
(121.41029964824189,31.245408216997635,36)
(121.43620364771166,31.265471174132795,36)
(121.41311548311575,31.261574197758076,20)
(121.3859910894424,31.25444214277127,7)
(121.4538458461434,31.270278803582517,2)
(121.40591151051434,31.26121980287085,34)
(121.3834626235254,31.256824895365174,21)
(121.42205159624821,31.243243602512184,12)
(121.43637209959226,31.273678422649517,37)
(121.3989353096911,31.232473182203584,4)
(121.4545357752606,31.27719129865006,1)
(121.4360064472943,31.268697181851785,7)
(121.44771042183606,31.25956538702177,16)
(121.39677983222055,31.30320388309692,4)
(121.39392414816672,31.24896735178432,1)
(121.41879444208985,31.237505819264577,33)
(121.40062593839878,31.26140293006016,7)
(121.37784086477515,31.25840669811822,7)
(121.4305635688457,31.266979005771304,36)
(121.43860443402149,31.239519436653367,6)
(121.38266087062269,31.285130546544895,9)
(121.38806779334034,31.259828038610078,5)
(121.42294444249579,31.261824999804663,17)
(121.45147414573088,31.24909260644838,16)
(121.40400006887313,31.24466767545482,4)
(121.3425100890414,31.28327235808304,36)
(121.42977157655137,31.246756784108218,9)
(121.38491232629131,31.23539769196677,4)
(121.40518416411834,31.259605614428118,2)
(121.38476499856556,31.275982723694845,11)
(121.41043361988802,31.228075202244575,26)
(121.42950811331538,31.246359831470755,36)
(121.41669040247048,31.234415419295093,36)
(121.4450929526717,31.245854221965974,37)
(121.37156557073367,31.233514837854354,36)
(121.36998598310475,31.2847779339538,34)
(121.42583176554061,31.250808952423665,1)
(121.36497222029567,31.313302841785823,32)
(121.44177863185867,31.259525697169025,30)
(121.43414651885777,31.26279461486966,2)
(121.44413962624333,31.2650783363492,3)
(121.40373835385277,31.240773136425393,8)
(121.38598971927226,31.238707140404202,7)
(121.42316879494493,31.267943618618204,28)
(121.38292535037773,31.25504368513075,5)
(121.4226466673655,31.26148306300041,1)
(121.43160183573869,31.25338237178559,4)
(121.38077336431935,31.24393852817813,40)
(121.43538217799657,31.279965307997074,3)
(121.38372053352205,31.22950589696384,13)
(121.40737046711573,31.245779833568783,27)
(121.42700475760125,31.241892961373104,2)
(121.38826292950667,31.29663655805503,20)
(121.43814613333218,31.253998522486995,36)
(121.42955821630501,31.2463625275407,6)
(121.38791553329277,31.261286697326575,36)
(121.33358448800298,31.300883463947457,29)
(121.425215351606,31.261913301754518,37)
(121.39039692113158,31.240253032508026,30)
(121.3838269377433,31.26730874577222,18)
(121.39182847998515,31.292298354428663,22)
(121.41092176153882,31.272417048906814,8)
(121.41780867795146,31.233264383134085,9)
(121.3677574125249,31.291794557598937,36)
(121.3764641172112,31.25229165716856,1)
(121.43691735367742,31.253779886746205,36)
(121.44721119583345,31.254048679202132,36)
(121.41890841893377,31.236912658119188,8)
(121.43470808479668,31.269754433049286,20)
(121.3958804596792,31.273650986756003,7)
(121.44810627973126,31.257859926453502,1)
(121.40235515182731,31.246965606350045,31)
(121.43961366669194,31.23840857802145,24)
(121.41349747779763,31.261375478067837,16)
(121.42532847127302,31.241640286768103,22)
(121.43171963474497,31.25976512308702,24)
(121.45884535970713,31.25976079896948,8)
(121.44868014882243,31.26406205897869,4)
(121.44897561079875,31.24229196687831,16)
(121.42391045439372,31.25381526872959,8)
(121.34699802378627,31.28765033736138,21)
(121.41999401020546,31.254077983742352,6)
(121.44745147444378,31.260483723721528,27)
(121.4029148206952,31.247774134662823,26)
(121.41854986812378,31.22914412072541,19)
(121.42210230924078,31.249335201575985,32)
(121.3966739986015,31.275037929450825,17)
(121.3832868540598,31.25023083797696,4)
(121.35048826527274,31.28139721260956,3)
(121.3897391832724,31.238903186013008,29)
(121.4450986538739,31.245853122983128,36)
(121.3775675929401,31.27421554889512,36)
(121.41353240761947,31.253612631513853,38)
(121.42898718405448,31.249599533761852,20)
(121.44429725852953,31.24143370422766,7)
(121.41591511636666,31.261012547602707,20)
(121.3721864808776,31.255921667018487,33)
(121.37694052834462,31.268587019485512,14)
(121.43171623965642,31.24337258205994,35)
(121.40602055968776,31.223659128829002,20)
(121.42869301980693,31.26559062937141,20)
(121.42489418377548,31.244934115520365,4)
(121.43512393333779,31.284142345513512,16)
(121.42835395158288,31.238447156797392,14)
(121.38265278187293,31.246153416785614,2)
(121.43618938918597,31.267397319917702,29)
(121.39508064336697,31.292403257135,5)
(121.42822602641711,31.24713570058367,40)
(121.40561737774115,31.261717556478104,23)
(121.4177361606512,31.24977584613867,37)
(121.37207666185547,31.23691106239371,2)
(121.41146547461166,31.25506836577064,36)
(121.39921530628247,31.2444736826948,21)
(121.412922678326,31.230569960839446,36)
(121.44635431646536,31.24483964670904,24)
(121.42251575422085,31.23828790398203,3)
(121.37730966487656,31.298852790748967,22)
(121.43873116722355,31.262958817179875,13)
(121.37334704622116,31.254842961842886,4)
(121.42389367960706,31.251290714862456,19)
(121.42403266803686,31.241156094650254,11)
(121.44255251153588,31.257055142206937,23)
(121.37893347690999,31.22649857221181,3)
(121.36535451130608,31.248623834295138,3)
(121.44504705018123,31.279103726873014,36)
(121.44349994836786,31.253352197627336,13)
(121.46370329938092,31.254289822329522,7)
(121.4559821887146,31.25255950985915,36)
(121.39471719904776,31.243899522073907,26)
(121.42894121647213,31.252786883748776,17)
(121.44522968075003,31.242788651886002,13)
(121.42435402014968,31.2600811976943,29)
(121.44765618779407,31.25700835065925,3)
(121.36168977804115,31.247833834064107,12)
(121.42433921530284,31.262158104363717,27)
(121.44574001588907,31.266489029964074,28)
(121.39831339466677,31.24486770365179,37)
(121.45601150358551,31.24714268356713,26)
(121.45891316820841,31.25960158153939,5)
(121.44216924653209,31.240103434840936,10)
(121.38985256604076,31.230724537429047,7)
(121.39016054231384,31.282159572272434,36)
(121.4276232519682,31.255337357018206,36)
(121.44270643385396,31.254168920040104,27)
(121.45482198148255,31.264036711008714,3)
(121.44634211392781,31.244830644585754,32)
(121.38863070581034,31.232879626097827,36)
(121.39050644775566,31.28066376607884,27)
(121.41874107002333,31.232847723942765,7)
(121.45246586026433,31.244195203382993,14)
(121.37392923879064,31.287403775863808,36)
(121.44695944091521,31.24177115798399,11)
(121.37526468041852,31.254137442449125,18)
(121.40384751164844,31.228511644376624,1)
(121.33291577123393,31.294984403466962,1)
(121.41576923636565,31.25012185194774,14)
(121.44601893252344,31.254432586767848,7)
(121.36623310968572,31.249293437382487,21)
(121.43565562763827,31.266979523644228,1)
(121.43858983173769,31.24464372449633,20)
(121.38284715069584,31.293810705632705,9)
(121.43766642314614,31.26679378712791,10)
(121.38826263798111,31.240463612743117,1)
(121.43037062277087,31.26714966651005,37)
(121.35259194867355,31.284561229746743,21)
(121.39597579937768,31.231052318985814,30)
(121.40271438970753,31.22722677842977,3)
(121.41193709117367,31.245709982299733,72)
(121.42555668224959,31.235200181899202,18)
(121.43848088762395,31.26466675416369,21)
(121.3673033042994,31.241789657088745,15)
(121.46405886023776,31.256199387140317,2)
(121.4594983994118,31.249927429704595,6)
(121.36687459026392,31.242028140697492,6)
(121.39421777273294,31.239592750286096,1)
(121.40697579170653,31.251189272591173,5)
(121.43713205991554,31.25267540540169,36)
(121.39260545241424,31.274091400713175,32)
(121.39858032009376,31.24571804380968,36)
(121.45325801903698,31.244559800678076,7)
(121.45592236537992,31.25431268125383,1)
(121.40428446696284,31.28704100871229,12)
(121.43379299784746,31.27388574162087,37)
(121.43911289662975,31.26558225205251,6)
(121.41114648021342,31.245527131913512,13)
(121.42814106792203,31.248451842737527,33)
(121.42760655872108,31.23570761512158,2)
(121.39415637949698,31.295809123538938,34)
(121.42175450166692,31.251165173801677,36)
(121.4362417060747,31.2668227003793,17)
(121.4047906370873,31.286958220961886,35)
(121.3993564375332,31.268793362089546,25)
(121.34135257469515,31.29562114731328,7)
(121.40166450673333,31.264023164057203,87)
(121.37372042410726,31.2283992909829,26)
(121.4143485786579,31.23539875324855,37)
(121.38862911130211,31.275171807884163,20)
(121.42773628685977,31.250868962254895,17)
(121.36504677226448,31.234831172962462,4)
(121.4382048987093,31.24802588785181,6)
(121.41038478392502,31.258611011754724,37)
(121.44909520203615,31.25920152416096,25)
(121.4037916873669,31.24450581920836,2)
(121.3532411641255,31.283067756903428,36)
(121.41510787757466,31.27027719775187,37)
(121.44229596192731,31.262858332015625,13)
(121.44447231815593,31.246083498711528,21)
(121.43022712605564,31.26624950728024,4)
(121.44413928121317,31.261108633407083,1)
(121.40259967244434,31.22385919218913,1)
(121.41091983979398,31.255381851379234,28)
(121.38885834638235,31.295345502337714,14)
(121.42692052703782,31.238207373274115,4)
(121.38056618428443,31.233280489058206,2)
(121.36683612774961,31.23745201912122,2)
(121.43368770243964,31.23255239430044,2)
(121.40768335756663,31.249955461791753,1)
(121.41027077960341,31.25537901620115,10)
(121.38879750568766,31.297784418408238,26)
(121.36484839346782,31.234529736322827,2)
(121.40255426420862,31.230762379288553,23)
(121.43708623058356,31.25378795503615,36)
(121.37538950173231,31.257876553169115,35)
(121.41360676448038,31.291547032139864,36)
(121.40525629250236,31.238081088157994,28)
(121.37542274507199,31.249530960536788,31)
(121.41545148389594,31.25124546907241,4)
(121.41100023292229,31.23083950477157,17)
(121.40001299232145,31.27210458596247,17)
(121.34652248086852,31.301410028267593,1)
(121.40562446238043,31.248051000851632,27)
(121.38328658643088,31.247156476000594,37)
(121.41395169006341,31.24488900504066,2)
(121.45136344151172,31.255945535632687,43)
(121.36332354273966,31.279550969058704,6)
(121.43668847364816,31.237809359621018,26)
(121.40022354019494,31.299405171245642,16)
(121.38682093859194,31.23182170428908,37)
(121.36299197297345,31.24533476570097,25)
(121.45409054100433,31.245616431256412,19)
(121.42016405055918,31.22744006940792,28)
(121.40119327159934,31.287117791222553,18)
(121.3844437969367,31.292472679394997,31)
(121.45447622943993,31.246223090035205,23)
(121.37549755955183,31.280699351720042,37)
(121.37756652296362,31.270223436879974,15)
(121.46279371678344,31.259850932534246,25)
(121.43326196704993,31.253398592261476,2)
(121.41819724395171,31.260267264757314,31)
(121.44142097757828,31.26744063814829,28)
(121.37686691547582,31.297203627143137,37)
(121.39291568724614,31.239876709513865,2)
(121.36559917882116,31.251351404620316,36)
(121.36987007319962,31.235925637302003,5)
(121.4551011372351,31.279440024797456,34)
(121.43918456747502,31.25460901897701,27)
(121.3857832067778,31.289648471344407,28)
(121.4018174243124,31.229592231418188,36)
(121.45147116666693,31.245587044394785,67)
(121.38166317667762,31.264366824602053,20)
(121.38974304693359,31.283228280219202,19)
(121.43635651193077,31.266659480993003,37)
(121.44723661046896,31.245336451545704,36)
(121.39645236394685,31.227782872572877,5)
(121.3730670963148,31.263943702792663,37)
(121.39091172253727,31.291607478354273,36)
(121.39487057025885,31.24710803266398,18)
(121.34370039280714,31.290999703239496,13)
(121.33437549023647,31.29165222090095,35)
(121.33958784316117,31.298197834393417,19)
(121.44222007669059,31.262549317560804,26)
(121.3723343898018,31.286793840818977,14)
(121.38154654820492,31.269825583252295,37)
(121.39786197414193,31.24530158674896,37)
(121.38014305024153,31.283781914219862,36)
(121.4013512098304,31.256452618341672,36)
(121.39185287922693,31.22780253925739,18)
(121.38244182656707,31.283939335828187,37)
(121.39747360321729,31.25456252261115,19)
(121.41209617960844,31.290708086053098,36)
(121.42719715509486,31.24116597006443,188)
(121.42519006632223,31.23952466030528,27)
(121.40966873112303,31.266708268616753,36)
(121.40263067957933,31.223866201403823,22)
(121.42367379945694,31.238910351784575,36)
(121.44180690049627,31.240241129775008,12)
(121.38372718554501,31.283177630715294,17)
(121.42294474038881,31.274590558971934,6)
(121.4593188615871,31.25683949075136,26)
(121.3550840178993,31.28402333404326,27)
(121.37191101345758,31.24393200821188,13)
(121.41394483715605,31.23654640324115,11)
(121.38032654403966,31.286831347757655,36)
(121.36556692276046,31.249050340788298,5)
(121.40234391187005,31.261660096075182,15)
(121.43723099875052,31.25380376752358,8)
(121.4065801863591,31.282087153212665,5)
(121.41625192475773,31.260730290019538,36)
(121.45148518561618,31.25622342272521,4)
(121.45596108012869,31.26365564790791,3)
(121.35231644766138,31.285394084210935,20)
(121.40063426155662,31.261527962321516,48)
(121.43545108173461,31.245659494361426,2)
(121.44664020131025,31.258066204084997,89)
(121.45159136564523,31.249606312282435,39)
(121.45596008446022,31.252162658957328,3)
(121.39193363361125,31.279682406222953,25)
(121.4269744515113,31.238007234398182,36)
(121.43491014552599,31.282896103963147,7)
(121.42880999593785,31.233572497471222,14)
(121.44389574767042,31.26100298504984,36)
(121.42955187542752,31.27789809224741,1)
(121.39173874376657,31.22721619514945,36)
(121.4097509553459,31.247835369645944,36)
(121.3882929413131,31.296461512234337,36)
(121.43491028387864,31.284483751789388,22)
(121.39021915852904,31.257890233359028,5)
(121.39612820978682,31.234416127934104,3)
(121.45423236580845,31.252484356580094,13)
(121.44952745030294,31.24291423113969,34)
(121.3792931045035,31.24531205111857,2)
(121.42194227084781,31.26254154291501,16)
(121.39262049463485,31.27445456150129,48)
(121.38121249434978,31.233170514181573,2)
(121.37236932741811,31.2509007061166,16)
(121.45437172403194,31.27377645463952,26)
(121.4317908565582,31.238142506632027,11)
(121.4110013326749,31.243454231123458,36)
(121.40134500756456,31.290517314633668,26)
(121.41298384984414,31.232767953733198,9)
(121.39284804073249,31.256192026322726,2)
(121.38061720842276,31.290339066876335,8)
(121.39075720051243,31.252583995062448,14)
(121.40344731149257,31.29998301989236,17)
(121.4279983474939,31.272718448444166,8)
(121.43506726688875,31.252593048164936,4)
(121.44300920927519,31.25198333513677,32)
(121.40186943538606,31.25032980176163,12)
(121.4233631066155,31.262171846422703,36)
(121.422433590868,31.24929347060644,15)
(121.44256305323611,31.258176892993365,36)
(121.42469612021772,31.242019967524925,9)
(121.43753936548524,31.27129301813544,2)
(121.43675231591446,31.25382055476995,25)
(121.4496585457852,31.25885501934974,20)
(121.42412385940486,31.24431644326933,11)
(121.40133618554256,31.256221513969358,34)
(121.38218599756459,31.243331695888568,37)
(121.43114800712124,31.25978673722213,9)
(121.45208766710465,31.260209185592934,2)
(121.41069678477172,31.23116605125438,6)
(121.43875336234701,31.240952957295946,7)
(121.43979971255158,31.277081101423818,3)
(121.40202959582766,31.235958293045275,1)
(121.33500647873458,31.29809108576453,1)
(121.45288231463137,31.246357938863135,36)
(121.44769169822065,31.26931213362605,2)
(121.4340317976123,31.25261132999661,15)
(121.36497282039468,31.313247541982253,13)
(121.40990150976842,31.26285185556302,4)
(121.4485655943755,31.25505854200068,11)
(121.388782026383,31.303910794769763,14)
(121.447559392537,31.250678252212087,2)
(121.38239396461483,31.263178604510305,36)
(121.41345026609335,31.26138116817737,6)
(121.39171238718616,31.28075460515451,33)
(121.36496272831056,31.27871311806648,36)
(121.4082170443884,31.246762024452856,15)
(121.41555878846096,31.239108652528063,2)
(121.40894965439215,31.246132259661145,14)
(121.39980126928188,31.251242904145595,1)
(121.38014304745235,31.283749901161237,2)
(121.41051346016947,31.24372743382905,37)
(121.42753764552549,31.235825732408955,6)
(121.38896697090047,31.232534721536368,29)
(121.46086264802435,31.2672915418106,1)
(121.39036288998604,31.257732560112075,11)
(121.39677496849595,31.297027890741504,35)
(121.40570697365844,31.24556548348521,14)
(121.45513206347718,31.262806003185478,6)
(121.37732226578255,31.2710705119472,1)
(121.38939639915242,31.256190613820976,22)
(121.39645936428371,31.240283449740502,17)
(121.36587381858416,31.253172613745722,1)
(121.4150427833073,31.289015877226422,30)
(121.4126672088075,31.24718053980665,14)
(121.43791197760761,31.240177403216137,46)
(121.38045565529612,31.286272257759595,36)
(121.39915369284545,31.231855994952674,37)
(121.43845245183496,31.282058076672676,4)
(121.35428849828008,31.285178435018654,23)
(121.43299609061218,31.23906451713979,27)
(121.42680018907019,31.24510124407988,3)
(121.44905714361823,31.26197047335802,4)
(121.42785048062215,31.237941403549627,10)
(121.41843797670361,31.25251770797244,32)
(121.39314246153182,31.224017569050478,25)
(121.42928234843897,31.23258357832889,3)
(121.38288519325435,31.293802739407585,36)
(121.4102843813071,31.242314834398258,15)
(121.39642989396583,31.275274919149318,37)
(121.44180417126209,31.260418329797034,5)
(121.39488788918557,31.27359647311246,35)
(121.43504110898961,31.23885495397839,29)
(121.43247060597416,31.259585202305345,6)
(121.43796069235437,31.241009087940974,3)
(121.39475986823247,31.2971579767863,36)
(121.44145870171468,31.265065568934652,4)
(121.35282146725906,31.296618461583652,36)
(121.40439557232934,31.25371897456777,23)
(121.46040563964961,31.253020403991535,11)
(121.4105286130759,31.245515230541123,36)
(121.35311090094714,31.28313655760283,6)
(121.3760421340101,31.30142330103697,19)
(121.38336845705908,31.230839995824706,2)
(121.39208209234117,31.228323924888468,12)
(121.39547528839009,31.274269049575217,3)
(121.42201286107505,31.24621080653767,37)
(121.38138914051517,31.290282843708496,37)
(121.40892934921436,31.2593823295936,36)
(121.4364162611039,31.253388668081424,36)
(121.42752481978765,31.260592729252767,7)
(121.43913741771469,31.277775143952724,6)
(121.45965957593783,31.26393280044992,5)
(121.3999209102745,31.303945762290688,32)
(121.40247240142075,31.244013375078882,8)
(121.39151604732798,31.231541225701413,36)
(121.39483588841345,31.296867901925012,6)
(121.38619209146259,31.293475334754746,16)
(121.36756540414227,31.296298295382087,33)
(121.42967955450567,31.246853265292312,36)
(121.36241950201915,31.252075857203707,2)
(121.39416275972211,31.244169730733844,60)
(121.42705321431092,31.27065244866463,37)
(121.3939279344729,31.292370632932702,20)
(121.43691730386827,31.240044066791608,6)
(121.3768183435221,31.268394794927737,36)
(121.42302145980725,31.274241210442902,42)
(121.39446890618163,31.259919526693338,8)
(121.39908712695706,31.28703580306556,53)
(121.41325651806721,31.261448927506997,4)
(121.45535807545588,31.251005317676544,6)
(121.37931002091122,31.26713013729744,23)
(121.40347112005544,31.24491153641499,9)
(121.44513366125449,31.245845829228145,27)
(121.44733622150811,31.25403980088565,27)
(121.45550363367457,31.25691869000218,19)
(121.40990205157557,31.27099236828245,1)
(121.4325643405158,31.245378147781775,10)
(121.37274286111446,31.23892184487558,2)
(121.43000133167004,31.247409729379193,18)
(121.46136422953049,31.266607114387234,6)
(121.40782527847055,31.24563642779371,31)
(121.43094235856417,31.262599190493077,4)
(121.45294963091956,31.258670726931967,7)
(121.41930211748611,31.254389707380987,36)
(121.45680519565076,31.254905083314423,14)
(121.45581335884405,31.254257081128785,30)
(121.39512858958118,31.234105304629697,11)
(121.43420149562014,31.24394708142063,1)
(121.42574042644557,31.278947129269937,3)
(121.39487274025838,31.271991792674147,7)
(121.38389402757306,31.237560553448755,37)
(121.35591570421992,31.290022067017105,19)
(121.42638786061902,31.247016796860116,31)
(121.44164981507627,31.258921572501162,36)
(121.36991418289197,31.240155619305224,36)
(121.38235435739534,31.245222708380577,3)
(121.41674567895117,31.26084413069606,35)
(121.45421681453462,31.245703385263887,7)
(121.4253670667294,31.248906498595222,2)
(121.42310529411091,31.273178705678887,2)
(121.42487912530808,31.244096753187577,6)
(121.3981915527291,31.26174492119271,37)
(121.44280756346262,31.242145516412794,5)
(121.41189264808831,31.226679409681672,2)
(121.41441752665519,31.235122604852936,36)
(121.38270169724197,31.290509246541216,6)
(121.42767097287945,31.264209148594045,9)
(121.43366329974957,31.251092955358764,1)
(121.40726973329132,31.231136987538527,7)
(121.3906048952117,31.273422830036537,37)
(121.37663620118057,31.281156903094935,28)
(121.41415794107613,31.239594258267577,12)
(121.38631759574578,31.23353406716747,7)
(121.39922802938871,31.239429447489574,4)
(121.34755481749302,31.302543356463417,6)
(121.4524216552244,31.252150820057405,32)
(121.38378165910642,31.229027533813305,9)
(121.38310666024974,31.283477825006162,36)
(121.42760365678616,31.267575203189903,18)
(121.3625407908899,31.30083949409328,22)
(121.42080479009529,31.264849701194787,6)
(121.42149501106003,31.25464587161757,36)
(121.38817301480414,31.229646789488704,32)
(121.3961988759471,31.264991475458935,36)
(121.43064548837833,31.266812222609886,21)
(121.4535709638447,31.252529709210823,6)
(121.4037909380185,31.235910942199542,40)
(121.43064829866115,31.251393628589916,2)
(121.44274975576823,31.263529266135656,36)
(121.43631638752453,31.253039645663293,10)
(121.4269744658006,31.23817130873835,14)
(121.42291473381825,31.283859534283557,1)
(121.4360262439359,31.246196996695527,3)
(121.3631710745528,31.302419160195896,37)
(121.44665737929927,31.244845399734725,2)
(121.3677865128389,31.269331366143813,36)
(121.45672062575204,31.26936598956717,11)
(121.42868494716535,31.265730836905853,13)
(121.39631993265772,31.241960435976516,36)
(121.44296249701277,31.242384344263584,27)
(121.43093964922336,31.27115283154325,1)
(121.37632527042202,31.253565202434398,9)
(121.38261377552858,31.246594574979294,10)
(121.4018530735373,31.230436082316793,3)
(121.41245827550347,31.258667633590292,36)
(121.40036919722614,31.280911869684633,27)
(121.45209117334271,31.279749649090494,6)
(121.38724579625453,31.282959259327306,3)
(121.3747772476522,31.25452436373382,37)
(121.45581069636947,31.27793597967769,3)
(121.41361666449417,31.233162958434747,28)
(121.371952797878,31.309488946654245,2558)
(121.42647265237125,31.257113164166405,23)
(121.4348913503669,31.2390502292739,18)
(121.40114986101526,31.29071907500398,23)
(121.43684573542778,31.243726491566402,12)
(121.42851117417824,31.251757518725114,19)
(121.38287871919363,31.25806604009386,14)
(121.3756510417993,31.287095329726945,36)
(121.4134187582829,31.26138686157333,30)
(121.41866844850212,31.271036558049182,32)
(121.3993815493734,31.24473188086643,2)
(121.44259188655232,31.24540122394077,35)
(121.46013001246781,31.273208675014228,5)
(121.44782462912549,31.271376704525192,2)
(121.40566193777126,31.24518130940098,11)
(121.39735998088825,31.25950862699535,8)
(121.44647598547587,31.254370773057566,2)
(121.37558089551113,31.271690708851946,3)
(121.37872777198866,31.266863327380538,33)
(121.40428031435374,31.26611665918748,2)
(121.39428643011212,31.295456054375656,36)
(121.42344053758896,31.238231400589278,29)
(121.41173327261114,31.233352516694644,7)
(121.34642309771671,31.29947709195064,15)
(121.45548290585052,31.27649848897486,8)
(121.41759148136047,31.252489110678535,37)
(121.36868389847578,31.31401648771848,36)
(121.44899249546398,31.242540647696348,9)
(121.4431714464505,31.261466846968,36)
(121.4235680700341,31.25057680388487,37)
(121.4234123324427,31.257911557568015,2)
(121.46222275252728,31.253598529195223,36)
(121.42740610951401,31.27257595302744,34)
(121.41383087489459,31.236484409786367,1)
(121.44053737473426,31.281360322601575,18)
(121.38379860144417,31.229300875768303,36)
(121.4293465461049,31.258673150132402,37)
(121.41970267751834,31.24713164652416,11)
(121.38182361618478,31.289812095747035,34)
(121.45163756800335,31.25316178974203,36)
(121.34817252683746,31.2837460025184,36)
(121.35470267275555,31.30933592000597,28)
(121.44712393217856,31.25780314021784,36)
(121.4049295721227,31.25483511426212,3)
(121.45157909801583,31.28070061334388,1)
(121.38926727148123,31.25599043188548,53)
(121.45625264278642,31.270718416791734,61)
(121.42505371697742,31.241359384191767,36)
(121.46358501359866,31.2541275963104,4)
(121.45289144201318,31.257187252401167,20)
(121.39603726349469,31.274397899166903,27)
(121.40527462375164,31.264793851764765,19)
(121.40120591559192,31.253542310586568,24)
(121.43674751989764,31.281044401736406,24)
(121.41162391378293,31.254871999213726,22)
(121.42397953336764,31.250516308271447,15)
(121.42594568633174,31.239767927697027,36)
(121.43230440648466,31.277623030857217,1)
(121.42703540416477,31.23821927586351,37)
(121.42484020243674,31.240405017691764,13)
(121.37178629064358,31.306946057001277,25)
(121.41239024095708,31.25803737651539,37)
(121.42461220322265,31.24205304872493,36)
(121.40071868992345,31.264065741217447,2)
(121.45513105078724,31.251118919129713,36)
(121.4140274086473,31.23627063721229,1)
(121.38936435491699,31.23301623593066,36)
(121.41525442561634,31.22661340182179,14)
(121.41871089936068,31.242136954037765,3)
(121.35416692838625,31.279375244158157,36)
(121.43956808452259,31.24229939909556,2)
(121.41909756680452,31.254286264785108,25)
(121.41268006408501,31.245567818465172,36)
(121.39354865434349,31.234609687084003,13)
(121.45249853796881,31.264381976421305,12)
(121.44544192522187,31.24211759078723,21)
(121.43719814267129,31.26947944252912,13)
(121.40636679523489,31.27897517090829,1)
(121.38525485852745,31.225911635389078,27)
(121.40830163856494,31.253652062462493,36)
(121.3970014187394,31.266514481648386,37)
(121.3961365263202,31.23840874958521,36)
(121.41100020946584,31.23057038100148,4)
(121.4230275371073,31.24981039311458,32)
(121.43702810226894,31.261182425613438,42)
(121.39152717822465,31.256997434873696,36)
(121.42286100374363,31.26743145602906,49)
(121.36595768028702,31.249882290080365,18)
(121.38833584381597,31.26046867218175,2)
(121.39633408197179,31.232107969420436,32)
(121.4098569210744,31.236173115623195,20)
(121.37409637072726,31.274588827830016,13)
(121.45284411093458,31.258676910071884,5)
(121.44903116161709,31.244784729245673,24)
(121.41201220853773,31.290769129178457,37)
(121.38857024816551,31.27418767759903,4)
(121.4466118795539,31.283369819149748,35)
(121.42359007544634,31.250657908296315,32)
(121.38747306466873,31.260618057205015,36)
(121.4114362965652,31.24422149405753,14)
(121.40115646493201,31.255864847439955,36)
(121.41002742694461,31.268664369083236,1)
