(121.38403497382795,31.242120931616103,3)
(121.43391608719126,31.242539995549823,14)
(121.36497252038974,31.313107842265293,25)
(121.45380018880435,31.27295602148273,3)
(121.39560472289563,31.266949028215688,4)
(121.4463256097335,31.2417344473249,36)
(121.37634807433653,31.254499203941513,35)
(121.35051911929088,31.27895126139191,23)
(121.38130890603973,31.245007759840497,1)
(121.37178043363187,31.23959188452503,5)
(121.36821274344683,31.25217057820229,11)
(121.38926727801994,31.25606546459372,37)
(121.37488621715835,31.238352119028825,1)
(121.42165442102772,31.259474319941482,4)
(121.43688898759169,31.258847423333417,14)
(121.3830132871551,31.270241212684997,19)
(121.39218279738033,31.24707348757433,36)
(121.44058830964089,31.242519000603746,8)
(121.4560497030267,31.25970550685112,22)
(121.4086211942176,31.291194532154947,1)
(121.37996661997792,31.28137574159094,37)
(121.38781814159314,31.25021531345432,1)
(121.40407056299676,31.27963088900273,34)
(121.41268397636965,31.27320718445809,2)
(121.40153369750536,31.261478839034694,1)
(121.3998258469222,31.287118317695167,36)
(121.42303560143334,31.264550103547666,1)
(121.42578531277975,31.233608263871112,19)
(121.42581606529814,31.242597311275457,13)
(121.41323050928199,31.264203818647598,33)
(121.35028987913267,31.281788018306326,4)
(121.4540727410967,31.25235562308772,30)
(121.41800789713832,31.26317921942796,3)
(121.42835605824892,31.250675720430284,5)
(121.43662857789995,31.260867641967227,8)
(121.35831702120375,31.278975711119376,17)
(121.37270628291122,31.255954360703754,36)
(121.41220623569525,31.234429905575343,36)
(121.4038240243048,31.285488557419146,8)
(121.42458122982245,31.242020058299794,12)
(121.44775525563598,31.253893317925296,21)
(121.45935457990223,31.264413082512,11)
(121.42741432043316,31.2534697317367,28)
(121.44445739325054,31.246607756852253,3)
(121.4503870359344,31.257872211247303,10)
(121.40679800666916,31.245649558401006,11)
(121.40510033435831,31.26464086055883,3)
(121.4004189431177,31.245112369643596,37)
(121.42885868145956,31.265023365562065,36)
(121.44576099756827,31.2606137135136,16)
(121.44626243021695,31.25441115933476,1)
(121.42708863304297,31.27734367862522,31)
(121.40789131963517,31.27257319743018,5)
(121.4299683225108,31.238236039701945,20)
(121.4016716894538,31.23066640004505,34)
(121.39924654100432,31.233742869508415,4)
(121.44882464452441,31.24714660069116,27)
(121.33972318448286,31.287019637185992,3)
(121.45324493288447,31.266225287844268,24)
(121.42639676179789,31.251049687297485,1)
(121.44723689599185,31.248625914332198,35)
(121.42539791723404,31.24095100054524,36)
(121.3919634469036,31.228519115001937,30)
(121.43624169538053,31.23525119003067,16)
(121.43035283298855,31.264697714054247,14)
(121.41755778673335,31.288432474879347,162)
(121.42493370585743,31.261107966544103,71)
(121.43414753674492,31.26301670897627,13)
(121.44170842698453,31.25467109129707,22)
(121.44438372479298,31.246478825778496,77)
(121.41026843873989,31.231470911433256,6)
(121.40708799806181,31.245001576797897,9)
(121.37670753647802,31.26844772919412,36)
(121.39260306829514,31.24674760083354,4)
(121.41686691291181,31.238070028512574,28)
(121.43579781618726,31.241525223799453,30)
(121.3965920957908,31.231805292017263,5)
(121.40488311136049,31.247835430789344,37)
(121.45542838692853,31.246711436282148,23)
(121.41865783195348,31.229510233730437,2)
(121.38673677127561,31.23083418098244,3)
(121.41061457750055,31.268226098204703,2)
(121.40450577013038,31.239642957282964,3)
(121.42489123270289,31.245462353722704,35)
(121.36482571988012,31.238911686943467,2)
(121.44405496912673,31.255629394327897,2)
(121.38466516611683,31.259548192881777,13)
(121.43419089349366,31.244892717223827,1)
(121.45790835804978,31.254718642718878,2)
(121.37700421182588,31.269085704080275,126)
(121.4117593471581,31.23394486754222,2)
(121.38854829826262,31.24654445204248,36)
(121.43945365548716,31.282797847334276,19)
(121.36202881037228,31.240900270720978,36)
(121.38178310331398,31.24866697683956,24)
(121.40389443661168,31.275845364571403,14)
(121.44139505662905,31.247124147261115,68)
(121.40126531277527,31.23725826061568,2)
(121.45594513371869,31.252299750484934,6)
(121.4063341386444,31.258665271666825,15)
(121.346201015424,31.30412849147976,22)
(121.44631070661188,31.241636244888987,37)
(121.44121119565746,31.2425981005573,9)
(121.3820480297021,31.234047358216323,3)
(121.39203216207297,31.22926972639733,12)
(121.37665951513222,31.28439625493902,25)
(121.36616270794887,31.25126372012525,25)
(121.37618325580033,31.25452607363174,24)
(121.45479837830348,31.26787920012495,1)
(121.39491454197217,31.23500160465229,36)
(121.37224304548776,31.313197778783245,1)
(121.36771872733961,31.296298614680314,33)
(121.37582698106044,31.291661192917136,32)
(121.43605972101145,31.2752054673127,19)
(121.45800475190397,31.250602625987984,5)
(121.43928034471485,31.262543711640372,2)
(121.46087674960961,31.257374246382593,27)
(121.39491354616571,31.223569332496773,2)
(121.38373988810207,31.28327713266308,13)
(121.43264577204187,31.264247007873742,33)
(121.4299776918091,31.246248048900846,36)
(121.43524769478739,31.274607053652772,4)
(121.41471658049687,31.272078312188714,6)
(121.38532741161266,31.29304928462317,24)
(121.4161161470395,31.296841260253935,35)
(121.44859444834616,31.242370696506562,9)
(121.42185054698216,31.247045353479056,19)
(121.43784636539529,31.254061064984594,12)
(121.39945908471796,31.262012483142904,36)
(121.3719582974057,31.269406154092163,22)
(121.37660257618204,31.251484236822805,32)
(121.38752630447846,31.227311537941407,2)
(121.37260421731412,31.266504331899505,327)
(121.43688948497595,31.264561882628325,36)
(121.3820807385243,31.264765972888426,28)
(121.39981526936069,31.23971376573901,29)
(121.38572001163426,31.24188719864041,6)
(121.43189763901682,31.25107012896283,37)
(121.45885972330711,31.252860760145914,36)
(121.42409656306326,31.24062880828418,25)
(121.3680498354824,31.314006582812944,11)
(121.43837968766545,31.23746990681869,1)
(121.43491361541403,31.264032008600473,19)
(121.40216108090996,31.264078095881228,3)
(121.39788299745982,31.302777597782544,36)
(121.41922888019207,31.234313133361308,1)
(121.39115416073373,31.280982458254858,1)
(121.40250971011454,31.246569369320856,5)
(121.42544402519964,31.260769621371367,37)
(121.38491282019065,31.241072262036365,24)
(121.41024227256955,31.256119508819552,36)
(121.43872848425295,31.24110078900408,2)
(121.43680461442521,31.253021994734,5)
(121.41177205029705,31.233806770452468,5)
(121.45660099929151,31.252510803119495,11)
(121.40196917020307,31.231217467339565,24)
(121.34913681168017,31.297837388583325,4)
(121.3996307016281,31.27641140100929,3)
(121.4301899768749,31.247917566560684,36)
(121.42812601136339,31.247606481841373,36)
(121.41129046199158,31.24570918644553,23)
(121.4283204017249,31.25856904152565,11)
(121.36317267406338,31.304963954614756,24)
(121.33710934293161,31.29923053806136,41)
(121.35542771319771,31.284019920735236,37)
(121.38468799276478,31.291735607577444,14)
(121.37895048187606,31.283195381283488,5)
(121.38318798518037,31.23670493552853,18)
(121.42224150176416,31.244239771960206,15)
(121.44147535233934,31.272880851204764,1)
(121.42856791792728,31.252369163913297,16)
(121.42479532210959,31.245426414312742,13)
(121.39278816018155,31.269275486713546,2)
(121.42904380124672,31.24239514460586,11)
(121.41147189752915,31.268543171424206,40)
(121.37766923321236,31.299792572886584,36)
(121.4378175080743,31.25914029533546,36)
(121.46355531794259,31.268214738335764,9)
(121.36381355276785,31.2809232888204,35)
(121.41298710490692,31.27008638412071,6)
(121.44244535502045,31.259102478897688,16)
(121.40161327875047,31.25750710964884,5)
(121.36857575817902,31.297832120484152,13)
(121.42741271186942,31.280849367848923,9)
(121.45747665316802,31.256849500777847,7)
(121.37644382403693,31.268387349996775,10)
(121.38399063944456,31.280857480539012,5)
(121.4484758556329,31.26167998249819,12)
(121.4316834913498,31.23462898954934,8)
(121.411146290285,31.24334915812798,36)
(121.43781722742952,31.255914893954916,36)
(121.41098640863402,31.24428660635914,27)
(121.37202885181001,31.286043134997986,37)
(121.44814389215301,31.259277968091485,8)
(121.39573691030259,31.291183093641475,36)
(121.41192463123754,31.24952075069697,36)
(121.40012873116827,31.243775687432883,23)
(121.38715313131912,31.23037631316297,1)
(121.4410783844272,31.26496510308681,36)
(121.3721891788807,31.28694771245861,36)
(121.39030047630943,31.25788094832718,37)
(121.44808537438074,31.253611030764763,36)
(121.42838344371465,31.25451928747212,36)
(121.44147536052067,31.27297489061699,19)
(121.38997219426693,31.28273624258938,13)
(121.40650085445778,31.252473241299956,36)
(121.41528739389888,31.237889559898186,36)
(121.43817835889483,31.234964695303116,31)
(121.38261780072453,31.29280108020687,8)
(121.4591819548668,31.253756445622255,1)
(121.37314771801655,31.230177378917293,8)
(121.41014088332848,31.25922931432902,4)
(121.40908858857429,31.24413959232149,36)
(121.41114633076455,31.24381336605545,19)
(121.45941569862765,31.2579077414785,65)
(121.43777868821545,31.24899990736383,23)
(121.37411393471602,31.27363571219969,26)
(121.3883054138244,31.267328585306124,37)
(121.40369191510675,31.23582188746703,5)
(121.38942768559087,31.2624850791174,36)
(121.42673074244767,31.246096365222517,35)
(121.39104781925337,31.257080155534062,16)
(121.39926031546317,31.26168805740096,16)
(121.46185907400746,31.25963181786132,1)
(121.38569509749412,31.235954766982193,28)
(121.45841363986354,31.250004475327472,3)
(121.3748785318862,31.2791279464411,37)
(121.3998477753944,31.256860378088856,20)
(121.39361763607481,31.247393620563166,22)
(121.37919457391607,31.280630599007818,2)
(121.44155073196487,31.2673453996302,36)
(121.38444440050452,31.29939241347058,33)
(121.43602787397369,31.268146218426054,34)
(121.44514506294833,31.242887936655745,26)
(121.38570238991473,31.289963656554853,32)
(121.38098657796439,31.24340851253477,8)
(121.40698212964426,31.258543229531146,4)
(121.41532465708924,31.22963377226442,1)
(121.42570193115094,31.2397321170292,35)
(121.43791140011466,31.282612053929313,36)
(121.40992859535024,31.240256874227047,37)
(121.43778506225853,31.25341284364408,7)
(121.4051857330289,31.286733902298007,7)
(121.41216931661698,31.25816248217705,12)
(121.43142806701499,31.283221309452703,32)
(121.39068290050251,31.29571295528008,4)
(121.45222254506962,31.2455202717811,22)
(121.3928627476722,31.25247228769622,32)
(121.39481612790426,31.24240190212976,15)
(121.39376310965291,31.295594821672335,18)
(121.42425497720049,31.258526601577792,14)
(121.44431478723905,31.24348398710326,21)
(121.38928328798475,31.256022457625253,36)
(121.40024908013439,31.304617119943053,18)
(121.46054237669438,31.261405354542344,20)
(121.35061852351689,31.281199363915192,1)
(121.44099616983921,31.25171656464775,56)
(121.43321591722457,31.252083068423005,36)
(121.39724552255662,31.266346513481395,37)
(121.41107031935618,31.243481231005692,36)
(121.41361250602128,31.246414831144158,36)
(121.45202955185144,31.245713002920137,6)
(121.44970189893496,31.2523486071932,2)
(121.35033594404044,31.281409945683745,2)
(121.44611797378585,31.257241642556902,24)
(121.34980083555345,31.28172211509463,10)
(121.39196534625727,31.23662559957061,35)
(121.41117728870715,31.24341418160385,36)
(121.38693699632162,31.242697735019597,8)
(121.42281758931608,31.262257275841062,10)
(121.44183024610508,31.244706099051985,21)
(121.46223896906709,31.26814276559025,24)
(121.41028188247662,31.229686767664003,4)
(121.43368768139905,31.24558963400999,24)
(121.40271843890903,31.24760377855085,17)
(121.34711035183551,31.29330646212976,1)
(121.40099496960356,31.289238266834992,36)
(121.42689917425713,31.245366611779893,2)
(121.36659490291187,31.27427971453952,28)
(121.36749263028479,31.237074444744003,3)
(121.46362412374305,31.26820057099388,14)
(121.40903471226959,31.25535775588233,23)
(121.36418521079179,31.310735756184567,19)
(121.3928404386123,31.259546718088256,26)
(121.42203259331215,31.264806557331298,21)
(121.42842215035994,31.241629527819025,18)
(121.44285367654395,31.25590969944679,19)
(121.39561046825526,31.247154171733598,7)
(121.45077936113587,31.274172436609604,5)
(121.4347780102878,31.282677743535267,1)
(121.34847063190072,31.28150183652664,36)
(121.37031709533218,31.285483607624606,6)
(121.44724188070084,31.248570881159907,20)
(121.45565076389067,31.264925137838347,1)
(121.34944209095615,31.29352523466485,22)
(121.37590288539351,31.289326348584726,5)
(121.39064697592354,31.240215078659958,140)
(121.34907380191858,31.29928384202767,4)
(121.4252295541905,31.24147029125609,37)
(121.41088630980119,31.23143079619082,9)
(121.43680347913126,31.23997118531906,2)
(121.38583214823299,31.279927830364628,31)
(121.44252180368007,31.24523195847593,3)
(121.38626641081568,31.270239197103443,30)
(121.40920771768229,31.2594517872245,18)
(121.41648593835527,31.250797859755668,14)
(121.39055173442478,31.235779038818286,12)
(121.41298194999278,31.259524473849595,30)
(121.45349252919094,31.258025867166968,3)
(121.37696356702538,31.26866808073957,37)
(121.4348087258632,31.253418733067512,52)
(121.38541735492305,31.252693878023106,20)
(121.39910392887616,31.307595901217343,13)
(121.39651287464937,31.2600070209182,36)
(121.43883943127355,31.266371977187617,22)
(121.426403216632,31.239816556715112,37)
(121.41930104801598,31.27116727507139,2)
(121.43180106190457,31.27736448771545,2)
(121.40411253920067,31.242282866258765,25)
(121.40161168742326,31.27258957962727,14)
(121.45171721532378,31.249537077260076,31)
(121.41521200401637,31.28788888422433,6)
(121.4138073548879,31.272760320403503,3)
(121.42183765345575,31.242206131817337,9)
(121.43777914138082,31.254209200743368,26)
(121.43386432816881,31.255919980055815,4)
(121.42519766817536,31.23948936193989,12)
(121.38041338795783,31.23779538392156,36)
(121.36850545537857,31.266417580204184,33)
(121.38826233285005,31.273512045222777,37)
(121.37743147664834,31.233298812659804,68)
(121.3859530422138,31.289329001735588,26)
(121.39097939436041,31.275768062342824,4)
(121.45639046712458,31.26976903933226,69)
(121.36642453081029,31.30924572497013,36)
(121.42198918225542,31.26053445657181,9)
(121.43783303046689,31.253953014665534,34)
(121.4107906579086,31.269569638233456,3)
(121.39342128317162,31.265755363567212,18)
(121.39989847320018,31.230241472813788,36)
(121.34420714924093,31.283211407438156,25)
(121.40459959184285,31.26175533308915,36)
(121.45076289668212,31.268404039807585,37)
(121.41275508596974,31.2346248619321,4)
(121.41392356786733,31.29064557657204,29)
(121.4534711677842,31.252127732146057,17)
(121.35663605827106,31.283092593338147,36)
(121.4023422965979,31.24314095819728,21)
(121.42290740704385,31.24390897928508,2)
(121.44892835371463,31.261144353191888,7)
(121.34696601879226,31.296256215924025,35)
(121.4448058941341,31.254711554420318,29)
(121.38464013240721,31.270956037983122,21)
(121.4165147436954,31.237273795443013,1)
(121.3919830009306,31.251078134859405,36)
(121.34700292188704,31.294553221869233,26)
(121.39862990796561,31.298076043978657,14)
(121.43213695977293,31.23507051294812,4)
(121.41003122053405,31.255537066046383,36)
(121.42565954148823,31.28061380482111,2)
(121.40923292407273,31.24379622293404,17)
(121.36982798135661,31.281773421731838,18)
(121.39228261268919,31.269084093628024,22)
(121.4428463558213,31.25631363589223,1)
(121.39306395699631,31.287708268769492,16)
(121.41116050803849,31.234417115155253,36)
(121.39698357691054,31.234005124955488,26)
(121.38909880536971,31.252301692864645,33)
(121.42684538867937,31.24716346006842,36)
(121.41106235294201,31.243845395520555,36)
(121.37766340466149,31.23282209012387,12)
(121.37696829468729,31.29995982672225,14)
(121.40839310307925,31.247603388595177,21)
(121.44058890325509,31.258244108025853,8)
(121.40520093784812,31.257929963679004,3)
(121.43303705275873,31.2511055311657,18)
(121.39180713831304,31.231168061437284,8)
(121.43586560213897,31.235974600070342,1)
(121.40267592872407,31.247310770522372,15)
(121.41261406553409,31.279716496290188,25)
(121.43513444603099,31.270696307759472,29)
(121.3641364040255,31.310770250501182,7)
(121.41147631241762,31.267436610398917,35)
(121.42321823691849,31.262200964536095,23)
(121.42698945094108,31.238186302118766,36)
(121.39505875294245,31.224963055631054,24)
(121.40818709026993,31.24726124797493,36)
(121.42932276701964,31.232767718934983,5)
(121.38812591719538,31.229015461761175,5)
(121.42970638265861,31.247206001404837,68)
(121.454257868389,31.258981140090924,27)
(121.41875780354023,31.252843685833913,27)
(121.357515095097,31.286477444945913,21)
(121.3724999444603,31.25569697973162,36)
(121.40353718011016,31.296443663828367,37)
(121.43498270528093,31.244692652445703,2)
(121.39626532062937,31.22377808665743,14)
(121.42520096898268,31.239495862609157,24)
(121.43985874034274,31.255635883757623,36)
(121.41547526941093,31.287885939415332,36)
(121.45699719380919,31.272011010314074,1)
(121.40387238485253,31.286742834851957,36)
(121.45345155314807,31.276059305732964,1)
(121.3634914328572,31.248525813967934,32)
(121.39786190245117,31.244479219427014,7)
(121.38863035534159,31.228853775312388,6)
(121.38473973995637,31.27672253895026,36)
(121.42539635564282,31.24108698190753,17)
(121.44240900843383,31.242854370983842,8)
(121.35114037567638,31.301475397790618,36)
(121.37644111954253,31.237289701076563,7)
(121.37901321422159,31.23315776144191,2)
(121.44447682140267,31.24226061841871,7)
(121.38069189313828,31.232595330376686,2)
(121.4303091054013,31.248250989996986,18)
(121.33978438153218,31.287712032501158,35)
(121.4459812411101,31.25427776376679,20)
(121.4148957645732,31.243783962842716,11)
(121.45761185429804,31.251641930575786,26)
(121.39776261540244,31.241698933739773,3)
(121.42296792241082,31.249438681432522,36)
(121.44457293648139,31.255473475206408,5)
(121.4368708105358,31.233527167340558,35)
(121.38931231115457,31.25600347067163,36)
(121.40605564626858,31.24258866897713,1)
(121.42435510933919,31.27257051501451,21)
(121.38690281214944,31.286902582060563,35)
(121.36492012227973,31.278759212969902,33)
(121.3804369467716,31.24389215455856,36)
(121.40908858857414,31.24413929232207,36)
(121.37127368468848,31.313051144928874,36)
(121.41007198124959,31.260210747978714,36)
(121.43106788199532,31.252793796427415,12)
(121.39123007562982,31.295104342435756,36)
(121.43897972294981,31.261920166377454,2)
(121.41538354516463,31.244563005491703,24)
(121.42174038149525,31.272572392838505,12)
(121.38742133606324,31.243867321168914,1)
(121.41576923174144,31.250068828527176,32)
(121.42022025390268,31.234983876427368,36)
(121.46299636899482,31.2596785881429,37)
(121.43183907316184,31.272354451695143,37)
(121.3789179532045,31.25459724945417,37)
(121.37136826382675,31.24508380082776,2)
(121.423075630353,31.276733209617454,34)
(121.40596455101394,31.229113031834967,36)
(121.36623778508779,31.30311679678642,36)
(121.45137822856971,31.26553266334978,2)
(121.39357595004492,31.260761310612917,42)
(121.41358698811683,31.23675060312209,11)
(121.416422294478,31.265959461453896,6)
(121.36057003978472,31.294002300176228,36)
(121.40220963946003,31.227278345965818,14)
(121.42441837988514,31.26333575566255,37)
(121.37955547441784,31.297164646377396,15)
(121.38402169166739,31.273527548928055,15)
(121.42113562957576,31.235611603210327,4)
(121.4320452444374,31.283204619662776,36)
(121.4443971605566,31.254058146285836,8)
(121.41005722694503,31.25557367138472,24)
(121.36609101886985,31.285710677584937,15)
(121.43020687644497,31.251634197493896,37)
(121.42816548074805,31.264966008912978,11)
(121.37232255882394,31.31319828991138,36)
(121.43711444672115,31.23383198121677,28)
(121.44984908693283,31.258452490635513,16)
(121.42661389588692,31.238683860547688,37)
(121.37842738781804,31.23243878089586,12)
(121.36100476640284,31.23945099156526,21)
(121.36685655549859,31.299648355862093,4)
(121.43521966393935,31.260161644586994,4)
(121.38567438409541,31.289949551697486,16)
(121.44129100568519,31.265044815266588,36)
(121.38763241021655,31.251390162697287,36)
(121.42404766956123,31.241332162472784,14)
(121.40372888150755,31.258173562728352,37)
(121.45614204580635,31.271231731160363,69)
(121.41285571662921,31.253689364837275,37)
(121.41751339487757,31.243205485383562,40)
(121.42929857945387,31.235457875534777,36)
(121.39733286409978,31.26593266892735,6)
(121.40458807377821,31.305024146566993,27)
(121.42452721079096,31.241213738033093,3)
(121.41058928843043,31.241933617257835,1)
(121.36132373062989,31.308574545703763,36)
(121.42155987494662,31.24276690097061,8)
(121.42182124190656,31.23733594347002,1)
(121.37756477757901,31.25016377572502,36)
(121.36929178142528,31.252200812296966,36)
(121.41712767826799,31.253315254159624,9)
(121.453735440551,31.251048727310465,2)
(121.41334236068452,31.263777571806614,13)
(121.44091656288535,31.24069869060755,31)
(121.40218080069664,31.226398288302082,15)
(121.40940546635183,31.25937372844182,36)
(121.38154833535238,31.29033602734915,36)
(121.38329469808865,31.28349165672003,12)
(121.40912303974254,31.22483597921028,16)
(121.39510062548605,31.257663788485136,26)
(121.46064908286786,31.26566833198398,3)
(121.44623302759824,31.260578890795372,7)
(121.396642347026,31.256280918630047,3)
(121.38372479518542,31.278448317604692,17)
(121.44317965617793,31.267048727648497,1)
(121.44143440434314,31.249661909207067,11)
(121.40781277533787,31.248751419173303,3)
(121.46032084113433,31.252723463588772,6)
(121.42849977334515,31.249804098867106,30)
(121.39225874292468,31.24581997678026,37)
(121.4044291409248,31.230372789040867,4)
(121.43557184071669,31.267951043226084,2)
(121.42856770675017,31.249945095668892,32)
(121.40276263245823,31.257430348353086,3)
(121.37228663839272,31.255953812559152,36)
(121.44121247440161,31.25730859995318,36)
(121.42063344333947,31.252070283342345,13)
(121.44511201885199,31.245784301795613,7)
(121.39211212040463,31.228395976967985,8)
(121.3631726740815,31.3048979547644,36)
(121.42251691031238,31.236408912088827,2)
(121.40321859955873,31.233111576701788,18)
(121.36048734456686,31.241928004957824,1)
(121.45301174180176,31.2556718424041,15)
(121.43620290980894,31.24334329926404,65)
(121.38499554829664,31.262574591543828,36)
(121.334393222582,31.299679537911917,6)
(121.37864300872988,31.259356013732408,27)
(121.38485524082807,31.28107544036599,17)
(121.41050165778815,31.267634970947324,1)
(121.3951600725832,31.27912656370697,1)
(121.38975417933487,31.238714111248157,26)
(121.44117390710899,31.242913213929636,31)
(121.37848846366413,31.277531385314962,18)
(121.43992826560724,31.263059995547398,5)
(121.45472254747907,31.27981800369472,4)
(121.42405255071185,31.251485680052895,36)
(121.43658303327415,31.25379262592823,1)
(121.44452975572766,31.246045852777133,15)
(121.40651006093636,31.26920378824964,20)
(121.42324829931965,31.251759399867986,13)
(121.38381120217481,31.28547034010905,30)
(121.41167243058504,31.248089076875498,3)
(121.40759789401518,31.233123892951753,36)
(121.44263152528778,31.241932284604864,14)
(121.4310166979736,31.262675236558383,19)
(121.40944697673214,31.243981567019077,37)
(121.37223354389586,31.313197777454487,36)
(121.44808320387087,31.2613619770898,17)
(121.43573958084892,31.26792181641922,8)
(121.35182700286678,31.297058724697912,30)
(121.42853757927647,31.24177654276813,14)
(121.44910151798311,31.244397680306456,36)
(121.42058044762682,31.251671139907963,36)
(121.4342507381039,31.25721005986384,36)
(121.45405480106524,31.25254674335887,37)
(121.44686172076123,31.241776240961915,36)
(121.38695537205504,31.28127133053246,15)
(121.36586738717806,31.249490219532174,18)
(121.37672653916997,31.271965024610978,25)
(121.3838571141899,31.270334780016764,12)
(121.43295713634477,31.25043864553324,8)
(121.40807215142671,31.247864521441656,11)
(121.38582692289872,31.247660166542687,23)
(121.44026849127317,31.23808147267043,19)
(121.37481490462652,31.238299708649322,9)
(121.41625561976025,31.234331564085956,27)
(121.39921120185342,31.2871167955046,23)
(121.39247413730581,31.26006436053483,29)
(121.42058048452476,31.252094326101346,37)
(121.44634321415622,31.24483064477876,36)
(121.39103868626496,31.25563451980442,24)
(121.4062537826233,31.300416477455226,36)
(121.39056373374703,31.25947229356667,36)
(121.43783302863912,31.253932005463835,36)
(121.38556286540953,31.26332688841757,22)
(121.43644984359705,31.237573826196087,17)
(121.42232895878587,31.284671998346163,1)
(121.44483128197315,31.253849336207214,4)
(121.35549686193791,31.284125081645335,20)
(121.4342874663633,31.244556922221143,6)
(121.376882109953,31.299198428067847,36)
(121.4230893680572,31.262412148445016,54)
(121.4108334295469,31.244139566810972,30)
(121.424253964943,31.246913501605174,36)
(121.43412355228533,31.262794642718195,24)
(121.43787923401038,31.268633276547117,36)
(121.34921934896072,31.302015169302024,22)
(121.42695948544036,31.238211340273967,53)
(121.45199693599294,31.278472885419514,6)
(121.42305836971406,31.262122046029393,72)
(121.42390280079434,31.241311263144343,12)
(121.40941826966932,31.243850261309827,24)
(121.44151910784939,31.25604828529487,4)
(121.39652537604707,31.275027292680203,8)
(121.39176885428604,31.228229683178093,18)
(121.36653224667373,31.309174638300682,36)
(121.43069271565,31.2338837217052,6)
(121.36796826825287,31.284779771746162,36)
(121.4630526241808,31.255547461033025,34)
(121.36527067017136,31.24062113357883,25)
(121.40167152106443,31.259041819260826,36)
(121.38260257546692,31.290415111818472,47)
(121.38396153489757,31.273136691920666,26)
(121.42231966371672,31.26028192587277,22)
(121.42505393282735,31.23727903635718,5)
(121.40655259879902,31.229505232675596,15)
(121.39902369652235,31.259461236937675,36)
(121.39199835895248,31.232088605095864,4)
(121.36144340800259,31.283541656812922,49)
(121.4215392709236,31.256537970517137,21)
(121.39581294899448,31.29114611524464,5)
(121.43710147036374,31.256820259041632,2)
(121.38944058684943,31.23493716911925,11)
(121.4076001132876,31.25857123476228,26)
(121.37486780279329,31.287105813498385,28)
(121.40489864811816,31.242506053240767,4)
(121.37953849515847,31.274666504172366,36)
(121.36647847554305,31.25196228829307,24)
(121.34852573604635,31.281508639852586,3)
(121.40989688740096,31.259042331229384,2)
(121.46015673975589,31.27316431100493,7)
(121.41553880296412,31.232438981502266,10)
(121.43446544356426,31.25483756662467,35)
(121.43790308181786,31.272368641084142,7)
(121.40339980359173,31.23181914712404,4)
(121.37233171208193,31.25600189261038,10)
(121.34918291150096,31.29785247764732,36)
(121.42516128052412,31.236275091693436,19)
(121.4085031387591,31.278089622190652,26)
(121.44162912984953,31.246212323974728,11)
(121.39238733556806,31.272976005238156,36)
(121.44885163076789,31.259226651016448,30)
(121.44698464609822,31.241725262451965,35)
(121.45889752377246,31.259574158635754,1)
(121.46045069978143,31.255107217045985,36)
(121.39845027690733,31.245844052460722,32)
(121.4048379926081,31.223577383751344,4)
(121.42273263148113,31.284812775294537,2)
(121.43330291739966,31.264465258653402,7)
(121.38137642250202,31.25325240042722,25)
(121.40764468720229,31.242247028610244,36)
(121.44504986875782,31.258273923009646,2)
(121.42222033923595,31.260309305143732,1)
(121.37208909143615,31.264694324804225,21)
(121.43115423953174,31.28109773699938,9)
(121.44173256414074,31.257774008625404,19)
(121.43482158949331,31.237424040403532,153)
(121.35147695705301,31.295392509095443,1)
(121.43316888238498,31.242564973216748,13)
(121.39994942314614,31.286802987929764,3)
(121.38994917107595,31.282688206612498,15)
(121.45749671630442,31.246647966295555,18)
(121.44394017311546,31.25539848064849,37)
(121.40805772120659,31.254384395430634,9)
(121.41673217830188,31.277933360061876,2)
(121.44918602466362,31.252359056110638,37)
(121.4194310924515,31.23485967156069,1)
(121.40975175163206,31.259639399876452,36)
(121.43765913739625,31.26337933868825,6)
(121.42781976719995,31.229360508362614,14)
(121.406424518923,31.240077051692648,37)
(121.41338484937647,31.232919009064823,14)
(121.45252664157255,31.243320692353873,14)
(121.4374602810621,31.261305717844742,13)
(121.45594986573325,31.249349438998518,2)
(121.42409444523949,31.250720310659815,31)
(121.37223384394676,31.31319777749644,11)
(121.42401668197745,31.241147102784037,8)
(121.42465085938937,31.24999855925548,30)
(121.42796702309539,31.257135820644503,32)
(121.44674022831013,31.283149173581563,26)
(121.39745751914533,31.2422090400213,21)
(121.39976443553712,31.24182670182404,12)
(121.40262298094726,31.254877609532848,2)
(121.40450996428099,31.2465938408625,11)
(121.4544155792921,31.260063288040527,12)
(121.42880990745066,31.232556032189663,19)
(121.43878445635671,31.265590721913675,33)
(121.36502354492387,31.249334888354788,8)
(121.40923072375396,31.227111354063055,26)
(121.36359649283487,31.250144835614986,5)
(121.38677155299406,31.273904126872125,37)
(121.41041497743615,31.24943498905859,19)
(121.43042006844058,31.25690428199347,35)
(121.39568017874805,31.29984237664055,36)
(121.43686254478929,31.273290239041952,17)
(121.38559956649581,31.229984821438705,36)
(121.42298241805064,31.261921013996652,34)
(121.4052663746833,31.264606894629956,43)
(121.42658678150083,31.24851028637297,19)
(121.44267769903625,31.256591023120155,23)
(121.43227400468426,31.28400268804205,13)
(121.41904415354612,31.253895654359376,34)
(121.41033859633015,31.255761729568487,36)
(121.44314946672041,31.2741805502943,4)
(121.4227322655488,31.280620060261075,1)
(121.3793683273388,31.290018197623557,20)
(121.41124628736019,31.255048317331386,14)
(121.44081895335776,31.25451515800335,64)
(121.39853349235436,31.236440849939438,21)
(121.40842368572366,31.242849264701338,9)
(121.41845610777928,31.25357973188587,30)
(121.4485839314418,31.247664080213895,7)
(121.40817370312571,31.265734292800932,36)
(121.37127308446564,31.31356574368604,29)
(121.43723157576271,31.260434651159883,36)
(121.41947446471086,31.25436596590035,36)
(121.3901814489816,31.267172407387218,26)
(121.41007483128492,31.25553677511919,6)
(121.4572403781534,31.269754541533718,1)
(121.44834110977462,31.255168825867358,15)
(121.41763744782084,31.252409053776525,26)
(121.44462675180553,31.266061954282556,1)
(121.40733385783018,31.258692400762794,12)
(121.42303539439297,31.262176085759567,12)
(121.43716206599572,31.25329963917081,34)
(121.44226512258774,31.25255990617201,37)
(121.4447558442686,31.258583525294352,28)
(121.39644696238224,31.23088916556239,36)
(121.38244144477588,31.279558539653834,2)
(121.4597590989517,31.273001422765567,33)
(121.40786108616594,31.299403227000433,72)
(121.43552886916237,31.276695369024452,1)
(121.40198208582551,31.230213008257206,13)
(121.38583026523247,31.258321693734334,1)
(121.3996402432817,31.24012989848725,7)
(121.41420661510662,31.246631857897423,33)
(121.40336348025185,31.23144983849118,36)
(121.44631800892269,31.244844740332347,36)
(121.38962672205287,31.26914334177786,17)
(121.44244969485337,31.282159275424565,8)
(121.44570000511602,31.256677041410168,40)
(121.41236599743353,31.259465245203387,21)
(121.43159318470178,31.252682175464145,4)
(121.40616472735809,31.242531147756505,8)
(121.42367389368577,31.26291593635941,15)
(121.41366974317633,31.24575363145911,9)
(121.40726908059446,31.22364752062958,7)
(121.39825397565455,31.303667171273805,10)
(121.37193148518037,31.306580109019777,37)
(121.38125101814438,31.258941399049483,39)
(121.39107704535796,31.268762669410286,3)
(121.37810176829944,31.27630159198452,1)
(121.44132027879566,31.245830381351183,14)
(121.36839262697367,31.30933387114273,58)
(121.44140599011764,31.26727058873227,13)
(121.41665796109882,31.238454384019594,24)
(121.45477501739298,31.27519798092698,18)
(121.40927656176041,31.231054840238432,4)
(121.42594477662115,31.229322160591703,18)
(121.37743428988982,31.273245761285065,15)
(121.38934334750243,31.256116542716825,17)
(121.39219139627609,31.238612737970456,29)
(121.38584942164036,31.28315169679058,10)
(121.38361575735992,31.256412861054592,2)
(121.44350114537635,31.27974853026511,30)
(121.40779077001602,31.245656220622436,23)
(121.40579935531102,31.238421278032238,36)
(121.38557567068673,31.247884522274365,4)
(121.39561931485663,31.26217499458939,11)
(121.36760421000524,31.296298300259703,72)
(121.43172276197862,31.2498047644468,6)
(121.36531758602801,31.238691132698598,1)
(121.38934407122949,31.23695121532797,17)
(121.36313386765879,31.30923204059263,19)
(121.43644621579138,31.253409637984653,17)
(121.44530378573947,31.252573323971845,12)
(121.3851301441221,31.276661864006442,36)
(121.40538678147708,31.298639318780584,19)
(121.44938064260192,31.280874399307216,2)
(121.42837333841558,31.23178282765796,20)
(121.44210566663897,31.25539539639447,36)
(121.40984266789015,31.244709966501397,34)
(121.41101636627897,31.24387841845347,30)
(121.41012458136191,31.2442727343139,36)
(121.44119220228974,31.265241048881148,29)
(121.39812418941337,31.269381152184554,6)
(121.4489583268879,31.261589490204145,20)
(121.45833242967683,31.26774606187663,2)
(121.43939495384734,31.260322590281273,10)
(121.43826338017196,31.245590692079592,11)
(121.44006066490388,31.262701669050212,36)
(121.37220043835102,31.313197472827845,35)
(121.45116559422294,31.252483398849492,12)
(121.39289765028046,31.268922609694425,36)
(121.38613237978973,31.288506534933102,25)
(121.46283316454195,31.266277599313064,3)
(121.39906854144617,31.246010346199483,18)
(121.41416182630606,31.271763749302767,13)
(121.36574446903096,31.25175479868526,17)
(121.43809271869286,31.24087623653293,11)
(121.40592454830337,31.22910002392604,36)
(121.41931191989165,31.254023710134682,2)
(121.36452101858663,31.24850452424256,9)
(121.41754060488506,31.237076295903268,5)
(121.38768626169328,31.260597218705925,36)
(121.42394876480432,31.24138125982657,35)
(121.41356033033078,31.28638596808361,24)
(121.38488334086166,31.258910113770405,11)
(121.3916171882623,31.251518235927158,44)
(121.42739250679826,31.277365240859144,36)
(121.46254726887345,31.269877788720027,16)
(121.37415668161788,31.272795240431417,25)
(121.41275221405706,31.23192250982361,44)
(121.38729765486337,31.269292619886393,36)
(121.40130919965794,31.280755827678878,32)
(121.45828161534949,31.25729195731823,1)
(121.44574689241615,31.255475620196474,36)
(121.44511735781933,31.245855326308867,36)
(121.44302543991535,31.27410252784004,1)
(121.373772423701,31.29660461404403,37)
(121.40735679148231,31.266230530394864,17)
(121.36365073770835,31.309213598693198,36)
(121.42558246234354,31.241587937415378,21)
(121.40980376444803,31.259570810825203,25)
(121.41650029690764,31.24353062307931,18)
(121.40933932579854,31.251380983016233,2)
(121.40033016511507,31.30467348139243,23)
(121.3919895645973,31.291910301605796,36)
(121.37306654252771,31.264148365302074,36)
(121.39731754303622,31.258158424579754,2)
(121.38553086324146,31.237104036099584,33)
(121.40337900414231,31.237430570831922,13)
(121.43055117657255,31.260044505900396,2)
(121.38416560325732,31.242002921936695,5)
(121.44163271056267,31.25541757590076,2)
(121.4564702813782,31.26982845120731,1)
(121.40997292633338,31.259384403851616,30)
(121.36359597984885,31.244229206629974,36)
(121.46111186936494,31.26017903512329,7)
(121.39701594016236,31.249471092053753,6)
(121.3907572784646,31.27643518996841,20)
(121.40255676529591,31.259445182770513,12)
(121.44136035366347,31.268613100518188,30)
(121.44234942761317,31.25787209537184,22)
(121.44891159435784,31.25199339793913,4)
(121.41417849241002,31.290911603669503,7)
(121.40402005141104,31.266396005568847,36)
(121.41104175031103,31.258661626853556,2)
(121.41347607207953,31.23913161646153,2)
(121.40593781550686,31.304200720256993,7)
(121.43152519582503,31.25177985338819,37)
(121.39147533333653,31.268863943201588,35)
(121.43721711909629,31.266399228113826,14)
(121.37174478156683,31.26729697795598,36)
(121.41052743117184,31.23195909698918,11)
(121.44638802346519,31.244841252614865,36)
(121.41646313615695,31.288667175715954,5)
(121.39132187070645,31.2667314876694,25)
(121.37018686840521,31.285289350347927,35)
(121.38180180028594,31.283849206253734,9)
(121.3921471461621,31.274328217735164,35)
(121.38493225320757,31.29176884110848,17)
(121.37712411353942,31.272425851392814,8)
(121.43689674709638,31.24373270141102,1)
(121.427004431626,31.23815027237505,36)
(121.45140091012114,31.250823216568545,2)
(121.3670404377222,31.249448031411003,36)
(121.38146432132201,31.2913263383469,36)
(121.4251912907813,31.26491104351489,22)
(121.3721001503335,31.230591205595356,36)
(121.44798535343347,31.27215874612623,21)
(121.36518049618061,31.275084949996568,29)
(121.36429883675292,31.239456138663407,18)
(121.43800775666713,31.254118846916175,4)
(121.42035177173682,31.25347106824876,36)
(121.36435583432586,31.31131657451751,7)
(121.44138445600655,31.255013930666358,2)
(121.41407952458691,31.290836604833626,36)
(121.42099073439465,31.235546664685703,3)
(121.35956902195522,31.277239836227192,13)
(121.4017748136872,31.23640750981031,32)
(121.38160770915859,31.270839072666952,32)
(121.38152360589348,31.27080297200151,21)
(121.37953827110984,31.23411724151957,26)
(121.37739157757173,31.273574642749818,23)
(121.39677807131065,31.252330449775034,2)
(121.43661270614692,31.239100044236547,4)
(121.36661287667924,31.308192300341734,37)
(121.44769492714349,31.260134140893793,29)
(121.38565347915592,31.262838488719982,37)
(121.45040519462654,31.274020080489844,3)
(121.43797780140412,31.25406386414074,15)
(121.41292360251079,31.241171786084948,36)
(121.45956002193283,31.254507940151676,11)
(121.42341363276087,31.257905557849405,8)
(121.38423382254274,31.24940536258767,5)
(121.37047412041431,31.24829001904227,25)
(121.40557796750103,31.24557648052679,8)
(121.44279558527566,31.239168120580647,2)
(121.43150878411618,31.246809671738937,5)
(121.38939298130046,31.240454917298845,36)
(121.3918283984248,31.291363981165347,6)
(121.44330949834931,31.261595603456993,26)
(121.34293672205885,31.30282893725532,49)
(121.3869558521885,31.28677657477998,36)
(121.39780227184615,31.260498233324217,13)
(121.37217438622869,31.289597761180385,18)
(121.40910729317429,31.244095096288046,36)
(121.41500335219253,31.287883740501762,36)
(121.43729124791741,31.24630437266944,2)
(121.41972652258539,31.25433409624692,30)
(121.4158698602941,31.269282096293978,25)
(121.3911332590071,31.25948189888744,5)
(121.38182283417574,31.28083945027864,23)
(121.39159477809494,31.240335097758177,2)
(121.37829893387146,31.25219050380149,8)
(121.46210956683564,31.25940031715362,21)
(121.37905112313322,31.28906887308576,36)
(121.38767048670191,31.251862400886413,18)
(121.44175147972206,31.25720473211194,15)
(121.40945431450895,31.262896978797503,17)
(121.38408144843807,31.235496978816755,3)
(121.42305936389796,31.2735198815866,1)
(121.45380202104394,31.248062272294334,32)
(121.38927355594326,31.237151902105037,19)
(121.39545142318566,31.230065612949257,37)
(121.38590950857758,31.283169226591127,7)
(121.39389195738988,31.23553029946665,36)
(121.39593710793064,31.22335073474658,5)
(121.41525283411772,31.245473007458035,22)
(121.44738158911548,31.248608651523917,36)
(121.42614351216291,31.240104911077907,22)
(121.35166038333664,31.300502940878523,5)
(121.40572978011117,31.243332486457508,12)
(121.38575340059035,31.289564366317826,21)
(121.45555831222353,31.25247914557676,10)
(121.36658767006996,31.251724170886103,13)
(121.42957482498693,31.26503665877271,9)
(121.42784348787774,31.237934406907915,19)
(121.38225830221128,31.28035768759288,36)
(121.381279803411,31.2541304827563,6)
(121.42039133957518,31.271760899763738,25)
(121.4256535786134,31.231367470913167,115)
(121.38272912838133,31.249134814905748,37)
(121.38308465573611,31.28398592021022,37)
(121.42742397875502,31.23820691814718,35)
(121.37418857321845,31.2566885740754,36)
(121.40725619349458,31.247879550666102,18)
(121.41261565908972,31.246217723065485,17)
(121.40990388912226,31.259711531368094,36)
(121.40511033795994,31.237299916375534,44)
(121.43717641298623,31.234590244396966,14)
(121.40515875922742,31.25498760496002,9)
(121.3957467573148,31.23200664833791,2)
(121.43677872195668,31.253793659927148,37)
(121.44557397628012,31.246704037622386,35)
(121.45264832949792,31.27753522273158,29)
(121.43646917300275,31.253333574477537,36)
(121.3606452816568,31.24170943298114,3)
(121.37283648258096,31.255965534518587,36)
(121.44579270177076,31.25452423005643,4)
(121.38877983515611,31.278798751854307,3)
(121.43188251698496,31.249438425158303,4)
(121.42309123540603,31.28381611398142,3)
(121.3904611752496,31.28942429634241,27)
(121.40929987933424,31.230145419583025,2)
(121.34801679758871,31.283467704986702,2)
(121.36474979814656,31.279281391912093,24)
(121.42731727646685,31.240275950902404,36)
(121.42532532059496,31.23628212553665,19)
(121.42186355129681,31.26092992963535,36)
(121.35029777690563,31.27938285789565,22)
(121.42531511601074,31.26034254314968,8)
(121.43397875890986,31.262754800575266,18)
(121.39392333515349,31.23963817970433,4)
(121.41401110581502,31.287871532625385,12)
(121.382437881062,31.23863182919029,2)
(121.41081751455084,31.23413917081465,1)
(121.38778553968922,31.251247221448597,1)
(121.41868291618803,31.26504500960061,6)
(121.40590532554953,31.238026104524906,1)
(121.42683569198937,31.267484377106985,1)
(121.44762553715995,31.253955575904794,21)
(121.42184846744598,31.240616396351456,15)
(121.40762472904377,31.258719860782307,15)
(121.40428123976334,31.250066354154228,36)
(121.38851812629662,31.25035339738396,2)
(121.42518276544142,31.248292242403554,12)
(121.42908564928294,31.24480830657846,6)
(121.46043456804479,31.253089369392512,2)
(121.3609417228231,31.24283568140758,1)
(121.4256526794773,31.241615151837806,15)
(121.40970274043367,31.302546163873096,36)
(121.3896167508369,31.241980886077727,39)
(121.40409006965268,31.239185473402806,36)
(121.43787996959041,31.242663242865497,5)
(121.38897101635337,31.27895896156106,22)
(121.45809873307644,31.264706551116063,26)
(121.39283155058209,31.238973251285877,36)
(121.38229325754459,31.244888498715436,3)
(121.41275589411069,31.267903310060316,19)
(121.42545940246687,31.253808582112224,31)
(121.37640148423138,31.25344231421952,34)
(121.42552616215993,31.240353544029066,4)
(121.44139885996341,31.25866922649251,36)
(121.36303915500051,31.308996230585482,26)
(121.38953510595717,31.28283275631266,36)
(121.42352592122593,31.284613121660573,4)
(121.34275138909871,31.28053568854028,6)
(121.37237278763618,31.290691460236964,36)
(121.4229459523934,31.27913329625399,5)
(121.3564924097614,31.302020893171722,5)
(121.45301560322838,31.25616240604546,1)
(121.44236440367321,31.257919092378273,13)
(121.34889595733026,31.303110213312344,21)
(121.42310432306334,31.262045980256215,36)
(121.39535701018126,31.247176122795207,2)
(121.41313257483117,31.276024833373285,3)
(121.38548554150447,31.24253842928551,25)
(121.3998708565467,31.300845797832576,18)
(121.42542642434397,31.242390903744443,13)
(121.42976639853775,31.25824799265216,1)
(121.42669471168783,31.271942310588067,2)
(121.44164952437927,31.267043119885077,36)
(121.39596115333694,31.23520821390557,9)
(121.39300984549769,31.26391333733741,5)
(121.4391465589516,31.254629911736558,4)
(121.33549516092323,31.293129056733235,16)
(121.43944185571954,31.283066084877348,8)
(121.38596346611952,31.293536451536436,6)
(121.40308202608776,31.250709246109164,37)
(121.37631644709782,31.300598307184288,2)
(121.38166263831977,31.28076725880042,27)
(121.38908574195024,31.274667265804393,21)
(121.38170872518673,31.281137457502,15)
(121.44296442869384,31.28274649992987,1)
(121.39673862567707,31.271956340535656,5)
(121.42532842237809,31.24107903419143,29)
(121.4271192409122,31.28097787773718,1)
(121.44477981348909,31.266020860161145,11)
(121.42158898239354,31.246217400541035,36)
(121.38701658130408,31.282999088442626,22)
(121.43039262802782,31.26712957099099,36)
(121.4533415286038,31.262787313539544,10)
(121.44783859405393,31.248331717396777,13)
(121.40655432729827,31.249330189469838,2)
(121.43826338729019,31.282057622543608,11)
(121.43654611751737,31.265560763954195,68)
(121.37603011886597,31.246193173163878,3)
(121.42304294034325,31.245586812951736,2)
(121.40246569979178,31.24288036764338,27)
(121.3986991431139,31.30044399604007,23)
(121.43214696337452,31.24327649982594,16)
(121.43582310417848,31.264062555017947,5)
(121.41747033623503,31.250030083965086,37)
(121.40221363915457,31.24691830883029,2)
(121.38673013413883,31.240973369655325,1)
(121.45824286483747,31.24748472956313,16)
(121.39257740452693,31.231512455375682,18)
(121.36856627148674,31.240430242702374,1)
(121.4353287930685,31.274624160273998,28)
(121.3914658951654,31.254278208810646,36)
(121.37923351386017,31.23089749942015,25)
(121.4451092582416,31.2547246085036,26)
(121.43381676858883,31.28310952726198,1)
(121.38108570963196,31.232031458022377,15)
(121.42450031730732,31.276520050767335,19)
(121.42160358600887,31.246368203299966,26)
(121.37971810942913,31.233087497989448,7)
(121.42252911540274,31.261188267707947,1444)
(121.39725346764985,31.257409301498054,37)
(121.34425905132096,31.295935704048468,36)
(121.41091630450639,31.23144579794753,2)
(121.3892618467679,31.28238000746559,1)
(121.43677052004907,31.253632858642032,36)
(121.3722333438625,31.313197477427227,59)
(121.4340324258801,31.25982747450309,4)
(121.39893855584018,31.246760635388043,22)
(121.37862451032446,31.278483935520963,1)
(121.41138245408935,31.25486674884419,36)
(121.41087139598282,31.243849430550856,36)
(121.4404592437715,31.239122661837015,36)
(121.44343540212286,31.256386904475228,27)
(121.36888325917417,31.314354895816635,3)
(121.42295944054229,31.26195104333179,31)
(121.40994489934808,31.242777172799666,22)
(121.45623442629135,31.252496231117163,3)
(121.38921286865062,31.251899600489136,7)
(121.40251751481034,31.245201915152784,13)
(121.42876738948033,31.260446489301653,5)
(121.42326419746486,31.262211935855422,12)
(121.42788381391706,31.265122340919415,36)
(121.45540190771366,31.256428646492054,2)
(121.43689294715121,31.248710691480184,36)
(121.36317297411418,31.30492815472942,23)
(121.44377925972657,31.241308493166454,19)
(121.40219963471428,31.264200271578016,4)
(121.41097290694557,31.261424132399775,37)
(121.42695129775656,31.261034582152394,5)
(121.42108594282351,31.284593783545787,1)
(121.41018557854174,31.244366767959793,10)
(121.4195200714579,31.25422155329199,146)
(121.3861915023602,31.27985911035212,36)
(121.38606176095874,31.284312823804857,14)
(121.43817492860455,31.247796827744853,2)
(121.446365518792,31.24483934867357,26)
(121.3829601382398,31.243307183921022,36)
(121.37588169216669,31.24644005037171,1)
(121.40093260953786,31.24061309248385,1)
(121.4431244540945,31.242319605658096,3)
(121.39865090602308,31.297955003993096,29)
(121.44877811602451,31.259418738177715,11)
(121.39055695215232,31.268881003789936,8)
(121.42421062815758,31.255190928298767,15)
(121.44333798160916,31.239814530965077,3)
(121.3411222667542,31.286412029936507,5)
(121.40511064697368,31.230806756029317,36)
(121.38575260043262,31.289509566295543,32)
(121.42692498770917,31.229395035877246,3)
(121.37712067857959,31.23293351422359,3)
(121.37697849335149,31.267584639018608,36)
(121.45990506749823,31.250092986668896,35)
(121.40566179905585,31.243590598112444,3)
(121.36866889826923,31.31430157349355,10)
(121.4462636976312,31.24483983081112,10)
(121.37768892065365,31.249516719468826,29)
(121.41562596914599,31.269194153792828,2)
(121.38835045039075,31.28236304247343,37)
(121.45879900806638,31.254310528800307,16)
(121.39305188439653,31.24566428636132,6)
(121.43740687424645,31.267114276224063,17)
(121.33986143623336,31.29771861254232,18)
(121.4126430105598,31.25628255195522,37)
(121.4098100661831,31.237211855380043,12)
(121.37246190685482,31.255937034710556,6)
(121.38163311302128,31.286623617689575,23)
(121.45312148276697,31.247618306764686,10)
(121.39120537869542,31.231652067760198,2)
(121.38675715390852,31.280963040072137,31)
(121.37635410153604,31.23335167932157,3)
(121.40806190036446,31.233509052921946,36)
(121.36026001427851,31.249437765926075,9)
(121.44506935204774,31.26396478408002,1)
(121.43253833526985,31.251085331959057,14)
(121.3826548899275,31.270362915629153,16)
(121.40183612739015,31.250882593962338,4)
(121.42845175971671,31.250726708561764,9)
(121.39474023851932,31.244193665680672,15)
(121.44708529420217,31.26191327441442,16)
(121.36447145094334,31.309470092088628,26)
(121.39004395378797,31.233365884524723,15)
(121.37936782820802,31.285260207838014,8)
(121.40452295605381,31.22353633225186,21)
(121.45457542635086,31.251274126349717,6)
(121.38084494417623,31.232668386302485,28)
(121.40946725451694,31.227835336193014,9)
(121.38999973904383,31.254294219804915,5)
(121.39508003504133,31.285435452255292,29)
(121.39040522641544,31.267581230546863,11)
(121.42687069710955,31.237870440577,28)
(121.44415264696339,31.242635481548685,5)
(121.46314955694424,31.25788725412525,6)
(121.42929955591565,31.246671925088304,20)
(121.34024075285163,31.29278323532034,22)
(121.43355827872341,31.238847758748378,37)
(121.41173517273414,31.25514226191704,10)
(121.42884910389544,31.258274469513754,19)
(121.43509751250964,31.24445940447338,34)
(121.43623849470066,31.235558488852462,2)
(121.39675835264676,31.25953620052641,1)
(121.40507536619693,31.262023648081342,36)
(121.39517705098737,31.262035716279406,2)
(121.41524911579704,31.234502033032296,13)
(121.4490217645967,31.25790208232089,2)
(121.4366289166183,31.253287343831083,8)
(121.3975578252495,31.25665947179393,24)
(121.3344483445521,31.299641628284657,36)
(121.4224976075806,31.26048566250993,24)
(121.42640642794667,31.253743750699954,1)
(121.41706306223466,31.25329274066504,28)
(121.38274397893909,31.247220980757195,17)
(121.34335651987345,31.301293124515247,22)
(121.42682186631245,31.261033755595523,21)
(121.38099354951483,31.243938956731093,1)
(121.42533880290976,31.242009986379013,36)
(121.45217662925128,31.24525524310376,37)
(121.42543438944226,31.253373411997263,37)
(121.45556458702431,31.246607023791544,8)
