(121.4585553732787,31.251185688100218,6)
(121.44260635866942,31.239649618383318,8)
(121.397381076925,31.248803012767535,6)
(121.37446954729631,31.22858031694823,36)
(121.36701161773772,31.309039297659957,36)
(121.46056561254248,31.269185013719834,10)
(121.44210803421191,31.28261691112062,2)
(121.43026889570429,31.247635183028827,36)
(121.3544649515644,31.286253175593142,37)
(121.43653798518207,31.234613380260306,17)
(121.42503525114145,31.25040203916733,16)
(121.41292697355635,31.279806453758194,22)
(121.41026697879424,31.231100561916946,214)
(121.45660020440855,31.26951137128298,30)
(121.37954827301462,31.23411944311173,36)
(121.3769936047669,31.26862809891609,29)
(121.42894061022517,31.242386364547233,7)
(121.39343759643641,31.239702601688435,77)
(121.4121920656108,31.255361257763756,25)
(121.40543386461015,31.255965052519247,36)
(121.37458033627915,31.247331949558763,51)
(121.4440002267312,31.245872178703408,2)
(121.4369320626783,31.237545916591227,8)
(121.45924065827232,31.25697348019538,21)
(121.38261365084067,31.245161936449318,31)
(121.42294450042658,31.262489285392725,28)
(121.37127958554333,31.313526144666085,24)
(121.45511963198818,31.250843881383137,18)
(121.40098999460783,31.232214689628226,36)
(121.38921289488862,31.2522007329234,8)
(121.34841754454769,31.28943274867657,32)
(121.44161765869255,31.256434602245694,5)
(121.39493150277173,31.24591853457229,36)
(121.3595690218133,31.277726735152196,16)
(121.44803677585121,31.25529742926788,4)
(121.37211853308762,31.277917539368804,5)
(121.35027461977958,31.279158910172004,13)
(121.4272164583892,31.229303695780242,3)
(121.43653006440088,31.25318943117581,7)
(121.45505232147694,31.25676946010002,22)
(121.46146432809275,31.26524177363194,14)
(121.42277513902147,31.245219839791403,36)
(121.38853134578987,31.229754115019688,5)
(121.40600756086613,31.275065232269835,14)
(121.39951210294626,31.261997493922546,36)
(121.4443429950056,31.250991578385804,33)
(121.37807189386344,31.27820234608134,37)
(121.35307391792288,31.295156422324894,36)
(121.41117729655875,31.24350422194502,37)
(121.41231668535627,31.270983512120402,14)
(121.39331444131189,31.290953842479784,26)
(121.41139655760898,31.262800536222557,120)
(121.41073171465555,31.242008069071712,43)
(121.40274976808412,31.240343430029665,1)
(121.41569929681775,31.238968893370114,7)
(121.36767415688392,31.301994455830926,29)
(121.42225564794205,31.260328612457116,3)
(121.41859654903064,31.237289824432324,21)
(121.44439784131721,31.2618925466967,25)
(121.42385013264503,31.24456476244544,36)
(121.44669759319471,31.267078365391168,2)
(121.45027526179672,31.25993433498902,7)
(121.43114120579189,31.26175233210547,13)
(121.43368797650638,31.24898014075833,33)
(121.40050194080139,31.233306056915783,12)
(121.41400823881665,31.264350653953727,18)
(121.38157651807003,31.257571365967372,36)
(121.44220512644702,31.262800448703587,22)
(121.4157693357446,31.251261354613796,7)
(121.4365979991004,31.23549739027749,2)
(121.42514665572685,31.23963125114622,36)
(121.45536187504823,31.247361724920058,10)
(121.44624797451138,31.260322754486328,36)
(121.41153932307776,31.290639176345138,10)
(121.36454876116322,31.311626096151002,11)
(121.43930862334436,31.284589816380706,47)
(121.41090129787281,31.231331748138633,2)
(121.42329482565502,31.264696651139673,2)
(121.39595817098456,31.231503100648496,4)
(121.38144417770398,31.23245902190699,2)
(121.44886881571534,31.241964014568694,13)
(121.35956922170205,31.278190334147798,37)
(121.40704309406016,31.24668302000107,17)
(121.3880419908144,31.24059217286309,6)
(121.42144295466412,31.26498937653256,16)
(121.45379840830574,31.252420204593033,36)
(121.43131270316078,31.265861186871657,14)
(121.40403660624185,31.24317025463946,37)
(121.4362268038842,31.26767708287203,26)
(121.45128891001102,31.24979077487908,13)
(121.3928501436797,31.236397366116062,37)
(121.42324920847446,31.26218693600935,12)
(121.43266144048272,31.272156343277018,2)
(121.4149392937295,31.269349471669127,9)
(121.46176678663437,31.26262949543184,4)
(121.3647502330487,31.24624987035539,33)
(121.3762423177453,31.23124770677238,5)
(121.38128502277856,31.26927738294426,15)
(121.39781859889817,31.26034640634282,3)
(121.4602454004288,31.256843434280203,15)
(121.37892059246659,31.284912047826513,10)
(121.39335370001446,31.282522329462314,21)
(121.39714369154471,31.234424384541157,12)
(121.36480869749448,31.312234025054547,7)
(121.42495685919737,31.264832762890148,2)
(121.35541269652707,31.284177959463804,9)
(121.36759252481025,31.2330383341761,3)
(121.40804773272366,31.258711848262372,18)
(121.44322476429244,31.25779968051377,36)
(121.41315999414451,31.261458407296203,36)
(121.44055007212013,31.264266195816944,17)
(121.43251425779573,31.244808654473598,6)
(121.42318680496047,31.245473658738984,36)
(121.41347512233631,31.272206142143606,6)
(121.3641966126203,31.309821359575007,8)
(121.42403266559616,31.241128082038205,12)
(121.41231962112826,31.227760814435435,31)
(121.39263497852501,31.268417031268832,36)
(121.43502327118065,31.27481862559427,10)
(121.41319652582773,31.229871566043553,12)
(121.42788145011443,31.23799139726487,11)
(121.45111973757125,31.252925680845845,22)
(121.4130866755105,31.231276149784996,1)
(121.42626531495448,31.239292439346297,8)
(121.4230584101957,31.262586245506245,36)
(121.42812598112302,31.247259327614117,21)
(121.46024882488376,31.250313563179848,6)
(121.41025587592729,31.255455712949313,25)
(121.44353898596792,31.27875706007147,1)
(121.44389050597883,31.283068235981485,7)
(121.39412145512227,31.239571258324354,6)
(121.38225088922897,31.283678081172283,1)
(121.43981101841722,31.234906699693312,1)
(121.41124530072074,31.24373631332547,2)
(121.39968591510863,31.236175121539393,37)
(121.39729945713806,31.25744447955035,11)
(121.45282505709127,31.256194797215347,34)
(121.4033398679528,31.30469785336688,36)
(121.44410184503741,31.25704862374748,36)
(121.45493268920241,31.252853090093314,3)
(121.4241085877948,31.241039984347303,21)
(121.4594989146121,31.25140671356981,13)
(121.43480748684337,31.23918039240533,29)
(121.42384985525342,31.24138133467832,35)
(121.38300924737221,31.247136484425745,3)
(121.45385704987804,31.266891483973577,3)
(121.40764396167283,31.23392525823728,2)
(121.38610835193072,31.2905613881734,12)
(121.44348460727872,31.261727962445747,1)
(121.4269894512896,31.238190303931574,1)
(121.39815925747322,31.25783124754244,30)
(121.41711217441956,31.253269151000136,8)
(121.39447269001401,31.2397605328703,5)
(121.38296536266306,31.232261738032438,8)
(121.42640317114468,31.23929432081199,32)
(121.42532895260709,31.247164757004374,36)
(121.40823297305728,31.245958665899085,30)
(121.4075534170951,31.239100612912996,36)
(121.43374945362561,31.25546391862583,27)
(121.34712694868422,31.30320683244943,4)
(121.41526414059264,31.23486419277494,21)
(121.38650006013071,31.268034642814186,36)
(121.34053016334255,31.29681233503533,15)
(121.4159278810652,31.235463212581326,20)
(121.38494431519089,31.257879721823507,19)
(121.42509068530332,31.241410377224987,28)
(121.42886312167111,31.24720259273269,25)
(121.39185284917225,31.227457379559635,18)
(121.40631069130352,31.25354303835225,22)
(121.42281302886097,31.244328414681956,7)
(121.43212994284832,31.27738220009521,16)
(121.3762283171171,31.25450511822524,36)
(121.42522286180379,31.233453659276144,34)
(121.4412409267316,31.265551284176293,36)
(121.42272316361633,31.26604179865646,28)
(121.40985097620927,31.24289895303929,9)
(121.4278039127418,31.23082619816359,22)
(121.38103446575784,31.26445577690272,36)
(121.43489298995932,31.2706324605457,38)
(121.41088892904848,31.2614641641083,26)
(121.44004795688318,31.23896519720259,3)
(121.41667654561638,31.25889731910314,71)
(121.40762861724777,31.2299654420291,19)
(121.43297136104732,31.241771766863533,36)
(121.40909268958238,31.24415779313741,36)
(121.44696914291478,31.241770359673364,33)
(121.4275758990167,31.239220237255036,36)
(121.38292979496133,31.277162026127478,26)
(121.42763700754823,31.229772868172468,17)
(121.40524158349201,31.241431599795064,16)
(121.38955709655087,31.251151522897718,2)
(121.36804987631342,31.314475758873407,17)
(121.40488003121608,31.304194856029515,16)
(121.38426424151741,31.253845344698064,1)
(121.41296444329932,31.289353253854376,5)
(121.43238040291253,31.282581839926916,25)
(121.35343972465016,31.28481381456841,11)
(121.42839965988027,31.24717502949542,12)
(121.41837360785884,31.237117677005315,6)
(121.45070431746245,31.248714613745612,36)
(121.43921621837939,31.25983063414678,14)
(121.37768259637666,31.24625017578494,4)
(121.41210017348021,31.24483462891259,1)
(121.44638042109894,31.24165875707243,4)
(121.44192117353842,31.254770430398803,35)
(121.40580708533241,31.254483194757846,10)
(121.4277403396442,31.28075402673048,1)
(121.43533659287661,31.270624747463348,29)
(121.38263668820652,31.245288015269576,36)
(121.39103657718309,31.231425677042406,54)
(121.43646917361214,31.25334057754889,36)
(121.37083636434933,31.27900066038464,54)
(121.37961470571857,31.240518171978042,90)
(121.4011708999242,31.287858756302327,22)
(121.4422218159693,31.28254470467808,2)
(121.35952941456836,31.286202712393866,36)
(121.42257204873917,31.27658250343467,4)
(121.405273755428,31.278905080708018,2)
(121.457613371207,31.269158490991213,24)
(121.38838905867532,31.282326349507894,18)
(121.43373649994362,31.27870981488865,2)
(121.40997293226933,31.259452433282323,16)
(121.41766737250632,31.251744747402537,18)
(121.39965554277421,31.24350341990422,23)
(121.45747605594464,31.26017561886511,4)
(121.37880162932595,31.24494340275823,4)
(121.442134217538,31.239361226138346,14)
(121.40621568364821,31.292356702123193,10)
(121.42310433222393,31.2621510254231,34)
(121.40942341065269,31.252488461530024,25)
(121.39596455253894,31.27419125234583,29)
(121.46104233470143,31.268933719367418,1)
(121.39592286411533,31.274583496463993,1)
(121.43694855987232,31.24873570217505,11)
(121.42934593860365,31.251700104524993,7)
(121.38643119807203,31.227672467410066,9)
(121.39682563357512,31.25850796691338,6)
(121.45061799185926,31.265721173668645,6)
(121.45548160164697,31.26345461348281,1)
(121.4279887333259,31.27701324932759,6)
(121.4081725634248,31.254594282192365,2)
(121.34993241438787,31.289818334978243,1)
(121.42301439672123,31.261994022516124,7)
(121.38529303632534,31.22750340682899,36)
(121.39778457908969,31.229687474276297,24)
(121.38628241034344,31.293616950322317,3)
(121.37713111328627,31.271073388362638,4)
(121.42737862833629,31.245084053126913,10)
(121.42956634723897,31.233385998639378,1)
(121.38501418540636,31.267038718122457,38)
(121.44141892475423,31.243829337035255,4)
(121.36685655167105,31.29960433864548,36)
(121.42696320137038,31.28084377196673,3)
(121.43602015679973,31.24508851009755,33)
(121.38108940130256,31.274446054366628,37)
(121.42802652168454,31.25216058863479,34)
(121.4493834372083,31.258719541861662,11)
(121.43832112886828,31.264365848535554,31)
(121.43729299533777,31.26638612030973,33)
(121.41106579714727,31.230862159838384,3)
(121.38867855658229,31.253661974494083,22)
(121.42324920533372,31.26215092052608,9)
(121.44852766559897,31.259751494944236,38)
(121.456280528188,31.255003233237098,36)
(121.4108917541405,31.2892380084475,1)
(121.38368950502166,31.229570897720254,20)
(121.41301378915706,31.23218567894652,11)
(121.44640615269478,31.257772163673618,179)
(121.37983532809625,31.232808991658462,11)
(121.39898461900133,31.247276880889107,9)
(121.45001613168509,31.25175625266588,17)
(121.38488523046252,31.280594269636236,17)
(121.39380095765146,31.235658947571782,36)
(121.40906286081304,31.234169287276355,8)
(121.40246574004983,31.259381137182544,33)
(121.41173417676538,31.243723210999885,5)
(121.46055837949001,31.261903955825506,106)
(121.3764137787519,31.27985310386494,33)
(121.43504006617047,31.284218481655802,36)
(121.42265572526462,31.262234379932018,19)
(121.4176748187804,31.2279040058441,1)
(121.4294263172028,31.260325919738037,1)
(121.38008326530579,31.28419972479488,32)
(121.45293492726137,31.255634930222833,1)
(121.42964409188961,31.269062300058067,37)
(121.40971534240346,31.30256080517457,36)
(121.41270968082296,31.2412808901026,4)
(121.3826406279195,31.290516189607793,36)
(121.37817700546795,31.27716463731063,36)
(121.42706912725023,31.268489791926495,22)
(121.42737786957117,31.23637212744886,32)
(121.43192509540674,31.28438024538272,22)
(121.42412402182171,31.24618027517858,3)
(121.42376717942224,31.255698742994717,36)
(121.43215726953174,31.25083873625193,2)
(121.4235239718906,31.262268769729477,36)
(121.41606591424241,31.238604759709695,12)
(121.4612031978315,31.249668127929358,1)
(121.43310353026214,31.268768403013965,29)
(121.44525991360649,31.26056995607373,12)
(121.37303480034873,31.256152872524467,2)
(121.42703557686218,31.24020217221206,27)
(121.42264587723064,31.25242112070454,34)
(121.39991673723955,31.2561470887456,21)
(121.44927137106036,31.269994500302346,5)
(121.41502039610046,31.236549047959993,9)
(121.34050346328733,31.28154688213572,9)
(121.41789206789889,31.25333931423751,20)
(121.42141370530288,31.284773648098366,1)
(121.42123831699817,31.242083266411132,15)
(121.38083044574937,31.29006417947364,36)
(121.38256796143641,31.23783359566078,29)
(121.44371056130957,31.256888853402014,6)
(121.4251552962443,31.272058664100967,12)
(121.38949960577267,31.2311637550097,5)
(121.39819042126244,31.248771256025726,22)
(121.35191141383815,31.286126355660215,14)
(121.4252529112213,31.245828224229015,36)
(121.43910434285576,31.25906046069959,1)
(121.39483791369298,31.239542869048147,6)
(121.42922074254447,31.23297629785043,20)
(121.44247029136136,31.246671546391898,28)
(121.4563028446359,31.24753546746711,9)
(121.40396105203124,31.230049282183867,3)
(121.42460382116786,31.2548222773438,1)
(121.37803876294791,31.254194088496337,26)
(121.43505483330829,31.28180447619251,36)
(121.40904297734886,31.244980281240572,18)
(121.37800801719777,31.24608047136481,2)
(121.4553849866108,31.27170848313132,91)
(121.43672775597452,31.25324319374858,11)
(121.38627954001723,31.233325939752977,4)
(121.43041914925296,31.246350636092103,26)
(121.40224511321,31.264225176436437,64)
(121.42850087153893,31.262407592228847,17)
(121.45620528266241,31.273026108818318,32)
(121.40232939789594,31.267268491201555,9)
(121.40623561030505,31.27314707634874,1)
(121.4263032717477,31.239250387550584,7)
(121.41602708153796,31.238319470436068,1)
(121.412912253679,31.232411542355337,6)
(121.39556045515751,31.26242863141852,39)
(121.43540250277763,31.240209717532633,1)
(121.39609121856927,31.246633420246454,36)
(121.4417714378062,31.257145675730627,9)
(121.35600000939928,31.302508546024473,37)
(121.44351954416078,31.26431763643856,21)
(121.43405992693421,31.2316128598357,16)
(121.42251505948482,31.230313262786595,20)
(121.44853116631855,31.259798695452567,37)
(121.3969844307799,31.232322355297516,6)
(121.41973522316236,31.22942204488301,21)
(121.42709175395096,31.265390433710746,18)
(121.43446363155842,31.2349959164322,25)
(121.44001345440823,31.2627694600483,52)
(121.46100859565401,31.27123387960061,1)
(121.42518576527029,31.23951925942748,9)
(121.3650528519465,31.238836313697384,5)
(121.39189048894937,31.303338733269346,36)
(121.42318732571071,31.25144830713491,3)
(121.45803778709353,31.251992166984486,4)
(121.3965789945081,31.229647948919997,23)
(121.41067327646459,31.241994631323088,14)
(121.35227836618034,31.28536900703044,37)
(121.40896895895379,31.259417337741848,22)
(121.42603099671493,31.255794970760043,10)
(121.41038241929394,31.23149590632802,32)
(121.40191014446164,31.26065338946619,36)
(121.39525911789725,31.23930473229978,3)
(121.42399628448935,31.259301135399674,17)
(121.36478844326203,31.247890657311686,22)
(121.45503148181209,31.25326006581695,1)
(121.36838042509133,31.309343869555462,6)
(121.37851096790158,31.2774597890033,17)
(121.41093828713682,31.30003500686479,9)
(121.39872291431269,31.263334799528558,5)
(121.36980297616357,31.281828647085486,10)
(121.40251658933353,31.2670494990499,1)
(121.3962535133712,31.274042541859934,2)
(121.41518383986212,31.276838521889054,28)
(121.39126903713391,31.269104459262095,15)
(121.45305257482156,31.245335555604502,4)
(121.43724432928627,31.258687440598912,9)
(121.39096312034583,31.268071549725544,9)
(121.39195447559722,31.25676760837552,27)
(121.36706052502764,31.309052403695752,20)
(121.37867281431889,31.24516080883645,34)
(121.38610545029677,31.257274475627167,4)
(121.45017728529213,31.269170469057663,1)
(121.43027652091507,31.259873092721335,19)
(121.33976934664918,31.287698998829246,12)
(121.42568595008852,31.239764144873277,33)
(121.41935947459746,31.242128602178052,36)
(121.43529480059436,31.239708020709493,31)
(121.42248000322215,31.26022605934821,2)
(121.41166734989989,31.268424991264897,6)
(121.45512185512679,31.251110613367413,11)
(121.38594755032882,31.28320927570223,36)
(121.3650965148014,31.277017627159726,17)
(121.45154255914629,31.249727616449466,37)
(121.4410962927007,31.255419976382058,4)
(121.44896566561123,31.24267215581514,26)
(121.44792221432483,31.24602054037043,4)
(121.36740618596369,31.274025124451924,36)
(121.39718385056256,31.25897932448059,28)
(121.37397514177648,31.308993634787534,23)
(121.4164732515722,31.288666854867994,2)
(121.41961391463359,31.229949949822462,39)
(121.45772548569613,31.250760297706695,36)
(121.39216742441467,31.24291762240163,12)
(121.40209961177655,31.248257283187996,3)
(121.41016685392069,31.267300071047167,5)
(121.39184191912938,31.234511580651567,17)
(121.45433211416557,31.25237410573522,10)
(121.43350793377927,31.27993859385318,6)
(121.42294622286587,31.282232570542316,37)
(121.40722598501384,31.24547948297941,12)
(121.41263116305458,31.256396706620013,5)
(121.41400353334215,31.290600533900044,36)
(121.37114942150438,31.273932978039674,20)
(121.41329787142843,31.245701714864122,14)
(121.40517398002207,31.25750470295036,10)
(121.40606868344113,31.27644480914008,24)
(121.42240538344439,31.24356487554474,36)
(121.38278073078185,31.232378317503187,11)
(121.40513010891817,31.27048225448126,1)
(121.4030209866172,31.23797175651356,3)
(121.43214111979245,31.248870884557945,1)
(121.4056457668638,31.243231436213627,33)
(121.43631901778384,31.260761157737704,2)
(121.36767631972194,31.300901699047497,14)
(121.40114046422633,31.294420374494315,18)
(121.43638707701649,31.273689407633185,19)
(121.3839220451061,31.267346850896292,32)
(121.38195298960858,31.280864591424876,24)
(121.4603327624865,31.253591372282806,4)
(121.43922859630204,31.23950188684691,10)
(121.36429642649095,31.30974697123393,11)
(121.38501540447007,31.281025563573493,36)
(121.42663348678325,31.268620963357186,6)
(121.45709968598014,31.247603886406743,11)
(121.37666762904256,31.26924832142038,17)
(121.34083264323517,31.286691597873553,8)
(121.38387386410795,31.242879121723018,17)
(121.4305177432057,31.243122089599986,8)
(121.42604333365496,31.24833968087072,2)
(121.4090649827462,31.245925883983237,36)
(121.43278941905369,31.251008090789572,10)
(121.33953983172455,31.28770656800298,36)
(121.38483471527393,31.262216164512655,37)
(121.42497016733613,31.245590347452065,34)
(121.43912645601056,31.26240629328867,16)
(121.39718449940743,31.26641751810611,9)
(121.43238010295352,31.283290938471378,7)
(121.38872715424384,31.282992434979704,10)
(121.42877173697266,31.25169907188789,36)
(121.3802597011618,31.274792473390928,37)
(121.39015454421663,31.25928011865432,36)
(121.38603595540641,31.252385279553835,8)
(121.37609222838401,31.253601767201534,33)
(121.4229463706,31.28392526230468,1)
(121.4438980022278,31.260238181006887,137)
(121.37146903682961,31.263694074481798,36)
(121.41335287818642,31.244028699508295,8)
(121.45179943068257,31.2788874400577,11)
(121.3795880896579,31.23475712014957,24)
(121.36371666243295,31.25238653122304,127)
(121.42804952401283,31.241019607707997,14)
(121.37244542971123,31.23920158385265,35)
(121.40362818790602,31.284915058177628,3)
(121.44381105756253,31.251184841734315,33)
(121.36701761862975,31.309046398387643,29)
(121.40029115586238,31.30462407370092,36)
(121.3813050317694,31.243376439941084,1)
(121.41871307051885,31.236485118042076,7)
(121.45302534523809,31.25866363901681,3)
(121.42623569309639,31.23180605469839,15)
(121.46051896681021,31.260298319279787,2)
(121.41207972645681,31.24591081169588,19)
(121.40813309942457,31.274275937153885,13)
(121.4086746963684,31.2432484269556,36)
(121.40510033476693,31.254986879813558,2)
(121.46303748916682,31.25350360186577,4)
(121.42409360331695,31.2410590043846,36)
(121.35100968774405,31.29669929557267,3)
(121.45347151362205,31.256117478856922,36)
(121.3895041993805,31.28190125263819,37)
(121.40216161226306,31.2701666832134,10)
(121.4484286698572,31.263781194450992,1)
(121.42297569820573,31.276517191522974,11)
(121.39703042753946,31.24350644337569,26)
(121.40543829511253,31.268338791532884,26)
(121.43737805888345,31.253976075202118,36)
(121.36397818284681,31.308341537907157,36)
(121.3505193362497,31.28145829313431,4)
(121.40306982329655,31.248150448655803,2)
(121.38589553897872,31.23697609994222,7)
(121.40079399627659,31.255849211720076,37)
(121.42173381933442,31.261542901415368,17)
(121.44193817863493,31.246222609280327,20)
(121.43573726560747,31.241320184755317,11)
(121.45287057642419,31.251901826756274,36)
(121.43017591119553,31.251589209835,37)
(121.40406340241645,31.239642971014167,4)
(121.41846605339954,31.230667865676033,13)
(121.36888197507336,31.299598241295552,23)
(121.45277116288287,31.244438711618127,36)
(121.41908476321113,31.24718777567,35)
(121.44926295076912,31.241954288000642,6)
(121.44937314113923,31.281007897785575,26)
(121.459390685966,31.264350087749712,26)
(121.38102175051496,31.290890709358973,36)
(121.4510894580283,31.260416000561236,36)
(121.41516268999744,31.23183048319301,26)
(121.44626272902427,31.25785165886337,1)
(121.4043999448432,31.233045148316624,15)
(121.38554796215399,31.25813436699773,30)
(121.38515871608627,31.259915794909546,37)
(121.41925745715031,31.252609315365042,36)
(121.39642555892193,31.22555298546722,27)
(121.35140069287289,31.27902276629896,2)
(121.4080428821144,31.302021093981335,22)
(121.44497903298912,31.264034167851104,36)
(121.41337306103306,31.25963581395513,34)
(121.42868921889306,31.26560852856299,28)
(121.36497202026572,31.313309141747915,2)
(121.40033489428168,31.244864234696124,37)
(121.40478745105753,31.28621072744459,9)
(121.39555127491028,31.26215395245738,37)
(121.39376184377439,31.235188071065654,34)
(121.42297248504785,31.263735800208583,6)
(121.37893401741981,31.2666014446265,36)
(121.45014633905164,31.268990450894275,13)
(121.42267294934551,31.24383483068869,29)
(121.41939831430305,31.2520529933512,32)
(121.3864609481349,31.291361886594547,1)
(121.43598804027266,31.253323207428778,36)
(121.3726629064489,31.286931325390224,29)
(121.4519452360827,31.247223086509713,3)
(121.35088512339063,31.288465177456853,12)
(121.44445611794072,31.246239307440508,36)
(121.4406720465744,31.241215289532857,15)
(121.41015575140577,31.228128044337137,12)
(121.45942488878228,31.255274609479013,3)
(121.4061643684922,31.238415292150275,7)
(121.42639946182348,31.245422198436295,20)
(121.42399598479625,31.255863642055044,29)
(121.39285104142827,31.256007827261016,36)
(121.43561871852711,31.26049911889085,1)
(121.45542591657578,31.271350622068738,27)
(121.38631992328395,31.26252892253101,18)
(121.39081251728707,31.290145826152433,36)
(121.40671358884478,31.227382190951573,1)
(121.38722684099136,31.23773173254078,18)
(121.46306874422538,31.26898420099585,1)
(121.41744645554357,31.251241629642337,7)
(121.45772577643697,31.254118773524034,9)
(121.43087891457755,31.273297797228775,2)
(121.39708634688596,31.276679791245925,36)
(121.4270527027337,31.264784958707928,9)
(121.40973084648117,31.259696895417363,36)
(121.40216330344815,31.287079986657883,37)
(121.39713065983563,31.257086480682005,1)
(121.428945878982,31.252306706162113,41)
(121.41032946300636,31.23188109090883,4)
(121.40125036177083,31.235573290880712,32)
(121.36068565818866,31.28015984296997,14)
(121.41665510686536,31.236779792550436,1)
(121.43216007695645,31.28306143221045,33)
(121.41214384244162,31.259522198678685,36)
(121.39367927103399,31.25219263795627,36)
(121.35922915056405,31.306181050911842,17)
(121.43813699347292,31.247817889670262,2)
(121.44981677358956,31.242519517017573,35)
(121.41269517304696,31.24687139533407,23)
(121.39320672425163,31.23178784242345,21)
(121.41003154203472,31.236468933922325,16)
(121.4255866443244,31.23511011591799,27)
(121.40482861849878,31.230770714024025,4)
(121.44800024992152,31.27133637368741,28)
(121.44451423463613,31.280526198730037,22)
(121.43842649418738,31.24106619992708,2)
(121.39284664042424,31.25614372615641,36)
(121.40741807477515,31.269500916786008,36)
(121.45699579965496,31.255917120737344,20)
(121.35223694325764,31.285961179942966,37)
(121.39203045686256,31.24443221484105,25)
(121.39648386793662,31.260137215012993,18)
(121.45155602581598,31.279259063848468,1)
(121.46108295614896,31.266183572245126,1)
(121.41820856697902,31.237633641485868,36)
(121.40322048576101,31.25474325764463,65)
(121.38945709767918,31.252135883469556,16)
(121.36070515245362,31.308660980893684,13)
(121.39499971356462,31.247876440141848,6)
(121.39083039621835,31.231163999273974,2)
(121.40232966727254,31.24167034252044,1)
(121.43719987400658,31.251795927540336,4)
(121.39115682861072,31.240141724020265,1)
(121.38183454225779,31.24283111980921,16)
(121.43330723877116,31.25575170743237,30)
(121.42520987148218,31.242650958577077,36)
(121.36494181609308,31.312936939049344,25)
(121.37755350041212,31.227401743240918,18)
(121.372105060254,31.287081655927455,27)
(121.46369329781108,31.25417982124513,1)
(121.46048841969743,31.25304522916924,7)
(121.37735550504227,31.29629983985606,66)
(121.43716310981799,31.253729734263093,36)
(121.38310716003151,31.290537651080644,32)
(121.39024860051929,31.250366668753028,8)
(121.38951991021598,31.230876759270803,36)
(121.39205511342239,31.27471932337387,12)
(121.38227769445913,31.23861766442899,36)
(121.3692312628578,31.28785372765663,26)
(121.38383902637231,31.279662926101626,8)
(121.38184049396384,31.245646384704916,4)
(121.45201245267609,31.260243873355048,24)
(121.38623690084243,31.293452542676178,36)
(121.42435273565624,31.245344726091822,18)
(121.36527230183171,31.24941014880267,30)
(121.44374253036996,31.255087665794033,36)
(121.38876260907196,31.253413929378166,36)
(121.44008922442043,31.277300769378307,1)
(121.3851278424539,31.25024354307258,12)
(121.43817545412435,31.25383849215799,27)
(121.39930542853573,31.23185842502571,37)
(121.39269740674153,31.258218893830318,62)
(121.42403266455015,31.241116076632814,37)
(121.45581009144517,31.270958066098636,1)
(121.38863094474105,31.235623879167477,14)
(121.44683483333272,31.261198115207996,26)
(121.38877354507252,31.25716107124322,34)
(121.34609085612809,31.30865124036299,8)
(121.45199126982195,31.255707110339234,59)
(121.43239981479101,31.237929688483252,37)
(121.44595033419088,31.24594195332386,36)
(121.37205985587437,31.28553597014579,4)
(121.44675640945415,31.2832431446398,36)
(121.43289114241634,31.265244606649887,9)
(121.40902377262684,31.245040777140037,3)
(121.3784285321924,31.2455997316385,6)
(121.41060168262152,31.23130806232249,61)
(121.36518066863877,31.277070775733538,29)
(121.42628463388677,31.245478074724797,36)
(121.39539171575527,31.26922498498472,6)
(121.43698624008374,31.240578215779376,4)
(121.41651662012495,31.25879234183896,35)
(121.36440084107413,31.30954878373841,25)
(121.43557645013743,31.280399875366165,36)
(121.40383470771494,31.244909210339145,36)
(121.38744517278194,31.296594895964294,27)
(121.42025185177475,31.242149229184744,13)
(121.36849157478207,31.2909552701585,37)
(121.42733799204065,31.26468965438375,2)
(121.41843607895035,31.2307469173341,17)
(121.34024437759057,31.298902350791927,11)
(121.39224286897465,31.235912504659748,6)
(121.4356848066569,31.235126445736267,13)
(121.37797439386516,31.254565884385862,66)
(121.39465382918321,31.297443033630852,37)
(121.39356476680764,31.22429093964825,4)
(121.41781837470202,31.229851811532026,23)
(121.39395480078393,31.256233560104018,36)
(121.37141910851932,31.313434164018755,36)
(121.37208702967156,31.25249603725225,5)
(121.42783150797595,31.235090211053215,8)
(121.36849069110555,31.280791146705038,37)
(121.45420526295653,31.24789704504285,33)
(121.4367426187776,31.28105900075949,3)
(121.39012523643613,31.269060693157005,30)
(121.39647076688212,31.240606751324222,25)
(121.40943139438622,31.227971825259875,42)
(121.42853754096734,31.24764210446736,35)
(121.44975824786613,31.269472379143938,4)
(121.37854155731637,31.232664011894745,20)
(121.42523057015086,31.2531294722954,36)
(121.41606212932734,31.296332081182673,35)
(121.33743850493858,31.292465792268377,31)
(121.38452615273177,31.257989020125912,17)
(121.46123338344049,31.252753419474473,38)
(121.37795791501843,31.280192037523413,35)
(121.36437485169749,31.238051619215415,36)
(121.37667417975285,31.28030559802169,19)
(121.38399390337084,31.299269949720873,36)
(121.39916033165765,31.231717913055775,5)
(121.41686081960239,31.263160076615137,1)
(121.38325281018501,31.231325948485914,17)
(121.40208102128567,31.22919956273035,3)
(121.45239904169121,31.255987544947978,5)
(121.3839220397894,31.267285824976664,8)
(121.41043712067108,31.245571869843005,66)
(121.43868805455494,31.24809043683649,26)
(121.46083726344303,31.250539340812185,10)
(121.4439242325046,31.244235571457462,7)
(121.35568725961407,31.28428347080973,36)
(121.41455323931048,31.248405024248253,42)
(121.4182571114465,31.27569271766965,2)
(121.45195093257283,31.265706611692764,16)
(121.45878451577781,31.25972391618807,2)
(121.44319914842865,31.243962884497005,21)
(121.41061373273192,31.258545948501606,16)
(121.44371135922489,31.240938436489667,7)
(121.390123937457,31.259812411947227,222)
(121.44353576687041,31.241721072388856,9)
(121.4099076900601,31.259483132608377,5)
(121.4500451715309,31.26907273330447,1)
(121.39162346454513,31.281128245263623,9)
(121.391221967905,31.257245342939477,3)
(121.44231891552646,31.262818278996782,37)
(121.4334472696241,31.24318975873445,12)
(121.43836704575324,31.264292753258346,35)
(121.40662292827803,31.24475015443193,36)
(121.41809546051081,31.255657254654658,26)
(121.38186938840595,31.28657583694414,2)
(121.43009605251804,31.234202572906835,9)
(121.44349954763454,31.26137378587155,6)
(121.417225602565,31.253311174683486,24)
(121.36448935346105,31.309404194312677,35)
(121.43315558032702,31.249241958189362,3)
(121.35208362600447,31.29672184421638,22)
(121.4210321440611,31.234392506536505,4)
(121.43157682647356,31.230723408771006,3)
(121.3704716641588,31.27224032615755,35)
(121.37012955359748,31.236617308940136,2)
(121.36433933252508,31.309494976755616,23)
(121.40660623644422,31.225343307281758,31)
(121.38395586372575,31.299290922487035,7)
(121.4055004328274,31.23342600367865,9)
(121.39097861156172,31.266792285878367,30)
(121.40011158145737,31.299434065209166,11)
(121.38949770153776,31.257239602615247,23)
(121.37771216391654,31.275339748221743,3)
(121.4253762120977,31.24252159314321,35)
(121.39121831930287,31.295726319884253,3)
(121.4381090204787,31.282008534108265,4)
(121.4072242218772,31.225254269093053,8)
(121.42509970370033,31.241722510345777,36)
(121.40150953517895,31.23675088991344,4)
(121.4117823531531,31.27942388355261,1)
(121.39310251641885,31.27738646159878,154)
(121.38560561188737,31.29936544099074,37)
(121.39162458330851,31.237840989475014,26)
(121.43687137409867,31.240008111731594,4)
(121.45239911733955,31.256859924919794,35)
(121.3642110147302,31.30940386217994,33)
(121.38941241381826,31.25620263075676,72)
(121.42316222297576,31.26147869432078,37)
(121.45057558490603,31.25993877087777,33)
(121.45063468957133,31.274175712197138,6)
(121.36351693631929,31.248522816842982,36)
(121.4371010441674,31.251922115785735,16)
(121.3839220431886,31.26732484154866,3)
(121.41921569050646,31.25496537053617,2)
(121.4121243213663,31.25806945200505,50)
(121.390737019062,31.296581334975954,37)
(121.44331766892604,31.28170562978209,4)
(121.4593526050805,31.27267219878923,1)
(121.45749733727071,31.253821133655713,36)
(121.39202265995344,31.22932802450735,25)
(121.39019685748725,31.230941482997306,18)
(121.42760115418244,31.251161634068342,36)
(121.41420430503725,31.231600062343553,9)
(121.42015002899464,31.266213695488016,5)
(121.36795071285714,31.314519633415337,34)
(121.44135005141058,31.26866789850191,2)
(121.41250022277661,31.258209424780205,12)
(121.39930071451131,31.28137256757393,5)
(121.44329333635478,31.25439408589738,23)
(121.43363462076573,31.244022997144967,23)
(121.38509232553388,31.230924106144524,2)
(121.3930034786267,31.23179160401665,7)
(121.42154227198442,31.260654763206247,37)
(121.43030130139117,31.277343993408138,2)
(121.36730039503568,31.30054935347745,36)
(121.40585998726438,31.245637523999953,37)
(121.40762842568249,31.22776742748493,64)
(121.38939642426175,31.256478739334252,12)
(121.45948454449422,31.258228728663767,3)
(121.41687763960586,31.284103831760323,7)
(121.42336732280108,31.273407918107335,3)
(121.37334979427318,31.273634742015812,2)
(121.43393455985255,31.282664203708887,26)
(121.45652385621037,31.254319421900192,2)
(121.40268568309459,31.246724626095652,16)
(121.41546049630318,31.239972437732487,4)
(121.39954278389116,31.25820986795388,3)
(121.43001499164292,31.23874664209792,4)
(121.38840016634731,31.24749352343207,87)
(121.3784544787553,31.276825912355772,35)
(121.45443198161787,31.265152441161067,37)
(121.40931169271008,31.232611551070434,2)
(121.43275846940587,31.25109416440566,1)
(121.38461356714693,31.277970793409704,12)
(121.40261734882553,31.24305397358053,20)
(121.45520686917833,31.25117978970451,5)
(121.39201900937955,31.296762245255646,7)
(121.39464011720135,31.23201009432591,47)
(121.3768783275997,31.25575143075806,32)
(121.36514258725335,31.276910652084673,37)
(121.41623278365364,31.281907207593868,1)
(121.37339243028019,31.234135507248094,20)
(121.45179958734619,31.280692183741266,20)
(121.42919025706283,31.23422792080433,2)
(121.43615787597167,31.234469075166864,18)
(121.37731174640446,31.27131461560792,11)
(121.40552043611892,31.272802930154914,3)
(121.42988881599642,31.280796945637604,22)
(121.38942707158543,31.252128858488273,36)
(121.4239207552159,31.23564660495238,23)
(121.43752110155097,31.260382236958616,18)
(121.42718103660923,31.24728521330462,9)
(121.45803817200617,31.250622445309702,3)
(121.40772895468555,31.253872391856287,30)
(121.4501913295018,31.258544890990297,1)
(121.42484988364723,31.244348781053088,36)
(121.41070433559295,31.24274696415888,37)
(121.43471756493663,31.23515302412674,2)
(121.39742098657479,31.244871328346193,6)
(121.39699976510144,31.24755323519798,36)
(121.39211211726831,31.2283599603283,28)
(121.4423018626084,31.281836148905732,37)
(121.45908303264144,31.260189951777082,3)
(121.37216954794272,31.251669302295852,16)
(121.45296960515451,31.25492995911917,1)
(121.42251738087315,31.25695019090429,37)
(121.40431006825588,31.236588317768625,11)
(121.43459579958657,31.26210777052817,29)
(121.39274821793244,31.259695900401628,21)
(121.44269149404374,31.254536104321613,36)
(121.40379183463064,31.246194572786592,8)
(121.43097714265821,31.26590156666158,2)
(121.42088008259631,31.28440683598587,3)
(121.4467509050038,31.260009748583798,15)
(121.40329342389936,31.299708908090274,3)
(121.36948363943357,31.27278922074165,8)
(121.4413798518952,31.24065415628327,5)
(121.43618638602472,31.25383214504064,722)
(121.39227594950027,31.259531008135212,4)
(121.3946227805364,31.228263360399843,36)
(121.40190417663531,31.30024685037281,54)
(121.3769405782407,31.271847057531023,127)
(121.45746735748918,31.25316891183763,12)
(121.35368807855717,31.289005184235357,37)
(121.40666846833642,31.239473784541406,27)
(121.39037517134949,31.26722705934861,18)
(121.45194917801376,31.245474783911344,36)
(121.44312963742225,31.261426439431677,37)
(121.36793569000815,31.31454862276023,12)
(121.3972615320566,31.266367529117584,6)
(121.42611346801789,31.23924254730523,77)
(121.46306860303673,31.2673515089002,36)
(121.36501943632146,31.278748924645853,37)
(121.36415400649688,31.31063895282048,36)
(121.39975905545322,31.24688681690494,26)
(121.41658400691473,31.240705318046746,37)
(121.39747039739072,31.251990923926897,26)
(121.40172399998372,31.260463452347413,12)
(121.37227332328793,31.287112889778598,27)
(121.40874622576091,31.24090765856796,23)
(121.42446724372748,31.240940662028233,36)
(121.45306147116314,31.2466652989565,12)
(121.42300542100608,31.26218311026154,3)
(121.3807205964411,31.243971212179407,7)
(121.38075912701937,31.252914491154268,1)
(121.42877683803874,31.250438175300598,36)
(121.43488282944664,31.24554985978708,4)
(121.43693194540795,31.236197304020777,5)
(121.45037592290522,31.281630288171623,36)
(121.4479163382986,31.247032813859676,1)
(121.40473272344181,31.266484524566227,13)
(121.40553947333218,31.274322896580866,1)
(121.4489894814407,31.264149532421804,26)
(121.42213781844819,31.254913498338237,41)
(121.37935464724588,31.28401403922924,151)
(121.43440256753753,31.244707376331473,1)
(121.37267578476505,31.25075104002298,36)
(121.43889736534113,31.266744053519297,30)
(121.41021376554122,31.25571530367798,36)
(121.44603489483883,31.254375534464607,36)
(121.40813405411149,31.247910287253255,2)
(121.43739123679454,31.25951103648772,18)
(121.44344552759549,31.261469628405763,46)
(121.42142655258905,31.248776332097098,36)
(121.40396654260553,31.231079756947683,15)
(121.41030928910158,31.255468224042044,36)
(121.38301304812283,31.247195284945775,25)
(121.37243201418204,31.269223699683586,16)
(121.4261586825455,31.242238858927095,17)
(121.44849375873163,31.259693989271625,9)
(121.42500789635919,31.242904115336636,37)
(121.43934299777148,31.282740093744756,35)
(121.39905354938317,31.246168411480106,23)
(121.4385797108718,31.26454456338524,36)
(121.42357866484613,31.282219104905487,4)
(121.42087583534345,31.235708810060462,3)
(121.46162364134773,31.26797410441375,36)
(121.40696429002288,31.225975604862207,36)
(121.40896464505647,31.24302730501268,13)
(121.37838024473128,31.27108418207449,35)
(121.38680631518413,31.23631474419178,12)
(121.42742406274559,31.239171354581867,2)
(121.44512908572598,31.258435838460525,8)
(121.41669270945886,31.260872165671852,36)
(121.39792101927743,31.3028326339972,7)
(121.43504333631486,31.256418251826815,20)
(121.4430522056218,31.282037189624322,4)
(121.44305205940651,31.280356499492576,9)
(121.45389819027757,31.252676116205137,3)
(121.3870695838201,31.282445905676298,36)
(121.39831099410571,31.244867703178826,8)
(121.40421311088727,31.26015275174902,36)
(121.44855848584632,31.24190455221109,36)
(121.42328021068867,31.262525058768244,36)
(121.41074999792349,31.223255977039365,9)
(121.38317223750965,31.256117309991698,36)
(121.37564484893677,31.25026380705064,1)
(121.4063006058414,31.245747913213183,22)
(121.35846368607824,31.283347747925433,4)
(121.43636887961692,31.23667826672204,53)
(121.4049423333949,31.227376158536416,36)
(121.43890867023764,31.28192938150549,27)
(121.45183753152023,31.271865839873243,1)
(121.40867473082888,31.243643604012654,7)
(121.42895602143942,31.24731155000835,19)
(121.39217999167363,31.254559104038723,20)
(121.37636220501962,31.29708098317674,36)
(121.39888876666728,31.287197894246916,20)
(121.42831020562026,31.26371333531889,24)
(121.43914925635991,31.238719041587082,30)
(121.43733193770076,31.27791490983127,33)
(121.45509273337149,31.27174553820911,36)
(121.41941424514367,31.25252333441598,16)
(121.4352821319472,31.266233680598752,13)
(121.36490221974005,31.27880941076243,13)
(121.44392732127822,31.279772850528193,1)
(121.4542712710914,31.25248027589576,26)
(121.40985837790906,31.259142423024297,30)
(121.43334694930695,31.266037957823166,15)
(121.40653996400258,31.252394249504142,21)
(121.43726094653357,31.25375970787797,9)
(121.39514818510908,31.286699999477754,36)
(121.41919830671713,31.227503018986013,23)
(121.41116182091595,31.288080067157633,9)
(121.46003184060154,31.255342256608788,14)
(121.4012520719782,31.255187041807346,33)
(121.44651745031743,31.244841775278907,36)
(121.43695692264984,31.259348549793785,6)
(121.37592287703337,31.25438269905727,11)
(121.44093303526266,31.257946298767703,7)
(121.43653007693685,31.253333494368544,15)
(121.42515428025574,31.260407702604784,11)
(121.44756317082555,31.271205097313256,1)
(121.4574304450427,31.250844829385404,13)
(121.42317479610621,31.26439462679626,1)
(121.40806833810802,31.24256738397011,35)
(121.42181608637941,31.258431309871273,10)
(121.39249293582687,31.303473160334942,27)
(121.41121529388553,31.243576247210793,48)
(121.38624897710537,31.238700358679047,31)
(121.44164924760672,31.263860762176197,9)
(121.38403835152299,31.280898620492362,37)
(121.3691927576617,31.284516829959035,36)
(121.37964972755474,31.24120110626236,25)
(121.43764011848751,31.25376272597524,9)
(121.41587200756376,31.293874183349647,9)
(121.38566518227452,31.28940055126924,14)
(121.40774435593312,31.24997346792873,4)
(121.40195985731326,31.245460529533677,21)
(121.37489730799192,31.28711151783247,17)
(121.4071569945241,31.245568523170956,7)
(121.40297459760818,31.29940732510809,1)
(121.42588473894439,31.239656929198972,36)
(121.38889294908925,31.256007161068023,6)
(121.44755696832802,31.250340807543324,33)
(121.42394498284013,31.23721083836913,7)
(121.4349375052601,31.253094430540557,36)
(121.41657194178595,31.286569971991625,2)
(121.36502384496316,31.249343588371712,36)
(121.37537429903966,31.257834550998034,37)
(121.43113619980224,31.25745375879781,10)
(121.40818658093599,31.241420636094375,2)
(121.41837528652236,31.230773557947703,36)
(121.46292317886294,31.254511720548404,1)
(121.39062014292095,31.276125968041228,4)
(121.37532391655208,31.235673520346293,2)
(121.35597700635678,31.304488739487805,36)
(121.37757972906913,31.237857287570915,2)
(121.37888499359616,31.232529332146733,4)
(121.4198166824693,31.23662885987424,2)
(121.37237244524822,31.286756875712413,36)
(121.4112152549767,31.24313004725307,10)
(121.42617260846846,31.262196019933523,37)
(121.43434536016998,31.257175078572406,2)
(121.38163240338737,31.278480285657395,24)
(121.43058143599713,31.274917790335046,7)
(121.40129625215975,31.234168661750598,21)
(121.41347403455923,31.259741831141458,25)
(121.34119141731698,31.286366141450557,6)
(121.34182701028172,31.299996757477466,36)
(121.39559399187215,31.2356752510119,3)
(121.40454347660668,31.300063043160606,36)
(121.40768292094494,31.244949237877528,22)
(121.45510030792424,31.253207901331184,4)
(121.42611354313576,31.240104936766006,37)
(121.38406516528691,31.243945777778872,36)
(121.46098004686185,31.256986523010625,23)
(121.37508724903383,31.254016716438855,2)
(121.45592668539382,31.246605269243272,1)
(121.42505391980588,31.24368742931067,2)
(121.40929154944736,31.230936784487362,1)
(121.38762309700732,31.26997053801941,36)
(121.40923482453955,31.24381272329678,21)
(121.37042095599972,31.2721814194708,36)
(121.45928996576781,31.254409291938465,28)
(121.43568502481592,31.26058374602147,15)
(121.3712239806378,31.255971409950206,23)
(121.42008835170013,31.24649113957196,22)
(121.39793602597244,31.302832639853968,36)
(121.40005700522283,31.239518359675905,1)
(121.42413143827036,31.228098060075062,3)
(121.42693209310104,31.261106678074203,37)
(121.38928287621081,31.26278138083367,3)
(121.41301580337908,31.255285020960166,12)
(121.38014192368433,31.27084855252569,36)
(121.39799169433222,31.24142690117542,2)
(121.36792065548622,31.314443561835056,3)
(121.44623497338267,31.28296929980674,37)
(121.44728355199588,31.257296639279996,4)
(121.36150827107697,31.24946529545769,16)
(121.43070871784278,31.257083055304786,31)
(121.37353895299063,31.249152445398494,36)
(121.40457358653299,31.2398849706599,34)
(121.39774814975192,31.24790670105974,21)
(121.38803060524096,31.260903622594153,15)
(121.39352634519364,31.267183565225004,2)
(121.42463517696183,31.242003008105687,36)
(121.38954151901471,31.256154703838508,11)
(121.41150032422227,31.227519880044554,3)
(121.42310478053122,31.282921575669373,1)
(121.40322996250258,31.235757905139103,36)
(121.42490966001273,31.25056560363221,37)
(121.38900667076238,31.251672347541405,10)
(121.41292468702098,31.253607310949608,10)
(121.44375673007968,31.246210725363692,16)
(121.3923111572467,31.22717153435765,36)
(121.43717804225327,31.253322627790194,10)
(121.39442528510764,31.223957257838055,14)
(121.42412378338754,31.243444052750327,6)
(121.42404892799868,31.255771561548904,13)
(121.36188337124365,31.238954163260804,22)
(121.38110172737228,31.243522682729584,36)
(121.43448231857441,31.26613763514001,4)
(121.45205076399081,31.274168353255092,14)
(121.38721355995752,31.26911747757112,25)
(121.43631560839935,31.244084677073666,8)
(121.34449976077642,31.299556883341758,36)
(121.3684618568134,31.23494214056194,14)
(121.41897163458944,31.23687767141011,27)
(121.40599643198468,31.238876963951743,6)
(121.40795381003616,31.242497360417342,5)
(121.41498361032217,31.250284215583566,36)
(121.40899589595247,31.245946607451565,14)
(121.40813485430735,31.24790218743454,6)
(121.35338087223579,31.284702901105632,3)
(121.43040655020987,31.24705914324777,1)
(121.43065558907082,31.254843347493782,72)
(121.415229414094,31.272197567652146,13)
(121.39570986630603,31.267922492360363,34)
(121.42563617545386,31.24164334838387,19)
(121.41677436325128,31.234476410801943,31)
(121.40517035229966,31.242395918819188,89)
(121.40509002675752,31.258118962664096,19)
(121.45256634413899,31.252480681092397,4)
(121.39116886734625,31.26803794150889,4)
(121.41104781117426,31.27556439475599,19)
(121.42975609720895,31.24776695133012,32)
(121.4077591009073,31.235591014733338,1)
(121.44036875450983,31.254625693183304,12)
(121.41482557876056,31.272051650052187,4)
(121.43334622917544,31.257769400992668,35)
(121.41016941371278,31.230974697391797,6)
(121.43853441699532,31.260298802204165,17)
(121.42519857370498,31.24134425980494,24)
(121.42521047165192,31.242873958284747,22)
(121.42399630245819,31.25950722456184,29)
(121.43284383548706,31.268114427440153,20)
(121.3893283641555,31.256454679024465,16)
(121.40005450514751,31.232882871979914,4)
(121.43912682271625,31.242051921791756,2)
(121.44038657411566,31.236479345568245,12)
(121.41822609015729,31.23283248055047,65)
(121.37319322277853,31.242944364574115,30)
(121.42853657743909,31.236578133380455,16)
(121.42607793918334,31.278602622010016,7)
(121.34890796512104,31.281663562981247,36)
(121.4145626626703,31.235472881898424,19)
(121.37922460398832,31.270572716440352,36)
(121.44033472999543,31.282437982551496,2)
(121.39126576557011,31.231562891985224,17)
(121.41421852284164,31.29144080272071,36)
(121.3894129795011,31.282506134725807,31)
(121.4554488589551,31.24643418674517,2)
(121.44284940181157,31.27400449589263,1)
(121.41023877186107,31.228278861324128,13)
(121.3548879917402,31.308746236769377,23)
(121.36655616544333,31.251683767116486,36)
(121.42085550263369,31.264851111779368,2)
(121.4336187780884,31.234092524668856,10)
(121.44010111924011,31.241903444404283,7)
(121.41545979251727,31.289180465005245,18)
(121.38863501030781,31.282275071679226,13)
(121.43741546753144,31.254637481161016,3)
(121.34885395407404,31.303189710522286,5)
(121.36316917432922,31.302305260241315,23)
(121.45513424104836,31.272065443985497,32)
