(121.42220403511757,31.25911060406195,9)
(121.36607606444645,31.286536990353998,9)
(121.43877757294628,31.239176570216312,1)
(121.4115683907107,31.26860008551137,35)
(121.38211956903666,31.25262512449168,23)
(121.38832334455553,31.282526337245695,36)
(121.45967265600048,31.263795260863805,7)
(121.435073332171,31.272515692273956,36)
(121.40305082474417,31.281905736521026,14)
(121.37869008044737,31.27097702559254,16)
(121.43916679965398,31.265528152012923,12)
(121.42028976204537,31.241383734712585,18)
(121.38156435277905,31.2903170360174,36)
(121.45249506588667,31.270359522953814,3)
(121.4268777799192,31.26121626671989,4)
(121.44775583108292,31.260521199657198,20)
(121.46029031632523,31.2572595148255,3)
(121.43203032199483,31.283862905153672,50)
(121.44171792617131,31.261620694734138,36)
(121.38356507762921,31.28371733048163,13)
(121.44124772587718,31.254675405920132,2)
(121.4342710407763,31.24492468683026,24)
(121.39009670631752,31.230024388270014,31)
(121.4099761070372,31.24275607932925,36)
(121.42615842572386,31.239290530463162,48)
(121.42996202425888,31.261881794055803,6)
(121.40307852648573,31.228791987697665,1)
(121.44735442315775,31.245837519131705,36)
(121.41311614059218,31.259533840698143,17)
(121.37660654851527,31.29712128844029,13)
(121.34978572784466,31.280846728833254,37)
(121.37897305294115,31.287154641029506,264)
(121.4269364222743,31.237201903079267,26)
(121.44478466023368,31.245638783206292,32)
(121.3789190151003,31.266798511847067,14)
(121.37584277322827,31.30051170635,36)
(121.4276906218578,31.237506354982937,16)
(121.45206916752946,31.27418345620462,6)
(121.40992509431243,31.26558342416135,11)
(121.41422545854168,31.269530214377372,4)
(121.37551197020356,31.273681459699496,34)
(121.40995645183587,31.242450940223186,7)
(121.40940656676877,31.245696155328023,36)
(121.36839252725106,31.292315673098578,4)
(121.34706582272393,31.30328275007785,37)
(121.45432171319248,31.268431457028477,34)
(121.43733084639555,31.26538064056251,23)
(121.33876073730858,31.295354148441497,36)
(121.43016557097893,31.247490062428593,27)
(121.42244241364551,31.279513806692083,32)
(121.35956902186571,31.277546035551207,14)
(121.45638208778432,31.268044773389615,9)
(121.40887984673364,31.23375911549343,41)
(121.4411622297153,31.264931962224054,26)
(121.43243886171302,31.250552291245622,4)
(121.44440220639495,31.245870898440977,36)
(121.37694753509967,31.268554013707615,4)
(121.41547164078702,31.253150299067975,10)
(121.42719311540334,31.25980269048088,4)
(121.36411440132461,31.30951615082961,36)
(121.38250265931926,31.281212280179354,18)
(121.4458055693215,31.24524588978896,36)
(121.37046143580989,31.240628577811947,1)
(121.42376493981766,31.249814777349428,62)
(121.43583178697193,31.28337613355491,36)
(121.38991815424144,31.282789225888486,18)
(121.3668800345996,31.304701352051275,23)
(121.43291362061447,31.231440842814315,9)
(121.43676115315681,31.281343087312337,24)
(121.33437147111171,31.291516270384527,24)
(121.40380817190017,31.25003427831062,35)
(121.42069386926404,31.246003560290802,2)
(121.43958479834784,31.262305170672,5)
(121.42274565752066,31.26233435975266,17)
(121.38326714656499,31.24234730920807,9)
(121.43802514955739,31.281894603307077,34)
(121.40726923237423,31.22538933144514,7)
(121.44185226105535,31.26648259562143,1)
(121.37999944709942,31.294703388545557,13)
(121.39557646194646,31.23332719226713,6)
(121.42951250326226,31.2490167524209,17)
(121.44943734507845,31.247916070906424,37)
(121.4121912773708,31.246324272712435,23)
(121.43225884964471,31.28199088261928,19)
(121.41402973128787,31.24717115349164,36)
(121.43390286616254,31.262726879926245,2)
(121.43617118342213,31.258758032817635,30)
(121.36301198921518,31.25108888635803,6)
(121.4281800789178,31.2605520997273,36)
(121.37852656797149,31.233013154976117,9)
(121.41926747189969,31.241392321616345,30)
(121.36924456494671,31.28785372939618,14)
(121.46176927282059,31.252533738422446,3)
(121.36849569306597,31.269191319013302,2)
(121.45151117429955,31.245183051665304,75)
(121.39856910781367,31.30065203029984,36)
(121.44509835380629,31.24583112297002,28)
(121.41209853100307,31.232044141902076,37)
(121.43742395734432,31.2798515854794,36)
(121.37202519619102,31.243993186413096,21)
(121.43695734287954,31.264176627349546,19)
(121.43628792813365,31.236545328251133,34)
(121.39556045192232,31.293284767415592,15)
(121.42793133403629,31.250820802203965,24)
(121.45013017149773,31.25515052805091,44)
(121.37578186723988,31.23352719919753,37)
(121.40621612847802,31.24711519749894,3)
(121.41720331886363,31.263453381304025,49)
(121.40084702125165,31.255952270895943,16)
(121.3994624375132,31.30041524590676,34)
(121.41662932079133,31.23310984870881,1)
(121.43147617694441,31.26228847892999,2)
(121.45062600907619,31.271573856851326,2)
(121.39294988248373,31.287748217575082,37)
(121.4377791347659,31.2541331674589,22)
(121.4258697591976,31.239713967626557,1)
(121.42907164115715,31.25599025712097,25)
(121.38065148302988,31.24401350085878,22)
(121.3982547817469,31.236095709215572,3)
(121.43898428336321,31.267500251613228,9)
(121.44603377765465,31.24150882480807,21)
(121.40613398867028,31.234068314008336,2)
(121.43658547765604,31.25367622274907,9)
(121.44299636106453,31.259645844749063,25)
(121.42191409066207,31.24792463470133,7)
(121.4301649707243,31.246691463798072,28)
(121.45490302652588,31.255898484022136,36)
(121.40204548107805,31.25751524107113,3)
(121.46171298674243,31.252409563463214,4)
(121.38929730616466,31.256093498889562,31)
(121.44130906175515,31.256251245959145,7)
(121.37890398629686,31.266691449706435,14)
(121.42404924740242,31.259435153041114,37)
(121.39569918312161,31.29978758043334,37)
(121.36481079767451,31.312661024327724,5)
(121.45514631077914,31.25454539270823,10)
(121.36338480763995,31.28131779029919,36)
(121.37836635199888,31.232951947380645,3)
(121.40255367243503,31.22397123550385,3)
(121.40446365971577,31.244478239343454,36)
(121.45239882949987,31.27013811710916,25)
(121.37275810238923,31.229903749526574,36)
(121.42211038234002,31.23016647236097,2)
(121.42172471698855,31.264818119709773,8)
(121.43648415287983,31.25337357234338,36)
(121.39197218750111,31.287732613122795,21)
(121.40751473235953,31.23122702504855,10)
(121.43222578472368,31.25781071072784,4)
(121.44145382637184,31.254915189553603,4)
(121.41454323792716,31.287882744081177,1)
(121.42149500966433,31.254629864617602,2)
(121.45465866499416,31.244847103981552,36)
(121.42290660017656,31.263257642224858,37)
(121.39648216760105,31.25956051584699,2)
(121.40556912585454,31.298644556178413,14)
(121.41864386997041,31.25277471497128,6)
(121.41019756166695,31.23408454186681,12)
(121.4026858015733,31.24808322968754,37)
(121.44338485105722,31.26232237847264,36)
(121.44706417020824,31.272264219382986,1)
(121.3804409891124,31.290315872245902,36)
(121.43234020924702,31.252994478283995,27)
(121.45427264647785,31.26834712418847,5)
(121.39698601435666,31.261963528200592,37)
(121.45207712873662,31.25983884624566,36)
(121.34441916243975,31.293134891155027,37)
(121.40456758439676,31.254878940198083,32)
(121.37976964724967,31.296030430653126,8)
(121.41189512229032,31.25505619044033,2)
(121.43389337474228,31.245463331431004,5)
(121.42102103401604,31.239246324575163,36)
(121.4287952612628,31.23641780945719,37)
(121.37564216600344,31.273799667016657,36)
(121.43448751740144,31.270718911987707,9)
(121.40263378378395,31.259470208448366,20)
(121.38906968272352,31.274147036672957,6)
(121.44366570484246,31.24389383780363,36)
(121.4334602384855,31.259729115772206,1)
(121.41430479570057,31.249149944003605,36)
(121.42399917444486,31.235634721222432,25)
(121.39285644258904,31.256405227476023,16)
(121.4064930384319,31.24602472042294,11)
(121.38924074008449,31.296996372487747,36)
(121.41064471143076,31.25837486940422,36)
(121.41383094597305,31.237299780125657,6)
(121.41081041281313,31.22782548115495,24)
(121.38966154081545,31.23175628339268,5)
(121.40712643648234,31.250627767653118,8)
(121.4337864357851,31.24439698328046,3)
(121.4279367872299,31.265501453135922,7)
(121.45797008479232,31.26492592301761,27)
(121.40084517124721,31.234734803864413,29)
(121.42568638809,31.245277251947567,3)
(121.38936636765564,31.256122562201753,9)
(121.40437595941084,31.246717880899983,36)
(121.42895568754919,31.243477839390753,7)
(121.38832398558405,31.29664861000436,36)
(121.38249774747248,31.23495482320693,19)
(121.37429801324818,31.242398724706295,24)
(121.38668181631401,31.300877949872028,20)
(121.41766739571385,31.252010864489595,36)
(121.42725187594377,31.280706455549637,1)
(121.42455021463223,31.23003863045447,13)
(121.3760827325,31.25012501968978,3)
(121.45477315028876,31.253658770629894,13)
(121.40989498692899,31.259635029667486,36)
(121.43483868372327,31.253447708564618,13)
(121.37655981048034,31.28938215427677,36)
(121.44946565050611,31.247105777150633,31)
(121.38997630880063,31.235026134557074,36)
(121.41425396480876,31.236453484286688,15)
(121.43250704667048,31.231732592885933,1)
(121.44630820688016,31.244823038652395,15)
(121.43086289088698,31.26132972966165,7)
(121.43383180428467,31.237899002743568,17)
(121.36821773001402,31.276617452375124,18)
(121.42469611376754,31.241945934251714,36)
(121.39474789408757,31.231708867100984,31)
(121.44606484551075,31.2545145439883,17)
(121.4142962759717,31.264041640052046,30)
(121.42038976181087,31.25367313415187,13)
(121.38936508369821,31.24138503433472,32)
(121.43627149474563,31.25346288999451,16)
(121.39852285079722,31.29792894730841,5)
(121.3822114309607,31.270972735246037,36)
(121.45560041799412,31.246365663179986,36)
(121.39747448027374,31.26461787079893,6)
(121.44609576186842,31.241569407252896,33)
(121.37310164830188,31.230177319596628,36)
(121.38587904344914,31.289660829971606,36)
(121.44052888259914,31.259362516856683,37)
(121.38157767221198,31.270825036261627,29)
(121.41899884300624,31.265449922474815,3)
(121.41113019036568,31.230692413942094,14)
(121.42290494991973,31.24432834943628,36)
(121.41256867849293,31.28657230889802,3)
(121.40020618190577,31.248649881235572,10)
(121.36497282039053,31.313262941947222,26)
(121.41858083766486,31.229018046584436,36)
(121.40911729563341,31.244098898356157,22)
(121.42176312662976,31.262328806000568,22)
(121.38302875126577,31.24723028751676,13)
(121.39412323438121,31.259983279315225,6)
(121.45809228747152,31.24785922215324,29)
(121.42387983391454,31.241450343104432,31)
(121.41134484544226,31.23879106859305,3)
(121.40093832507809,31.24765564452635,22)
(121.42359489692728,31.23720276580019,5)
(121.41748338761269,31.24709847168018,2)
(121.41529674822797,31.240179496988066,1)
(121.40494266995611,31.2312379394683,19)
(121.39147993313651,31.24310827015429,36)
(121.39622369501303,31.274233390600937,36)
(121.41018440985106,31.230961689329582,6)
(121.4109168390742,31.273204015472867,36)
(121.44504084604482,31.26402827888127,20)
(121.46103995670747,31.25726973069022,33)
(121.40996550432041,31.257954347638876,37)
(121.38568879619132,31.235922465947787,36)
(121.3800969908605,31.283760856555904,7)
(121.4022588287916,31.24636908806585,31)
(121.43898571958827,31.238394311169873,2)
(121.40993029563188,31.25957673712537,36)
(121.45322797028336,31.254685339188605,23)
(121.38552655319984,31.291132323387465,2)
(121.46015273661699,31.26560932477822,1)
(121.38161209266237,31.263692041877054,2)
(121.41882580144247,31.241856767818007,4)
(121.40296949903812,31.250633023449517,36)
(121.4407065817367,31.282496996526138,5)
(121.4296871582536,31.260999040098064,32)
(121.45431755275723,31.26852310764442,19)
(121.41243975789219,31.246941189072473,3)
(121.40546251630344,31.24048318890505,18)
(121.42778317259935,31.25647570521413,1)
(121.40454820492714,31.249304047683527,8)
(121.4507939168145,31.269445421755734,21)
(121.41016545362874,31.25557749389417,11)
(121.45268042744193,31.25652922824619,37)
(121.42693651123307,31.23822336625095,36)
(121.4434678024109,31.25211280489345,29)
(121.45735614473995,31.247437618493255,3)
(121.42534484525095,31.257577320999573,36)
(121.40181281875093,31.300011488901635,36)
(121.4423778913535,31.240839513578152,9)
(121.38496732519565,31.257717672101247,6)
(121.36682112305482,31.23769610785997,25)
(121.43729055020275,31.23828176941815,36)
(121.42346285130508,31.26026195017042,4)
(121.38956136209353,31.300060875254573,36)
(121.40743426467766,31.260225954155565,19)
(121.40590052948671,31.249601054469657,7)
(121.43047814432012,31.237864443350624,1)
(121.3809891472221,31.272922313449936,12)
(121.3880016707714,31.296391257754927,36)
(121.4447868901031,31.254676051090332,22)
(121.36892932947063,31.314284934391853,33)
(121.40440974704869,31.236500343722447,25)
(121.38983026148424,31.238930263462862,12)
(121.45902786063185,31.25952529689868,2)
(121.44464276342505,31.24358510048141,2)
(121.3605209099467,31.309440392710794,37)
(121.45050376622125,31.260157000861444,25)
(121.37845535746419,31.27749348019795,18)
(121.4063928283265,31.245693932284272,36)
(121.42456160356078,31.26794211108712,1)
(121.41804400578093,31.230315421680864,5)
(121.45529065174995,31.251057562900762,15)
(121.40630951088326,31.240008017174766,17)
(121.36921172513459,31.313468023646998,2)
(121.43321598673153,31.25288141921975,36)
(121.34158209072092,31.295664595804887,36)
(121.42689058299693,31.260936869883352,12)
(121.39842381880902,31.298037953751127,18)
(121.43129804896579,31.26960479177333,36)
(121.38712884603297,31.261843306105412,14)
(121.44421562574881,31.24381090546771,1)
(121.3887197284214,31.291169990423278,25)
(121.39184210782487,31.2420100101588,20)
(121.43840368859969,31.238821999668883,1)
(121.38797440484592,31.236209638604414,6)
(121.38483821906307,31.258055702846857,36)
(121.4378442832944,31.235410630552703,9)
(121.37272613083607,31.253852468226277,3)
(121.43880664479379,31.245231801138114,7)
(121.42343753848537,31.256250565984928,36)
(121.45780591582697,31.267702153176728,18)
(121.42260462619777,31.277784379287183,5)
(121.40258516609329,31.22956083211904,3)
(121.4019683469016,31.24472158649052,6)
(121.36375573851406,31.238090690112905,36)
(121.42281648066155,31.28390634685422,3)
(121.4445413405975,31.26545038691776,8)
(121.3932989135693,31.250972883924533,17)
(121.42620436581605,31.239149427200203,15)
(121.38015689425274,31.270295335361325,9)
(121.40981516743717,31.23747795593534,9)
(121.42340143117812,31.27329592540975,8)
(121.4101511501751,31.242450116321432,34)
(121.45195111441178,31.267802503132522,10)
(121.36132243046417,31.3085745455666,23)
(121.40532044046154,31.274112793395425,4)
(121.45145116400664,31.24996203309837,23)
(121.36484550251365,31.312860127934762,18)
(121.42700721280787,31.270065242257072,22)
(121.39800671753456,31.24161699249401,26)
(121.45217650350799,31.243804594633673,24)
(121.39623428553297,31.223562972124654,13)
(121.39915254980761,31.245733251306703,18)
(121.3832284912929,31.247705320208958,19)
(121.37201291490906,31.275540798999717,23)
(121.44405965517876,31.24408277187748,11)
(121.41286791630692,31.26747931167575,68)
(121.43800659408936,31.240751908780233,6)
(121.42731688640308,31.23579692129474,37)
(121.3748286854233,31.235663009689844,36)
(121.40481886133324,31.290872609020152,3)
(121.36498553952421,31.249432583689416,5)
(121.42325420320647,31.26217692807455,36)
(121.36742410144599,31.237069700218363,3)
(121.37298873199097,31.256170820892695,6)
(121.37921606830984,31.262999216304056,35)
(121.43801973580042,31.25410682512282,36)
(121.3830184492241,31.247096286055513,15)
(121.35312812484655,31.28934693968367,2)
(121.39986955438224,31.242766156405988,7)
(121.41772231984841,31.262965598709375,8)
(121.3793683275376,31.28903489975573,24)
(121.39966000886871,31.272272415322615,3)
(121.37539405011675,31.230473328700526,3)
(121.38866220295306,31.23827410624069,36)
(121.44935812863734,31.245537261914734,37)
(121.39560336114147,31.2994215626836,66)
(121.39645995828407,31.302035723259383,36)
(121.42292473545895,31.274542554907807,8)
(121.34429335317391,31.286275704370958,17)
(121.43977060194662,31.24079943046202,5)
(121.36444234687369,31.309500988648313,36)
(121.45236534280593,31.26032116215431,3)
(121.44295944844147,31.282796648048542,2)
(121.38714541441733,31.268190029446455,43)
(121.42420915393821,31.26006230159612,51)
(121.42147555704828,31.280223410883405,5)
(121.36392337535068,31.30816683204776,37)
(121.40807374648752,31.26614647322778,6)
(121.45472655049592,31.267311160017105,1)
(121.36656156625897,31.251606667939487,1)
(121.43304865544947,31.250866533918284,22)
(121.39789800444518,31.302780604826864,30)
(121.41496748573117,31.248775554039,6)
(121.38007896857896,31.28376383854984,36)
(121.39122396782682,31.268705260645113,2)
(121.40355167049923,31.290582334992738,36)
(121.4476097428033,31.244437390132973,24)
(121.45188192184307,31.263739904840936,26)
(121.39716147895601,31.26631046283929,37)
(121.38315116912214,31.283898531612696,36)
(121.44139475656354,31.2471244472049,1)
(121.41895526477042,31.23666235111655,1)
(121.39116641000155,31.274286569336773,13)
(121.40690221245134,31.29383990032573,2)
(121.39838011630512,31.232862160829928,19)
(121.41093337500772,31.243765382315424,6)
(121.4502909667743,31.268444948427316,6)
(121.44143473168637,31.25342756724831,36)
(121.41442135338875,31.278987675264492,19)
(121.44829520640022,31.255140896433907,14)
(121.41092744203085,31.244518720383237,36)
(121.42400968571319,31.241116094148833,36)
(121.45331152623493,31.274077287345452,10)
(121.40244130095485,31.242938887536123,4)
(121.37207084334045,31.239108049930433,20)
(121.41915426229238,31.24959204158599,36)
(121.42526680032479,31.233245528144458,7)
(121.43534184788622,31.252544681300186,36)
(121.44301087873134,31.242937458938627,36)
(121.43004964597553,31.267137601678066,36)
(121.42236197409386,31.25968783582539,29)
(121.43360168939437,31.275883195830946,5)
(121.44510625547625,31.245849024343972,23)
(121.35263678069549,31.281540074425063,10)
(121.4439998285021,31.241287124947814,35)
(121.4474703787619,31.283193300363507,26)
(121.44646132378412,31.257909341194647,9)
(121.45087763435329,31.268386814529826,19)
(121.39119243490256,31.2743426099705,7)
(121.38777422813239,31.27661315113707,37)
(121.40096381870606,31.261312397912693,27)
(121.41733252383236,31.251285701737736,7)
(121.40447097324629,31.24674790508573,36)
(121.3703775600074,31.27819670432833,36)
(121.46188121389943,31.259636943420844,1)
(121.43513622246935,31.25327426078201,11)
(121.38208066255093,31.2638935997615,36)
(121.41225336336338,31.258976815882953,7)
(121.34554221206739,31.288317040074926,36)
(121.41983584802419,31.228930066815437,1)
(121.39758796254952,31.246601056681648,3)
(121.42700691024035,31.2523163101757,6)
(121.3956966825342,31.299904979699583,36)
(121.42448549632073,31.26320936979823,12)
(121.36896738965143,31.314251975530663,6)
(121.38770145448582,31.251162117236092,12)
(121.38152507471656,31.24430647421368,2)
(121.38564107760489,31.287368751414785,28)
(121.40528205893054,31.224214845221617,5)
(121.410011172,31.262274645233717,2)
(121.40147930112823,31.234157701467314,36)
(121.37388061745278,31.227878253165287,11)
(121.45124881360803,31.245695233523435,4)
(121.39040720007945,31.290206573157043,13)
(121.45345782176942,31.27079079776943,2)
(121.38328993962458,31.285649855093663,22)
(121.42728207502944,31.235601197728133,14)
(121.40996660460587,31.255584852512833,23)
(121.36964363251104,31.24894016507575,2)
(121.42716531899131,31.25032657490274,32)
(121.43728113915233,31.266428632991417,36)
(121.43793287986935,31.254112947507004,21)
(121.40787759391749,31.28715520541318,2)
(121.37418839091121,31.25459165925002,11)
(121.3819509519404,31.25747070014566,36)
(121.41285791907603,31.246355873437544,5)
(121.45001588587502,31.26075177595992,25)
(121.35141619678008,31.30426796922564,36)
(121.45611941331246,31.25244723081819,35)
(121.3709331672967,31.244624878057017,4)
(121.37548882113407,31.25019868392442,36)
(121.40909649051692,31.244150193940598,36)
(121.40191956664144,31.2805821816157,2)
(121.36497252033585,31.313308041809194,3)
(121.42716689935288,31.268458419077984,1)
(121.35094662864935,31.288448881757947,8)
(121.40872162027317,31.25389614211268,11)
(121.41605131114471,31.252851429520682,1)
(121.40133835325828,31.28106002976477,7)
(121.41094992517334,31.261574201007093,37)
(121.38496771195808,31.26215759046883,19)
(121.41155016741051,31.24306895537843,36)
(121.45514618102297,31.253047736559555,5)
(121.42487999681981,31.25409717993571,14)
(121.45744226892194,31.247778968980356,37)
(121.40967627292983,31.285705480268874,20)
(121.41054475555488,31.258647003108326,36)
(121.4043617509454,31.301629806918513,4)
(121.4279659656613,31.264127615089222,43)
(121.37464402920574,31.245792945505066,30)
(121.4367586961484,31.253121099165078,36)
(121.45711077302747,31.27049513048345,36)
(121.37011528213054,31.245288193092744,11)
(121.40136998153545,31.29960747546435,2)
(121.40299550263806,31.299452929252645,36)
(121.42318681524878,31.2455917113991,36)
(121.40203037504111,31.231927869873044,18)
(121.39833545690084,31.24846617538038,35)
(121.45722222993228,31.246453938903933,7)
(121.37524867760094,31.2540484402623,27)
(121.38258436643227,31.253778717846107,42)
(121.44697134339648,31.24188375985054,36)
(121.39635443807357,31.259967590195235,3)
(121.37569752569522,31.300034344719997,2)
(121.44604065038729,31.241593797511484,36)
(121.4110163360936,31.243532263444827,30)
(121.40472202043644,31.28711960659721,15)
(121.44520383585964,31.245800154856134,12)
(121.44636951884802,31.241710255068085,36)
(121.44223520716746,31.264371075090953,10)
(121.38884076352635,31.230750236168962,5)
(121.38087244977825,31.243530448700547,26)
(121.39765386739523,31.3024793911894,22)
(121.44250821345283,31.247348222570658,28)
(121.42181663774848,31.235942967197115,36)
(121.37077796534896,31.275477120721284,21)
(121.40421544184055,31.286853924615972,2)
(121.377016731514,31.26972158819153,24)
(121.44693823654094,31.241758154317793,6)
(121.36661340038061,31.314212579523463,6)
(121.39055046590667,31.268993929233,4)
(121.421352480412,31.24728671872792,32)
(121.37874278225961,31.266756298563646,36)
(121.41679012853488,31.243347416705266,22)
(121.43815197007618,31.247834876464104,4)
(121.42690554950998,31.238280419725466,36)
(121.3972005009255,31.266346494602203,8)
(121.42782051335453,31.237930426542153,7)
(121.4597046242116,31.254341546830112,36)
(121.39508796872194,31.257534881148754,3)
(121.39226061210726,31.23541205722095,14)
(121.42446824911026,31.252477795342912,10)
(121.3693421748767,31.309351294269,37)
(121.44228060979917,31.258486469415406,28)
(121.41246723184194,31.25819842798216,25)
(121.36501183578889,31.276752628125067,5)
(121.40755451999532,31.251747255220323,22)
(121.42242028850833,31.260219846934667,35)
(121.4100720473334,31.26096807473653,36)
(121.42776022398522,31.25676985465271,3)
(121.46290837888564,31.259625568875602,3)
(121.43643122587363,31.253254589634953,36)
(121.42285899450376,31.24438640805538,36)
(121.42583080359084,31.239768024928726,23)
(121.42884015727788,31.247300658799407,36)
(121.45656211756007,31.26052081458574,12)
(121.41178405323241,31.22692748579732,4)
(121.41107641656039,31.23314454867785,9)
(121.41207954045497,31.236362814915836,4)
(121.41259619568848,31.246776377706787,36)
(121.45146341627837,31.269799291558243,4)
(121.4167306812358,31.26077910914602,17)
(121.40994439896559,31.28788458316444,21)
(121.38888986567298,31.287196529701525,107)
(121.46145708263188,31.267826421397967,2)
(121.45803872314353,31.262803865614757,11)
(121.43657867263839,31.2348171561571,24)
(121.36575383966304,31.284775998551677,36)
(121.38936635832694,31.256015515542284,31)
(121.38736626316393,31.27337341590655,2)
(121.44285367341345,31.24203732503295,8)
(121.36381362886641,31.28179964845732,29)
(121.42674571565797,31.23822353589913,36)
(121.3946280511895,31.231335778516495,8)
(121.40940837193615,31.252020257276055,15)
(121.3841172815337,31.23312993154443,36)
(121.43575402620031,31.261816188786323,11)
(121.39001604121545,31.26909059770324,1)
(121.42071082342486,31.26853934704255,24)
(121.42519466744618,31.239522161259714,19)
(121.45683805841276,31.277310560786663,9)
(121.37991349725104,31.280732420498353,37)
(121.3516586986928,31.281050150462992,36)
(121.40307899800969,31.295280129592932,24)
(121.41943193005505,31.26967777477312,10)
(121.38832364461965,31.282523837305035,13)
(121.4539434345112,31.25674280378956,13)
(121.44041573417735,31.266825887379554,2)
(121.42305745435328,31.251623477958,4)
(121.40798913648233,31.247627419813654,36)
(121.41814015847524,31.25250585255633,36)
(121.38774735985503,31.261074473006307,8)
(121.43006300019513,31.262462056988753,31)
(121.38257173382986,31.281155324663093,19)
(121.42762172813777,31.237844572128946,37)
(121.37893405147169,31.26699261096739,19)
(121.38819017579426,31.254304881165915,2)
(121.4251852651517,31.23954825927044,37)
(121.36618842405329,31.285624180093805,92)
(121.45292390857459,31.257176029078277,4)
(121.40194165265041,31.250309716353716,11)
(121.4129031459297,31.270240471153688,9)
(121.38735523744535,31.287189753950972,37)
(121.39708681502276,31.282043003563125,38)
(121.45416823518774,31.260702065802153,34)
(121.37759760272436,31.270658656028953,19)
(121.37701388835401,31.28709773594975,34)
(121.44682261268785,31.24177433415079,3)
(121.43155682236949,31.23511739675284,31)
(121.39592815781708,31.291109973789936,15)
(121.44483382474685,31.265258871263256,7)
(121.41093568315524,31.270220888636327,6)
(121.42700441785954,31.237992200751986,17)
(121.44264072733424,31.24216068587335,11)
(121.43591962545158,31.25857438423442,26)
(121.42238943971311,31.279305757381763,1)
(121.43959868519133,31.23832256074581,21)
(121.41519815689273,31.26909126989693,2)
(121.4566535156219,31.25416808185039,36)
(121.3824719857182,31.273879212227342,18)
(121.4254813624349,31.272092089362584,40)
(121.43358730846946,31.280133715881746,20)
(121.39978864039239,31.25756487065968,28)
(121.44853936370573,31.2515228679011,20)
(121.3838374756328,31.26186542929481,16)
(121.40046922323924,31.25015395205681,1)
(121.41710520226935,31.26906548388774,18)
(121.39522327717145,31.26942295211726,12)
(121.39205656231489,31.26913915114661,36)
(121.43928211979744,31.282938262163192,2)
(121.43711619225401,31.253900964387967,36)
(121.45225131787139,31.24925916431602,22)
(121.44119083558688,31.249523217899238,8)
(121.40611778656982,31.231755254286217,1)
(121.40708108672439,31.246606986121282,15)
(121.39752047182841,31.264274742837685,2)
(121.43759018402233,31.26262110724547,1)
(121.42237073106128,31.23663125247683,1)
(121.45840521898245,31.266418642770525,4)
(121.45458813361323,31.24765730509956,28)
(121.38150854481225,31.271962483145813,93)
(121.43337736035743,31.27124312659794,37)
(121.34575582320583,31.278392383675317,23)
(121.36433953256741,31.30944157690012,19)
(121.37864547411226,31.287670860250373,22)
(121.44172123181681,31.26392647626628,12)
(121.40486027709252,31.242493855200284,2)
(121.36504683857974,31.28472761470791,35)
(121.3786433123305,31.26284451697758,36)
(121.40345222672087,31.285689345994367,17)
(121.38617718915881,31.28849974281342,22)
(121.40832940183209,31.25886540626395,21)
(121.42930486637975,31.260329263854597,11)
(121.46041958143442,31.252780267265766,19)
(121.45680520336165,31.254994122223867,34)
(121.4139298130465,31.236204252274916,10)
(121.36375325198979,31.30823651253287,32)
(121.41014789778504,31.247948368710176,7)
(121.36949661148354,31.249163059570574,6)
(121.40422554961707,31.230759642964443,11)
(121.4103834825279,31.243691437323672,34)
(121.43698828546952,31.264086547477294,19)
(121.40996440415108,31.243067976298242,20)
(121.42417706174777,31.235735529555228,15)
(121.44632290993975,31.244840141200367,34)
(121.34195693140914,31.295723322641678,36)
(121.37125499739817,31.248484782667852,22)
(121.37894570829003,31.228336470505536,10)
(121.40039978573726,31.254848665320775,37)
(121.37300437416074,31.251773916205135,5)
(121.3898175674527,31.28237270891812,34)
(121.42881551088051,31.27394417833713,30)
(121.4251523571164,31.239599252382632,23)
(121.38145990595733,31.24062474836122,28)
(121.4300920159912,31.251592298087953,7)
(121.40202467269516,31.247301138999145,36)
(121.39276678846137,31.288120258567513,37)
(121.358944446561,31.28018546823561,29)
(121.4005337659962,31.242660304612144,5)
(121.37667142975837,31.269136222236735,16)
(121.41062665246918,31.234728348353677,22)
(121.40896503587734,31.224569869386524,1)
(121.40722313109192,31.245252504184855,6)
(121.44061638667519,31.255194187321127,29)
(121.39283473735783,31.259358517395576,27)
(121.43981375686326,31.266399590200532,10)
(121.46262708430038,31.2587638480112,18)
(121.44260785037733,31.256816231157075,37)
(121.39263498070636,31.268442041863985,1)
(121.37270430805175,31.23322320312412,4)
(121.42695964881565,31.240087188340333,36)
(121.37705576978293,31.269546559825198,18)
(121.41311758304283,31.276060852407742,30)
(121.40692848639203,31.251162003137708,2)
(121.41832169617297,31.237013839506883,3)
(121.41113158482372,31.246686651226213,4)
(121.39509921622107,31.241497640604997,31)
(121.3665577504077,31.309261741226933,36)
(121.44510988137542,31.25806593409088,4)
(121.44110870155278,31.246274900048146,36)
(121.3685993763885,31.241245045278486,36)
(121.42176802786135,31.262599206497715,36)
(121.38147990002982,31.286273320057603,32)
(121.44628760180596,31.241618540867325,35)
(121.34275203893428,31.288059752883427,7)
(121.40777556621946,31.248811111365956,16)
(121.36917371018964,31.314017176768253,6)
(121.42618321050402,31.25728523153254,2)
(121.42575487756064,31.23973207259823,22)
(121.43049980248612,31.245647488415198,1)
(121.39201304267195,31.22833088475178,34)
(121.42518816585981,31.239540059884455,20)
(121.42255762422944,31.28206093266442,1)
(121.4606869724373,31.265571205261335,1)
(121.4218044577351,31.25537935911953,14)
(121.40539168266926,31.29864011978406,19)
(121.3788879786535,31.266842496219517,14)
(121.38066227311118,31.290446157032978,36)
(121.37776451278785,31.255533361373715,36)
(121.45292506948033,31.270561760745448,36)
(121.41123030062421,31.24369429730134,8)
(121.39398537061055,31.251072315360645,6)
(121.44206770797918,31.26582943659309,7)
(121.37710978504533,31.28037513686988,36)
(121.36481475550778,31.239404898451735,35)
(121.44253933128675,31.259373467056207,14)
(121.37316273934326,31.230161390878557,8)
(121.43764938386877,31.243073442639613,2)
(121.40631617423347,31.239784228436942,2)
(121.37936862674542,31.293232190685057,7)
(121.45048357517929,31.257435859641028,1)
(121.36422341635884,31.309736162850946,6)
(121.43156548078024,31.278580251243664,1)
(121.4114777065966,31.28340526190142,36)
(121.37880605990044,31.291994774725254,36)
(121.37936832748817,31.28928279921841,36)
(121.44826090992652,31.25329966140085,37)
(121.37541111627331,31.253997911534313,19)
(121.38306995277394,31.284030617636724,36)
(121.44037886179166,31.282532022014898,8)
(121.38952705235694,31.262419403800784,3)
(121.38876504324271,31.25716396969931,36)
(121.41223948564229,31.271786284984607,11)
(121.38714789657509,31.296651677430443,27)
(121.44938094274706,31.28118849875091,24)
(121.42519986871312,31.239491262390633,25)
(121.39232627549158,31.228406114657336,30)
(121.41128042882062,31.223802086544563,57)
(121.41271738428414,31.246942542935447,10)
(121.44495272355411,31.250217535908625,3)
(121.460373696395,31.252687329303647,15)
(121.36506378573847,31.246189316581123,5)
(121.37659009289833,31.280646639073208,4)
(121.41103246778249,31.24508395458306,30)
(121.38274393888327,31.246760776131254,12)
(121.41173894258854,31.298685635100703,37)
(121.44780730680692,31.24426095969778,5)
(121.39240524433059,31.2355709840415,32)
(121.43913655530855,31.24768202275621,58)
(121.43428223375176,31.284720622058856,67)
(121.39312406631743,31.265555105952604,36)
(121.40112144289213,31.24839602053464,3)
(121.4537466562392,31.265348910639066,32)
(121.37581271786865,31.30036461273964,5)
(121.39697768353197,31.246486638500144,16)
(121.40985807751743,31.249435065392653,20)
(121.38209435816889,31.283704655074672,8)
(121.43890970705566,31.261168754505928,20)
(121.41906870238819,31.231061730582585,5)
(121.44392624380376,31.267381665714577,5)
(121.4100706134637,31.24453085703591,36)
(121.40880264665658,31.2428342316113,2)
(121.3523320233509,31.291679642886624,21)
(121.40557793556917,31.245210317146768,3)
(121.39103694223095,31.226932245691014,36)
(121.40545680000149,31.2580944157746,2)
(121.38945749411425,31.27964380305153,1)
(121.42671534116963,31.279403399026958,2)
(121.36711153259586,31.309240609604043,33)
(121.45190693626313,31.273902730456477,3)
(121.44628031065088,31.283256361282678,35)
(121.39254202585876,31.246753566422033,37)
(121.35168918458501,31.28593519739375,28)
(121.39287102302207,31.2555676478641,3)
(121.38867895663594,31.25825297610479,11)
(121.3649446164369,31.31313033893741,26)
(121.40184372924169,31.25035089654142,23)
(121.38840872907663,31.304301661442672,20)
(121.41809351890258,31.233386299973986,12)
(121.38939640168077,31.256219626463146,46)
(121.383415954706,31.238229594475186,36)
(121.46306778617952,31.257903451659214,13)
(121.45837243223816,31.254131093152598,9)
(121.43823904747117,31.23890575326121,36)
(121.41122831595973,31.233288558019055,8)
(121.45609931503131,31.269809395377116,7)
(121.40760158660764,31.275451409527964,3)
(121.42850027260279,31.25553461580804,19)
(121.37746632807242,31.25803210615905,14)
(121.44963509267834,31.253046529306335,7)
(121.37632066959891,31.253527801816592,18)
(121.38252553099721,31.279435571730556,36)
(121.4393384019842,31.25472844787505,12)
(121.43445298534266,31.267554373729173,1)
(121.43122138249032,31.272280001832524,10)
(121.43101427548036,31.261122507784993,30)
(121.38465512718025,31.259223043136632,14)
(121.3813495360357,31.283884215820866,36)
(121.4015954994257,31.259020792369963,18)
(121.42766589036967,31.24198559581333,15)
(121.37394293365367,31.253508876276456,33)
(121.42640516321796,31.24548759948575,14)
(121.42147997773242,31.25412865501414,7)
(121.41679164975912,31.260790087423533,36)
(121.37134149576755,31.313331653592908,21)
(121.40821787442242,31.260909979131807,30)
(121.4152524633585,31.23850485144854,29)
(121.38310541236469,31.270485404448742,27)
(121.36865387175986,31.314284545867892,31)
(121.4270314056986,31.238187264948795,1)
(121.38724085428444,31.226232470152915,23)
(121.42534670545217,31.2478948769874,7)
(121.4089812833091,31.254245681401688,19)
(121.45397564434732,31.252774432231462,20)
(121.40878879328343,31.23302978909646,19)
(121.43209916580568,31.283136531368342,4)
(121.42303547928341,31.263149503760726,11)
(121.42399473393156,31.241511283415658,21)
(121.43734369786635,31.240964909834435,40)
(121.4160466486813,31.26097587934391,1)
(121.38323274910596,31.24972056081471,11)
(121.43670030487716,31.258547135820983,19)
(121.37689151722593,31.269234235898377,2)
(121.3730635228146,31.240227182925477,69)
(121.4228883686143,31.237499284742253,2)
(121.38204517584651,31.251394545673058,47)
(121.38306108829286,31.29031051564765,27)
(121.4124657741025,31.241485042072465,21)
(121.3801649136514,31.235887254141407,1)
(121.40047401647777,31.257221720879066,17)
(121.42858366209585,31.249645948003614,36)
(121.45883879111175,31.26007431706804,5)
(121.39827679970007,31.275620827408957,16)
(121.46240628820493,31.26561030268018,8)
(121.46050353650737,31.254859990375802,15)
(121.36347711408729,31.30913577927007,22)
(121.4227901439989,31.245423920285667,36)
(121.39179630891293,31.235248370696638,17)
(121.38488408030466,31.267397753974706,36)
(121.44502514272722,31.264022576093485,36)
(121.3845148633538,31.257905344520083,12)
(121.4276541554039,31.25462501711919,8)
(121.45894000833613,31.26008813153649,22)
(121.44029861261703,31.23787725972093,32)
(121.44145309304442,31.254589275796864,24)
(121.42616340440374,31.24576344925614,12)
(121.40991209114421,31.259609833274126,31)
(121.36951062462896,31.23751286028889,26)
(121.37448472154502,31.230333143707053,16)
(121.43577218570417,31.263966088444494,8)
(121.40615172206937,31.291935614388727,1)
(121.38322139303838,31.291738241174322,36)
(121.36317187431978,31.303651757497278,20)
(121.43926360689464,31.253213868103565,18)
(121.39488792750576,31.274035656769392,12)
(121.39514857080613,31.291117777908166,31)
(121.36904352241123,31.31433011174162,10)
(121.37264518981102,31.255958282968194,4)
(121.42240048353217,31.259079945011557,6)
(121.37846735981938,31.2769915831558,36)
(121.41117729367981,31.24347120715415,37)
(121.3558867976017,31.285860451179424,6)
(121.41468807389275,31.287887674420546,5)
(121.37681530728442,31.233482408431716,36)
(121.3441284642147,31.292466085046954,37)
(121.42410859346066,31.241105013629536,37)
(121.37723807547864,31.27019904725337,10)
(121.38277478290776,31.290534327887045,36)
(121.43660717981123,31.23832255531368,23)
(121.41170393355368,31.251922821646996,7)
(121.40616972291504,31.29975821721726,6)
(121.44127273129926,31.254316211234045,8)
(121.41500538889775,31.236390981431377,10)
(121.41278438066198,31.24613704584229,1)
(121.42437509241586,31.27997484510284,1)
(121.42630326425363,31.23916434865727,37)
(121.37318992223852,31.242851064295866,32)
(121.40362513648984,31.249952215599496,12)
(121.4144626382751,31.252577828259337,28)
(121.34518070779727,31.28042505936643,18)
(121.39285644257544,31.256513727256564,27)
(121.4270353715785,31.23784510631173,14)
(121.43302717228649,31.25163665959513,3)
(121.44400028215713,31.280957219212173,24)
(121.36486859237968,31.294117223467808,36)
(121.33395448314519,31.294645910366423,15)
(121.39746849748799,31.246272934888616,1)
(121.39937404265419,31.25669568998719,19)
(121.44283605285338,31.252610031450754,1)
(121.45872536993686,31.25433811141633,19)
(121.44681780656208,31.24898980992113,29)
(121.42415551715523,31.280905066795654,37)
(121.43666469645248,31.25711913162188,36)
(121.41361786730985,31.24695918353906,36)
(121.3992889448234,31.244472728272086,1)
(121.38751458019965,31.230523998439093,8)
(121.38062897866503,31.24403359716236,37)
(121.38235740603427,31.280229733109653,4)
(121.364495253483,31.31236128826916,36)
(121.39487538251893,31.302259031344562,36)
(121.45547351457476,31.254687778984664,22)
(121.40543447590989,31.26297108304492,27)
(121.4392253848306,31.238962387694794,2)
(121.44269043032614,31.242294677650598,4)
(121.39936974123995,31.261670179152194,22)
(121.46178299680066,31.248943579263642,3)
(121.41804230552619,31.2603597321286,36)
(121.39796704029798,31.302838654255627,36)
(121.45248227304428,31.249389482810287,3)
(121.45871698956245,31.27466541469858,10)
(121.42770560303077,31.23748233019241,31)
(121.37398655599773,31.25602175130808,7)
(121.42330482721654,31.25464167265456,9)
(121.44818081264266,31.24778085998313,8)
(121.4410105739249,31.255965959409142,2)
(121.45141116179015,31.26984998928457,28)
(121.40709640010073,31.245533477501812,37)
(121.4371159010689,31.264502604817135,13)
(121.37516516281559,31.25401182797026,36)
(121.45431775141297,31.270814075337704,1)
(121.37014405112218,31.230548554945504,36)
(121.43362909146697,31.249447951662916,22)
(121.36764163106812,31.237413031388737,23)
(121.39716148646215,31.266396499466463,18)
(121.37447171713399,31.253550558001795,22)
(121.39220850129158,31.229338859271653,12)
(121.33496037439875,31.298094999360632,36)
(121.39928294474073,31.228744757614248,8)
(121.45420246618606,31.252805558311483,1)
(121.4418472050408,31.2675570343537,31)
(121.36921176684578,31.313947203744,35)
(121.38698136722888,31.2319663008795,63)
(121.40415610334806,31.28306637685593,8)
(121.45197911520374,31.24555276053756,6)
(121.3668064219522,31.252982904811788,6)
(121.43022050442688,31.237471123497365,16)
(121.39011453656234,31.25088680424821,1)
(121.42943143456348,31.281484692181756,3)
(121.4341174324727,31.279320822285744,34)
(121.43548775044317,31.274887100056567,1)
(121.4589511102318,31.260116133072284,3)
(121.38301128567026,31.24725725626554,15)
(121.3642189210491,31.242090203105967,20)
(121.43686304490359,31.273292939133366,36)
(121.42724833485678,31.24007992508986,13)
(121.40754030868332,31.2456317689219,3)
(121.3862249021332,31.27024028980962,23)
(121.36860778642557,31.314186443889625,33)
(121.37581400509774,31.230323604172078,2)
(121.43381573542193,31.25100528566884,8)
(121.40766053781543,31.25872016818128,19)
(121.4256411731369,31.24180410158093,36)
(121.46277875646567,31.259829958164943,25)
(121.4472668466944,31.24878493205965,6)
(121.36610900015948,31.251154413858355,26)
(121.38489792172795,31.230917629226862,2)
(121.37429881309137,31.24367022221619,1)
(121.40743759672272,31.229635294115187,16)
(121.41300255489844,31.24643210353077,23)
(121.40992079329754,31.258358237546336,33)
(121.45218601345117,31.255287417617357,5)
(121.39364872337167,31.246133939614396,22)
(121.44058947570844,31.25593193614975,6)
(121.41992981197929,31.227551631337924,2)
(121.43752821641363,31.261489521369658,82)
(121.42521312067984,31.236312971459107,12)
(121.38317483065028,31.28588083853398,19)
(121.46048880256262,31.257471161919266,22)
(121.39650767541902,31.24044295882088,36)
(121.39152425006029,31.22338427619609,22)
(121.42530227236284,31.261988463023936,1)
(121.44020337495782,31.281334266145382,1)
(121.43390883051444,31.273880600519522,5)
(121.39431397099452,31.259834597240783,20)
(121.45067917124284,31.26937661028624,36)
(121.38476903985053,31.256834109743938,4)
(121.41925912671492,31.262213489621576,3)
(121.3701198003287,31.297268048476877,3)
(121.42663196637619,31.251178426067725,10)
(121.43634987003783,31.247704246030615,1)
(121.40678145162134,31.227811454235194,24)
(121.45198784381284,31.245604196364198,25)
(121.43857703075285,31.254275304196916,9)
(121.37153528414942,31.23075653302558,17)
(121.38510037225004,31.291117731136804,11)
(121.40904747215556,31.229689233273863,10)
(121.43871348049625,31.239169789684958,50)
(121.4433352049797,31.26529072979495,21)
(121.41262619413574,31.246865409891452,36)
(121.45777943356664,31.251759622059225,36)
(121.38219750483157,31.283497913878996,36)
(121.42248900544732,31.260321061037953,25)
(121.38372358955056,31.256806385431464,36)
(121.4149373055401,31.246559580647812,3)
(121.37356717352598,31.228150981408373,36)
(121.45215630569369,31.26399748147068,8)
(121.43158951390716,31.272093402197903,86)
(121.38235687045692,31.27408318387915,36)
(121.4147390855253,31.25266645496669,25)
(121.4090171709891,31.246089473748583,7)
(121.43785993232125,31.276276510917448,8)
(121.38199504587936,31.244854919676435,15)
(121.36749762755277,31.287832592853647,31)
(121.39882858384912,31.293439281983137,19)
(121.42770560834512,31.237543357876145,30)
(121.38985326961864,31.238804222880287,35)
(121.42038957661559,31.25154920116301,18)
(121.40224197545926,31.228242154718536,9)
(121.36145943130995,31.283463650448425,33)
(121.42693650774784,31.238183348123464,69)
(121.37906508157818,31.232791468930934,29)
(121.36701493392728,31.249442328266127,36)
(121.35034060157996,31.282186685905756,22)
(121.45487181323269,31.26399755080852,2)
(121.38267167036896,31.290595251660875,37)
(121.34595637163676,31.30285354840311,4)
(121.44174713387957,31.253141963702117,39)
(121.4474303608596,31.24513236544332,10)
(121.42150817588674,31.233725504080397,3)
(121.40621618676315,31.2477834943791,2)
(121.44858597986895,31.271260286109104,35)
(121.42367419605188,31.25009642680994,1)
(121.43428887280275,31.23482105034156,36)
(121.39300600278314,31.277219942523825,36)
(121.42196660290277,31.24282032166731,17)
(121.41443367717666,31.2483885646573,33)
(121.39188438631602,31.23336311675134,6)
(121.46223914790923,31.253326499894726,18)
(121.39413726086057,31.248708354105844,16)
(121.45985783612991,31.27299720157783,27)
(121.41124525352396,31.243195070833522,31)
(121.41477970954662,31.26551578239947,4)
(121.37669011011587,31.290750857155757,36)
(121.42407862187794,31.24111304017803,37)
(121.3829874629721,31.238103126309163,15)
(121.39653267922785,31.259986924811813,35)
(121.36879330549566,31.247473325948633,36)
(121.35686493822594,31.287994968521684,14)
(121.35326973615238,31.296218735056346,36)
(121.44647043980144,31.241747972679445,24)
(121.41041761588855,31.23884497864444,3)
(121.37047309389571,31.24026382496123,3)
(121.41306229126027,31.263710513345423,12)
(121.36707272685392,31.309033605252733,24)
(121.4262583182226,31.239246424581328,20)
(121.42219466257782,31.23417425330513,36)
(121.42155430530066,31.2356263414927,3)
(121.43238702121039,31.25050453425325,1)
(121.40090804514855,31.256017315491096,8)
(121.39016074236321,31.2821199723926,7)
(121.45948545756742,31.268777249309906,2)
(121.37904621785965,31.23270859220709,9)
(121.38268666374998,31.29032215685369,18)
(121.39047742348725,31.303585893443376,36)
(121.38887036989026,31.23080694141621,36)
(121.39729953860713,31.26623448831825,37)
(121.43940191617052,31.25454376023182,16)
(121.40106936560053,31.253002066560395,63)
(121.46276930724757,31.254345593852,5)
(121.41675838663015,31.253256076898776,31)
(121.44031468252986,31.241216820885924,3)
(121.40470491869056,31.231983012581857,1)
(121.45341153780831,31.24911735005679,5)
(121.36574661030447,31.276419351812496,20)
(121.3797093918686,31.27098514636962,36)
(121.38639599843555,31.260263016804103,36)
(121.38058214320557,31.244092396914848,36)
(121.34357046510797,31.295169120208868,36)
(121.44309661238704,31.26472486934015,13)
(121.44560998498714,31.251481035170173,1)
(121.44419891294645,31.246734238010028,15)
(121.43687252374342,31.253223993114,36)
(121.45561814543112,31.254569427169756,6)
(121.42744704916576,31.239306394590955,37)
(121.44515819317797,31.248852588280982,22)
(121.38131883723358,31.28776775985703,36)
(121.40573765114263,31.241848820968976,22)
(121.42350641314746,31.24422386655904,28)
(121.4041967604312,31.244692956530983,8)
(121.38699672817451,31.227456838031333,3)
(121.40579998339143,31.260375881648507,35)
(121.33445580792716,31.29320510454131,5)
(121.40393103096736,31.24483243009294,12)
(121.38926727400953,31.25601944453332,37)
(121.38743076291628,31.227509989392104,36)
(121.39156773905218,31.28603066600986,37)
(121.42591683373851,31.264045633688244,18)
(121.44051434948497,31.264423716317015,26)
(121.36415150639438,31.309744854567246,10)
(121.35051931624986,31.281227198301334,28)
(121.43879548550917,31.281859593036316,3)
(121.42630664686845,31.27797116420547,4)
(121.39841791639802,31.276164561241416,1)
(121.38931197351818,31.252128774210785,8)
(121.39856312694714,31.232104881023844,2)
(121.3450917962124,31.29921651211651,9)
(121.44224926377308,31.239260451093212,26)
(121.37690272723852,31.271473192876822,6)
(121.43508285309669,31.259586077568226,18)
(121.44188726602529,31.254299525021,36)
(121.40663070746605,31.249877204065385,52)
(121.45625206566501,31.271706746855216,3)
(121.4281575346953,31.265480235993426,2)
(121.43673174753887,31.253219177923125,36)
(121.41410961357825,31.291989056342356,36)
(121.42545895179431,31.248637303562695,20)
(121.42204483948152,31.257722849706692,11)
(121.39330867838596,31.28261934316517,10)
(121.44658606380052,31.241890992648027,11)
(121.44259344312565,31.26331005993156,6)
(121.45650893164483,31.25475464381997,15)
(121.37351381757476,31.238805184305352,2)
(121.41069078330364,31.227503956840522,244)
(121.38111107044652,31.254055055263287,13)
(121.44703933018872,31.248842357305406,36)
(121.4590236240519,31.264794434692178,9)
(121.42320332658585,31.263078352190217,37)
(121.34587091204037,31.288101559052368,16)
(121.40436923771036,31.22698775351305,82)
(121.42650324720933,31.252838269106462,14)
(121.3722051065282,31.28583128118512,33)
(121.35423511988004,31.282064072558455,36)
(121.36453735960275,31.311498595117733,36)
(121.40910131295692,31.245326723690212,13)
(121.39267440437287,31.23618743342618,37)
(121.37817085943135,31.276294667264054,20)
(121.39767254508219,31.245085877225304,36)
(121.39909977187176,31.259985489627667,3)
(121.42570615257398,31.242320279225314,28)
(121.45950262556505,31.25790924786736,25)
(121.43432022271548,31.239364075194192,17)
