(121.39829518897368,31.26108476777458,36)
(121.41307223698138,31.283372878393493,4)
(121.39245911768045,31.259961306836026,6)
(121.39675444434637,31.23608807512726,8)
(121.39097939148071,31.275735048602577,2)
(121.38841825948823,31.24141733869463,20)
(121.43651956257486,31.253882109593956,21)
(121.41885536629769,31.237085596415646,7)
(121.3898367936643,31.276482855573427,18)
(121.39588049398687,31.274044151156605,18)
(121.41087292967029,31.261431152613692,36)
(121.41048247348479,31.243809475307742,12)
(121.41642950426575,31.234233644060254,88)
(121.45637286333744,31.267681940630283,4)
(121.38939639270076,31.25611658155793,32)
(121.42064859013888,31.253881069002233,10)
(121.40907988643454,31.24417789044238,36)
(121.42744699035448,31.23863108917269,36)
(121.39652830015274,31.26788285573114,7)
(121.38395233352902,31.270317196279805,36)
(121.3963809063208,31.241292163186305,3)
(121.40714083223475,31.24478431911615,2)
(121.41029962808784,31.24517711385763,37)
(121.36417761001125,31.309735357586753,8)
(121.42931382657723,31.23850324353262,10)
(121.44941373150826,31.24325659486476,4)
(121.40935502162142,31.25938047381509,37)
(121.3710338764604,31.26976307105901,27)
(121.40461429545729,31.260565538463805,34)
(121.4245740811542,31.252848475164946,3)
(121.39406780854132,31.232534027738893,34)
(121.42866560104271,31.23857291348248,37)
(121.42614344270953,31.239307551009095,5)
(121.44962421186702,31.24263792790922,21)
(121.40623768366227,31.287842484430367,37)
(121.43482626731962,31.282856191979484,7)
(121.43673019601485,31.281270098367422,22)
(121.39644015790495,31.25951190777605,1)
(121.42832526407932,31.264581692619206,19)
(121.44649484486334,31.241753176942044,2)
(121.3928564425899,31.256399027488584,56)
(121.36402728949045,31.30879704248612,682)
(121.45650911048943,31.256819544480997,8)
(121.37379312374657,31.250979633895618,26)
(121.37812479393551,31.276244594363714,36)
(121.42654918679796,31.252701168714623,35)
(121.36663808204231,31.23473471235753,36)
(121.43416301784755,31.258515440101426,41)
(121.45110661024944,31.27411378886729,1)
(121.42774591314735,31.270187558338502,1)
(121.43932802250882,31.282728110345207,1)
(121.44857427495172,31.25952280331302,13)
(121.42387139206919,31.23629501711447,37)
(121.3938919783078,31.235770408795734,33)
(121.37181768093508,31.310871594208457,23)
(121.41016655397222,31.24245141952345,30)
(121.40450786778182,31.30472552607925,8)
(121.43601464639724,31.253300112648635,7)
(121.36491041166971,31.31288023549407,9)
(121.40946981322152,31.257178506687673,27)
(121.38905516808404,31.27986139644871,5)
(121.39725334565766,31.265547254149485,31)
(121.38955750227501,31.25580756410769,3)
(121.4207076640049,31.23566653646823,36)
(121.38563589829972,31.284022088390774,36)
(121.42661785819416,31.2612288188998,37)
(121.41128185049334,31.240034187504218,9)
(121.40392125778547,31.239359524122243,7)
(121.42208900515118,31.239285317704276,17)
(121.45504742253094,31.25302893158635,7)
(121.39001722779558,31.28269525771438,33)
(121.44417968583507,31.26573075304382,2)
(121.43895205390953,31.252762930519204,37)
(121.43567516549558,31.238588173724047,36)
(121.43835113445313,31.26500508000974,1)
(121.39133160155426,31.268782616630794,34)
(121.46350946966105,31.256947004343555,3)
(121.39102903602041,31.25956517939489,36)
(121.38044874605362,31.23274099064273,1)
(121.41307017148735,31.235704838039595,11)
(121.3845946226615,31.27714258163201,35)
(121.42539700931113,31.248589333419858,9)
(121.4265031668109,31.22897852120698,20)
(121.3666819965258,31.30819640324176,9)
(121.40755348059741,31.239828941966223,9)
(121.40758093888743,31.28701132540359,75)
(121.43169744189777,31.25094477018325,4)
(121.39322312941145,31.265511145000836,11)
(121.40438013951986,31.244264522717472,3)
(121.37634313577885,31.250568526000382,33)
(121.33475309540476,31.294387118323623,4)
(121.41640025497226,31.23099197411138,34)
(121.38866354479704,31.25367897055425,36)
(121.40142936861815,31.280951007252067,36)
(121.40441438386324,31.29735614060579,17)
(121.44047446075916,31.28124961104281,4)
(121.39398535247116,31.250864223625562,30)
(121.3723166863964,31.255972860263814,2)
(121.43893935323328,31.278893088363475,26)
(121.42772562051161,31.237939518962595,21)
(121.42602116990427,31.24709531748885,29)
(121.42563667559652,31.241835948128482,6)
(121.39596417315013,31.22419611586422,1)
(121.41586828738785,31.251253312329677,37)
(121.4117001326143,31.252078820551198,37)
(121.40028385892542,31.239254705431915,36)
(121.38481500142393,31.267326661604752,35)
(121.44503986338864,31.2446169465781,37)
(121.42235451774263,31.234030078235552,23)
(121.39034611889059,31.28984038384586,36)
(121.40920721306865,31.226948952296986,8)
(121.42082672235132,31.2798239912856,3)
(121.41421969011405,31.236086107765516,3)
(121.44897075470858,31.259227271210598,8)
(121.39231457239714,31.266361962828032,11)
(121.4329509534565,31.259710704366565,22)
(121.42587633809595,31.278922226313377,30)
(121.45590744009458,31.254743901108743,3)
(121.37507633482036,31.27356587922856,2)
(121.45069304137236,31.24524409124514,18)
(121.37244474107617,31.231271970551422,65)
(121.45946009305392,31.25017722382862,1)
(121.39814938463242,31.248555144695,16)
(121.37178169186467,31.277118148378207,22)
(121.35311327909773,31.310580370437243,21)
(121.35376343392738,31.308436687589104,8)
(121.37677032035995,31.2458669464158,9)
(121.44611966684025,31.24153531151889,18)
(121.44460208964337,31.246407428627833,19)
(121.44074141478002,31.257296506738804,36)
(121.36470417657505,31.246546932855296,8)
(121.3962179065785,31.260032663550206,5)
(121.36585806714488,31.238677509651712,11)
(121.36743819724296,31.249428780950407,36)
(121.37315551517577,31.247897948994154,21)
(121.3867930051641,31.25588745055595,36)
(121.37237245691279,31.286890929965587,18)
(121.42225995078657,31.281523171770157,1)
(121.39925224379711,31.287647105998783,13)
(121.4100946362468,31.24249480448024,37)
(121.3830722753664,31.246346910231193,19)
(121.38469468660396,31.261756641331047,15)
(121.42841325187811,31.26213407902539,18)
(121.42446511192936,31.253912914589975,5)
(121.4076849656642,31.233609452894903,15)
(121.42127280733746,31.28519295865907,29)
(121.4336011841258,31.24452525528411,12)
(121.41173417990602,31.24375922712675,12)
(121.36547168860048,31.28290061192903,15)
(121.45133321724225,31.252567114457126,10)
(121.36508974360999,31.28861221115616,19)
(121.40342991084312,31.231739653387656,3)
(121.42517596288263,31.23958455728295,36)
(121.38760409075091,31.282474349657253,37)
(121.37467582432113,31.22829944373922,12)
(121.40471403733434,31.224232676928185,2)
(121.42343485886123,31.251104706412356,32)
(121.41186443655268,31.25856172263105,33)
(121.3658307615608,31.2764614944942,21)
(121.39927021289819,31.287214937373125,36)
(121.45666070975469,31.252049912900425,31)
(121.41348859804314,31.254799678356616,20)
(121.40623039613828,31.238712429065615,1)
(121.44349541704341,31.265141798894856,3)
(121.38934338560212,31.256553733165543,36)
(121.44895826522665,31.260879184184976,36)
(121.42520036883548,31.23949076249474,30)
(121.38295806454886,31.245406380837,4)
(121.40602021829804,31.248213677377162,36)
(121.40426490723972,31.246276671352714,28)
(121.40830260594586,31.26473886108872,36)
(121.44647884154205,31.241741474162094,7)
(121.36765354013596,31.23763228642495,19)
(121.38994969621751,31.2825990326476,17)
(121.42298743292017,31.26214110507283,17)
(121.44795289667881,31.254620283438292,30)
(121.45177590714187,31.260190135078343,2)
(121.40993109582817,31.25962753719185,15)
(121.35503356529705,31.279972588574896,11)
(121.4385228154688,31.238755822498003,23)
(121.40125658659727,31.288613600830345,6)
(121.40608885567097,31.244028815986262,32)
(121.34747065945984,31.302820310359458,30)
(121.4337981320453,31.255506673737482,33)
(121.4035340036979,31.26006361965889,16)
(121.44249960155851,31.263790119834262,4)
(121.4355588240409,31.260650936147172,3)
(121.4191847383725,31.24381745536299,23)
(121.41764180617012,31.26038374819001,14)
(121.42136912813555,31.24625585463566,26)
(121.41401900656153,31.236116535743474,13)
(121.33256826825128,31.295140901928324,17)
(121.3913376401899,31.275423156242127,33)
(121.40134856973184,31.234204591086193,16)
(121.36067045247223,31.29343941179216,2)
(121.43349026744433,31.249081420529613,15)
(121.38819452043478,31.25978216146605,19)
(121.36413550388423,31.31082905026403,11)
(121.38596585061414,31.254835776241812,30)
(121.41929872201429,31.244498697927067,22)
(121.38154738050272,31.279379570582083,13)
(121.36367680390181,31.298214023495305,11)
(121.42130876848294,31.284561629124077,3)
(121.44355052851769,31.26355681188753,7)
(121.43283220133954,31.230697827965706,4)
(121.39451226983091,31.257617463676848,5)
(121.41085483858588,31.225946269056177,43)
(121.40030878733027,31.28958921865724,22)
(121.40681070600523,31.253668103594013,1)
(121.40221533964034,31.243966301689106,36)
(121.40003089656602,31.27201068972401,36)
(121.39793262605826,31.254294440936068,45)
(121.40231966563641,31.229729363509755,15)
(121.41311548270488,31.235519047862486,7)
(121.45200989609717,31.24385494172558,5)
(121.42488218566314,31.279196856904363,33)
(121.42908531359042,31.260343519238393,7)
(121.42531605057042,31.271060112890094,1)
(121.38451775578687,31.230988973114222,24)
(121.45530616741942,31.257436323817583,2)
(121.44326396436603,31.25261868034604,34)
(121.42545977290474,31.258058435227138,36)
(121.43895244411449,31.257248890644917,27)
(121.41058944703038,31.243752433208375,36)
(121.44519174915739,31.27898143389562,6)
(121.35512461763622,31.303212069319194,36)
(121.39891331331523,31.301405446500116,36)
(121.44126905017434,31.24324526268822,11)
(121.44470568252038,31.255580301977208,52)
(121.45204826363666,31.274611052004683,24)
(121.40552110769332,31.247223210003277,10)
(121.45318332587337,31.257554679108043,2)
(121.38678069247297,31.230588704573734,15)
(121.39223210734595,31.223229975448064,3)
(121.40735948391696,31.239779923431296,55)
(121.40074707499171,31.24544560975513,7)
(121.42905991047685,31.247452510254057,36)
(121.43786967068206,31.2540488694741,4)
(121.39645096268332,31.236962354587718,36)
(121.4012835444228,31.271966238598104,9)
(121.38882519485222,31.270992530864675,11)
(121.42412357426551,31.241043974661824,28)
(121.41385426574014,31.236426300686976,36)
(121.43126473458457,31.25772026460477,2)
(121.40903347501421,31.244896179431283,16)
(121.42518495199238,31.256991196928784,13)
(121.42500865437948,31.251602981326776,36)
(121.41055929015242,31.241883599469304,1)
(121.43159291672455,31.249604819287207,17)
(121.3604309003534,31.242008222367776,29)
(121.39789370899454,31.253570256248956,22)
(121.36987727796443,31.236433822039942,5)
(121.3893663661735,31.256105554789315,13)
(121.33934109822349,31.292505516560677,18)
(121.39014686485815,31.25154296389055,15)
(121.38735497749752,31.226409644769056,7)
(121.41080343819819,31.244164583022723,1)
(121.42739710474294,31.251098992428354,24)
(121.38257528215311,31.24590964518318,18)
(121.39609178045073,31.23179979488137,2)
(121.40907908622374,31.24517588835528,18)
(121.45252144587542,31.245603182439762,23)
(121.36443014466282,31.31137488297459,36)
(121.41694043180406,31.25325991503475,21)
(121.43342839392909,31.23805055151968,32)
(121.41141142786316,31.2685741054614,3)
(121.42681536357127,31.25100287336346,11)
(121.44920007977052,31.245297901672945,2)
(121.38926515412298,31.23716880054395,3)
(121.38649625933968,31.26799364222988,5)
(121.41582908443776,31.237246062253103,33)
(121.39372519701888,31.251000138860313,21)
(121.43901363165064,31.267271462638014,96)
(121.42251463183146,31.243441529714826,109)
(121.42520036883766,31.23951246245452,2)
(121.38623756842252,31.28009224552909,36)
(121.4081456569652,31.247500990447534,34)
(121.45341273669726,31.280072755722053,8)
(121.41468235180584,31.291651734115156,36)
(121.42900198163501,31.247479579437254,36)
(121.40434224583497,31.250049353893424,28)
(121.39971826876153,31.26304300884364,20)
(121.44790045770301,31.248233440810242,123)
(121.43713318618722,31.265617007520696,19)
(121.39927501688857,31.28711790816639,36)
(121.38451134371559,31.274957597249788,6)
(121.4114927276476,31.283689374918723,1)
(121.44305662207654,31.263240422706318,28)
(121.424306395359,31.240944789092357,22)
(121.39065297451641,31.259613040622156,26)
(121.46342670033076,31.26847014779196,36)
(121.3646393180485,31.29567249253273,32)
(121.45345646389484,31.255131078364453,18)
(121.41558533306343,31.25023097096929,16)
(121.43605678966516,31.241527866438673,5)
(121.45402165895915,31.27337540068719,6)
(121.36730991280665,31.23713956666555,3)
(121.44605425322078,31.241580599929485,25)
(121.43800476153453,31.254117850611525,16)
(121.39348568036901,31.287120583054996,627)
(121.38386207635612,31.27994706472748,36)
(121.39527155017988,31.267135943630155,16)
(121.4473560226662,31.24260912528804,22)
(121.41153778275608,31.273000945587864,5)
(121.38488548749658,31.283542477473425,24)
(121.39563566850063,31.300032267628396,11)
(121.38837625592926,31.28233314718618,36)
(121.41306799151512,31.234713820875626,5)
(121.43856332553447,31.248330522784723,61)
(121.42445111003939,31.269678881167298,23)
(121.3834223257577,31.242416488288526,37)
(121.3740459663823,31.255627860732087,36)
(121.37740640322203,31.271337721640556,6)
(121.43697701886585,31.24820003711454,1)
(121.36224594819589,31.28403512637523,36)
(121.43224918013547,31.253535118469586,6)
(121.40759969380612,31.253763139377995,11)
(121.42666367288022,31.259662102263512,36)
(121.3835005857112,31.255905531013852,24)
(121.43834777564359,31.237128492077982,2)
(121.37145584091736,31.284712833998658,36)
(121.42312556255551,31.26482768466,17)
(121.37752170018973,31.272958534902013,32)
(121.37349859886832,31.23274726020141,14)
(121.41440480218174,31.23562211742238,36)
(121.39074247682844,31.231735581918432,18)
(121.43487663143478,31.253497683289392,29)
(121.38583231640835,31.293240572211506,24)
(121.40550224309177,31.26025291768791,2)
(121.4367966592687,31.253391167294648,11)
(121.43162486826802,31.26100076120674,6)
(121.3990888988746,31.231526713822227,3)
(121.41078685361333,31.225950282311068,36)
(121.34451815240546,31.290492019660572,35)
(121.33303414402705,31.299807993603714,36)
(121.385987249403,31.28900020843073,23)
(121.41740852988823,31.251846913776774,28)
(121.42189866320011,31.24288139442965,36)
(121.4060662622009,31.248698894458833,1)
(121.43252930416479,31.23410279933507,32)
(121.39229750705701,31.2427916466297,1)
(121.3849681653831,31.267361814173956,37)
(121.44335449172216,31.257526354044778,29)
(121.40857118287535,31.235732632194665,8)
(121.41142079267782,31.23839987690567,20)
(121.36489838246237,31.27955337689418,15)
(121.41562247788117,31.229160442000232,24)
(121.38546004109992,31.28105793332579,5)
(121.43610265477618,31.2407984785079,3)
(121.43505234121423,31.253188328254044,10)
(121.3703178444929,31.251846948848815,1)
(121.43710119788857,31.253688891555424,5)
(121.4387406294359,31.266725267161135,36)
(121.40940776915636,31.24510919454386,29)
(121.40914260166737,31.25898767462228,5)
(121.41620412714545,31.25131520482412,11)
(121.38485262897004,31.25109867389622,36)
(121.42208223881131,31.25118896569339,14)
(121.38063222557706,31.29032407661082,36)
(121.41014734923834,31.242453115524995,36)
(121.3622960761029,31.23910270163849,84)
(121.3674310982787,31.24146359664968,2)
(121.41099980899857,31.225975257533847,12)
(121.43916606462143,31.2610270034051,13)
(121.44748114830311,31.242592046960358,36)
(121.33251427268529,31.303427407935608,15)
(121.35839518007955,31.302146121604927,36)
(121.37444350097162,31.22848624103111,4)
(121.4476936764543,31.245726816911628,36)
(121.43144597890392,31.2660460850861,19)
(121.34829751582491,31.291216704075378,18)
(121.44665087795454,31.244845398599075,3)
(121.46270509438942,31.25450312587966,6)
(121.4164028412439,31.260653194221913,36)
(121.42740908500855,31.239237398139718,31)
(121.43064468354852,31.23427948347845,13)
(121.43225236777918,31.251355774404267,23)
(121.35109408542077,31.299244445124906,36)
(121.43492128930302,31.23886310732542,5)
(121.40997066522603,31.23345786264687,11)
(121.42019302908957,31.26656682054793,11)
(121.39016159224134,31.27404578333806,27)
(121.40251876839716,31.259574231163043,35)
(121.37729245552985,31.27371958869394,23)
(121.40476025338373,31.231121856611107,1)
(121.44635411641573,31.24480734673291,36)
(121.40651135579179,31.284033947344785,37)
(121.46011860354677,31.25178541344505,2)
(121.45045134516792,31.245368144943647,26)
(121.40348365823816,31.290570319748664,11)
(121.42456774685365,31.259262676668474,4)
(121.40017388183755,31.233855213246695,8)
(121.38033651061251,31.286305145245933,6)
(121.42888964580918,31.265033339489854,16)
(121.42980768782073,31.265828755240317,64)
(121.42241788790172,31.260044846772864,36)
(121.39233984398885,31.24631324664458,2)
(121.3723984938816,31.22924097552455,36)
(121.38476924375631,31.259175125688788,2)
(121.38597264629847,31.2893520051193,30)
(121.42544372457586,31.257321128203866,23)
(121.39264639022402,31.299400198259903,19)
(121.40890626534154,31.225846720287,37)
(121.421915008171,31.258448251478256,27)
(121.38768570137945,31.242675331130044,26)
(121.40980816553336,31.25944031199723,3)
(121.4061967645492,31.254413415614223,36)
(121.42239460352648,31.258776475466775,6)
(121.39785279220361,31.231781464044808,29)
(121.4562443811439,31.252264108161732,2)
(121.44291391530975,31.252726959483343,36)
(121.43940891893938,31.260437550483573,36)
(121.39438780892631,31.26007374172837,1)
(121.38889395631126,31.267563132927382,36)
(121.44968896714755,31.252978399434916,72)
(121.43948623793845,31.268701649392543,31)
(121.4164724657528,31.22545712131112,12)
(121.44153623777093,31.272844743078874,18)
(121.44381960549184,31.251152715501014,1)
(121.34421794965576,31.28382610652955,22)
(121.41125684431788,31.231918197675252,2)
(121.37992864878122,31.282255061298347,36)
(121.44605125259534,31.24158329939648,47)
(121.37259628537059,31.303970977307163,36)
(121.39908889887774,31.231489713893474,10)
(121.39232700193787,31.236746936067064,15)
(121.36881412103473,31.314085697450672,36)
(121.37227352742491,31.289458835612212,36)
(121.4197557858098,31.237329212706523,2)
(121.39469128733435,31.290974485765364,3)
(121.40100252906653,31.244865738259893,4)
(121.43713796495983,31.240216849623256,13)
(121.42875673543827,31.264268142245975,37)
(121.46133430871741,31.266582171785554,9)
(121.38099018736436,31.284861243594186,23)
(121.4497331028256,31.255666494229114,12)
(121.44395632089136,31.257457351406796,3)
(121.39367765102516,31.235811654886806,6)
(121.39890084609887,31.258083824181746,1)
(121.3949627747716,31.260304861894188,6)
(121.42209701995142,31.24881890850705,15)
(121.38668113249636,31.29304086189695,2)
(121.3945275209429,31.247303463237944,33)
(121.4071729187319,31.248292587933193,415)
(121.36526828148729,31.242608631254758,6)
(121.45946158645609,31.258012685644168,2)
(121.41443200922987,31.247874999879695,5)
(121.37546301480513,31.25788776407861,29)
(121.44218225925276,31.285219963138758,6)
(121.37953417032848,31.23411614086727,20)
(121.36414390508925,31.31067445158009,23)
(121.38485406040577,31.267531783868964,33)
(121.38533587988215,31.259690854625255,24)
(121.43186648236137,31.23732301289433,3)
(121.39776636766581,31.284711372260432,4)
(121.3870979605048,31.252008002930285,36)
(121.41273985868793,31.231962647702836,4)
(121.41575348937673,31.25293509689297,2)
(121.40561737695548,31.261708552603313,24)
(121.39596854914069,31.260156314949345,5)
(121.44436740367806,31.26571675520365,16)
(121.38146251548454,31.27060182504191,28)
(121.39466265023758,31.2601091634095,2)
(121.38838721505854,31.241226228841793,36)
(121.36497282038366,31.31328954188661,19)
(121.41220717154596,31.245163751612612,33)
(121.37790775551704,31.233090492118137,8)
(121.42692052207137,31.238150347441138,4)
(121.41198070249831,31.273428031802368,8)
(121.35523098099702,31.30327223340209,22)
(121.44865321642757,31.25267116653626,19)
(121.37964965254766,31.24033871773013,3)
(121.3763065596541,31.287095928286554,21)
(121.39593804662823,31.2341267096314,2)
(121.37701691654453,31.27184748367099,15)
(121.445090752205,31.24584092159859,25)
(121.39481766412057,31.260023665809204,1)
(121.40208101483408,31.22912552857849,3)
(121.43890515895797,31.24157302174217,9)
(121.4046679778849,31.223605379880617,36)
(121.38024324023594,31.296018932561704,8)
(121.43631826742575,31.27463389241963,3)
(121.42992841411827,31.246724215910476,10)
(121.42898688490342,31.24616500941544,19)
(121.44554410200354,31.25675040692689,1)
(121.40657180396984,31.266253537672068,16)
(121.42200323946359,31.261917691016812,4)
(121.43800660287548,31.24085295430607,6)
(121.4531364876338,31.254700296088792,51)
(121.38099865873977,31.29015839197472,36)
(121.39902122768233,31.23114360185762,2)
(121.44160560537264,31.258854064447974,26)
(121.44704645883067,31.241728073193762,17)
(121.43596633654114,31.260364989939237,2)
(121.44761120646902,31.26129779177336,25)
(121.43591284679957,31.26449320304857,38)
(121.41622612272003,31.25139122931046,18)
(121.40520700739371,31.287557443137455,12)
(121.37802303189629,31.24601946123072,36)
(121.45844858193023,31.250384567226895,1)
(121.42263136626,31.257884517611064,33)
(121.3947752452484,31.301371634532455,36)
(121.35776891076362,31.279233958245445,36)
(121.41024367298282,31.242421935624655,20)
(121.42217597265392,31.283383577319366,4)
(121.38989860088058,31.230686552757877,26)
(121.42505388511373,31.243289250921226,4)
(121.45788542982582,31.26829816367768,18)
(121.42089179636884,31.235399659342445,3)
(121.3865651150173,31.23030468924194,6)
(121.41215220588357,31.23390968029549,3)
(121.43943764419075,31.23465112384397,36)
(121.40086298381364,31.255468063937116,5)
(121.42458297518345,31.262044865128498,37)
(121.34694856793837,31.280104279812015,36)
(121.43910475115973,31.262518388961666,9)
(121.44662044567012,31.25161131112885,37)
(121.3830130369663,31.290344482898796,36)
(121.41628545279126,31.23258975507403,33)
(121.37240349794558,31.286812939044363,36)
(121.46089235582875,31.264848433484644,36)
(121.43771816316499,31.253310890476445,36)
(121.45918663987703,31.250267900232316,25)
(121.41229898084254,31.259500531131366,18)
(121.38530277310824,31.24736242235489,1)
(121.38589595806133,31.25040120403077,15)
(121.42375401281863,31.276564641375163,7)
(121.4100933359263,31.242499204201355,11)
(121.41331386521279,31.231998247829836,1)
(121.44767793697083,31.248337005899398,17)
(121.36963144212561,31.313792730282536,36)
(121.38382200208474,31.25661714399952,35)
(121.36855836737497,31.251593118463845,9)
(121.43748798130898,31.240232421757046,15)
(121.3669398225584,31.289552475759994,30)
(121.38735961473641,31.279640989671915,37)
(121.42707335173684,31.23808918282845,7)
(121.45315335044496,31.268521445595947,1)
(121.42517466255902,31.23952575712367,36)
(121.41797726056434,31.252552953489886,16)
(121.37184510946858,31.28078774711667,21)
(121.41219143049526,31.248080053112773,36)
(121.44051866497995,31.25493536953209,29)
(121.3465740233792,31.283221871468708,46)
(121.45120611537286,31.246071000131835,51)
(121.42522017400199,31.242675460657864,22)
(121.44635871737619,31.244827647502518,3)
(121.43157801248461,31.26580251298909,19)
(121.42131433612644,31.246983272998087,63)
(121.40826108732813,31.224354818266224,12)
(121.45795513747511,31.26508802455511,5)
(121.44965943528902,31.269102406178323,2)
(121.436857532151,31.253045934913402,5)
(121.41512418100277,31.29188467251121,14)
(121.44126904968536,31.24095426688551,25)
(121.39014914302346,31.259370217478534,36)
(121.39905720347305,31.230704412336905,7)
(121.42562489414472,31.238416586486146,13)
(121.37489253844342,31.267460080073388,20)
(121.41778774351097,31.22954940565153,15)
(121.45474846804856,31.264247699240862,24)
(121.3559588035376,31.307430331154997,36)
(121.45929756741064,31.255525490958963,7)
(121.39475984857546,31.296932888113442,37)
(121.38486840455427,31.25982249499874,4)
(121.38889294760722,31.25599015365368,37)
(121.39698864173448,31.2920670160096,15)
(121.4347385890352,31.239176476065243,18)
(121.41001381624335,31.255554162392723,36)
(121.39913642309843,31.244350628507828,30)
(121.36487810711537,31.31285123177353,26)
(121.4102978864123,31.231095468356816,196)
(121.41689324190014,31.263572316089288,32)
(121.42178843068238,31.234509063975175,21)
(121.39742158483948,31.264759488685087,2)
(121.43836777490459,31.261199423798672,11)
(121.37058854061414,31.239487236113906,4)
(121.3826406106504,31.29031811018643,19)
(121.42846759560167,31.23586887717033,25)
(121.43311929457512,31.27778115958017,12)
(121.42791238494995,31.249112350752632,36)
(121.38372076573948,31.23217512412136,12)
(121.44764207380189,31.272016298447245,26)
(121.38132335716853,31.22467730546347,9)
(121.45949881637185,31.25027121283964,9)
(121.4050918112002,31.261753233740286,37)
(121.42776756160688,31.237802417827712,36)
(121.38814762514019,31.28286994012301,29)
(121.4156694256109,31.2288152646804,1)
(121.44380577866424,31.243756794879335,36)
(121.39906948794497,31.2568641260019,14)
(121.36451978917422,31.23432714622718,5)
(121.42377372049556,31.250204947243468,37)
(121.38619239661335,31.262512900163138,10)
(121.43888965362964,31.235467279007715,21)
(121.45666230973477,31.251067114943297,8)
(121.41288481314477,31.23197461601284,2)
(121.40774055752293,31.25411059378764,48)
(121.38454137321291,31.274928612548177,7)
(121.4006954202941,31.26105644243438,6)
(121.43822240175524,31.2656075163114,36)
(121.4096214411326,31.228871863039206,4)
(121.41806511117775,31.260266437086372,36)
(121.42894155578281,31.253242183278815,17)
(121.45139599237169,31.274638453569487,4)
(121.39902271983901,31.248262331466695,34)
(121.41015459062321,31.24444080535817,36)
(121.37789393900091,31.2584437746871,15)
(121.41082131551354,31.223850790793477,29)
(121.38827539235062,31.267392589277684,5)
(121.44022370531749,31.282421461759792,3)
(121.42690479098165,31.229569439300402,2)
(121.46226988357722,31.26813869268307,23)
(121.40788365950753,31.230610730941,18)
(121.4597226616407,31.25536928363843,23)
(121.42334151475474,31.2548180487922,36)
(121.40290434670754,31.30194431296135,3)
(121.37771033207987,31.254290756506023,12)
(121.45051916128203,31.265099094950607,1)
(121.38863544639587,31.287274105675852,36)
(121.43688736068742,31.240147153206337,2)
(121.4229731238204,31.246996490842363,19)
(121.4294592952057,31.245891417323307,5)
(121.40320408261145,31.238684110315916,5)
(121.41556283718127,31.232960211160304,36)
(121.44396363379586,31.24029876147602,2)
(121.34103908953212,31.286512914253336,36)
(121.41238126826654,31.23539330410647,14)
(121.37663923191994,31.232693492638067,34)
(121.45268248762429,31.280278288766937,18)
(121.44998579675152,31.258624310147514,36)
(121.45608203510562,31.27145672166309,4)
(121.4153639213684,31.24433643452432,20)
(121.41343346192832,31.26141426459625,37)
(121.4076236089402,31.26426368556767,12)
(121.40124440836006,31.237608131905553,6)
(121.37898458775975,31.232708087546587,3)
(121.43920487340618,31.261410010033185,3)
(121.44115190383951,31.250255896330778,34)
(121.42295718348609,31.236056580196735,9)
(121.41425776572477,31.23531098722712,1)
(121.442305568731,31.258550458227816,8)
(121.4002768841188,31.297688629264385,3)
(121.42311931478723,31.26210099310891,8)
(121.42163441430046,31.235984360410214,49)
(121.42898434366566,31.26285431333705,4)
(121.38299201553798,31.290371473409394,24)
(121.38919783412945,31.25165148022094,36)
(121.3901178597518,31.28899688525468,35)
(121.40903027422961,31.244731479084383,8)
(121.39037812552196,31.30108585425886,36)
(121.46033264607537,31.27337390291992,26)
(121.42563157434452,31.241761647215377,9)
(121.42989450601463,31.246848408818433,17)
(121.35707259754865,31.302398016409608,36)
(121.42393581221614,31.264711508487583,4)
(121.42858367752146,31.24982302628178,17)
(121.41892429550492,31.23678442307574,4)
(121.37129509800972,31.272755236771538,23)
(121.39268962999854,31.275452019166902,11)
(121.38128067633512,31.286446186359232,11)
(121.37425917726578,31.27396003012183,24)
(121.42993478344381,31.281074012357614,1)
(121.45384467802272,31.245294954597416,14)
(121.37763411281546,31.252947080417353,36)
(121.41125184311689,31.268692125212,9)
(121.36506645180974,31.276906535836808,14)
(121.37574140881875,31.274971276118126,35)
(121.41908449274541,31.240243903539774,4)
(121.44148918092937,31.26387273342013,26)
(121.39922893070067,31.244456716402187,6)
(121.43318704167073,31.264511493885042,13)
(121.4450590757156,31.245218137795927,4)
(121.41185933121731,31.268795107801036,17)
(121.43343057018933,31.263049581230714,30)
(121.41819406497727,31.251809519523245,37)
(121.43729583748454,31.239869185455444,13)
(121.42070686427661,31.24235822380822,36)
(121.42058074998033,31.255138660428422,1)
(121.40165770290632,31.272629607181496,3)
(121.37296670878423,31.25628884385836,12)
(121.39075146701053,31.290120774731594,35)
(121.4355877696546,31.25268116207559,41)
(121.4382213301914,31.253292188958948,13)
(121.3969903669182,31.24303621549947,11)
(121.36303165399738,31.308983529780633,36)
(121.39170864323586,31.23780902902717,37)
(121.41650906895796,31.28678908140813,26)
(121.36583205570616,31.26710844648676,35)
(121.45234894083175,31.253476544810482,7)
(121.4624292575977,31.265988410926955,2)
(121.40234369592386,31.25918502778822,7)
(121.4000908709982,31.245526458493586,15)
(121.42302040835987,31.262187101241196,34)
(121.38979678493419,31.27660884798532,8)
(121.35956902179409,31.277792635006612,20)
(121.42386464282217,31.250323265869532,36)
(121.42022255152469,31.261338564499106,21)
(121.45163119747149,31.245064071455364,2)
(121.42092242364065,31.242857012258636,13)
(121.46281650697766,31.26969308709996,36)
(121.40990942632962,31.230598558950682,23)
(121.45047165112446,31.252564935119846,27)
(121.36086087622202,31.29383713062048,32)
(121.433045162314,31.252146295692256,16)
(121.36418361080236,31.309882357941987,29)
(121.3992668138996,31.248262414282408,25)
(121.3813293658671,31.270714736528028,6)
(121.44057948128929,31.26833325559636,18)
(121.41591812427689,31.295465796268402,36)
(121.40857766273463,31.262496650514013,9)
(121.44748635311255,31.25726812085633,36)
(121.400924047367,31.25598830707738,22)
(121.39967486742849,31.281544759786527,2)
(121.41012462768883,31.24480397178276,36)
(121.42222659923515,31.24521621848381,7)
(121.42546006001706,31.26135185911094,2)
(121.41452013143734,31.261196592518825,66)
(121.38926184676411,31.282404907412957,22)
(121.37867224296043,31.238590855751696,12)
(121.37227061313727,31.255947788908546,28)
(121.35574778644266,31.290147952177527,18)
(121.41291225367662,31.232197542757095,16)
(121.41126029044813,31.23219207868298,4)
(121.39949710240596,31.26205451357949,52)
(121.42465036733489,31.244352049360455,12)
(121.4006032556819,31.241507995862605,1)
(121.41054351522838,31.2444277425479,37)
(121.44773929070706,31.253905351627214,21)
(121.38232780630506,31.28522174511825,36)
(121.37039405168188,31.272119815991598,18)
(121.4054477991551,31.224386578842587,14)
(121.46076283844242,31.269475402046094,3)
(121.38380889927204,31.278582452018597,36)
(121.45965264751314,31.24792428747961,1)
(121.39482791034311,31.248951848463122,3)
(121.42762666298489,31.272664997999033,27)
(121.42307444174374,31.263107457737558,23)
(121.42417751670921,31.240957894474324,24)
(121.4109117591254,31.230814127831636,13)
(121.42251120951344,31.24366959736292,36)
(121.41871345737965,31.237759889699323,1)
(121.4384524509638,31.282048072573595,2)
(121.43165684825478,31.249754389651297,2)
(121.38280982050074,31.29050735118805,37)
(121.42558926434431,31.244814132796137,7)
(121.42125014453009,31.242526657714375,14)
(121.36761560839625,31.309165772806676,31)
(121.44364354606488,31.253107648315,1)
(121.36132935212316,31.285369219256346,36)
(121.44848621617729,31.259998662621772,1)
(121.45379840683174,31.252403197118895,28)
(121.37431294363782,31.247324612754074,25)
(121.37019304728224,31.246704774106497,45)
(121.44303944081597,31.264752548301857,37)
(121.42245503858418,31.252428256573044,31)
(121.39633653602772,31.239502727403615,11)
(121.38152507685164,31.23341049618574,11)
(121.40909318994953,31.227083125582787,18)
(121.39019122944622,31.258125023629283,2)
(121.41823908832117,31.252391753098276,25)
(121.39675023144765,31.24068820555041,3)
(121.40450326882106,31.254964126898386,36)
(121.35326863610149,31.296046935362202,1)
(121.42643559224585,31.245839336354166,38)
(121.40193735099992,31.26014639596454,36)
(121.42282958078633,31.262277275950836,5)
(121.3787587808509,31.266500207419142,46)
(121.41531812953495,31.263161355842367,3)
(121.41502050659545,31.237816623347744,5)
(121.44762601871811,31.25950199003298,6)
(121.45824928699942,31.25020665027705,1)
(121.37495842992939,31.238126630119762,32)
(121.46144722643703,31.257646071221437,36)
(121.41354089606875,31.235504049398347,24)
(121.41746202386136,31.257855515496306,27)
(121.4273170884992,31.277343725452454,3)
(121.42170781300008,31.262593793958676,36)
(121.36728549780143,31.313541307595173,36)
(121.43419642294636,31.24239347679508,10)
(121.41556863662586,31.23069116766871,6)
(121.43703422314111,31.264216541714113,63)
(121.38851651066445,31.259696650511962,33)
(121.43766729168107,31.276769979706426,36)
(121.4008787368881,31.264048777087257,34)
(121.36244894212098,31.244976758500993,28)
(121.39913655715978,31.245888315004493,36)
(121.38390448200107,31.238098995849047,47)
(121.43744573277812,31.26621584126494,36)
(121.39869788234661,31.249046045557623,1)
(121.37523315415868,31.234331900249256,3)
(121.43802273310662,31.25413283237564,36)
(121.3394799435745,31.299480129181873,21)
(121.40854570169708,31.243162397340992,37)
(121.38464067839064,31.27722065585111,36)
(121.43685053845057,31.254092373251396,36)
(121.41592923184812,31.25095615727457,8)
(121.41832274579471,31.249054238735226,19)
(121.46125291719817,31.266237475307427,34)
(121.38193015445977,31.244396540916377,42)
(121.4403993443497,31.28246809460163,18)
(121.41981819709355,31.254003613298636,36)
(121.4075409299433,31.251277389038677,96)
(121.3893466923171,31.24183783714325,7)
(121.40989278638861,31.259294929879484,17)
(121.44908886569132,31.271068288315437,25)
(121.41143082406825,31.22731880060656,9)
(121.4275378191554,31.237819638175946,7)
(121.45651468514701,31.25642678296282,6)
(121.34968735169866,31.302070032829498,32)
(121.40760442352841,31.283281207204674,37)
(121.43466933614994,31.2602025365783,3)
(121.40495647933875,31.238736451101605,21)
(121.34407427377984,31.291643656203824,27)
(121.4094298720095,31.302758845398476,15)
(121.45167228306308,31.245630145074497,29)
(121.38923589268724,31.251948639037508,3)
(121.42863660925065,31.238278808409135,1)
(121.4090285738077,31.244985378242703,23)
(121.40031890278922,31.233546114402305,26)
(121.41459770935532,31.28389363002804,5)
(121.41021566609722,31.23926133582832,37)
(121.36481239786575,31.312787424226983,14)
(121.45461298150154,31.247207249341077,36)
(121.40902997444904,31.224931416475098,36)
(121.39329083548691,31.295235228916024,30)
(121.40476025339939,31.23077485727095,12)
(121.40511216208071,31.24818460610978,50)
(121.42913221862078,31.251973437669786,36)
(121.40189984356641,31.236187535412252,15)
(121.44604745180393,31.24158709872074,37)
(121.44645013635865,31.24484776348465,13)
(121.45512963207696,31.245053993483534,36)
(121.44869062293112,31.2677535393856,42)
(121.40726916986523,31.224671997855225,6)
(121.43773315731907,31.25352596430664,3)
(121.3988243023768,31.24437453120398,1)
(121.36826274318385,31.252565509767443,8)
(121.42690138563155,31.261022371935784,36)
(121.38299096457352,31.27831456254119,25)
(121.39906829940853,31.243234105443413,15)
(121.39953307775268,31.28711795943211,6)
(121.38925564544407,31.28224650661895,36)
(121.37070670489183,31.285305065999147,5)
(121.41032947861581,31.232060173061114,12)
(121.44725110631109,31.26299406941097,36)
(121.43093721277768,31.24318267124596,36)
(121.3779699670857,31.246087431244796,37)
(121.42206069386206,31.267659106031022,6)
(121.39679836278945,31.25071622606344,34)
(121.44236274756258,31.23886164409435,1)
(121.46360118748673,31.26819362184374,36)
(121.42259773082452,31.243775115159668,6)
(121.44114902847612,31.265303199090994,19)
(121.36483820148935,31.31283792713082,10)
(121.42855288314156,31.25176991483069,9)
(121.36614409836174,31.285559694838387,2)
(121.4494595237859,31.242030960027094,4)
(121.41274115020984,31.246776341452485,20)
(121.43635535977506,31.253422762807332,15)
(121.38812010034454,31.287109590958053,23)
(121.41721331995453,31.231809443957268,3)
(121.41216666619255,31.22776685256761,13)
(121.38368550322768,31.256178811208674,34)
(121.43658158667445,31.237163207579947,9)
(121.37244958660439,31.287017081896636,36)
(121.43213214334804,31.27724600080112,36)
(121.37760780648956,31.245660414833974,8)
(121.37290536677204,31.253422512196764,3)
(121.44980206818951,31.245531892910154,1)
(121.42176444790242,31.25588634980576,5)
(121.39748998064842,31.258804375577604,6)
(121.40909533025861,31.25106486720532,36)
(121.39195210867919,31.229601432582516,8)
(121.44256176160478,31.243314337774027,4)
(121.43303025445479,31.27165749067322,36)
(121.39882509634549,31.287871049578232,12)
(121.38240816661614,31.253814560202244,37)
(121.39734575003955,31.26381997648806,4)
(121.36508148135404,31.276939572163,18)
(121.39017494755096,31.267243706045605,2)
(121.39065134868011,31.290805244383957,36)
(121.4369724039697,31.25368206087363,19)
(121.40413868166411,31.23373849373793,1)
(121.4516594805858,31.245606543033265,2)
(121.42403266071477,31.241072056811888,7)
(121.3659760277634,31.276598767168384,6)
(121.41090238255444,31.243773391226064,8)
(121.41227027373608,31.25947362518631,36)
(121.38569558995957,31.28121347403772,32)
(121.4116177124736,31.287593832580963,1)
(121.40722601014134,31.24576761147805,36)
(121.41016035236954,31.25580319239123,18)
(121.4235934371585,31.238513131840794,1)
(121.39925048132108,31.23304054958994,21)
(121.44467265324425,31.265975841535486,8)
(121.4116370640431,31.276513391157916,36)
(121.4390456945557,31.2848843938281,2)
(121.45293840694818,31.25179864715655,36)
(121.36393317669298,31.308190133112955,35)
(121.36588795802315,31.288616606164815,36)
(121.43911846273508,31.260713154995308,5)
(121.4344235749483,31.236699931959553,26)
(121.39149395451018,31.23174312395079,3)
(121.380151975379,31.300116801307244,36)
(121.41014654896694,31.25560978989739,23)
(121.39465424833902,31.259983862053282,12)
(121.43288713674255,31.2350866624515,20)
(121.38076797014256,31.285477262866646,18)
(121.38233801376686,31.24523527590592,3)
(121.4146933472128,31.245840344750295,28)
(121.4284501606897,31.261390787974065,36)
(121.42545836123013,31.241859278261998,54)
(121.45196474176599,31.2540815770745,134)
(121.37674104054926,31.24310967974527,2)
(121.40277734024677,31.242576789647355,2)
(121.4274953285459,31.251119612495135,16)
(121.44084043880486,31.267320406262858,36)
(121.45365676712825,31.275643432550858,3)
(121.36195967608543,31.24083513236955,36)
(121.37277492746226,31.25065012430189,11)
(121.3925381742913,31.233326913390542,55)
(121.39262141500038,31.22656647324818,3)
(121.42626177888319,31.27894760673779,3)
(121.43759141009949,31.276705056186866,27)
(121.45498183554237,31.27118755416711,10)
(121.43476463904767,31.274603857973023,13)
(121.38943075095277,31.2943215205839,36)
(121.36103210926068,31.300567795061703,36)
(121.4090930249431,31.224622882798112,24)
(121.40341992928138,31.238947568592252,5)
(121.41360242462778,31.233587684473466,1)
(121.38509765971038,31.25999777598002,12)
(121.43711707804984,31.26407937201143,35)
(121.39816183506488,31.265130360886392,23)
(121.38120415893937,31.281560116289057,36)
(121.41082861728033,31.27562159222475,10)
(121.42054947321341,31.251703172774498,36)
(121.40605122024984,31.248223683172483,19)
(121.45220826175895,31.253383779129283,22)
(121.3588082348185,31.305029917804184,4)
(121.406349104101,31.25826609906192,21)
(121.3609831137859,31.278603895872987,36)
(121.38456962139303,31.231453578570235,36)
(121.36695572397097,31.299623490867205,28)
(121.4134719374402,31.235695156265,7)
(121.39507787429801,31.26067107852932,2)
(121.37176366119179,31.27708911241588,25)
(121.44488400783254,31.242851790196678,15)
(121.3902773263845,31.28138890518699,4)
(121.35571130962163,31.284301519121957,4)
(121.38778553576738,31.251202201613616,2)
(121.40039718137835,31.299580405576137,19)
(121.35603481308999,31.30255464895988,36)
(121.3994740729804,31.2618144028275,36)
(121.43736052710443,31.250796270407367,29)
(121.43412665021042,31.263969142599557,36)
(121.44291493317819,31.241466950478667,2)
(121.38220816795298,31.233488262310125,3)
(121.45837921452909,31.266464738922522,1)
(121.40053517679146,31.25883743926069,21)
(121.37644587973566,31.29200006802412,36)
(121.37244472231228,31.231055871269426,25)
(121.41734680627671,31.243153080253837,2)
(121.38698669266707,31.296080319957262,27)
(121.40696423082561,31.225296289322497,9)
(121.4362258868295,31.25714255663899,37)
(121.43048906089092,31.25781660617858,13)
(121.38188073998144,31.244479904482862,2)
(121.42564376055122,31.27148802180241,3)
(121.43797850187798,31.262114357459684,11)
(121.45216848100092,31.2545801091171,190)
(121.45766465749851,31.25093750667917,6)
(121.34715703315361,31.3034299737817,35)
(121.43577074856483,31.281857590466004,2)
(121.37224194530401,31.31319747863001,32)
(121.43793181171552,31.25331059728448,36)
(121.37534773802153,31.227639965362307,28)
(121.42880264425068,31.250414280596072,23)
(121.4225071102237,31.264021657641134,26)
(121.4266168714608,31.249906878135803,36)
(121.44746511434188,31.24518197924734,1)
(121.43386520424647,31.265980317107342,2)
(121.40764858261392,31.233020944516284,4)
(121.41563956044023,31.253129226071565,13)
(121.41661380101404,31.23852331973445,8)
(121.38232737986525,31.280328744142913,2)
(121.40014489250291,31.245564491565894,31)
(121.38979586632304,31.257179657196,17)
(121.34990050779926,31.287053464028926,4)
(121.3952047121409,31.235005753808487,37)
(121.4387091574825,31.238855657790488,4)
(121.41968421166345,31.24732460078274,51)
(121.38418298486619,31.245586386626886,82)
(121.37169549982129,31.230350559588075,17)
(121.42484688292052,31.244416580305963,11)
(121.38885504773178,31.257520791242367,36)
(121.46112216874174,31.253276449297644,2)
(121.38957854048256,31.256042681847436,36)
(121.3830108476866,31.247169284628416,3)
(121.4417026462246,31.269562106207307,36)
(121.45205645974426,31.25536708954904,18)
(121.40967193197169,31.259198584152575,30)
(121.38333022131775,31.25389649111818,19)
(121.37874871935443,31.244995494308974,2)
(121.42248502998417,31.241154219771463,36)
(121.41121820271505,31.27691263836569,5)
(121.44796494278663,31.26349170432442,17)
(121.40950552792661,31.231035807677365,16)
(121.41991658210472,31.247742795771085,23)
(121.42099108088742,31.22805422580107,2)
(121.37654413309248,31.246091682133635,10)
(121.45774486092624,31.247336303375107,6)
(121.41265579116778,31.230884173528693,19)
(121.43472750944495,31.283945759470242,16)
(121.4350586071895,31.254500312405387,1)
(121.4223576641836,31.27012194647019,6)
(121.43212610571197,31.24847672675821,37)
(121.42797177357006,31.271526872952368,5)
(121.4459755738656,31.28374606210551,36)
(121.40489866302204,31.29403202839701,30)
(121.43838166473333,31.26020197403947,10)
(121.40267073355058,31.247338896379336,5)
(121.36935169621455,31.23119316347403,2)
(121.39780596941546,31.302853596929964,16)
(121.3960367553416,31.230168941279853,21)
(121.41816519864322,31.230210807052536,37)
(121.36417791006667,31.30968295774041,11)
(121.43413161144059,31.264030223418807,2)
(121.39432267296831,31.25985029887178,18)
(121.42094789512467,31.24848250533015,5)
(121.44473266391354,31.255982432663703,14)
(121.40248912422857,31.229316700819936,17)
(121.38780309698367,31.28042766822273,9)
(121.36935703677341,31.31430253997394,13)
(121.39536240601045,31.297907619375625,8)
(121.3923778538961,31.29201058346667,11)
(121.44062717249983,31.241740592870805,4)
(121.3762125027886,31.245382069841593,6)
(121.38391602606293,31.270823089028177,16)
(121.43543996467523,31.244121821446278,4)
(121.42420831713801,31.250463109732912,39)
(121.4297419694196,31.24649547860093,13)
(121.43268132807589,31.25971901917898,5)
(121.36873019928457,31.231006183082556,17)
(121.44861593829168,31.260038444726725,21)
(121.455049231672,31.273901877049298,13)
(121.43732971199289,31.25234499410201,36)
(121.37962215157548,31.269493423050466,23)
(121.40771361766217,31.24148968620484,13)
(121.37122484495778,31.265916696824494,8)
(121.38605704272014,31.230151293516595,10)
(121.36418461098494,31.309722558420297,21)
(121.38274803414043,31.293769592816233,7)
(121.41529674863354,31.253467503249247,36)
(121.45548833465605,31.253039025739497,5)
(121.3869740664035,31.22759560813803,8)
(121.3739732537379,31.255835349774042,36)
(121.40577927228694,31.283323628830598,6)
(121.45480027865204,31.26787810042099,36)
(121.45782921986148,31.267654156676322,36)
(121.46188669441743,31.260931438680768,3)
(121.42655360034423,31.254515712959325,20)
(121.41930001799307,31.270982474635293,36)
(121.4478637191836,31.244638427870026,1)
(121.41015941191259,31.299668984573707,24)
(121.37189969264246,31.2980317489843,2)
(121.38698577157997,31.26836141707787,1)
(121.42374493601784,31.26188475002582,27)
(121.39103884269532,31.226596146691765,1)
(121.42964143638272,31.238578948038107,41)
(121.42589972861386,31.239713942266466,3)
(121.41024747375822,31.28744564715058,8)
(121.40020972799658,31.28928406702073,4)
(121.38286286938224,31.290375349841497,36)
(121.46152183510974,31.258530393947,42)
(121.42832422948727,31.255036074419,32)
(121.43731760614696,31.285310963846158,7)
(121.38748956864782,31.26993771425839,36)
(121.38915136636778,31.246737271457206,36)
(121.41314408556288,31.236086425723162,3)
(121.40811905070268,31.234891109110947,25)
(121.37666142820602,31.267914423306532,27)
(121.43637795490191,31.270139282612128,8)
(121.43248481558466,31.25074432365652,1)
(121.3915128256896,31.264553683782147,8)
(121.41099605864198,31.270111638177237,36)
(121.4352797716745,31.239114771554334,1)
(121.41134114394153,31.27012661012172,3)
(121.38845310035818,31.296636704653785,31)
(121.40068155158959,31.261629440734147,56)
(121.42697447250963,31.2382483436333,1)
(121.44929381283234,31.277104497461952,48)
(121.36421231488275,31.309504762100094,32)
(121.40810752000336,31.297930492320067,2)
(121.44771073589354,31.269813248239945,23)
(121.43718031977193,31.27948576335947,37)
(121.43020585471801,31.239900966388625,17)
(121.39104148064841,31.287674985508037,33)
(121.36552221881318,31.238706769454417,1)
(121.3945423891349,31.24729794579913,22)
(121.44370135801698,31.25118836233711,34)
(121.42396530902364,31.25925613946635,33)
(121.44182917240158,31.240518371401734,8)
(121.44140536050304,31.254571235369465,13)
(121.38304569343198,31.2859757527506,17)
(121.45157909827638,31.280703614577778,4)
(121.42963184126191,31.233448380354936,2)
(121.40305970758952,31.246158441695382,14)
(121.42522957362682,31.24169339160975,30)
(121.38830004779192,31.228792642445057,37)
(121.45988842855293,31.269239551118822,30)
(121.45882849078565,31.264518207287782,7)
(121.38434630623499,31.230572969786916,15)
(121.42178402766939,31.246002866308995,37)
(121.46250311409177,31.257696659277702,4)
(121.43999580217046,31.259100189664046,36)
(121.46303760278637,31.25481817732882,1)
(121.39280325663034,31.27026191224204,17)
(121.41212043643817,31.23448014190668,5)
(121.40670707721337,31.246455916558862,36)
(121.41309229824411,31.231388581912764,3)
(121.35090982678243,31.284404288345026,29)
(121.4560225897507,31.271291762987317,2)
(121.40603315457712,31.224534913363193,15)
(121.42641878527503,31.246524550949612,2)
(121.4135688955035,31.261307093147384,36)
(121.41412464360099,31.24658886475925,14)
(121.38773100846484,31.24546279121963,2)
(121.38836648185134,31.23796066744684,1)
(121.38779035678027,31.25110353764421,180)
(121.3827860300146,31.29322441307018,20)
(121.39498463426847,31.247068073406723,36)
