(121.38699795107534,31.24150524946547,28)
(121.40061103287125,31.289487969544346,72)
(121.40379919646463,31.299805491866707,9)
(121.33494472647706,31.29097514777114,35)
(121.37532055049206,31.272003523498345,36)
(121.3649722202964,31.313298541795582,20)
(121.3893431024412,31.253304313197788,7)
(121.46010066719931,31.255460154555077,27)
(121.40029509914459,31.304661150364602,29)
(121.42088023100385,31.276278125423836,11)
(121.38632277566431,31.292979536489923,3)
(121.43361857304026,31.231735445402837,36)
(121.38506015643708,31.292788538834667,33)
(121.38420920144719,31.231065069779614,2)
(121.40432624823475,31.250099374102316,18)
(121.36470442094837,31.249364182822042,11)
(121.43525291718056,31.286189015474225,12)
(121.44438278032244,31.260851122805942,36)
(121.38594503991406,31.2544040865509,36)
(121.40794722967921,31.294482137664733,26)
(121.42707348652908,31.239636882954493,3)
(121.39744225905406,31.239305725733182,19)
(121.409870580914,31.259598724663544,30)
(121.38938697390704,31.282190930651385,20)
(121.45146354937395,31.271332937976542,11)
(121.38467201217334,31.280672109140557,19)
(121.44036727248285,31.23757709800091,2)
(121.43794683973682,31.253916842388954,7)
(121.45602769656855,31.251504618685285,15)
(121.45821351783107,31.254132726243185,4)
(121.39748947024397,31.252951823431623,2)
(121.44351482592565,31.26490727741815,2)
(121.36465139805182,31.250193468890156,21)
(121.39610921653968,31.269445325958646,5)
(121.41582909717003,31.23739212853823,36)
(121.36827922620269,31.31406393160431,14)
(121.45130114090811,31.271556968024377,3)
(121.3893103810174,31.23384557563157,9)
(121.40836069171738,31.231385064001255,4)
(121.38943642882032,31.256140621264883,71)
(121.43763425043736,31.252735752562774,13)
(121.43885324067892,31.25297916556282,36)
(121.41841919772267,31.236805955940525,17)
(121.43981312918741,31.259184492886078,62)
(121.38255663253703,31.291676571593058,11)
(121.4300624463153,31.247543441486528,36)
(121.43001823560334,31.24658913432939,36)
(121.44821292459291,31.261357742227215,19)
(121.44211945060687,31.2417233141997,1)
(121.42582262129531,31.24510958032962,37)
(121.44172933237996,31.25504482445763,20)
(121.39092272358876,31.245615022559832,36)
(121.4283402406453,31.26451064792959,28)
(121.36888042140197,31.235638593067208,29)
(121.38100994120244,31.266814957288847,1)
(121.40368037836691,31.275548210564544,28)
(121.42872036200728,31.248035101838855,1)
(121.42210531087896,31.26034188113001,36)
(121.43657897618743,31.253801821254708,11)
(121.45696996310181,31.24756106722255,22)
(121.43392216010778,31.23200020375746,35)
(121.41093575493952,31.27104323519386,7)
(121.4231503272501,31.262554165501115,11)
(121.46048946506707,31.252535263634105,13)
(121.40871499672448,31.246656309994624,5)
(121.37307088933025,31.296304133216385,31)
(121.37814082435746,31.276349656154608,20)
(121.42153547220492,31.284658914525078,35)
(121.36470467107576,31.252247454182555,20)
(121.43485260122905,31.263996996693752,4)
(121.40037007072765,31.25822712780899,19)
(121.38711455170518,31.281584589601223,14)
(121.42215864726298,31.25658727899231,26)
(121.43713710912388,31.281415276272956,26)
(121.42616441986738,31.239294527125338,23)
(121.42520520897865,31.260164556146968,13)
(121.38160453323023,31.234352050731484,12)
(121.4006446417743,31.276380103394118,3)
(121.37804086256655,31.278317358455492,36)
(121.45519242138278,31.25712742423499,14)
(121.38889090363219,31.232523659523363,17)
(121.4474808576752,31.2794138778805,2)
(121.44706006163142,31.24172827555727,18)
(121.3815446804065,31.248372297195562,21)
(121.42588493671195,31.24718478927205,28)
(121.40003128274228,31.26195063620191,36)
(121.45431248662962,31.26080093795474,184)
(121.41508977135774,31.229734904386234,4)
(121.40547300409133,31.25416402685677,176)
(121.45106611577333,31.244361987383233,3)
(121.4146287429808,31.272978106117723,5)
(121.40845773331883,31.26007283046101,16)
(121.4186648178441,31.229399178892148,36)
(121.4080784405912,31.24226578663937,25)
(121.41028836813295,31.287996327923793,16)
(121.34883445302339,31.301792112538568,36)
(121.4566686041123,31.25562668769444,23)
(121.41134186531568,31.23228821470568,30)
(121.4367233092789,31.253859849085245,36)
(121.39661367823062,31.283180263193927,16)
(121.39362921134212,31.299400884252517,25)
(121.42305721488695,31.2488762649097,26)
(121.38609136715723,31.26796905514791,27)
(121.43982907658793,31.258900346587904,37)
(121.4281570886169,31.250986847981505,29)
(121.44616117548901,31.241552118785563,36)
(121.42333087780351,31.236296419356453,60)
(121.42401628049845,31.255268487889317,20)
(121.45665213605844,31.268605812830828,14)
(121.4358355070429,31.264078657403818,19)
(121.37811878264448,31.276206571758898,36)
(121.37364439968748,31.24436212617894,33)
(121.3981270511205,31.24473986720747,9)
(121.38833731897509,31.27738983135486,6)
(121.41057430133593,31.242046670418574,2)
(121.42168470512188,31.234729541958718,30)
(121.39928894282768,31.268540680000864,1)
(121.38745059474971,31.243970723459444,14)
(121.36622130900886,31.286437164688937,4)
(121.37679195870798,31.237159606887772,33)
(121.4105757433574,31.258578968792445,36)
(121.44849635247772,31.258369438808707,15)
(121.42155596123605,31.254624822841787,8)
(121.36497222029512,31.313303641783943,16)
(121.45533189873639,31.268877612375668,1)
(121.42295945546113,31.262122116899782,7)
(121.41153730953215,31.26757965906115,6)
(121.4378018682218,31.25150298114592,3)
(121.4100548264352,31.24250949617207,20)
(121.39303198501922,31.231804309373356,4)
(121.41230228168581,31.26188822713085,26)
(121.42437000304183,31.26005717489323,10)
(121.43209570571248,31.243417505630386,4)
(121.4547668660873,31.246362835154702,7)
(121.4383965071867,31.258679294422322,7)
(121.39508134612485,31.25653505101466,14)
(121.42789772753164,31.263937570343675,36)
(121.40613440103327,31.238798464407893,10)
(121.4064384395808,31.24165584946497,79)
(121.35956902178657,31.27781783495093,23)
(121.38155434878855,31.290408062343193,35)
(121.4126102285378,31.23573740534839,3)
(121.36519570968834,31.277236867189664,36)
(121.43106625661345,31.23412443243398,1)
(121.37428902890761,31.271746139869144,5)
(121.40455047927219,31.277148592003485,35)
(121.39132432973923,31.29491606906963,14)
(121.41019886088077,31.28199990195968,3)
(121.44480135968736,31.254057477172612,6)
(121.39231402401232,31.23539276727382,29)
(121.4025497199824,31.24211338612195,3)
(121.38796227498544,31.233086473414335,46)
(121.40409897075044,31.260816832821224,36)
(121.44753595952294,31.242596156421712,36)
(121.4042302564399,31.28470905596433,11)
(121.34343012552193,31.291807285437102,1)
(121.4003903212274,31.261024343078656,7)
(121.3915692220058,31.303018403372572,7)
(121.42211861416625,31.260429983730123,36)
(121.34617896769699,31.304132452482158,37)
(121.38991589984397,31.256935312541927,8)
(121.40038824740257,31.237242818416107,20)
(121.40247963595652,31.24668556888355,3)
(121.43582927538739,31.25453393198421,5)
(121.43014595667562,31.25168228187643,26)
(121.45669129933039,31.252777391980917,15)
(121.43321845574364,31.281224463878516,3)
(121.41132146491796,31.2343620600426,30)
(121.40625078819212,31.266129476022556,36)
(121.42736108334869,31.24778697272579,1)
(121.39099250533597,31.253968760901074,29)
(121.4132023262377,31.279619510816115,5)
(121.41215156935753,31.226606318531754,3)
(121.37272480486318,31.296180101821147,17)
(121.44567769512406,31.266678454350046,9)
(121.45256200227914,31.253032231922283,4)
(121.4174033673558,31.238053472077123,15)
(121.45692948367939,31.273366722925303,21)
(121.43575189595751,31.237335364693983,4)
(121.44668318463565,31.244833404263204,36)
(121.43726090039998,31.25322947541373,34)
(121.45074694474441,31.25704219013032,26)
(121.38154326096003,31.23205693852403,10)
(121.42910084351995,31.247243376831985,7)
(121.42115457655069,31.264837074226087,1)
(121.38469138592731,31.26175474076666,26)
(121.44683731572373,31.241777336707788,10)
(121.3776473977985,31.23299114915491,35)
(121.45520784655261,31.245784004174705,36)
(121.39354309888013,31.225821585633394,2)
(121.45609107443713,31.267333945779267,3)
(121.41937213472774,31.252748225177225,18)
(121.3649823090715,31.27698444140042,28)
(121.42970491864946,31.26792875805,12)
(121.37150191863695,31.284773920370178,36)
(121.37034284342556,31.272187608976605,19)
(121.38564408404399,31.25279582421471,28)
(121.41177915205303,31.233912271736187,10)
(121.4241579147709,31.25041282646833,36)
(121.44451310579325,31.267542772171897,21)
(121.46102175649436,31.26553301279063,36)
(121.3811777115693,31.25379030902555,34)
(121.42113257054304,31.257235884354223,26)
(121.43500513806158,31.238568869486116,13)
(121.40877541156647,31.246614822598275,6)
(121.3985624483218,31.299452041117323,2)
(121.38797639641527,31.251153570854797,6)
(121.39968542555232,31.23055755181417,30)
(121.44122602349013,31.265726781074022,37)
(121.3919111349239,31.2312623999104,36)
(121.46100685128344,31.257157926365224,13)
(121.43086326727897,31.265649581122908,26)
(121.37618664702745,31.246246696620588,26)
(121.420502847236,31.244135842252344,2)
(121.45571839264095,31.27179560951923,28)
(121.4565570910612,31.251135699068453,9)
(121.40287683556892,31.248030241485154,23)
(121.44561716501057,31.25454109899657,33)
(121.45964265083089,31.26335725745635,2)
(121.37319963357962,31.228298579391307,36)
(121.43412266926501,31.264121212531258,1)
(121.38914970672135,31.227678621904403,12)
(121.42571882165151,31.26159975046275,2)
(121.40714275850301,31.254323391425693,19)
(121.4037862501878,31.25374177004058,35)
(121.35365007790918,31.279210603220175,36)
(121.42989242716067,31.24658804023027,9)
(121.40571061798363,31.287321249270427,24)
(121.39453106359126,31.30098435567924,19)
(121.42649468394087,31.23609363531438,37)
(121.42750922006458,31.25352066709515,26)
(121.38163645414444,31.244513672996735,2)
(121.4315688651263,31.237176275427515,6)
(121.38758807497375,31.270985567757076,23)
(121.46303748804276,31.253490596164053,5)
(121.44852255652829,31.241821579997993,4)
(121.34913797608102,31.303128128413114,3)
(121.36775545217901,31.269238282177607,23)
(121.41633910370476,31.247069231992295,30)
(121.45478647611773,31.267878298285783,10)
(121.4326326513805,31.239717231650534,33)
(121.41713007841774,31.243377673636942,1)
(121.37008458438481,31.249346953756312,10)
(121.45751228787965,31.26926093924187,34)
(121.38372073753793,31.231850975444267,18)
(121.39351856070594,31.245246470138056,37)
(121.42785048959556,31.23804445024816,7)
(121.38465208327135,31.231022396128356,14)
(121.42702041723118,31.23818327299729,13)
(121.4518523113593,31.27892535324794,2)
(121.41579784786083,31.23436076096375,36)
(121.38188841807995,31.280200728399027,17)
(121.41853364836695,31.252986680329126,37)
(121.4230847726536,31.249479636808726,1)
(121.4168699137628,31.24058332441527,48)
(121.43952867209707,31.28188186330526,26)
(121.45464944806618,31.258302895006896,1)
(121.40914450230248,31.245640301033937,4)
(121.44360013447906,31.24324375860733,2)
(121.40612058364786,31.23397512988452,7)
(121.42391779701846,31.24142530312052,2)
(121.36496713691983,31.249447181500752,29)
(121.41017035490576,31.24298861928568,23)
(121.42217358487608,31.256013018632046,17)
(121.42494085277413,31.25312170350643,4)
(121.37049447410254,31.247125082393516,6)
(121.42537533427371,31.250537109123428,7)
(121.44623609631155,31.26268709287077,30)
(121.40231625092657,31.299980834560483,36)
(121.41420982249753,31.294830154969066,26)
(121.39675591874287,31.250707525545163,3)
(121.37764933491299,31.248547846421186,18)
(121.4338218234384,31.245205727218426,5)
(121.39075150961737,31.29060897051059,15)
(121.42310433074078,31.26213401811111,62)
(121.38783056467658,31.251057173334434,21)
(121.39008685050102,31.26030893499967,3)
(121.41323011933015,31.259734896577147,3)
(121.41688833315776,31.234831523012172,36)
(121.42868921695337,31.250623657119217,34)
(121.45839381702332,31.266418141122493,2)
(121.41429577537671,31.24504077677689,1)
(121.42412356772802,31.24096894086997,36)
(121.37057478709005,31.247018493420615,36)
(121.37069246884305,31.294362682611045,36)
(121.45291062160429,31.27651728256862,3)
(121.41100136582641,31.243834401386138,33)
(121.44450975158804,31.24651084833475,18)
(121.41020041475466,31.242519938398164,36)
(121.42033683144227,31.254031322665675,33)
(121.44512765998984,31.245849328153597,24)
(121.37221891347515,31.271848526348613,16)
(121.395457131382,31.26324840981002,34)
(121.38508976770804,31.26258620781735,36)
(121.3523316266791,31.287099801922764,36)
(121.4240952042498,31.259427114445128,3)
(121.41911379298448,31.2670737743277,4)
(121.39009878604186,31.25390011719865,33)
(121.38014678618273,31.24102212524292,2)
(121.35729198423748,31.290291608621143,35)
(121.4206563512494,31.23456442780053,9)
(121.41833903875076,31.25252676215803,15)
(121.3847264140036,31.29610337714223,13)
(121.36980966372597,31.24387213936013,4)
(121.4186438649975,31.25271768992914,7)
(121.3946898050489,31.273991535571383,27)
(121.41095439180081,31.244011488848155,36)
(121.41695878661349,31.263388131246053,3)
(121.39854294843147,31.24450424963536,15)
(121.42461647888493,31.245260482032833,9)
(121.4124632550493,31.258450538284297,31)
(121.36866398398462,31.250501834346167,1)
(121.43617021221318,31.23692663882033,29)
(121.37543573043199,31.27217573618525,8)
(121.37292135383986,31.264514334337697,36)
(121.43856299919594,31.244577852116564,36)
(121.42882851638453,31.262724410433133,36)
(121.42010403629453,31.236468040149422,2)
(121.36683653231937,31.237159363116376,17)
(121.43599834002038,31.23869723647133,29)
(121.41620885985843,31.225345443167072,4)
(121.41756828693556,31.239792172186604,36)
(121.45434734596823,31.25546843064569,7)
(121.41436378939554,31.226416618874143,31)
(121.40378121762214,31.296432695435215,36)
(121.45082276823987,31.25699302478811,7)
(121.42928356980133,31.246610913890486,36)
(121.40990941717371,31.230493510623763,28)
(121.38572869524221,31.229955920524365,19)
(121.34030551009191,31.29884944542077,36)
(121.36630691128441,31.30318492516532,6)
(121.46354035485626,31.268156748808853,24)
(121.38429150962047,31.230826734653647,17)
(121.4551968765136,31.2767515766185,1)
(121.43069419263156,31.250848339592476,37)
(121.45950262421346,31.25372125563529,20)
(121.43217070427104,31.23308874214806,4)
(121.4515011792993,31.27007100357161,17)
(121.41297069887891,31.253916434323934,4)
(121.38672960705959,31.27605956652445,35)
(121.42542675562896,31.257483212666948,6)
(121.42954458669978,31.261884337881487,2)
(121.426917988879,31.254289488196992,8)
(121.41383577503437,31.292636399061802,5)
(121.39649246846288,31.274817386709984,18)
(121.38945558747437,31.234798116646,10)
(121.40612811931928,31.247038159919715,37)
(121.42520286977978,31.24272965698491,14)
(121.41591299967311,31.293739050006643,1)
(121.36892492045465,31.266244034723556,17)
(121.42375058092084,31.237200519483135,1)
(121.46169484629137,31.249516941826652,10)
(121.42705133968522,31.249145155220997,37)
(121.43497089967691,31.28112130071367,36)
(121.4410308643324,31.24652813029471,24)
(121.41556950416073,31.229176469607665,22)
(121.3323839702926,31.303358132327485,31)
(121.35776891072275,31.279369357945,36)
(121.44384949312918,31.26572856188265,129)
(121.4406076847102,31.255010286038296,34)
(121.37797410805834,31.293658503126736,36)
(121.39012093690266,31.259104312842773,22)
(121.40900826881096,31.245327973370436,18)
(121.42451924766375,31.230080674130896,36)
(121.38875090103586,31.291319819869337,32)
(121.37432373987282,31.239381365820268,13)
(121.3827653200144,31.246229676344107,2)
(121.3716172354375,31.297848302028434,5)
(121.45450072496133,31.272706344819262,33)
(121.44302622839479,31.24729037857713,2)
(121.4408930766707,31.280543915633512,34)
(121.41224716801689,31.25946552037485,28)
(121.3781708569052,31.276265655205613,37)
(121.39231446866515,31.26517245574584,10)
(121.42512415023872,31.2397487462819,17)
(121.3680902957997,31.24938007328938,6)
(121.41696053679283,31.25326471923791,3)
(121.44077409128889,31.26678733734342,1)
(121.45027514468865,31.258584750921834,3)
(121.38902069799701,31.25948201127467,1)
(121.38389561971103,31.283230559276785,14)
(121.44775589719241,31.261282527909035,1)
(121.42449979728967,31.23749892141773,72)
(121.46003136649917,31.24986184923393,1)
(121.39604947058496,31.23305188426514,1)
(121.42299014653501,31.25888669851306,2)
(121.39195313931805,31.269044231988868,8)
(121.43658299148754,31.253312415421547,7)
(121.37502585291037,31.303368822082426,4)
(121.45736805956643,31.246807312693363,23)
(121.41135586877478,31.232433217352654,8)
(121.38882646032839,31.231535832045733,97)
(121.39030428158502,31.246184853509355,1)
(121.42693649493968,31.238036281492107,34)
(121.36979446585252,31.232326519438672,29)
(121.44759195004887,31.280856061853108,13)
(121.37406012232746,31.265199080141908,7)
(121.38663948427164,31.2999065996728,3)
(121.442267738351,31.282637671187143,2)
(121.4335619971666,31.281547191203586,3)
(121.44591042324221,31.241713474353876,22)
(121.34156705190682,31.295603543427656,36)
(121.41747669913465,31.2427688477148,10)
(121.37319460700526,31.31095561821312,46)
(121.39736837398308,31.24869751048988,31)
(121.43688844243678,31.252582690321624,6)
(121.42478686823883,31.244426667883094,16)
(121.4264262097888,31.228543387380896,34)
(121.38188395342424,31.281381734435133,36)
(121.39197814927569,31.23530290455554,14)
(121.36803480885018,31.313991555685178,36)
(121.36382904280599,31.24007269845672,7)
(121.36824761019915,31.296068956303113,32)
(121.4255102447414,31.241783822161644,22)
(121.45948970388595,31.268219994492366,2)
(121.43691853698667,31.25421936812044,3)
(121.42670063353292,31.246989380655698,31)
(121.39027689346771,31.250140990614522,8)
(121.36761388842565,31.311596048964024,36)
(121.40052501247033,31.28902875328826,31)
(121.40581550883667,31.24846903923231,32)
(121.39168433552196,31.303331598892548,9)
(121.40911649543601,31.24410329818164,14)
(121.41987305805038,31.24182635064268,36)
(121.41325141680183,31.26134802663789,13)
(121.42158138306014,31.278597436186125,36)
(121.3521040311946,31.286022269997304,36)
(121.37337706890447,31.230234699541,36)
(121.39231153196921,31.231474518630687,8)
(121.37707802894576,31.272177693597552,2)
(121.41020052336852,31.243765496823,5)
(121.42333086786753,31.23618236748465,17)
(121.40242631745821,31.24316598637377,30)
(121.36654248875766,31.23781932568739,4)
(121.42314941964418,31.252144641032217,35)
(121.38028921314425,31.24331574358214,26)
(121.44323948776477,31.281260552955654,42)
(121.40682075424863,31.23776326668236,18)
(121.43795585022579,31.25420795748525,36)
(121.38128174513699,31.298707074301067,3)
(121.38393378521596,31.229714192695162,9)
(121.39822040365482,31.236943962317856,2)
(121.46076683263028,31.24985743921122,16)
(121.43383147031498,31.234060255921726,4)
(121.4178038775002,31.23552041545402,5)
(121.37637628055181,31.24946261864237,36)
(121.39385432199109,31.239995302625353,36)
(121.44083447108709,31.272388614069573,1)
(121.43268270502101,31.252595912488243,4)
(121.43541773297797,31.26776710015573,1)
(121.40982660333282,31.243939623971723,36)
(121.44366605326205,31.2633368332317,42)
(121.42737964470783,31.25674919630319,34)
(121.41376746556521,31.23605571435537,39)
(121.42603417366892,31.252536409898664,36)
(121.45292506514105,31.27051173966057,3)
(121.41069055933629,31.268198074178432,2)
(121.43940997249196,31.260833789308045,7)
(121.39597530506848,31.22537769646298,36)
(121.43591547779968,31.28131518173385,17)
(121.36870695816103,31.314261612272677,1)
(121.42073697114452,31.234226445253515,32)
(121.38859703767143,31.282975329231103,9)
(121.4358364413513,31.245090748108105,1)
(121.34334047284156,31.289562456411364,3)
(121.41861289024942,31.25278273454982,4)
(121.4431117152376,31.266236490352377,2)
(121.39591677270008,31.238450139833414,1)
(121.42212731804437,31.28124344470427,1)
(121.38203797983246,31.29109382464744,14)
(121.4275607914966,31.237794605679483,25)
(121.43640533826827,31.264304167753245,7)
(121.41472250758004,31.23635506370773,9)
(121.40455964165915,31.300115238749854,33)
(121.40436683651211,31.239847728542504,45)
(121.36438893891527,31.311389278176495,36)
(121.38659865599823,31.27701727920123,14)
(121.45191592995357,31.24546558496082,14)
(121.41243516665604,31.246660592337484,3)
(121.40224564290877,31.27029475485384,12)
(121.42440509595626,31.24074292707256,24)
(121.43859845479052,31.240253765808546,13)
(121.3793899189831,31.256417061522548,1)
(121.43975489666241,31.262274112318153,32)
(121.39431850871728,31.227284746132028,15)
(121.38619046127434,31.267916117238162,7)
(121.37641411294359,31.230855693420743,12)
(121.39812838150783,31.248624167274166,37)
(121.38882315205032,31.28203452855156,20)
(121.35090112604011,31.28440298774514,37)
(121.39198682603755,31.271994139690673,21)
(121.41193851134821,31.22525473839447,14)
(121.43249907350763,31.242455617686954,26)
(121.42155116182438,31.245418758504268,1)
(121.45292538896103,31.274244306045073,24)
(121.40311868668141,31.280179038933877,5)
(121.33255526815282,31.295137701900344,3)
(121.40201026833296,31.26188710718108,16)
(121.42061876567413,31.25563985617393,3)
(121.3989271693042,31.288240234303156,5)
(121.44644333494742,31.244848262292578,24)
(121.42241788592855,31.236367591568122,36)
(121.38931198859875,31.252301850299844,1)
(121.39007811631494,31.28084254119484,4)
(121.39877199932346,31.277644128143063,27)
(121.37250061572595,31.263419319027523,25)
(121.37506634620345,31.250227621220386,29)
(121.42836033768468,31.250940489524684,7)
(121.43637031571146,31.25318663964075,36)
(121.40401515049773,31.26075741586113,37)
(121.40464975232872,31.237579341582865,1)
(121.38249964529712,31.248488596256525,12)
(121.38525797658554,31.26172666367924,36)
(121.43472485468536,31.253464857266632,16)
(121.44661477037295,31.244416993071702,265)
(121.41663356208116,31.28173096737957,3)
(121.34630768523247,31.29761014802301,46)
(121.39455552588016,31.259912443287185,6)
(121.38908284888836,31.241470864823686,26)
(121.37096855534573,31.301802977950906,36)
(121.39981254703493,31.24485220058779,37)
(121.42767107978516,31.276891495127522,23)
(121.42720558781261,31.2653720716227,7)
(121.45747227407303,31.24746497397557,5)
(121.3752675961708,31.273404045871203,8)
(121.43162550612142,31.26832189042838,26)
(121.4232802516063,31.26299426020574,27)
(121.37834332545968,31.232995941636922,16)
(121.40096278275749,31.264288902045905,7)
(121.41729285884549,31.243408219394258,66)
(121.37389692914049,31.2427210345217,2)
(121.41077238655673,31.24349628898447,13)
(121.37379895566585,31.25622888257171,15)
(121.39931394930046,31.261449699368114,1)
(121.40531076298433,31.298675903116866,7)
(121.43648414687296,31.25330454206873,36)
(121.40537293258025,31.25679140812024,5)
(121.40924432687724,31.243795625302013,20)
(121.38701657598203,31.282938063498325,30)
(121.38564460453522,31.22989481926357,5)
(121.44512800740459,31.246021380706846,3)
(121.39930124919069,31.287496061342612,17)
(121.3690185440982,31.23103762034532,3)
(121.42282708728001,31.24387366265881,21)
(121.40719458055105,31.233949877093266,2)
(121.44702973969414,31.241822240272704,2)
(121.41010285285188,31.258802134533113,11)
(121.36978654415164,31.242926683922693,11)
(121.39383676574289,31.235645354407772,36)
(121.3823273823935,31.28035775608034,9)
(121.45187442200933,31.24560417797514,8)
(121.36467458767312,31.27896918383465,10)
(121.37738886038407,31.272301525384734,36)
(121.44225014836717,31.25253491852875,21)
(121.44764638878738,31.268650527070456,1)
(121.41007056931832,31.24402463062211,29)
(121.39247794117907,31.303656221998907,21)
(121.38103836389655,31.2689790043691,3)
(121.42795014555239,31.246856314087584,28)
(121.37603774975513,31.2510523748527,14)
(121.40361065163985,31.28501538428427,25)
(121.43723044972894,31.247492983397546,7)
(121.38274531663176,31.242973679605004,14)
(121.35503753104238,31.279483393879108,36)
(121.36422751700434,31.309455963959618,8)
(121.39009132714703,31.28247395889671,7)
(121.37472857829471,31.287097093040508,15)
(121.37681945043406,31.281111099897622,36)
(121.42495560507244,31.250446514177074,10)
(121.37592287981747,31.254414713062943,9)
(121.42317180344048,31.24530559459675,36)
(121.46399322243106,31.259749216939213,36)
(121.42543972759059,31.242379806509042,32)
(121.43739136054272,31.246738991222575,24)
(121.39470478381192,31.2736443982471,36)
(121.45628524736811,31.277308345092433,1)
(121.4273558189114,31.27277747342815,3)
(121.41161773847413,31.226879559969877,28)
(121.37590259622473,31.24505985634016,36)
(121.44075846424016,31.27074503658189,1)
(121.42830889756651,31.24870179397656,5)
(121.3872602438658,31.276461593678714,13)
(121.44778371787264,31.272627843160368,36)
(121.38617018492823,31.299411946156393,37)
(121.38095930314236,31.275131205504483,23)
(121.4481474972733,31.27717551375555,1)
(121.43475485637695,31.262143149691482,35)
(121.43345843289154,31.238986940005535,17)
(121.40499808994325,31.247469278729564,28)
(121.43357539826718,31.26344057741242,30)
(121.45939498381706,31.255484604854452,25)
(121.37823444693392,31.23288096928479,3)
(121.39691513386641,31.240787172316836,2)
(121.44201003555808,31.24610844726054,2)
(121.46105348117514,31.248256842019643,36)
(121.45866116292976,31.26346479679869,1)
(121.3649987913935,31.293740270215284,37)
(121.3966250246437,31.2412062340421,5)
(121.43506990345067,31.282867892847626,36)
(121.41126334987997,31.267268579884515,9)
(121.438806923708,31.248439227900484,4)
(121.42867401375062,31.25419794727628,24)
(121.44233695633538,31.28662218566178,6)
(121.42765266176332,31.237478377438823,37)
(121.38051688589096,31.28805304217925,32)
(121.44417615791242,31.244339560612556,36)
(121.43766658784203,31.249181541069124,2)
(121.37834724025473,31.27799056929459,36)
(121.4536397943916,31.251327442146387,1)
(121.42696172417676,31.280832376743074,1)
(121.415943006198,31.269038106135305,31)
(121.39285504231403,31.25609572783791,1)
(121.40631120695778,31.29247362153616,2)
(121.38609907369279,31.283254740290914,36)
(121.45292505568142,31.270402693686755,1)
(121.4236207230473,31.23748574591196,1)
(121.43222436516754,31.277211819295776,36)
(121.42973238889616,31.247221006644114,1)
(121.44049426523698,31.281647313975657,9)
(121.40320875670443,31.24833187647741,24)
(121.39738247573933,31.264808280926406,1)
(121.4288114182025,31.249904841132306,18)
(121.42418291949912,31.235744859075897,1)
(121.41528224950012,31.27058587028416,12)
(121.42382495591896,31.26455976142569,4)
(121.41763730569784,31.250779336281735,11)
(121.43512173811833,31.258938748576828,30)
(121.38784593746662,31.243686911528027,3)
(121.41581446047383,31.25293907486463,2)
(121.45125127690389,31.274089501908243,12)
(121.38588173052405,31.270198929757285,9)
(121.38770146259085,31.25125515822982,19)
(121.43750179014548,31.270101868417544,24)
(121.4237140061545,31.253623728363745,27)
(121.4404505554691,31.281312806444056,36)
(121.4251955676636,31.239501861483184,22)
(121.424583132466,31.263848639189465,20)
(121.34678371108288,31.28155383942602,12)
(121.39457012946914,31.25755195085961,24)
(121.44272329266603,31.264395320296597,21)
(121.4388907015876,31.25521366210267,94)
(121.43084099858898,31.262242145718133,5)
(121.39555074921675,31.297910055732473,15)
(121.43041733267333,31.258264592956493,94)
(121.33510029910369,31.301614505397445,36)
(121.4090913104959,31.245404721463828,13)
(121.41093605345296,31.27446266887663,7)
(121.44733763928566,31.271100452205918,7)
(121.43113494167916,31.243006379470046,36)
(121.42720558249242,31.26531104557988,4)
(121.43076241117028,31.242884724210963,17)
(121.41032229222861,31.287831161942442,37)
(121.39887402713252,31.232124439079904,2)
(121.45916029833424,31.257057935159626,17)
(121.43895090386326,31.239537038808976,3)
(121.44351609065552,31.279451383655058,26)
(121.37776441531051,31.254412871798507,16)
(121.37758277631558,31.272885574580577,36)
(121.42172047231813,31.284879491472903,5)
(121.45255141241245,31.26436686610786,37)
(121.40751576043135,31.243019378341756,29)
(121.35404363787305,31.281022314149922,4)
(121.42333306806171,31.26142554723538,9)
(121.37075668109988,31.295625269673256,11)
(121.45203795727919,31.259201679429143,366)
(121.41579943566177,31.25257191949651,14)
(121.44632020937901,31.244838740729275,34)
(121.4634416475643,31.268344059373067,20)
(121.43783133096211,31.2493359839846,5)
(121.45942758983084,31.25710760647298,17)
(121.45368460723688,31.251562055607558,13)
(121.35909388312925,31.248348878908192,36)
(121.44611556598863,31.24154371078249,1)
(121.38735444369514,31.246595438016072,1)
(121.40787420316767,31.248307726225356,9)
(121.36535630605943,31.277792097596233,16)
(121.4226316800609,31.261483073488357,31)
(121.40987028083966,31.259615224568652,36)
(121.4360713568303,31.238708150651593,36)
(121.42044919260631,31.236180285024705,20)
(121.41540795122027,31.244575810579835,16)
(121.42866727578499,31.257799440500534,36)
(121.3691967673344,31.314237291632654,35)
(121.41057444126683,31.243651390313122,25)
(121.43776465971061,31.25988368938106,10)
(121.38911641271737,31.300163143058242,28)
(121.43773294319396,31.272476308250415,27)
(121.37814098499095,31.278194421028527,26)
(121.36214673070363,31.2836508136748,32)
(121.44621781945601,31.257827725751422,5)
(121.42772590343579,31.229732630666458,19)
(121.41221516009428,31.259567713487513,13)
(121.43885851747488,31.261089776413776,8)
(121.43828757459401,31.257363875201268,36)
(121.39108963418091,31.23160879646635,36)
(121.43750820745271,31.238141561070524,28)
(121.43652902954562,31.241294144557152,2)
(121.44624279247545,31.241562633103555,18)
(121.45238503626297,31.278548159159826,2)
(121.39986990476598,31.246784951899095,18)
(121.45545193388521,31.27040957896226,36)
(121.42997072422158,31.246526724837455,6)
(121.45493328676254,31.259749094483215,19)
(121.39590896115921,31.25628458429241,36)
(121.44673475051682,31.257847840051078,7)
(121.37496031910611,31.287115027115423,36)
(121.45363902337567,31.255092696113312,22)
(121.44636202186518,31.25207996471918,5)
(121.45172282520845,31.269887828535033,2)
(121.40268293060971,31.24381137876641,8)
(121.38306025762694,31.24701109326453,5)
(121.42246160037686,31.279966416847547,2)
(121.37306459588532,31.263961002400762,36)
(121.44664954559639,31.24195996557065,6)
(121.37697858163422,31.268599069075997,7)
(121.38444440521711,31.29944643461396,4)
(121.45753742550593,31.267538967446317,15)
(121.4046476999473,31.243388424201616,4)
(121.44900405758828,31.24484140338885,37)
(121.43372308748863,31.239356792750172,7)
(121.34670050343685,31.28770072097362,16)
(121.43772293807142,31.257722934440277,10)
(121.40159803931375,31.288117965425563,20)
(121.42801765434508,31.246296628325844,250)
(121.38842105790285,31.296478617710495,7)
(121.3945731094184,31.255350508720525,8)
(121.38385769808694,31.229668100375434,36)
(121.40919741475166,31.299408304070994,31)
(121.41044547940449,31.255256543260806,20)
(121.44570000685655,31.263824027950278,2)
(121.44086764210637,31.2546525352344,7)
(121.42175252402936,31.262529003402847,36)
(121.41580018793871,31.26119567171934,14)
(121.40117127206815,31.29211946669462,3)
(121.42509974426866,31.239694741342987,36)
(121.3941177517866,31.22518575924593,23)
(121.40475396848814,31.24634175424357,36)
(121.38466808114856,31.26175253675922,13)
(121.41058744909503,31.243771442033722,29)
(121.41062728597754,31.24199463867998,39)
(121.39243089202073,31.292014617646633,36)
(121.37814081956651,31.276294633287524,10)
(121.43162684055527,31.245833390980334,9)
(121.43272834630416,31.249204364251764,14)
(121.42333695338687,31.26015099463461,32)
(121.38174269829622,31.233416900896703,36)
(121.38474139664083,31.295722240122178,36)
(121.34703742192337,31.301810207076105,35)
(121.4417393311506,31.242763618986928,25)
(121.40042038947041,31.261695640787032,7)
(121.38302692681874,31.242926338193755,20)
(121.39330732928273,31.26715589395573,36)
(121.38265663153783,31.29034713750375,28)
(121.40438947892609,31.24118840776298,11)
(121.36798685866697,31.29246615465413,4)
(121.40841082205544,31.245712848797577,19)
(121.42725517083284,31.255308955385644,162)
(121.40696636871968,31.24981841033741,3)
(121.40257624623743,31.29927360976177,36)
(121.45463424703826,31.26422948157734,22)
(121.43810572675274,31.26716278986944,16)
(121.38924754368689,31.28227280508916,16)
(121.45848622776784,31.247432177297597,3)
(121.45497120540395,31.25262665525365,1)
(121.34888735713551,31.301644816158092,37)
(121.42864441190132,31.247588977522764,33)
(121.3722339629688,31.272150672980096,45)
(121.42465016414417,31.242020003906177,36)
(121.46321330796697,31.26860070166329,1)
(121.44034885473773,31.2806860199985,2)
(121.36449525994492,31.288614241714416,36)
(121.35535962951683,31.296202690424305,10)
(121.3906244427752,31.290763139504413,37)
(121.37759290764527,31.227572848987954,29)
(121.45159311508725,31.269774031005202,2)
(121.3490676993401,31.298247424888142,36)
(121.39827360205213,31.2389588954448,8)
(121.44511145657003,31.245833825297716,36)
(121.37590391350011,31.301130020937,33)
(121.43341469283234,31.252730119051602,6)
(121.41727091424798,31.262739065891186,10)
(121.42733314433603,31.250427467229848,11)
(121.41863435197571,31.253756068861133,19)
(121.42354499149931,31.239784842784854,44)
(121.35678104330633,31.291138089775192,36)
(121.4434295217549,31.250978645164754,18)
(121.36814749417898,31.296670050694704,15)
(121.4311676068355,31.26258794345321,4)
(121.41923045607633,31.252391234279518,18)
(121.42673072675089,31.23816752377429,37)
(121.44016268874128,31.268147077858284,25)
(121.4189203200858,31.234743295876093,8)
(121.43384454189462,31.249383194391612,26)
(121.4128721403806,31.2700614036508,17)
(121.4371610114229,31.2647776129921,7)
(121.44293420082383,31.244962487345457,37)
(121.44145870980665,31.265158608660442,37)
(121.42202278962414,31.249181085310056,40)
(121.4547953777517,31.267878299662605,16)
(121.42855458598143,31.26215740778242,6)
(121.44347953612375,31.26676462452351,2)
(121.34076347484442,31.28653340356287,11)
(121.41003968546993,31.24529420212312,3)
(121.45964381345897,31.254663822728702,72)
(121.34946052781625,31.289566611379584,12)
(121.33704825631433,31.29982965613343,36)
(121.38934334898455,31.25613355012908,18)
(121.44731997616142,31.28028290720422,1)
(121.3771090873453,31.272360806614415,24)
(121.41286908056372,31.2349829960603,4)
(121.37487852936128,31.279098934467278,47)
(121.4232167618416,31.245280550840725,23)
(121.42640500824683,31.260377637759994,22)
(121.42809646296811,31.263860601385147,15)
(121.4050574847036,31.228995917389582,8)
(121.40136451498535,31.248673103439035,40)
(121.41184586861415,31.24572546322691,22)
(121.4228306293753,31.274298370268763,4)
(121.45797039282225,31.26848243585835,1)
(121.43791133912545,31.281911767145456,1)
(121.41540016563606,31.2668054259772,1)
(121.40153765352859,31.2909340525132,36)
(121.45467363718487,31.24494811853383,29)
(121.46363827947563,31.25891955899854,9)
(121.43992706010384,31.24919895445165,15)
(121.36823315320176,31.314113884732517,36)
(121.4335903168625,31.262751263913046,9)
(121.4493607535093,31.25289968074325,73)
(121.38468328426129,31.261782139315017,23)
(121.44103193355072,31.258826531705083,2)
(121.42900197579675,31.247412549659337,7)
(121.40108584575582,31.290777462029805,36)
(121.41103235314479,31.243769366808124,33)
(121.39096472910273,31.291208354355287,36)
(121.44767762248341,31.24471339294436,37)
(121.39689906009126,31.228549582712553,36)
(121.37226074845552,31.313197981258995,28)
(121.45246856064098,31.275332660442395,2)
(121.38738270689944,31.234497387725753,8)
(121.38241042383198,31.27972957954163,36)
(121.43607215915202,31.246042868536566,36)
(121.44246759871771,31.28202987896119,10)
(121.40481013905719,31.248233600466435,7)
(121.40279585820204,31.235511517647414,9)
(121.37407914049854,31.230515719771418,21)
(121.402402119461,31.229480759137452,2)
(121.44113128927289,31.264972026131893,36)
(121.42918627554485,31.264828959425408,28)
(121.38625910929755,31.270181895940322,36)
(121.4477695194851,31.245779705490843,13)
(121.44885673194229,31.259789850829307,14)
(121.42581860579767,31.27174298235865,3)
(121.45266714602484,31.27593552119554,1)
(121.40507532978766,31.2301149229356,94)
(121.40369057909683,31.254899218082407,19)
(121.41888638328426,31.237509772518216,34)
(121.39673672426315,31.281980719435634,56)
(121.44872924074191,31.2548519842248,33)
(121.39214039723852,31.277264435277473,24)
(121.42185544942059,31.262449025005782,17)
(121.36491341207694,31.31294153570636,6)
(121.41313928876505,31.246319832338095,23)
(121.40778476825443,31.258719093861217,18)
(121.45730720768668,31.24672140454886,28)
(121.38511441925516,31.28000923401132,2)
(121.37399809320516,31.254404337915158,36)
(121.41100289584352,31.261374105611054,14)
(121.38279799521416,31.24669980166741,19)
(121.44079462659354,31.25754441620444,32)
(121.39395543473732,31.263503701903392,36)
(121.36836146629504,31.292212587846926,36)
(121.37775259269561,31.291143247594984,14)
(121.4192476012175,31.265641963136492,4)
(121.43745819827652,31.249883529775413,42)
(121.42277410864618,31.233394495512684,37)
(121.3999581814431,31.24485932957102,13)
(121.42482817833532,31.244325176611486,16)
(121.3920670775967,31.228279895135227,17)
(121.43944072486046,31.254558067540884,35)
(121.38369550776825,31.242409841034696,1)
(121.4375864025497,31.23418665164299,14)
(121.43078441977472,31.25468147375487,18)
(121.39291916628065,31.279777948429675,36)
(121.4252031695189,31.23948176308958,12)
(121.41072627698242,31.23065946839403,3)
(121.43635462472781,31.253993277403545,3)
(121.40412364922312,31.277402350062207,1)
(121.40981686785794,31.23721595678593,18)
(121.46102212934083,31.26628175175429,3)
(121.45932667505929,31.26398657935214,4)
(121.40334810911625,31.22722088594774,36)
(121.44249932041858,31.24957747804398,1)
(121.42077578385177,31.277490470269765,24)
(121.38395468300034,31.285751524032282,3)
(121.4268426736503,31.257275108808148,1)
(121.37128858726419,31.31252374815956,36)
(121.42188334207046,31.250521804693733,23)
(121.44018545139042,31.247423788147188,32)
(121.42292239225378,31.28393628388969,22)
(121.42959333204391,31.233561772346594,1)
(121.44687992451736,31.24177494413519,59)
(121.38081050069373,31.233475833954504,16)
(121.43327692249301,31.25312945661878,3)
(121.45664213431601,31.26872081111618,1)
(121.43770013574688,31.272531401847623,36)
(121.3717947593945,31.23155724581495,14)
(121.41083173940503,31.22405812377711,4)
(121.44632040942089,31.244839840762367,37)
(121.46032159942757,31.261488275193457,13)
(121.45592185349568,31.271429031265978,1)
(121.43794686201784,31.254172954536518,36)
(121.43880989881062,31.235580643547763,2)
(121.38931230906218,31.255979460204134,33)
(121.42978617914537,31.240093299428803,5)
(121.44420058365651,31.265961613454746,4)
(121.41218918372186,31.245243791460723,20)
(121.37672113489549,31.287096591225744,43)
(121.38848619713409,31.240467107846563,3)
(121.38980021604151,31.238695135635147,7)
(121.36343610852114,31.309132474662974,36)
(121.45352266935856,31.24780872016473,13)
(121.36413010312006,31.310894749494725,12)
(121.41844362500557,31.233152699070935,9)
(121.38147619466471,31.243723156529004,13)
(121.42783291285552,31.27204904137936,17)
(121.41727829134764,31.248272394584667,31)
(121.42811253737919,31.26492304068079,36)
(121.44318094973772,31.266869738474565,13)
(121.4267469325212,31.25219177080346,25)
(121.41531093924037,31.244264421911012,37)
(121.45997180555382,31.264619400377484,3)
(121.43784792470402,31.253020585311727,36)
(121.45684475824706,31.263690802865344,1)
(121.41019265938957,31.266000496833044,5)
(121.4206939366778,31.246776904626355,27)
(121.42157194538746,31.254587796241648,8)
(121.40952174519977,31.2450231439016,19)
(121.35445790115232,31.308955087024835,17)
(121.43535772027754,31.27455707527855,47)
(121.36722305849092,31.27403560158083,1)
(121.38041172844542,31.234388726895084,20)
(121.42721804678555,31.23639628375202,36)
(121.3468944096918,31.309182882085313,19)
(121.41426346797559,31.269607222184906,3)
(121.38468979099957,31.23101050263804,33)
(121.44595216081741,31.266972111648116,39)
(121.39711388422296,31.236802454745654,19)
(121.35616287021307,31.30340587245417,36)
(121.38557946582142,31.281330653540056,26)
(121.43781706240107,31.25401806506515,6)
(121.44898357232653,31.242049843503054,36)
(121.46080899501274,31.269621650384032,2)
(121.40245373524378,31.259356123975927,36)
(121.38387122290956,31.237774349140004,6)
(121.41733248404849,31.25082950065548,40)
(121.37636547436279,31.268642776851475,113)
(121.41380061911269,31.244887205799248,17)
(121.45328250368549,31.26231754058698,17)
(121.43668981404826,31.2532182330226,37)
(121.42495482581332,31.241503528787433,25)
(121.43337572023009,31.252411024811742,21)
(121.44191577332543,31.259163021179187,32)
(121.43527417657991,31.260217255149048,16)
(121.42311685867234,31.245260120260983,2)
(121.42388117357885,31.256821146291678,27)
(121.45723274941717,31.27380426048593,1)
(121.40280366043177,31.229475230733495,8)
(121.39988517694427,31.249846313924746,1)
(121.3727443501887,31.256059455951117,27)
(121.38949648408341,31.2561906868125,8)
(121.45815237119913,31.253075030945055,14)
(121.42875780569146,31.24215844104041,14)
(121.3402895490128,31.28810814616161,36)
(121.4298633563409,31.252249822663533,31)
(121.3621544442494,31.286076585129162,17)
(121.44312532924,31.250619695454315,12)
(121.43960222509125,31.279018190008568,3)
(121.42303559960105,31.2645290945653,2)
(121.45324900054308,31.244099612754994,7)
(121.38669145093908,31.227655677582234,36)
(121.41618828926133,31.253081988161824,1)
(121.3969005660241,31.245830426016518,13)
(121.43002645920939,31.24625606796564,90)
(121.39329756595261,31.23142859138628,1)
(121.42768687226295,31.229001092587946,36)
(121.43056306051632,31.235948800784804,5)
(121.40178781681327,31.23609311303275,27)
(121.39923077559492,31.270916196778302,15)
(121.39512846023597,31.232620625470627,3)
(121.3613471505775,31.249180179041073,16)
(121.4091259977582,31.245227097990394,6)
(121.43376349115623,31.244654125708326,2)
(121.4265161383189,31.228808431351286,28)
(121.4229296799202,31.264399114705068,1)
(121.42278987808398,31.243399455814394,8)
(121.3945871403263,31.244128556398604,36)
(121.45026491517356,31.26992616828661,265)
(121.3862202142678,31.25324981632073,7)
(121.40712637251833,31.249894443864182,1)
(121.39870008655848,31.229576409583384,3)
(121.38728173416862,31.258891156408843,12)
(121.37993734787119,31.23164771034523,36)
(121.38242643772055,31.27967657350074,36)
(121.37755172849383,31.27281751036536,15)
(121.37720822732484,31.272413944184343,12)
(121.40291273241375,31.223817230788885,20)
(121.3662363458643,31.286560236724895,31)
(121.42787282249674,31.271894949836952,29)
(121.34686433396412,31.279510881287198,5)
(121.43916572245826,31.25314579429283,12)
(121.40407816571876,31.260887928439796,13)
(121.43633971922374,31.242567295711705,1)
(121.45485559014048,31.27233630052186,36)
(121.41851560194642,31.27169091231496,12)
(121.38923682462594,31.26264228722408,23)
(121.4334138792906,31.243383972582432,22)
(121.38026859863592,31.296222228665307,36)
(121.45474375516254,31.259793502045717,8)
(121.398413816792,31.260497292348067,21)
(121.38892495589761,31.278725830829238,1)
(121.41643500066682,31.28556961810725,1)
(121.40844553057532,31.245653456100378,5)
(121.45357096349785,31.25252570745265,3)
(121.38712861937813,31.25924218377269,37)
(121.434875230024,31.2373924982658,47)
(121.44454143132849,31.248953659878776,7)
(121.43175283476097,31.25109830220811,3)
(121.38247197630476,31.27377116704831,26)
(121.43513684820509,31.279862390441632,3)
(121.40087339541677,31.287118827034917,1)
(121.4366684975752,31.258480129791693,18)
(121.4219522726625,31.254475960535224,36)
(121.40679172449171,31.287166131471892,25)
(121.45944409176525,31.25450961360932,18)
(121.42538398919348,31.27112908610894,2)
(121.40224464660919,31.246443316022194,27)
(121.35444097556363,31.285675983632174,45)
(121.4358986941404,31.26056746461417,31)
(121.40515957470228,31.26433364586863,36)
(121.39077693073045,31.237819419344383,36)
(121.44439656993111,31.247259146860845,9)
(121.39424778144495,31.22349978727874,20)
(121.43555704136402,31.281454698402282,12)
(121.43435132105874,31.278859934214903,1)
(121.43682644785046,31.240032182342507,6)
(121.4010060014674,31.232239705273077,36)
(121.36743079762697,31.3141377419639,35)
(121.4533419085668,31.245590093704585,15)
(121.43253075183787,31.25073526726026,10)
(121.42399599308177,31.255958683499326,37)
(121.39682571629251,31.259456377606693,13)
(121.36092898058425,31.308573704324704,12)
(121.36965523585843,31.23029876579242,26)
(121.40933869354434,31.24413176481563,11)
(121.46330211537797,31.256605733711062,109)
(121.36417680988859,31.309780357392512,27)
(121.38193568745228,31.26613341094161,36)
(121.39949710022397,31.262029502824504,30)
(121.37936832747533,31.289345199083126,1)
(121.401629499293,31.250240184563815,2)
(121.41373608656644,31.26028328858728,1)
(121.40189870529491,31.2375563453699,1)
(121.39130007207802,31.280706317573184,30)
(121.42569281300375,31.238271463999165,26)
(121.41729366917825,31.252701342323927,37)
(121.43142364008555,31.232398254652548,17)
(121.39643665958742,31.2349590556988,2)
(121.37878551305621,31.228483360999714,32)
(121.41849381588051,31.23060318306885,24)
(121.39083517682474,31.286037184227773,36)
(121.44697937720129,31.259431099471318,7)
(121.43842729578134,31.248279186815594,2)
(121.44419889521913,31.246530147184654,4)
(121.33428727628879,31.291475093254416,13)
(121.3994156175877,31.291224598238944,28)
(121.42997696427183,31.23789229426454,7)
(121.34675170713422,31.287008525325625,21)
(121.38929729648733,31.255982450482453,67)
(121.43167349740764,31.234182713914176,1)
(121.44583679277744,31.28300199509687,2)
(121.37594192437996,31.300637874840262,35)
(121.43964687578999,31.27801756178064,8)
(121.43808032380842,31.262005169937236,2)
(121.4360561489045,31.23416052673789,17)
(121.41656273937703,31.283785975683372,3)
(121.39832284137879,31.275872949582286,16)
(121.44444452249341,31.270771251157836,2)
(121.41439750123355,31.269543450383633,11)
(121.3838750824872,31.256873305148986,36)
