(121.41602911510459,31.274236215336405,1)
(121.45777935328636,31.250832213500665,36)
(121.37774857163275,31.244944669234044,3)
(121.37213998689197,31.23952833085762,9)
(121.44374959053442,31.251316702536542,75)
(121.41019286045682,31.2424482250024,36)
(121.42698939892502,31.237589031390076,8)
(121.38897532409169,31.24800270269292,2)
(121.3802685986329,31.296238228630386,2)
(121.45921800151783,31.25538808017594,6)
(121.37678729923601,31.268377751258974,18)
(121.46255094859455,31.266302263560007,4)
(121.44196169941503,31.264184419672496,5)
(121.44186221756954,31.25654027238454,2)
(121.40073346861972,31.261476633824834,3)
(121.40144463784128,31.27253051500753,9)
(121.42782851012494,31.237996449009806,30)
(121.41359410118247,31.231370155723152,10)
(121.34617197035412,31.281211707572755,24)
(121.40020590956024,31.245526492664464,37)
(121.44144041706505,31.27289090870581,36)
(121.38824003502546,31.22834563252654,25)
(121.43408710104099,31.26402291465112,36)
(121.4099731062977,31.242760078697625,36)
(121.39580890081747,31.244743444513535,3)
(121.39101573183147,31.268845957872465,11)
(121.44005704714912,31.263145843876835,14)
(121.40970994133211,31.259569091323446,27)
(121.38467015739289,31.259387127753435,5)
(121.43643704360886,31.253735593872864,19)
(121.43056439883297,31.25131968466865,6)
(121.44020253838984,31.27172227310922,36)
(121.4316697205849,31.259989275128305,37)
(121.38139618544862,31.290702018909695,61)
(121.43522626085071,31.243799947536594,17)
(121.42887409397554,31.26995844630024,3)
(121.42520146910587,31.239500762703283,6)
(121.40938136058703,31.243875453597273,36)
(121.41997715248084,31.24330578128944,22)
(121.4132427023179,31.23207756740829,2)
(121.43863960357046,31.252996474609684,14)
(121.37002843423761,31.248663574100753,6)
(121.36761264834041,31.237186459558757,8)
(121.43427547595985,31.252992201717955,2)
(121.37583640063554,31.227259381545256,24)
(121.3647345143052,31.238271264495456,36)
(121.40894965439202,31.24614345963959,26)
(121.3640866974946,31.30951804764941,29)
(121.38260256979781,31.29035008574344,19)
(121.42394872889089,31.240969074262104,11)
(121.34789054331655,31.30255497234505,7)
(121.44411538463912,31.250272943693684,36)
(121.44451186876425,31.253307628144995,29)
(121.42736402550906,31.24945400887793,33)
(121.43189691022819,31.28320037319651,3)
(121.45257334259846,31.275656589629392,10)
(121.43098949979915,31.235776268381386,7)
(121.37810175985001,31.276204551648444,36)
(121.45149374952696,31.249099609636172,11)
(121.42822790710758,31.261992941497354,2)
(121.363760446697,31.292344830065183,11)
(121.42517846349557,31.239603057764786,31)
(121.42581962018674,31.241598886263365,16)
(121.41346767040882,31.261388171805528,36)
(121.40886125393568,31.245938672709197,19)
(121.45852453872209,31.252166187070383,4)
(121.45487568789505,31.252559340638538,36)
(121.36014228808592,31.28977676594764,20)
(121.36896738364312,31.31418294962643,24)
(121.40797151403227,31.258718332481227,37)
(121.45853245771472,31.24786712779924,46)
(121.37958981209444,31.25455796751365,4)
(121.45975752889264,31.254861656958113,35)
(121.38278497539588,31.281126521290176,4)
(121.388592644586,31.232563452351002,7)
(121.43794724169813,31.258536855583042,1)
(121.38607793950474,31.286176594921113,34)
(121.42673084159453,31.239486120306424,25)
(121.45284059758463,31.262835639935673,12)
(121.37158188111273,31.235728861219005,2)
(121.42417913245099,31.25949607990371,31)
(121.43771819815395,31.25371306679155,11)
(121.39202696088907,31.22948182501396,6)
(121.4213543461663,31.249159277201745,44)
(121.43223698584454,31.251082503216335,1)
(121.42032776970431,31.229564068416124,36)
(121.41997750097889,31.247303565449077,37)
(121.42729645118159,31.264944806760496,2)
(121.3992803314161,31.231189710824324,36)
(121.42179972549526,31.254145453131326,17)
(121.40388901843981,31.294037022232843,20)
(121.42489163382545,31.250065397207234,9)
(121.41192970852575,31.273336004389,4)
(121.4303487389154,31.252096253002,18)
(121.42240015603693,31.23031734411218,2)
(121.42245298333852,31.22884262782574,2)
(121.45662459328551,31.277245985804694,3)
(121.36896611127645,31.299561345187985,37)
(121.39011585832796,31.266051378182627,13)
(121.40984477475801,31.234151668383696,36)
(121.38143504202888,31.30000473905015,36)
(121.36390407265264,31.308330729474534,22)
(121.37518973336226,31.253246311875348,20)
(121.43588981599518,31.24415790533816,1)
(121.42618945429531,31.23998681833871,17)
(121.36497282038549,31.313283641900036,6)
(121.42622032192683,31.278466298040797,3)
(121.34488718664599,31.290634122032245,3)
(121.42516528441317,31.26483303829574,5)
(121.45439995604889,31.252452002131964,12)
(121.38454156617557,31.277142533310336,4)
(121.41173974228195,31.226922876560597,36)
(121.42789983415832,31.277017334411475,2)
(121.40393023077223,31.244867429862,34)
(121.38569559461594,31.253512531732632,36)
(121.42851727940254,31.2787554677476,16)
(121.35525474943145,31.311593457109655,36)
(121.43727816211968,31.275733445844985,2)
(121.4417009048133,31.249534445114627,37)
(121.37755173014851,31.27283651833266,36)
(121.44587479050462,31.260901643848047,36)
(121.43780088795528,31.240231957174387,6)
(121.4031383316436,31.27607034224214,6)
(121.45206676864635,31.27971114521614,9)
(121.37116789551968,31.313583750240365,12)
(121.4582279169789,31.247638830452967,6)
(121.41548043015452,31.229091198344353,10)
(121.45152254003324,31.24978652466129,4)
(121.41825508255464,31.252437765306716,19)
(121.37726110501714,31.270178065115726,36)
(121.44128113226974,31.250251020348326,15)
(121.44684791791143,31.241773838561592,36)
(121.44030883777162,31.24197608585318,4)
(121.42583050853052,31.236380490033707,2)
(121.38590519862818,31.233695788898462,12)
(121.38053268944843,31.285572054879882,36)
(121.44471497211646,31.2430918595577,24)
(121.39645046255345,31.237099354223922,36)
(121.39649991547243,31.233961605069684,6)
(121.38603863925616,31.283181342502754,19)
(121.44342279438985,31.251025398327943,5)
(121.40710939640458,31.227225184177577,20)
(121.41088738646083,31.243780396923867,4)
(121.40030490672342,31.245119339925996,3)
(121.39058949519423,31.26897294712221,15)
(121.42061910750998,31.2595595589316,23)
(121.41170341420516,31.246352391457656,37)
(121.35544391188718,31.29749734442704,26)
(121.44616354960564,31.253443905589553,37)
(121.40497922437848,31.29485621106251,27)
(121.36815968919215,31.252572679205116,29)
(121.40599131391424,31.26078517498775,2)
(121.39195354554248,31.291994312418034,8)
(121.4555874154212,31.245635962523444,29)
(121.36423541802205,31.30974236421782,5)
(121.42729517036088,31.250248422725374,31)
(121.42131874832707,31.28441956488418,2)
(121.42654897713531,31.250295109199527,8)
(121.44798745441139,31.25338071439172,15)
(121.43764661680694,31.237201857747646,4)
(121.40540028762003,31.22436456915151,14)
(121.36411930161447,31.310935948161784,37)
(121.45969534610465,31.26940894409168,5)
(121.42667944479757,31.268698955927682,37)
(121.34891286251035,31.29098214217568,36)
(121.43105175840029,31.25113708484339,10)
(121.39603671394296,31.22969372239814,7)
(121.43031653321644,31.279324063009458,4)
(121.4485695428514,31.254335048090528,2)
(121.40909268955916,31.2458691898413,36)
(121.36215884952568,31.238559418988483,13)
(121.34358549679655,31.29515114109909,4)
(121.4271018675033,31.27759300581548,1)
(121.45246993640009,31.24679507199212,28)
(121.38927708614767,31.237303835884312,8)
(121.43603035098766,31.25868880556697,20)
(121.38725868579252,31.258586005523245,7)
(121.42403762734531,31.240741904285862,22)
(121.45210177540321,31.279837550636046,1)
(121.42566628341088,31.247390643838205,10)
(121.43136345588249,31.243015511987235,1)
(121.46035935947256,31.259888500225106,22)
(121.40505877008161,31.243740621131263,37)
(121.4466352065687,31.283199155137908,5)
(121.42859989131385,31.263953159687688,1)
(121.4279219317659,31.250843300240973,37)
(121.43218697894784,31.283175431267512,148)
(121.41383226833943,31.25246455367267,23)
(121.38732793415474,31.260686969896575,9)
(121.43334830068623,31.281547443944742,11)
(121.38123096980837,31.233009055485095,1)
(121.44320995079133,31.244114986184325,88)
(121.42724828031184,31.23945364231085,3)
(121.36572778807313,31.232680209864075,7)
(121.44408443867314,31.250197961149773,2)
(121.3816250935627,31.24843648226083,1)
(121.40291487435267,31.24838940761353,7)
(121.40825258319651,31.24733331290203,37)
(121.41914201035999,31.246611725962982,14)
(121.42303476241953,31.27310258062451,1)
(121.37694854988723,31.280211881549555,1)
(121.42149761498325,31.28449247943026,2)
(121.41238657150885,31.296159187649717,26)
(121.33415791003289,31.302262094576392,6)
(121.36498312970885,31.284187008415756,4)
(121.41639969754227,31.251362005385946,36)
(121.4306966225516,31.26887916012776,1)
(121.45447173847248,31.260136496035237,37)
(121.38926275360262,31.23717820008893,36)
(121.40883559693579,31.253770078134078,9)
(121.38294697122727,31.290448460698006,35)
(121.41119232365466,31.243855376446106,9)
(121.36507851727966,31.2427868183167,30)
(121.34687681234593,31.29724830873913,44)
(121.41097383956934,31.272109677015326,5)
(121.4473557541469,31.26137127565952,3)
(121.38938138611188,31.256187601531288,5)
(121.45538042066842,31.273973223785127,1)
(121.41418094757698,31.272637498877273,1)
(121.42517056246265,31.248328039816794,16)
(121.44586051588757,31.254261142514245,21)
(121.41178994233054,31.229736844689313,1)
(121.36420011309552,31.309856859896723,53)
(121.43212692140092,31.257843836444,20)
(121.36863026368187,31.309352901663566,36)
(121.4030578447983,31.24773614296978,16)
(121.37925440815539,31.27786250566839,28)
(121.4451092561062,31.24583762489909,19)
(121.3982545757885,31.30374797122006,14)
(121.44782241576763,31.245884657997344,13)
(121.38838648386745,31.252599641597367,8)
(121.41213134189171,31.258327562398463,31)
(121.39526000429028,31.26722845633498,3)
(121.42576970943738,31.254800851132178,36)
(121.41887641101647,31.237116151042745,36)
(121.38698560259428,31.283584301968595,36)
(121.3584946236612,31.30502539930968,27)
(121.44086923860677,31.236508268859346,34)
(121.43907766019626,31.26892062591333,1)
(121.42952962015268,31.2620594283072,37)
(121.40349988667137,31.30460084116348,26)
(121.44640512935065,31.25423763831935,36)
(121.41570353493312,31.25318422558242,7)
(121.4288124582016,31.26184104638544,37)
(121.38290962965331,31.235104691878025,22)
(121.41157720214308,31.233896829630805,82)
(121.43660887979098,31.241023917640703,2)
(121.4048877952968,31.30148680676797,36)
(121.37817086256726,31.276330682231947,20)
(121.41310230077181,31.235332576588224,3)
(121.40878411299576,31.29946571814183,26)
(121.42160308588909,31.246424103090085,36)
(121.36798872965818,31.31397448335004,36)
(121.45732112882685,31.260220595934044,37)
(121.39022835923396,31.267178915994407,9)
(121.43718814155565,31.275668428620833,20)
(121.3681629968975,31.29064167727623,29)
(121.39060636448288,31.290263733171457,22)
(121.37218600394304,31.250433259460323,7)
(121.41920047527076,31.252383247103197,33)
(121.42627243835051,31.229321880010836,17)
(121.46021383162757,31.249312198676677,36)
(121.3982539756529,31.30369107122286,36)
(121.42970341795376,31.25070530552297,8)
(121.40002329475328,31.27219188783831,22)
(121.34427575216291,31.28627400357605,18)
(121.43934085684063,31.258139723003186,34)
(121.41288796569496,31.268119578145,4)
(121.44295771083978,31.239846151915245,25)
(121.45975724576788,31.251589221448725,36)
(121.38387714467571,31.28054232376516,6)
(121.42600203013397,31.278749747539784,8)
(121.42484127965704,31.24544738700565,13)
(121.43878636661054,31.276068133814135,3)
(121.38109984003006,31.27934309702084,11)
(121.43526657662366,31.27045033410193,32)
(121.43340984017303,31.25012230698079,22)
(121.37491383964979,31.254855420188676,52)
(121.4450415987176,31.245080205436896,4)
(121.41083031773356,31.22420379201633,12)
(121.38244181409837,31.28379627748703,17)
(121.43087673902325,31.23550802796692,9)
(121.44567657964389,31.26345489281923,11)
(121.42113429450251,31.285261160496415,1)
(121.45946769556821,31.253994517899258,12)
(121.37470174236964,31.273000180194128,1)
(121.42294455931855,31.263164575262888,36)
(121.45938260464274,31.25565723505356,1)
(121.36436693637263,31.309471679995696,21)
(121.37047782045822,31.29085699355533,6)
(121.38842836573772,31.29147183714656,8)
(121.3887965691838,31.27087367794851,1)
(121.40201659911766,31.270410755033414,20)
(121.44905069608356,31.270437595366595,15)
(121.42705411911284,31.281026765701498,16)
(121.4630736810273,31.259693998223806,1)
(121.43698255564719,31.255917712825546,3)
(121.42232556533087,31.245766396347875,36)
(121.43558554701336,31.2533537270371,14)
(121.41949133213991,31.236026097608942,4)
(121.44325619419263,31.263427058918733,7)
(121.44695233943743,31.241714756850683,13)
(121.40582168701927,31.242213989684043,22)
(121.38435224607358,31.29875407897856,36)
(121.42955718354064,31.23450117947883,1)
(121.45318445955003,31.27062727380919,18)
(121.45188337704633,31.280508945937832,3)
(121.39382401876976,31.24821996502716,35)
(121.43581420983209,31.26498547049296,14)
(121.40662480628039,31.266276548491494,7)
(121.37993214506109,31.2405587916403,37)
(121.42386484158261,31.241381323365484,32)
(121.38614168474813,31.270188675310447,23)
(121.39856887341672,31.297968979810445,32)
(121.42161658917756,31.24586120696716,3)
(121.43543943064479,31.237983057104568,36)
(121.43499763494522,31.26412902489449,6)
(121.41038804353686,31.236149260600627,3)
(121.45216239969793,31.245683862154383,6)
(121.35913485682471,31.281804220554914,3)
(121.41334407450788,31.259673838538394,21)
(121.43562905474275,31.23798156583638,11)
(121.44738362005992,31.271995747640783,33)
(121.45406093613568,31.247759722718033,29)
(121.42893887904576,31.26563567931112,1)
(121.43722981357203,31.24017870894423,4)
(121.4254429557933,31.24850025603417,37)
(121.39152634387118,31.27462864074792,21)
(121.37562385621462,31.23598512909381,7)
(121.44009597459285,31.271456558992618,5)
(121.44785333000151,31.24565750152537,36)
(121.44226456101396,31.246098047199645,5)
(121.34631797097781,31.308841351824952,4)
(121.4222106302042,31.245420320449853,36)
(121.38796160557975,31.261631882154013,24)
(121.44926211145517,31.253061931917884,11)
(121.41667588888505,31.25136803018614,30)
(121.42670565606807,31.22932942240453,16)
(121.40986347920281,31.25407523401799,5)
(121.41129126841933,31.24349219536856,36)
(121.36845757371142,31.29159747875264,23)
(121.44434571976022,31.259516794668823,23)
(121.39308938115373,31.223507300127466,36)
(121.41994900008511,31.26975294376695,1)
(121.36400668677217,31.30834994114558,23)
(121.37306429583674,31.26394960238226,37)
(121.43731481928184,31.253299433389046,30)
(121.4024288265023,31.271926479033855,2)
(121.45645209813529,31.261075797042057,5)
(121.3657163015192,31.285003834186604,3)
(121.38388501687014,31.287105349179203,31)
(121.44413800431522,31.246412194346323,6)
(121.41791408165066,31.261529889180668,5)
(121.39234289931463,31.246923520073686,7)
(121.41167865044997,31.22605116333022,36)
(121.40925302901908,31.243666027357246,2)
(121.44619486913861,31.25785577739781,22)
(121.38626899733435,31.296133741581173,4)
(121.4269594872701,31.238232349790533,4)
(121.430478925275,31.256114876366453,25)
(121.38185386598965,31.280784458925858,18)
(121.37510719551177,31.27145002979899,35)
(121.41118060582298,31.281426508287577,1)
(121.35278199436166,31.280525912633234,21)
(121.40975985376579,31.243039233829922,27)
(121.41827006970934,31.252395739315908,18)
(121.45170048844088,31.245397150088905,22)
(121.42660100531621,31.239782368499938,17)
(121.38186363593184,31.23200623924817,15)
(121.43650496421986,31.280882955075494,29)
(121.38630452936283,31.267398994677905,17)
(121.38085251924595,31.25824990435934,17)
(121.45016139354381,31.258508931531875,2)
(121.38555446326717,31.265692582044675,34)
(121.44687844048815,31.246237481423613,2)
(121.44639262441862,31.24483285343657,31)
(121.41618813726436,31.251339221936973,3)
(121.40893603601191,31.24747129095536,7)
(121.43631719835683,31.250883695945525,36)
(121.41755835176673,31.227854013036826,19)
(121.39939760510936,31.256774196936888,36)
(121.42474107286607,31.2419709098109,36)
(121.39343627463398,31.265543281736832,37)
(121.40879661659085,31.258961802893303,27)
(121.37773802975292,31.24946032719225,7)
(121.44450575526214,31.26571881165968,2)
(121.40819456896728,31.24721120113082,36)
(121.42964637286067,31.28114892379629,5)
(121.39497335387793,31.248265271471837,26)
(121.3564083588775,31.303373275406546,36)
(121.44930788952676,31.242388400370277,36)
(121.45407313301055,31.256877600631054,8)
(121.38594618418834,31.26753774767057,15)
(121.45494864723794,31.2528210432596,9)
(121.3808527245135,31.23180515811942,7)
(121.44928795527717,31.242639549865384,36)
(121.45007699513279,31.251752137025402,37)
(121.43300494063452,31.271890835001855,5)
(121.40564046650081,31.24227201538282,19)
(121.38970455400752,31.27794207907259,4)
(121.44300781589102,31.282267577319857,7)
(121.44547443227228,31.243042894867138,19)
(121.39418516121333,31.270169661903108,22)
(121.38521321533304,31.27648886597941,7)
(121.42845666468322,31.28019635273977,36)
(121.37279106711985,31.263497730588252,37)
(121.40505819079776,31.23709662541516,1)
(121.42309477511809,31.249527638795453,1)
(121.38672770667894,31.275939966440205,11)
(121.45831251739271,31.25708780142375,4)
(121.44116960739761,31.24867680254199,144)
(121.37368574737398,31.267292497730928,26)
(121.44250932089088,31.241911493998636,52)
(121.43787795936622,31.253985967413502,36)
(121.43346122447451,31.27104894582713,7)
(121.45939983355908,31.247453183028398,1)
(121.39254307164093,31.262817955420516,36)
(121.44947392774024,31.25854322604789,13)
(121.44110058231301,31.256219294968872,36)
(121.45376869082239,31.254849329391785,36)
(121.41104732757503,31.2435152503413,34)
(121.44420040069718,31.263856714288927,14)
(121.45195793795382,31.245199992253983,16)
(121.43844890743641,31.241324552368663,9)
(121.4086742511323,31.23814212587211,2)
(121.41909831404358,31.23829901694401,8)
(121.46275627067466,31.265041250240806,36)
(121.41526955902847,31.29695563180554,36)
(121.43014476779842,31.238029183052394,4)
(121.45524675828655,31.274056534787533,3)
(121.45293142661359,31.25568732956717,37)
(121.38606166290286,31.283188365091224,2)
(121.40681564975444,31.26544926495259,34)
(121.42933629416476,31.24966792173902,1)
(121.34739904479282,31.30930930996663,36)
(121.40910969376407,31.244108996759383,32)
(121.41745250268845,31.26827032039307,1)
(121.38579321635507,31.269678521969773,30)
(121.42657470399807,31.241466341818914,213)
(121.46048984329816,31.269498316412697,10)
(121.43796182814637,31.25406788791265,36)
(121.36163947434524,31.245410676513323,36)
(121.36349746812515,31.251939473645223,36)
(121.42284704156698,31.2791793856079,2)
(121.36710933226381,31.309250909307394,40)
(121.45940288513063,31.2554352060654,36)
(121.43038582363585,31.247561706771386,28)
(121.4361727917679,31.2665706828765,34)
(121.39481378467782,31.260043792525586,20)
(121.39182804453495,31.250868240613425,2)
(121.38444010323789,31.238585711329836,2)
(121.4331309387655,31.239487551260257,2)
(121.41018445847784,31.228156550254702,7)
(121.42390281108034,31.241429316269762,36)
(121.36701331798952,31.30904419785955,37)
(121.40752270405629,31.2587499396451,10)
(121.38713075882934,31.28378450255859,4)
(121.38489852203439,31.237815778230253,36)
(121.42517106168346,31.239569356299388,18)
(121.39300960323678,31.261135144028472,18)
(121.40484466331537,31.242739152757373,2)
(121.39190023678266,31.242999491200433,16)
(121.4223412785573,31.254091064396984,23)
(121.41010080319496,31.235300686704058,3)
(121.39775586451096,31.244868594001982,9)
(121.43139956781113,31.265616376597595,21)
(121.35282779661216,31.28939851654242,26)
(121.36304817551188,31.239960482378752,36)
(121.40591801289993,31.238797448002405,25)
(121.42856947528321,31.27023886097692,19)
(121.42873803065736,31.265600338515696,36)
(121.41153522757658,31.243715247975242,36)
(121.40403672523354,31.244534865514936,1)
(121.34756315644881,31.309321819298948,16)
(121.4229763235191,31.23841630386144,37)
(121.38555155170187,31.299308371412568,36)
(121.41404831373362,31.231780949989993,6)
(121.45137959137867,31.269595366554245,4)
(121.39161233309807,31.269518858198747,29)
(121.36948220236005,31.287854260561115,37)
(121.42924588695753,31.24972933492505,36)
(121.3696832484728,31.231345106737557,37)
(121.39881883541408,31.232099659282873,14)
(121.42391971821962,31.24054190374495,37)
(121.45751382538467,31.25993075778812,9)
(121.38391492770802,31.260373910626438,36)
(121.37985202282134,31.276168468151624,36)
(121.410933384866,31.24387843292714,32)
(121.4520984747463,31.27975855025434,65)
(121.45170544327937,31.25353182094338,14)
(121.36883717209052,31.31423278512095,35)
(121.34536679737992,31.287961573031414,17)
(121.44015716725343,31.266546150026695,7)
(121.44065729615885,31.257225991161768,15)
(121.38259843083735,31.242831879058198,17)
(121.40628730259904,31.245731610509438,19)
(121.42766748902955,31.23568654920245,4)
(121.4486672480112,31.2418853462029,1)
(121.36928782646152,31.313192026189135,1)
(121.36710010279678,31.289610732598963,37)
(121.4354481416602,31.246295781725582,1)
(121.37817246671482,31.236775061435864,31)
(121.38431021326329,31.231783235968845,11)
(121.3906505122346,31.26861183602518,11)
(121.40531799634464,31.246101696598753,32)
(121.34897926764874,31.290943346399413,31)
(121.34059066724727,31.29265354656695,25)
(121.36468307971278,31.312651809438727,37)
(121.40932304624019,31.243893041455994,14)
(121.42807166866957,31.256527120055026,23)
(121.40213429912873,31.244020967517205,13)
(121.44348379285286,31.252356886509876,36)
(121.36035280849151,31.30906544373927,36)
(121.3725921134683,31.256015238681464,39)
(121.40825418337214,31.25878189085385,19)
(121.39665911037197,31.240745687692314,4)
(121.39166958280539,31.239279035564635,1)
(121.42520944886661,31.251500773496687,36)
(121.42875593348114,31.254133664072228,36)
(121.39051022531467,31.235888630954086,1)
(121.45898751366363,31.25155875408832,36)
(121.42335984033456,31.25007869279393,57)
(121.34873938252004,31.302717575145998,18)
(121.37018245347893,31.230584370633977,8)
(121.44692477882398,31.251240617628213,47)
(121.34440313136601,31.293183880895857,20)
(121.4096972711857,31.23989382095951,10)
(121.39954311064308,31.261955485876438,6)
(121.40114225862365,31.29956915490751,31)
(121.37818620844779,31.271160451547118,4)
(121.43112251537563,31.272329129400518,1)
(121.41070521110547,31.252785420474265,34)
(121.43785420090673,31.26354895561478,4)
(121.39681080634004,31.260574854264835,18)
(121.45016616713646,31.279017606653948,18)
(121.36772032639999,31.30086430467881,35)
(121.43742029024058,31.23771133548324,3)
(121.37937828763127,31.27463031482758,11)
(121.43830473448686,31.24805076010884,36)
(121.37865762705043,31.254744024714554,37)
(121.42476604387387,31.264836917256854,22)
(121.3990835942073,31.246548591035292,36)
(121.3857865968079,31.262638518501326,13)
(121.4029277353377,31.223817233471568,2)
(121.4101567793859,31.269527716812682,7)
(121.39830909366079,31.244867702804328,27)
(121.4265956325798,31.25838534539911,17)
(121.42016288657184,31.276139866075887,3)
(121.36024757632362,31.242298056838145,36)
(121.38993316063589,31.282720208331053,12)
(121.43839714042225,31.26595642179238,39)
(121.38257528115525,31.25117963440729,5)
(121.3881619183072,31.228497218198786,30)
(121.38938250016025,31.2689680901556,3)
(121.41015135015087,31.255473891162218,32)
(121.43898199980917,31.241246765822876,1)
(121.36787452363247,31.31382326292904,7)
(121.39393797151217,31.23535424475444,24)
(121.37613805977827,31.245784621376252,2)
(121.3997829400437,31.244851694696983,36)
(121.46380519291003,31.257259297475642,35)
(121.4122843772272,31.259486128108417,36)
(121.40909649051743,31.244131693976207,36)
(121.38045106423995,31.23353248317184,4)
(121.38935438671088,31.25645869984978,36)
(121.44139095572918,31.247127946493613,27)
(121.42525878715686,31.278131900497886,54)
(121.41262618671963,31.24678037206341,26)
(121.42410502129567,31.228699887215228,5)
(121.40459103581045,31.30458597792319,20)
(121.42257099401556,31.264492407298427,29)
(121.39302936069697,31.23523167017358,36)
(121.46132380412251,31.261410361718795,95)
(121.4325309347657,31.252836191825647,19)
(121.36826422588621,31.31435001757693,35)
(121.42404764445692,31.241044032761312,57)
(121.42690739245214,31.2594327870882,10)
(121.38053021721745,31.25718511661505,30)
(121.42182474028533,31.242830956040393,12)
(121.39830544009577,31.24842014376404,36)
(121.38950966128355,31.235120302869174,15)
(121.36497222031184,31.313240741927277,11)
(121.3991849001881,31.231796801249804,17)
(121.405861299416,31.230337452453696,36)
(121.3951607233798,31.246909092005183,36)
(121.39706242093578,31.281871213934405,1)
(121.40765753638622,31.291251301807495,7)
(121.4216121839349,31.280592808824608,1)
(121.41812518011542,31.2526499232815,23)
(121.39718873051945,31.266919838716724,12)
(121.4525213769113,31.27547515849849,1)
(121.37665839705849,31.271552939349064,18)
(121.43759135443393,31.27606579052221,13)
(121.3996754077139,31.287732278315488,29)
(121.38505949273618,31.258536109539133,36)
(121.43746567622642,31.24019741753291,36)
(121.40719578820979,31.25467854647184,36)
(121.37799589669723,31.279398753913753,36)
(121.38934334122519,31.25604451132061,105)
(121.44868469615616,31.25544272970686,17)
(121.42658239829919,31.24406330940081,63)
(121.43200028650253,31.282993583719474,28)
(121.36888325804219,31.314341890938007,21)
(121.34542601952981,31.29089104761201,15)
(121.43347528777807,31.249070433393907,35)
(121.37885793110331,31.26674442125999,33)
(121.41427374518773,31.248428634494136,24)
(121.43992854960673,31.266324390734308,17)
(121.43785716528222,31.240728091709343,36)
(121.43871348228552,31.2482877728828,33)
(121.42936184415547,31.262300700678793,22)
(121.4090435776645,31.233306303621056,4)
(121.41792349598578,31.23086859442926,8)
(121.43856892604255,31.23965152965126,26)
(121.44045415942274,31.27256762219416,1)
(121.37440375594541,31.230294395913493,46)
(121.36168885639457,31.2834099925186,35)
(121.4178860680118,31.284048352522934,1)
(121.37852984874705,31.270724740595853,37)
(121.4208612943013,31.240846146088096,4)
(121.3906778443922,31.237726309808824,18)
(121.4017303455396,31.243092703955842,3)
(121.43950866320225,31.26026190117258,2)
(121.39332236698426,31.26747303733468,24)
(121.37727743369905,31.273703564586935,25)
(121.41134714886789,31.26519768212243,20)
(121.44773845710023,31.2443011003305,36)
(121.44788258541753,31.27229698793406,31)
(121.4187247473072,31.229026975943427,17)
(121.4451225589113,31.245837127267993,4)
(121.40447018335965,31.22734080456025,1)
(121.44373827296748,31.281398811705813,1)
(121.42186685224512,31.262584927118194,15)
(121.38421514904566,31.29933518037672,23)
(121.421540695502,31.25144143551067,36)
(121.37486450879429,31.258174074905494,30)
(121.44076642154685,31.263116000440075,1)
(121.39350760845478,31.270552552550885,7)
(121.44379648748175,31.26728083366791,1)
(121.40530266297826,31.24728770541545,10)
(121.38476927599945,31.259545285836158,36)
(121.43604118836036,31.23434663112229,29)
(121.3911514434486,31.240359818806457,1)
(121.42908718002595,31.26237900768988,2)
(121.42518006441408,31.244732448533384,22)
(121.38296106893256,31.279902188773075,4)
(121.43711613880707,31.253286695139558,12)
(121.41841349662516,31.24270334367925,9)
(121.39112675635712,31.268500379172234,21)
(121.38952497994718,31.238633909595578,36)
(121.40086373205168,31.264044771375374,15)
(121.42363636578699,31.245017124772815,12)
(121.39754853668433,31.252873368389153,43)
(121.38540282722732,31.293061197705804,26)
(121.40708565574108,31.298943915028186,2)
(121.40682230873534,31.26057710818678,7)
(121.41547104374148,31.24630427277185,3)
(121.385654380851,31.28447945990301,20)
(121.43438934535143,31.25340824528225,34)
(121.35961377148041,31.247024140168588,2)
(121.41314669036909,31.231176562517895,21)
(121.42695943081021,31.23758405594669,7)
(121.41311358264035,31.26134849780382,1)
(121.4295713520535,31.260520948778158,15)
(121.40385371311012,31.229169244395617,11)
(121.42902519044033,31.250189757175264,7)
(121.44652183639201,31.25374942151792,68)
(121.45398962290905,31.247859811360314,5)
(121.38807666817313,31.272626643352336,37)
(121.42757592376097,31.239504365652284,28)
(121.36847710855429,31.308895258198817,32)
(121.37130538978391,31.313523648208168,36)
(121.39799236686312,31.24914134400735,28)
(121.38312977578703,31.28583277574386,30)
(121.43487490716936,31.233680807736423,5)
(121.40395639734174,31.286746847917744,1)
(121.44748041303447,31.248988645155137,19)
(121.38925235205646,31.232452507486645,25)
(121.42875957209799,31.26243435312065,18)
(121.38069858419688,31.27052500367359,36)
(121.38887793666458,31.25601515328654,20)
(121.38309313289436,31.290407585443567,22)
(121.44117903285019,31.254870224394427,3)
(121.36710773202961,31.30923520914403,37)
(121.38538583347307,31.235573192920253,36)
(121.3981898600949,31.24233438498539,36)
(121.37291993292064,31.24816721420321,35)
(121.4167456810459,31.260868141049396,11)
(121.39688838586991,31.228444287274325,19)
(121.42278067523208,31.236505466750156,2)
(121.40128305949816,31.266409888980267,36)
(121.41028444673597,31.243065171120072,1)
(121.35193333936078,31.28181594978639,36)
(121.3469514176637,31.296638214241685,36)
(121.41290760582208,31.231975810628953,1)
(121.44833362678204,31.26142625869286,35)
(121.37839969474072,31.27092167769285,15)
(121.41020053436104,31.243891553256436,37)
(121.37201423011662,31.290658975853635,29)
(121.3758390870278,31.258164245299636,35)
(121.37263017211606,31.25601929001034,5)
(121.45328125758552,31.247943261907306,14)
(121.42853188096468,31.265728396286104,3)
(121.40173705643322,31.258107729543553,5)
(121.37746857618603,31.26711484868351,36)
(121.45625706635623,31.27104474887009,4)
(121.42029078700865,31.25314095971957,36)
(121.36488981798539,31.278824809276408,36)
(121.40781659971971,31.287180217694033,34)
(121.39470788317546,31.247410828522327,8)
(121.36712306167802,31.288683393066012,2)
(121.43403267617167,31.26270171273073,2)
(121.42693667792007,31.24013723144916,34)
(121.4231339680408,31.246813293824303,18)
(121.4467483078766,31.28363244246991,36)
(121.39382186805342,31.22353273095251,2)
(121.43867789375928,31.245590142722158,32)
(121.39015484430288,31.259130719014536,9)
(121.45407427470543,31.270046244671516,31)
(121.41945735593063,31.25429204004007,1)
(121.40338600026722,31.231841044280234,2)
(121.35867707211324,31.283002959067048,7)
(121.38750487455152,31.28105668906479,32)
(121.42494062563287,31.250515556690875,14)
(121.3639770827043,31.308307137859558,36)
(121.39075367065566,31.294634755128847,36)
(121.41418363095805,31.243270463856433,2)
(121.40030956147524,31.287118414193703,36)
(121.38196023461543,31.236051234024824,13)
(121.37812634191963,31.294016818109803,15)
(121.42815601006811,31.251691677699228,33)
(121.46166725922423,31.260742009493253,36)
(121.44672021832956,31.25988921463829,1)
(121.35581639443981,31.287629463782626,29)
(121.445370010378,31.243219676025806,8)
(121.43419532177727,31.23691338661504,17)
(121.37476117884297,31.31003264718747,36)
(121.41008640082343,31.242124776582482,8)
(121.42676567135955,31.235711423017204,1)
(121.4467847153154,31.28326164954242,36)
(121.40913139910089,31.244081801315478,72)
(121.38265663563706,31.2903941563586,37)
(121.35381651659559,31.30813166334013,4)
(121.44622252557575,31.254562294145458,8)
(121.4252060705614,31.242725857652736,9)
(121.4099572661699,31.251788090993593,33)
(121.38781555580559,31.25111418659259,3)
(121.42998872420908,31.24677627272942,3)
(121.40210961316176,31.264133253543562,130)
(121.39566390897049,31.24575682716008,14)
(121.44876231285929,31.25948543536872,36)
(121.3378556685247,31.293941969923246,4)
(121.39461013870005,31.243949488381364,33)
(121.39721551382019,31.26641152858625,72)
(121.37421307679571,31.273585815864852,29)
(121.42512309018973,31.24641659212946,36)
(121.42490889015983,31.241730667850028,37)
(121.41072579193269,31.22964806013412,14)
(121.40440074374668,31.260614594765496,37)
(121.42971825723782,31.249070567886907,10)
(121.39156742679207,31.282452208007577,36)
(121.41025383572078,31.235992980695357,8)
(121.41621707295472,31.234084231020645,3)
(121.37756478132064,31.250206794720846,2)
(121.40758295252719,31.233787196696145,6)
(121.43237929580766,31.238640723311303,2)
(121.43222036420846,31.27713641864378,4)
(121.38762469734509,31.269982538280185,2)
(121.45511526648166,31.25315484724976,22)
(121.36834541560556,31.280416786565503,10)
(121.41084302089355,31.2968807518443,9)
(121.46246655281952,31.259048342409574,7)
(121.3658307632118,31.276480502390356,43)
(121.41238325395837,31.258162432439935,47)
(121.39942015316777,31.261071190367222,13)
(121.38925515227228,31.235074802850903,27)
(121.44366561750941,31.242888387256546,20)
(121.39077669015381,31.235057163638636,36)
(121.44116223780773,31.265025001962268,36)
(121.38566518227786,31.28937745131878,22)
(121.42399598104596,31.25582062329315,3)
(121.41621765171462,31.234083599962123,108)
(121.40416712480159,31.260380844523084,13)
(121.39599734828164,31.306024038297096,26)
(121.37932370794947,31.268767791807445,36)
(121.44869978786159,31.260404450530494,1)
(121.42968365544424,31.2465220667412,34)
(121.4559031801974,31.271183863080754,2)
(121.42718226820975,31.261418397511648,7)
(121.38294697803057,31.290526491979463,22)
(121.42287511534477,31.25739213194254,18)
(121.43456500242569,31.252442605755753,26)
(121.4094093671945,31.263427210974836,17)
(121.43583420218366,31.238595804705835,19)
(121.41090369562605,31.281733683362045,61)
(121.40457438409808,31.30014304930905,7)
(121.40310585525086,31.24775315877636,24)
(121.37285735674534,31.231092424900794,2)
(121.4485549385743,31.258519897953818,17)
(121.42323428673723,31.262933267462724,9)
(121.38933056830346,31.236973212827507,20)
(121.39721550901973,31.26635650516357,8)
(121.38934637805046,31.25643768483131,7)
(121.37741428646991,31.272010760840036,14)
(121.43212478507958,31.23330389228294,7)
(121.3847543172221,31.260200555439063,5)
(121.4062471606754,31.285286849652383,1)
(121.4077294482795,31.25102293152795,1)
(121.4301904191185,31.246153787043102,9)
(121.4548564889916,31.26796620894342,36)
(121.39752460515199,31.304913825155634,37)
(121.42152766990955,31.28005662208417,7)
(121.42254591789282,31.24168120830767,28)
(121.4192867969636,31.279633810256087,23)
(121.46245214849421,31.265459132321002,1)
(121.41222612102614,31.290463958690303,14)
(121.4083019951921,31.25410660994159,9)
(121.4201161181537,31.24138290226729,33)
(121.39537374092451,31.24570366159036,4)
(121.39178461272321,31.2368106246195,17)
(121.37738847773058,31.237941105195546,1)
(121.43678866789573,31.253344157280967,19)
(121.37880386296295,31.26676937193976,37)
(121.4368515538182,31.276123810241124,37)
(121.42245099466737,31.24344878525166,36)
(121.3949155071601,31.24607759723754,35)
(121.42693719433309,31.261054379221136,25)
(121.3924941638221,31.238331195328847,5)
(121.42964146416843,31.238898092445357,7)
(121.36638246150821,31.25179327694777,7)
(121.43103915840219,31.27845877334986,7)
(121.38737454617267,31.25778171888041,36)
(121.39908427667122,31.23018228440786,28)
(121.46248311466745,31.266055315092505,33)
(121.3993436375304,31.231843832632375,36)
(121.45371721965252,31.27101637313415,3)
(121.44983141570715,31.261779661188758,5)
(121.44215222475657,31.262797529725237,36)
(121.42519386725291,31.239542261057274,21)
(121.41806891212053,31.260263637887892,36)
(121.36505042621381,31.276939525394113,31)
(121.36496761966103,31.313241041386156,36)
(121.41192701591831,31.276847468947278,18)
(121.41477647254248,31.236215981920864,40)
(121.38861260774662,31.275215204811566,3)
(121.42320207946251,31.243435641384472,1)
(121.41017935712821,31.24245092218788,37)
(121.35384531188363,31.281956353421254,36)
(121.39632813407637,31.23964512549364,18)
(121.3926652988838,31.248894591323097,17)
(121.38846383551747,31.236075957371675,34)
(121.44638612306856,31.24483305229672,26)
(121.41308466805101,31.23106814697595,10)
(121.4222117466728,31.258226955639074,21)
(121.41420638302105,31.25543173712158,19)
(121.35705658288019,31.291044515549906,1)
(121.38388902256838,31.233007663212803,35)
(121.40410916525188,31.22652367241122,4)
(121.38288490427297,31.29048841655493,10)
(121.41171819197656,31.243849270764926,8)
(121.37709470655837,31.271328182236584,9)
(121.38511523634052,31.289380047463087,36)
(121.34905273984765,31.299086726865898,36)
(121.38064057005266,31.299173382544943,26)
(121.34818427074893,31.27864015042381,3)
(121.41030563829922,31.24530717104135,14)
(121.42186447485959,31.284432314473765,4)
(121.4376063799706,31.276640008777882,19)
(121.38230832528585,31.24546677171403,6)
(121.38724182612893,31.237397593193176,2)
(121.39024187383424,31.230589750210786,48)
(121.36136555284973,31.249435980439372,35)
(121.37684838708896,31.268419840781046,36)
(121.38119568608712,31.258608559706474,8)
(121.37404475342117,31.272727244767673,12)
(121.40956765199462,31.244032696057534,36)
(121.41809352169247,31.233418314618444,14)
(121.40913532157562,31.228665762510985,2)
(121.45786985725454,31.247803677970282,4)
(121.40164125128373,31.25603850746642,36)
(121.38885691839344,31.27897788386681,12)
(121.33978823234976,31.30090790299896,23)
(121.44504494265395,31.254854419683,37)
(121.39282983433385,31.22393501832319,1)
(121.41080353905298,31.245321099774102,37)
(121.35055132064315,31.29207164393736,34)
(121.33407286561584,31.292365039203755,4)
(121.42640658899293,31.278505298570114,1)
(121.38653666533729,31.283275717205903,10)
(121.40343291156022,31.23184655379372,16)
(121.378491617386,31.245625813953623,36)
(121.4488959016376,31.24363271407835,8)
(121.41074226800507,31.242063651132646,2)
(121.40244547243317,31.264350290107835,4)
(121.36416810817337,31.311649152139996,21)
(121.43927763891465,31.277335961319825,15)
(121.4176475075847,31.260378849393927,36)
(121.40183955016121,31.239662247581716,20)
(121.38649480349758,31.25690764598505,36)
(121.44254933523288,31.26730645383266,4)
(121.41043245853929,31.243525355632272,70)
(121.43298838387516,31.26524403858005,3)
(121.36768463124642,31.23807553201694,36)
(121.3589517457233,31.28597755605628,14)
(121.37774965643419,31.257416164090476,20)
(121.4545493227139,31.260859359435734,21)
(121.3709835781761,31.30179099356749,14)
(121.38938447813958,31.268695976456712,25)
(121.43671560634313,31.239827236844814,3)
(121.38472639310633,31.26177374675611,10)
(121.4638422994683,31.259838697452306,21)
(121.43783803008606,31.254043047244004,26)
(121.4108546551592,31.223841289889002,8)
(121.3992706178883,31.261694559431678,27)
(121.40613435061782,31.23822020263788,14)
(121.38284604634546,31.28114258729188,36)
(121.39957312342626,31.261976504575305,14)
(121.37852597073268,31.277384091522674,37)
(121.38923629030033,31.256511636126387,15)
(121.45967393685213,31.25700677821177,11)
(121.42176974018074,31.254038426082865,24)
(121.41372053310214,31.261307124883718,11)
(121.43383170018058,31.236702459723976,9)
(121.39207229140531,31.235563352706635,6)
(121.34528329913375,31.295898586569827,7)
(121.43882222225768,31.25216385117142,10)
(121.44515488801596,31.24613896426714,22)
(121.42488035908627,31.25825299106309,29)
(121.45766623370685,31.269139369336607,22)
(121.40055924376165,31.26134294768752,4)
(121.42697523136447,31.24696025390682,13)
(121.45587199900625,31.27697067929311,11)
(121.40415228030446,31.26218562008527,37)
(121.42606150238545,31.25704923811789,96)
(121.4229904290163,31.262126096476052,37)
(121.38921326024625,31.256393567731056,30)
(121.37243354001505,31.286764958926973,29)
(121.4025371644755,31.28698370965568,17)
(121.43565756181266,31.240747966342497,35)
(121.44630550632537,31.24484693813505,36)
(121.44428374879134,31.25825016033187,36)
(121.42008871103465,31.23621660619259,34)
(121.45147941693523,31.270230442803854,3)
(121.37199751051287,31.287846500891703,17)
(121.44343866075639,31.261325863160426,5)
(121.45637940679921,31.256468664880455,34)
(121.39936085488014,31.271261385380164,3)
(121.4319769240296,31.249196454782826,10)
(121.39647566187148,31.302494425337297,36)
(121.40401486125019,31.246129574268785,15)
(121.33389128229484,31.294652109868636,36)
(121.4270938950502,31.22918202436824,2)
(121.39361442911827,31.28890506884124,21)
(121.41472550554232,31.270725126463933,9)
(121.4303765455722,31.265173102732117,60)
(121.45742226540487,31.247725966128613,56)
(121.38936637079426,31.25615857789775,8)
(121.37215133857376,31.277888844004163,36)
(121.42575657737856,31.259238699490183,19)
(121.39767233085581,31.25038176619136,1)
(121.42520256937438,31.23949856293449,35)
(121.40427013412574,31.244750730324323,3)
(121.41671479002265,31.250470617708086,36)
(121.40092901080654,31.25588110179141,8)
(121.42302147150332,31.274375266438067,10)
(121.44798047735821,31.261314430194183,21)
(121.41531231078159,31.228967505986503,3)
(121.43613089034582,31.255481956549655,30)
(121.40844713134574,31.225685694301195,1)
(121.46280953343201,31.25824219897671,3)
(121.43103892572518,31.27578966614741,17)
(121.44130697958008,31.265078805527608,24)
(121.36316127324596,31.30237495920236,6)
(121.39485936145458,31.30212697179431,13)
(121.40428126260396,31.305310121827922,7)
(121.40990288887535,31.259725931131708,16)
(121.43664629164222,31.253917134073294,37)
(121.38382405874415,31.280223142777444,36)
(121.35502289487589,31.284034233684306,36)
(121.4529234473229,31.25185570187985,10)
(121.39762898382763,31.246628085245653,9)
(121.43249082811248,31.276929473033178,12)
(121.4349876307843,31.25345904320114,44)
(121.37883488279192,31.26653330593667,36)
(121.4090342752106,31.244902379585323,33)
(121.38218252264753,31.283903064238654,25)
(121.36497252033789,31.31330364181916,11)
(121.40422347161886,31.287183058753538,35)
(121.40202800896634,31.229203553127864,4)
(121.38217800419478,31.232007554295407,7)
(121.39149193907981,31.25328407810871,21)
(121.40958351034436,31.243257796768237,2126)
(121.42835573778949,31.26052377038579,27)
(121.34744484803346,31.30931881254746,26)
(121.44934860245223,31.251620431924668,36)
(121.38629111882535,31.2530283369648,10)
(121.43779265068169,31.240929578974725,13)
(121.45071735144766,31.2609469377873,4)
(121.38131891519514,31.232984431999924,5)
(121.430517615947,31.241660433240952,3)
(121.42272066158249,31.249617429699494,10)
(121.42596255480818,31.239603719400453,15)
(121.36317137459227,31.302424560217133,23)
(121.3506124023527,31.281948273422962,11)
(121.40660698011165,31.260491847336926,37)
(121.45646299725233,31.254176487617727,36)
(121.44206140612272,31.26366013954511,252)
(121.43599484183486,31.253298808797876,36)
(121.39543727845894,31.274402086446646,23)
(121.39089652272762,31.289452604468874,18)
(121.43086201072563,31.251225327191428,8)
(121.35681095350044,31.277854734546242,36)
(121.43558427657135,31.238752221234034,1)
(121.42876733782553,31.26640604292613,36)
(121.38375429033995,31.287105026920397,36)
(121.37871310589739,31.27743762086314,22)
(121.460289234663,31.26051502108754,4)
(121.42481032930122,31.245674513033492,7)
(121.38470721893283,31.259643272089203,36)
(121.38120220532899,31.25912965893929,2)
(121.39941307096382,31.262050484437985,36)
(121.40528635901843,31.247306902038858,8)
(121.40286276124604,31.261941758034496,2)
(121.41530182487854,31.24414008917795,14)
(121.40989118599299,31.259456629228286,6)
(121.41006952054352,31.231995179613502,6)
(121.45063330114874,31.258177899003137,24)
(121.37509495370291,31.30337991128968,6)
(121.34047536095419,31.29717063247298,27)
(121.40636302105852,31.24569772614605,37)
(121.38631742455664,31.231567165973516,36)
(121.43585642340733,31.274879375944003,14)
(121.36863883888705,31.31419449083107,6)
(121.44550347967528,31.28310760420698,9)
(121.37980570899016,31.299358847223935,18)
(121.3789720770828,31.26672053730635,14)
(121.44622358928898,31.244842323764374,36)
(121.40917586428655,31.23833518714112,49)
(121.40136587423132,31.25255791841151,1)
(121.37802497786342,31.26838518366201,6)
(121.39180722655968,31.28066621125191,142)
(121.42957459961477,31.262450551033684,3)
(121.43766728384087,31.276679942320193,17)
(121.43563893896359,31.258788028343712,3)
(121.43469197794538,31.265199838435603,1)
(121.38113354694606,31.264010688848856,2)
(121.3998843051251,31.23984684718456,15)
(121.40953359818973,31.231380108949704,2)
(121.41361731684378,31.29428098540464,1)
(121.34113830190131,31.286404056878506,36)
(121.34451672482724,31.285570032379045,36)
(121.4024034927784,31.245234907238576,7)
(121.40406827033352,31.262200615811967,55)
(121.4127694973885,31.261575825399976,19)
(121.45246704175172,31.2534387277691,23)
(121.4542024545686,31.25267149944021,38)
(121.37781048421338,31.25449496033012,2)
(121.4299267119092,31.233533339888787,5)
(121.34277519987805,31.30092989761217,18)
(121.36957442586889,31.252519348721208,36)
(121.4103916308211,31.231686017886688,4)
(121.43615706676924,31.257974007525004,6)
(121.412035015397,31.24591240235662,37)
(121.40475499116019,31.258065908701,15)
(121.45391474334345,31.27100597137835,2)
(121.3487652477242,31.301789108270004,4)
(121.38375858691248,31.229638994060675,17)
(121.42883135322283,31.266197956354635,36)
(121.40625061552913,31.22824116748106,24)
(121.41201461034935,31.24593249805748,29)
(121.38229742881518,31.292775754448957,4)
(121.36550238184431,31.278738948170044,36)
(121.40423612514155,31.260313692652296,30)
(121.46009719945684,31.250137413474185,34)
(121.42715644675526,31.254218237227835,37)
(121.40390504964832,31.225523181130416,37)
(121.42772065075249,31.23822265188521,19)
(121.40105446580725,31.271811115286294,14)
(121.4325910095994,31.27756668135515,2)
(121.41215176195377,31.22881634094375,2)
(121.4100672294106,31.25552247356566,26)
