(121.40802552727826,31.258710443670765,37)
(121.37553362737215,31.257925174515968,7)
(121.40616446478916,31.23951979166678,12)
(121.46059558223996,31.25171167982452,36)
(121.43422385581921,31.279412517690144,12)
(121.39128199123894,31.245502211145666,35)
(121.42286835405649,31.271516177266477,4)
(121.40181142167121,31.248044394568616,35)
(121.38999040510863,31.28252304027285,36)
(121.39695807620474,31.275223776621843,28)
(121.42283063792931,31.27439641121653,1)
(121.38885283066058,31.232067421820965,29)
(121.42123503769717,31.241168056478358,2)
(121.3859935897568,31.2831312834126,11)
(121.4277783976986,31.25617036082291,37)
(121.39998278985014,31.2335420127875,36)
(121.3649728203871,31.31327624191686,30)
(121.45586310778337,31.272667674296855,36)
(121.4192487359623,31.244276625981996,25)
(121.43440807531047,31.260239385120013,36)
(121.38628241116231,31.288587361113475,19)
(121.41993169937028,31.249208436784713,32)
(121.43847916480266,31.24486209665559,28)
(121.38310335948701,31.284027123274804,37)
(121.40493029333726,31.258966837115793,40)
(121.3926631942015,31.297657805152582,18)
(121.43575482299431,31.270967084238773,3)
(121.36511254254765,31.277009647963137,15)
(121.42957323102218,31.24674068071915,2)
(121.36972434751215,31.230286856042866,11)
(121.34282033028127,31.28968153304946,26)
(121.4046962162199,31.239962295553145,1)
(121.37177973908497,31.23159324241622,15)
(121.43789464031379,31.262114472940702,9)
(121.39633464067302,31.23851989095387,3)
(121.45736807437481,31.246978388782424,5)
(121.38737184451058,31.236197153254892,26)
(121.45530757769501,31.273707263104665,15)
(121.4412277783391,31.23815006901468,12)
(121.37403316393241,31.256619356802425,35)
(121.37669073337696,31.26864472621796,12)
(121.40794288508334,31.244710122165205,11)
(121.36498883998753,31.249442884054805,7)
(121.42326611340266,31.28417313300247,1)
(121.37489842001152,31.23528592703807,13)
(121.40161117457878,31.237166275421313,1)
(121.34687411481458,31.289063327328318,18)
(121.41068865057652,31.24632056419954,33)
(121.3956673757934,31.29996277390789,27)
(121.44630550557848,31.24182664363112,35)
(121.4261134758607,31.239332588000778,7)
(121.42948960658022,31.249883158803016,5)
(121.40386809039171,31.237527687518988,9)
(121.40330327520226,31.2406910328841,2)
(121.41798019578229,31.251830634434974,37)
(121.40973514754205,31.25959869650492,18)
(121.42970341882517,31.250715309936062,43)
(121.4235759713295,31.24353501879826,172)
(121.39798218130359,31.304376254984952,13)
(121.44756532055956,31.261488955552508,37)
(121.42363605883335,31.241494545839448,36)
(121.39744289731716,31.246628009637412,36)
(121.44537188421192,31.250245845265862,10)
(121.43475724729679,31.265095546443273,4)
(121.46086176196259,31.257050139238853,23)
(121.42392122110716,31.252686994937477,1)
(121.39763386256298,31.25668451338959,36)
(121.40399624131244,31.22757414432622,28)
(121.36418271047484,31.310627256144098,20)
(121.40453587777262,31.232017878003212,1)
(121.36443914643013,31.30949098830061,9)
(121.41179360410563,31.225868054371077,35)
(121.3760029910419,31.300413860767375,4)
(121.4112758717406,31.22743188259904,9)
(121.363057676789,31.239944483466406,36)
(121.36467340121916,31.2382251510933,26)
(121.38851667698094,31.233711919913105,3)
(121.42812655218292,31.253814220138032,37)
(121.44067329927303,31.25521429791751,36)
(121.40136646713084,31.259354881893625,7)
(121.35292060581784,31.287707927443407,30)
(121.42365459126793,31.25042272212527,10)
(121.40826258540032,31.260638388925976,4)
(121.43238607798493,31.252206079841336,34)
(121.40184202881203,31.250705495500217,36)
(121.41522020447712,31.23908368165573,20)
(121.40093745520197,31.237678166997778,3)
(121.41441869322978,31.24850262014722,36)
(121.38026020125692,31.27479707346193,30)
(121.45321276091367,31.251859129313765,13)
(121.37523472545394,31.252409999882982,36)
(121.33714699894718,31.29424464531314,15)
(121.39191413067677,31.268804125189735,9)
(121.38461064684046,31.277224630220985,12)
(121.43022059891744,31.237177718091512,24)
(121.36497282038374,31.313290141885208,21)
(121.4066518518549,31.23240256636093,2)
(121.44426904873403,31.272844411288606,1)
(121.38126523815802,31.281625205746067,37)
(121.40913609041134,31.259835691998145,7)
(121.43836687294244,31.262306901759104,25)
(121.42561417010393,31.241811743534857,4)
(121.37241583669872,31.2559449779438,21)
(121.39699960261895,31.245689405766623,22)
(121.38301505292435,31.290501547807995,21)
(121.42709185709882,31.278494688082485,21)
(121.38932832588164,31.256015487661152,21)
(121.39190952960452,31.269188723535745,21)
(121.43945549385784,31.256242733004928,1)
(121.38944242197377,31.25600356590482,31)
(121.4120190116765,31.27326364536924,1)
(121.34655099253527,31.283444920261353,22)
(121.41651663147064,31.258922398175987,35)
(121.39371143587546,31.26532034277877,36)
(121.44874574977491,31.26111667421983,36)
(121.36519568536073,31.27695675100529,11)
(121.4168213020983,31.249892596541972,12)
(121.39476097863307,31.229582041111087,65)
(121.42014780987682,31.275138457951112,30)
(121.41603070887533,31.279898464012167,29)
(121.41676066129328,31.260733076301204,36)
(121.38021329896316,31.24111173578851,3)
(121.35109408680718,31.29926045139131,6)
(121.38022489026467,31.295910522279748,27)
(121.39241575777517,31.29059904216129,26)
(121.46149249323072,31.250611887306857,18)
(121.41569921012945,31.237974443155913,5)
(121.39849643904677,31.2474827985615,28)
(121.4428967438298,31.250382954326167,36)
(121.3989524737783,31.2342790141681,11)
(121.41303249409263,31.26326246899464,2)
(121.42783480253092,31.2299597705609,7)
(121.42645559925855,31.265052303752928,33)
(121.43600518558199,31.247447380310028,3)
(121.38540443371484,31.276729134702784,4)
(121.37904284356097,31.22844762896932,1)
(121.36497012954108,31.27803652041792,24)
(121.42492422570903,31.245748454889792,36)
(121.43535876403962,31.251877366433018,29)
(121.411589701268,31.249304725206887,24)
(121.38139834055127,31.280966071575808,26)
(121.40992859522134,31.25820303947386,12)
(121.39210217650867,31.23792042262384,45)
(121.45596149066952,31.27111177205576,36)
(121.39767356470152,31.26452536938555,9)
(121.4080721439227,31.24777848325106,32)
(121.4024260637189,31.240255677676277,2)
(121.41783568933687,31.25650375053325,22)
(121.36710933226743,31.30923930933364,51)
(121.42160358600735,31.246351403331648,10)
(121.41773614817605,31.249632782893325,32)
(121.40993349642099,31.259521937899056,20)
(121.42261465623523,31.240730555613773,8)
(121.36583075686849,31.276407472050458,20)
(121.42203404081374,31.248468795776596,4)
(121.42591944398421,31.236638216005996,1)
(121.37532183030787,31.28670758821835,16)
(121.44020302411654,31.277303603244402,8)
(121.39570268390213,31.30001678062239,34)
(121.37929314672967,31.26276319939067,11)
(121.37874093606476,31.245539053349397,7)
(121.436446230417,31.253577711671607,8)
(121.38390922476488,31.270357288847034,36)
(121.37936942687202,31.293360790532567,36)
(121.38518781114408,31.237668970026956,31)
(121.3937477448673,31.24206672488262,5)
(121.38035952941391,31.286193124200746,12)
(121.38863653373234,31.27758363492542,19)
(121.39488649994783,31.271946782156387,30)
(121.45159136844546,31.24923582530959,2)
(121.41341115639945,31.2614622598347,32)
(121.40729564881303,31.24581241806446,31)
(121.45169234258844,31.275025043772064,2)
(121.36412470241042,31.310755249192685,21)
(121.41538384550547,31.252815489740712,1)
(121.45457711998168,31.270813547342136,11)
(121.43230037595055,31.231338793203992,5)
(121.44525799887023,31.260414478325895,4)
(121.42407862083192,31.24110103477247,22)
(121.41842600132127,31.271689290276395,32)
(121.36478209361124,31.31273672079974,28)
(121.42149616097075,31.26783055171489,34)
(121.43672470959996,31.253862049352033,28)
(121.45541993856743,31.246526287642165,1)
(121.41689100842446,31.26550906822999,15)
(121.38742489910355,31.23625122062064,21)
(121.39056103706167,31.231528548849187,24)
(121.35967114014846,31.296225896796287,13)
(121.4493977255432,31.24278141123022,32)
(121.37660380387204,31.265597353670763,34)
(121.40621911869468,31.247002147343526,23)
(121.38239554517696,31.281321219322916,36)
(121.3808009355211,31.233202378068626,27)
(121.41795389863591,31.236780916207284,2)
(121.39955803233688,31.260995077181963,10)
(121.44326220869439,31.240754076221496,4)
(121.39238752310523,31.23074923220109,26)
(121.4132532786548,31.24312283100577,30)
(121.40903537548027,31.244942779735762,24)
(121.38456926493937,31.23886095370064,1)
(121.42122224957129,31.24348410489983,1)
(121.36946761186977,31.272774192146038,21)
(121.40563575205836,31.300348421211957,3)
(121.38778553289137,31.25116918706672,9)
(121.45590924482491,31.2755697912918,4)
(121.4158303114144,31.25131835590727,24)
(121.45039623692513,31.254873418343724,35)
(121.38068472319341,31.28381149805744,19)
(121.39490491455753,31.296696870088574,36)
(121.42165079878282,31.260760885625007,2)
(121.45211066994035,31.254648999646808,5)
(121.43383543298297,31.27957205247083,10)
(121.42145436960743,31.232281329755132,1)
(121.38370551167365,31.232160863261104,10)
(121.41651603240642,31.25205440049888,19)
(121.40598956262092,31.240707320116595,15)
(121.45185247383947,31.28079712441361,8)
(121.43557124714299,31.270411293728554,9)
(121.40230603941066,31.25764997533933,36)
(121.40817108437273,31.251533518829763,69)
(121.4321956583672,31.2771641136538,3)
(121.42232126411106,31.260279526210482,30)
(121.44159720497292,31.26544855043729,12)
(121.40230946146104,31.233643651465087,8)
(121.40854587810465,31.24518530229735,5)
(121.4343898953763,31.259725996163766,33)
(121.38753458216844,31.24480817369557,23)
(121.42737993680903,31.248637632871365,36)
(121.45688027305367,31.24647020178084,9)
(121.39459328785468,31.257257349993704,23)
(121.41359030081074,31.26133129757952,32)
(121.41090575764451,31.230908126404675,3)
(121.38494727890418,31.29188290014184,15)
(121.35080999262178,31.281951013357038,24)
(121.367379240052,31.25109490788994,37)
(121.3989271437946,31.287948116455812,36)
(121.42737411223678,31.25057549521898,17)
(121.42483389423751,31.240946374843578,12)
(121.37129478802063,31.31361264655416,24)
(121.37785630213018,31.26320178290959,24)
(121.39128409608891,31.23146218273945,7)
(121.42516836323605,31.260960415301998,35)
(121.34692371502204,31.29891570747664,15)
(121.43742052469244,31.240407554663577,2)
(121.34672092673576,31.30157645684661,17)
(121.40016362588746,31.300826856275634,36)
(121.44137388191152,31.276830653967703,16)
(121.3999462388549,31.250313539017267,32)
(121.40860699499335,31.246593926015013,15)
(121.42775428914402,31.26890006782642,17)
(121.38944749199163,31.248065812029544,36)
(121.37047467412647,31.234308206079977,31)
(121.382757754764,31.290434271190158,36)
(121.41252754265899,31.250511049430695,36)
(121.3694489260774,31.230616625441563,30)
(121.3921373063569,31.23186537211867,11)
(121.42760035662558,31.272784092384015,14)
(121.40691311309071,31.246880107352613,32)
(121.45084122200333,31.24690140660938,24)
(121.39224220772236,31.22832002288966,18)
(121.38566359097337,31.23584786170288,5)
(121.39178086605816,31.22826270610702,36)
(121.46173753285157,31.2703098325754,32)
(121.44299473618534,31.240946589477748,17)
(121.4564474775003,31.27043204664087,54)
(121.4137476048271,31.244497047321396,33)
(121.40294608953047,31.2507874735194,27)
(121.42570193393966,31.239764131484907,22)
(121.44934648753531,31.261742843700784,15)
(121.43929707610552,31.282732156407732,10)
(121.39700232488428,31.276898846335097,36)
(121.36647014541826,31.279370597107977,34)
(121.4251344527362,31.239552048773916,31)
(121.39768845403833,31.26318134229126,36)
(121.40807323838128,31.291308087701033,1)
(121.39477387428767,31.271690661063875,3)
(121.45938470359063,31.257021424629663,11)
(121.45477253749729,31.246585646663043,16)
(121.36317157471187,31.302089060997645,25)
(121.41363637832512,31.28725129620074,36)
(121.40131363896697,31.261491791154203,32)
(121.46165263884565,31.257328464869136,26)
(121.41775173309647,31.253471384590576,5)
(121.42156968069318,31.28512842071926,34)
(121.40652350266669,31.239876963824756,36)
(121.40133900805988,31.261230273377112,4)
(121.38620745734869,31.290638503569458,23)
(121.35535963897131,31.296311733464556,26)
(121.39742624577868,31.23923968931943,14)
(121.37404368508169,31.265585270433764,10)
(121.4239337651183,31.241227201853324,36)
(121.45797554187126,31.257001297956478,96)
(121.4152320584268,31.2795886421515,2)
(121.39171005919081,31.254059270719363,32)
(121.38495734387136,31.281027512392352,36)
(121.38790495898513,31.257302514584886,36)
(121.38214808469273,31.24484233389079,1)
(121.38939639453163,31.256137590714207,36)
(121.36944069581028,31.287853955105785,37)
(121.36907624320902,31.252887113516692,36)
(121.38650656577317,31.24197429718309,13)
(121.37552442716161,31.2441957118915,1)
(121.40994649963464,31.258207443188965,36)
(121.37631094261332,31.23734257047324,13)
(121.41937375208536,31.23395388975349,31)
(121.40536890062845,31.26215922966704,1)
(121.43156670418317,31.24332855217726,10)
(121.382324279773,31.244730458850686,27)
(121.4276658903784,31.24205159569028,4)
(121.44491981585988,31.244775093079458,44)
(121.4308210252661,31.23209172296998,318)
(121.40247360136047,31.25777144106392,7)
(121.39990371516488,31.29032939471795,36)
(121.37741429383983,31.238072831571177,1)
(121.36498231541371,31.277057471696995,23)
(121.3892973008465,31.256032472288947,13)
(121.36421548579489,31.29484552072925,2)
(121.40624449067839,31.292349908063972,1)
(121.39089150149674,31.290880188638123,27)
(121.4236223698932,31.256382149156178,37)
(121.44765799516941,31.271502053948385,37)
(121.33258286836941,31.295125502004772,35)
(121.3881478103775,31.2964654011799,21)
(121.41261835958609,31.23097525246904,31)
(121.44121515313601,31.265154977364542,36)
(121.40191395281343,31.22887737760678,18)
(121.3638709316085,31.237911785926453,7)
(121.39252138970105,31.274051332885666,15)
(121.40064903070511,31.2567535661614,36)
(121.42257463509988,31.273133218411704,1)
(121.45301444806864,31.275536205432363,1)
(121.44391005916906,31.25341566182708,14)
(121.45283700874687,31.25575561436203,36)
(121.4551461691485,31.252910676402365,4)
(121.44928811371526,31.242008356525965,20)
(121.41191040421802,31.258334614275732,34)
(121.3539595409874,31.28189552657341,6)
(121.4126428940452,31.254946969174895,7)
(121.38968274253531,31.251564447904688,27)
(121.42975896154947,31.280635011738205,2)
(121.42318828546126,31.26245609590751,20)
(121.36167279541293,31.283052821245448,15)
(121.40403628331987,31.23946658781484,25)
(121.42948370745634,31.24634462655088,1)
(121.40513213769279,31.293713770903906,2)
(121.45828080596134,31.247940849833032,7)
(121.38441291892157,31.294252359025034,16)
(121.4374935877865,31.276913275644564,13)
(121.39292929429263,31.223765326011925,1)
(121.34741045375051,31.284065868580424,33)
(121.4016051698981,31.287119174043855,36)
(121.43002974862495,31.236168456991365,21)
(121.38298964548525,31.236140903259155,33)
(121.42611347655784,31.23934059161779,26)
(121.43407586863216,31.242686868784524,34)
(121.43146491684254,31.270599029358515,3)
(121.40536540005688,31.2328229771624,55)
(121.3848444129244,31.28737701316209,2)
(121.43035059993639,31.23905943526643,7)
(121.45383161800687,31.254480406449694,8)
(121.44036483081565,31.25466324124041,2)
(121.36822577974974,31.240797536218416,14)
(121.42221061529365,31.245249244105146,16)
(121.4099090904089,31.25899733385574,36)
(121.39582881912696,31.240049727933897,1)
(121.45029908840334,31.25855669375496,36)
(121.37885793780909,31.26682145401874,32)
(121.43856478421903,31.265097820792608,16)
(121.38522999245666,31.287170880330684,36)
(121.37623182121095,31.294764913117227,9)
(121.43070979395782,31.25797144023442,22)
(121.41229468772778,31.243348919594965,1)
(121.44059598202942,31.254582184650396,1)
(121.42658852908248,31.268559977012227,37)
(121.42518896605338,31.23952386007965,26)
(121.3640785963724,31.30952974669456,11)
(121.42697429311501,31.236188408629914,10)
(121.42695950739734,31.23846345444557,13)
(121.37756759288337,31.274484648320694,37)
(121.37239849171003,31.229215963989375,65)
(121.42510274501174,31.239786641792,36)
(121.4468744233824,31.241773343179876,13)
(121.36483472665414,31.25021075391458,21)
(121.42929776225223,31.242145396639522,10)
(121.39781705758757,31.246491099205645,4)
(121.45641049890291,31.26994338051197,36)
(121.39942650159361,31.24399156459689,37)
(121.3737413808632,31.296644590427462,27)
(121.39276317813662,31.24672468715854,7)
(121.41708673143005,31.240636066946934,13)
(121.3961824656322,31.23743132789209,29)
(121.40154096074146,31.241538061509868,3)
(121.39415653377264,31.297575820185997,33)
(121.40653068200336,31.2832371164701,27)
(121.41147424983816,31.243794295442534,4)
(121.4290692395267,31.262816213237233,37)
(121.38874763195018,31.253828099554173,36)
(121.41903853992656,31.228971784210536,9)
(121.3773593500748,31.271460718987367,6)
(121.37464446352381,31.287095480699044,37)
(121.38356287780148,31.258469704652757,36)
(121.38936636939373,31.282510426222625,14)
(121.37798318264028,31.252863031928086,1)
(121.41233999099498,31.259467139765512,22)
(121.44553494498741,31.243109305467712,36)
(121.42542899286293,31.260227399741723,10)
(121.41567450837594,31.287476348177425,2)
(121.42533033788922,31.263057699378074,36)
(121.42331736046944,31.253157964202043,14)
(121.3951158585404,31.260235909963065,11)
(121.41796559483392,31.25630360028588,14)
(121.38657670214477,31.23183050503804,1)
(121.44379960618001,31.272618671289994,20)
(121.3887770079027,31.26244315878547,14)
(121.40019349621137,31.28669101590987,1)
(121.38452655295744,31.277174532893365,36)
(121.40751778152175,31.26618650881929,1)
(121.44325584268087,31.259383317442655,19)
(121.38745887012882,31.281500834396955,25)
(121.44139151193137,31.2729550100855,6)
(121.41584536004164,31.253051085982165,24)
(121.45585199366855,31.271298687109176,1)
(121.37212355624743,31.234855188809657,6)
(121.39017760530454,31.274045794572245,3)
(121.39368532690331,31.274680046984578,27)
(121.39046124317255,31.29020260891727,36)
(121.44918594766168,31.251471665707424,31)
(121.39284694296242,31.236407165493542,1)
(121.38121780626278,31.26582354975721,36)
(121.34406654103722,31.28385269967773,36)
(121.3762443379837,31.254487129455917,36)
(121.42703574216375,31.280832391929803,3)
(121.3642134149686,31.309748661672195,37)
(121.4150812489778,31.23516939823495,36)
(121.44194616155166,31.257679638440102,27)
(121.45868656713043,31.2662518836536,51)
(121.41768914857664,31.237859533319067,3)
(121.42522970480441,31.243199067656445,2)
(121.44452575872411,31.24086807313004,23)
(121.3772421346987,31.247797355693937,36)
(121.38412406550259,31.28710558998511,20)
(121.43750116416597,31.249253398085088,36)
(121.44278938670362,31.264658502824954,48)
(121.39979194319332,31.23196212146592,9)
(121.37134669666209,31.313166954677797,36)
(121.40640152981011,31.265711794648702,37)
(121.38483171030941,31.287394410932205,8)
(121.37781235891687,31.241510203102003,16)
(121.40782717784448,31.299405319979698,36)
(121.38945744988119,31.25617765272403,11)
(121.41268123789938,31.259024733547278,66)
(121.37231776227813,31.26834918007338,13)
(121.42376691333727,31.25264640680689,12)
(121.40893323448776,31.2268059106204,11)
(121.40028940927957,31.239469798235415,7)
(121.43900026684082,31.279092084029685,32)
(121.38141921807969,31.290760065691956,22)
(121.37730747595862,31.273719606098798,22)
(121.40913520002381,31.24502750028439,31)
(121.40567226798679,31.26042500276191,3)
(121.38370890066996,31.27986088549247,37)
(121.4554063090247,31.273425941190542,37)
(121.39578300552988,31.269284960442043,37)
(121.41830598301244,31.228724051058393,5)
(121.4326447973268,31.253055157676712,37)
(121.3595690219176,31.27736813594405,15)
(121.41059168001158,31.26826498844034,45)
(121.4463547811638,31.249141680385275,37)
(121.39174150809333,31.25894441786829,26)
(121.45441662818239,31.27216144130863,26)
(121.40748959626963,31.245664058386954,21)
(121.40439354094912,31.230421507386467,18)
(121.36634801961993,31.309103515960043,23)
(121.42303976289239,31.264507598518783,10)
(121.41376246527086,31.283497620213577,1)
(121.42568448759495,31.244981852109042,21)
(121.36506346054828,31.277068598549786,23)
(121.4090283737587,31.244981878207987,36)
(121.38076179881986,31.2835954905,25)
(121.45234051136632,31.245614553314603,28)
(121.44454176895722,31.252840373647462,25)
(121.41897000454479,31.233788033159634,2)
(121.36418571113796,31.309718558555826,4)
(121.36103351028736,31.250971042362938,5)
(121.45100531525325,31.245060415601053,2)
(121.39999911105593,31.261147836244927,18)
(121.41125082155168,31.252291126400927,36)
(121.39560809017165,31.23563902492866,70)
(121.36829331168674,31.309348758387216,22)
(121.40609409701318,31.304064888366984,23)
(121.40140662223239,31.291079425849304,3)
(121.42661021411017,31.254495624627214,7)
(121.41958847150141,31.243871256348516,9)
(121.38408506279512,31.257550245478694,3)
(121.45788481061331,31.24771060438589,18)
(121.40887948658332,31.229627218985243,6)
(121.43260099263739,31.277529654582374,3)
(121.36803289052455,31.23709378144803,27)
(121.45503183921967,31.252903596202092,2)
(121.41172033636852,31.268428982024368,20)
(121.40634671708312,31.24572272274449,26)
(121.42289097474362,31.267394419014103,20)
(121.42420715431334,31.237118135068005,14)
(121.38990313011962,31.28265516037531,31)
(121.45157118805334,31.252896047270372,96)
(121.41142547784932,31.29208377660653,3)
(121.36656537115577,31.235409102076144,18)
(121.42701470306432,31.234508706973998,1)
(121.44541742625556,31.246039902163396,3)
(121.4380940790453,31.282395713408395,9)
(121.4270503936132,31.2382842918591,11)
(121.38201311148988,31.269963111948968,13)
(121.41425081821781,31.249160966272502,10)
(121.39902544886426,31.256613001594353,10)
(121.43734329534034,31.236335814879848,36)
(121.38633260160789,31.233431032752442,33)
(121.3870261667627,31.293763581381754,16)
(121.3763286817907,31.26859830260793,27)
(121.41889865177855,31.24067919920037,17)
(121.42397872517586,31.241242174469566,36)
(121.37520827591496,31.23003588332897,35)
(121.42536787006516,31.25812353926256,11)
(121.38582780115154,31.23002103635505,36)
(121.39286433928355,31.29781134275859,36)
(121.40985617736237,31.259782921305572,36)
(121.46282984536846,31.266563053433497,32)
(121.43292639070056,31.252864749420077,36)
(121.45125131580703,31.274537689110335,6)
(121.45799978115913,31.250791720176895,9)
(121.38832334456556,31.282462237381345,36)
(121.4284271876661,31.265052796369922,5)
(121.42638155574828,31.229940523323414,2)
(121.44903069186684,31.26967959342683,1)
(121.3965947840287,31.238621053862463,8)
(121.38931233164273,31.25623857313607,4)
(121.39917219719429,31.231881198570733,13)
(121.38237082017133,31.245836180154473,6)
(121.4080707446721,31.231730237561898,36)
(121.40650845662589,31.242626262001664,36)
(121.4548507867417,31.263954515614888,36)
(121.42289159299406,31.27448140346703,8)
(121.42541692202462,31.242397701771853,36)
(121.44868939614202,31.25178523727422,28)
(121.37223525482655,31.28700179487889,18)
(121.45663030264026,31.24648651851943,36)
(121.45975083684071,31.26973420798487,1)
(121.44047208482182,31.276294466979756,3)
(121.42134842078116,31.235101235205157,16)
(121.42744690741132,31.2376786576954,36)
(121.43113583896236,31.253310950126558,6)
(121.44741222635845,31.25667814303175,1)
(121.42400971020747,31.24139722068945,36)
(121.3817979829601,31.24839756484236,8)
(121.40545029693088,31.298656431772105,28)
(121.36097300265773,31.250970436058015,36)
(121.44119218105801,31.264996944656,20)
(121.39965441258838,31.230536532314126,36)
(121.41230631588782,31.25861064492428,17)
(121.43343964813904,31.25611480163423,12)
(121.38839203293664,31.29649060012451,4)
(121.40481307988023,31.22460686095576,19)
(121.46210958725243,31.259636419270382,1)
(121.42622735642892,31.239315482485065,6)
(121.38346280648268,31.258925807372908,25)
(121.45885995015479,31.25548190755078,33)
(121.38040717838615,31.25963644958021,1)
(121.43682623295128,31.2375610643409,36)
(121.43205924523407,31.26051006677812,3)
(121.42500855777162,31.250494492719497,4)
(121.43638706325096,31.273531341496593,20)
(121.45853273689234,31.253997084315248,36)
(121.41441650540621,31.248713695024605,17)
(121.37936752745786,31.28867980039763,22)
(121.40181282321134,31.229627230425304,14)
(121.37372220840298,31.248937583421693,1)
(121.41794819173771,31.251565533365078,36)
(121.40991859292286,31.2357950806233,1)
(121.39063451156002,31.268749883534607,10)
(121.36695484595678,31.289524486424718,17)
(121.43154799974532,31.243329148426252,24)
(121.44160126848331,31.240123392411466,8)
(121.39809641228179,31.249137382316917,15)
(121.37199074142228,31.28545384560859,36)
(121.38315166919507,31.28405263136733,24)
(121.35712717243293,31.307786182800708,36)
(121.4354327305632,31.23405016623628,19)
(121.39726108565486,31.261250337660073,31)
(121.38983387209899,31.280354167098547,16)
(121.39957428748163,31.28711826762599,7)
(121.4218833545423,31.250664867816813,4)
(121.39077713568886,31.240172483425184,13)
(121.45280972798695,31.25199098621901,12)
(121.37827005615642,31.277046091149032,33)
(121.39852287177129,31.298169041636456,36)
(121.43866292068938,31.257087229604355,36)
(121.45934260226859,31.2691972039792,5)
(121.4059060829343,31.246712004949156,36)
(121.39880853938793,31.247166770412395,16)
(121.46011555533302,31.254628757924113,35)
(121.38991814507743,31.282684182925795,36)
(121.44776973776744,31.248294823800915,7)
(121.45103648455962,31.259329632012847,34)
(121.41506925723272,31.2695835244837,17)
(121.39922849414873,31.244760842931633,13)
(121.44162240816884,31.25479347515966,34)
(121.40932252395145,31.230692669135124,36)
(121.39133890317987,31.268696618165873,36)
(121.42054672367111,31.227420818056313,33)
(121.43703322622372,31.264233550327045,9)
(121.36522337255671,31.238149946432838,6)
(121.4098269346177,31.247738317324707,36)
(121.43524838551166,31.2341365482475,36)
(121.35545879562682,31.28424706634099,2)
(121.44919079877505,31.259024108806326,40)
(121.37950842891887,31.28584006887563,36)
(121.41252123587321,31.259617177347266,36)
(121.4196874267291,31.24413631917693,36)
(121.39635173603475,31.274049060928444,36)
(121.45253125479277,31.270237238214456,37)
(121.35037438753614,31.285602724900908,34)
(121.37995028131952,31.266221388703375,72)
(121.43771425582939,31.246244585735276,36)
(121.42728759905518,31.232132273212326,29)
(121.43155513702423,31.251558723151287,36)
(121.45394305706431,31.25238789909179,23)
(121.41890111810646,31.253961824300475,16)
(121.4165020366407,31.2634773670699,3)
(121.45782422111692,31.250641032496492,1)
(121.41011824198786,31.255490684240776,36)
(121.42700442482989,31.238072237019743,1)
(121.43554223462952,31.23763814951967,8)
(121.39844232343361,31.260887397185613,21)
(121.42705037732,31.238097207110894,9)
(121.38890588590627,31.232169508447143,36)
(121.45756749613057,31.269240624212323,28)
(121.38354047395669,31.255892787192835,1)
(121.40811815123418,31.2479005352807,36)
(121.41961844932926,31.24385223097121,34)
(121.40370624932456,31.228156373386167,7)
(121.38371408604901,31.265552865689866,23)
(121.43280229443172,31.23154472048808,9)
(121.39678896176001,31.27395052603361,11)
(121.45587631138318,31.252366923691486,16)
(121.40543562282262,31.276110634584896,3)
(121.43864974515799,31.244218336684195,37)
(121.44242258238103,31.252884426159007,8)
(121.43340474319132,31.275957756663924,37)
(121.38257275012394,31.292814041197328,36)
(121.34937985919788,31.280797979123665,36)
(121.36141411267195,31.292309146943985,21)
(121.41219234194604,31.25852863572341,66)
(121.41296164499633,31.261751365234467,30)
(121.37214433013153,31.28948767741248,36)
(121.44648324322515,31.24484236929108,3)
(121.38936639808311,31.256471714312237,36)
(121.39754009890083,31.259892866900817,2)
(121.43565378758744,31.267824146150524,7)
(121.4385437249042,31.262681582019507,17)
(121.38936636931213,31.256141570485912,3)
(121.43487918831578,31.282856126157228,33)
(121.39987515382698,31.24962121133778,36)
(121.39491363843446,31.22462882607724,18)
(121.41651781303251,31.272463171651438,1)
(121.43828179317353,31.282698577002584,36)
(121.39852285429288,31.297968963034037,59)
(121.4164008772897,31.238132232594552,31)
(121.41450412711686,31.247909414914492,23)
(121.40019293382454,31.287118390900694,36)
(121.40907845647507,31.229553167789454,36)
(121.39890731009801,31.232605232950945,1)
(121.401769598448,31.236700927966687,4)
(121.40247374668294,31.259437163006588,36)
(121.45684484713118,31.268307620910285,1)
(121.38856152324503,31.240689697159286,23)
(121.4386942753534,31.26176420935982,5)
(121.44286127989913,31.26345218666388,37)
(121.42862713779238,31.232743295790645,21)
(121.4136331113877,31.259470410184345,19)
(121.39837190674284,31.267163324332536,20)
(121.40901507048461,31.245277874877967,29)
(121.43638528121289,31.25306056470993,7)
(121.3723866895911,31.266288395366935,31)
(121.42591683591914,31.264070644393556,9)
(121.37306139538802,31.26376380236429,29)
(121.42244829541175,31.26025265269932,1)
(121.36931872937194,31.23081153361035,36)
(121.38889045907243,31.273369577712174,5)
(121.40587588734297,31.255949072276376,20)
(121.42907231905225,31.263769619087512,32)
(121.44998578329515,31.258469242929372,5)
(121.38485340122283,31.25996554330218,12)
(121.37236976194706,31.255900898433573,27)
(121.44196520209542,31.240397396721953,26)
(121.42484608479451,31.264815041274797,36)
(121.38314242519684,31.258660386305234,14)
(121.42436665838096,31.267529378249375,3)
(121.43603555131727,31.253883615621984,27)
(121.40497597924805,31.257687765498325,23)
(121.39546903606966,31.244993548715026,28)
(121.37894491286622,31.253730900110302,1)
(121.45975743410995,31.253766177565254,22)
(121.3974074778187,31.30547010099911,36)
(121.40478264589107,31.2311368778611,31)
(121.43736075183746,31.253379406425346,17)
(121.45426169845831,31.256167470707616,37)
(121.42409360985447,31.241134038170095,4)
(121.3641757092315,31.311630453055763,14)
(121.38812476467223,31.29618127109989,36)
(121.43771879966306,31.260626072772673,32)
(121.37373538187643,31.227654965954148,36)
(121.38833899088357,31.29655458450383,37)
(121.3722821520436,31.313198284253463,21)
(121.4196152949295,31.252509276488894,36)
(121.42890018934082,31.250085832350987,1)
(121.39780596626893,31.302817582966018,18)
(121.38931235125922,31.25646367118966,14)
(121.39255893501534,31.268531033443605,36)
(121.40869429151961,31.254089091248233,27)
(121.44825668016475,31.248135881074646,37)
(121.41335798870685,31.235821245974254,14)
(121.36497142018175,31.31330394168932,1)
(121.40531670012072,31.231233968770947,3)
(121.37326171757688,31.228186607370976,33)
(121.37216064013037,31.277879645321317,35)
(121.44093158113155,31.241218902406338,3)
(121.4173605662618,31.229022645047838,36)
(121.38851630438542,31.22943195506966,16)
(121.38925153483868,31.259169801212813,9)
(121.44425287157992,31.24385022614821,1)
(121.39076968007925,31.251349548058062,36)
(121.40257133568599,31.243014947208884,6)
(121.37238396384498,31.234919559974937,23)
(121.42360797183701,31.263131077772623,7)
(121.41471203262168,31.288142314712296,2)
(121.43671440725947,31.25396974715712,19)
(121.34112226882708,31.286436039661755,5)
(121.40996573009078,31.24565937473173,36)
(121.38280099583454,31.28115154716103,36)
(121.38789776684622,31.229681590163473,2)
(121.42123523771915,31.24346308722361,37)
(121.34918168390621,31.283667796619945,36)
(121.4035072287567,31.244873343824665,10)
(121.37256374998104,31.286879175156884,37)
(121.4106111252694,31.228644558286348,5)
(121.36836339636304,31.314398176727057,2)
(121.44544995426732,31.26336398453906,21)
(121.42713094375303,31.280968080156207,5)
(121.36535706648566,31.278059449872448,1)
(121.45673422814,31.26928809174625,3)
(121.41205807078038,31.289339545193375,36)
(121.42819809995427,31.262371634688613,36)
(121.45793868564552,31.247872560060443,11)
(121.44296790292282,31.263297606419897,7)
(121.40093955538946,31.26176081134279,4)
(121.40912659815973,31.22707533252729,28)
(121.38955774544687,31.258597777208493,32)
(121.41018451527874,31.232171244649784,33)
(121.43282588975069,31.234041430736934,13)
(121.41090477174504,31.27115728852888,11)
(121.38224018495947,31.244762389758147,7)
(121.43211414270586,31.283103501049737,3)
(121.43407742033867,31.262684846627888,363)
(121.37608306274315,31.25392268986428,26)
(121.40142893688794,31.27600596290684,36)
(121.42282470849023,31.247351586805,3)
(121.3928124276462,31.29772783314015,22)
(121.43394880346483,31.26276884268849,2)
(121.38651448341068,31.230014618317497,37)
(121.37251282657262,31.231051958419595,36)
(121.39148400854909,31.289844150520672,37)
(121.3863763338238,31.270282016341604,36)
(121.41017415587729,31.237477230582297,1)
(121.4422820819175,31.259346039531394,42)
(121.45293303409278,31.280472682970483,88)
(121.43248129123143,31.279068427905788,22)
(121.38369550449926,31.22948886556355,6)
(121.44298183642204,31.264786078092353,4)
(121.44795345665064,31.261070083707846,3)
(121.45879949039562,31.25988295219542,6)
(121.44764040700774,31.257532378761052,72)
(121.38382200809625,31.256686174048383,22)
(121.44235556926168,31.25938100171822,20)
(121.41782030343558,31.251977776790973,11)
(121.37748364019943,31.272860449972164,8)
(121.36814336789867,31.24918216152214,7)
(121.42519876844501,31.23949076216442,29)
(121.38563244354819,31.262675400391966,13)
(121.3869083227444,31.245617317236796,5)
(121.385259738087,31.281938155345774,30)
(121.40787336712947,31.23872043140256,5)
(121.44007256754101,31.262643071397687,4)
(121.44578996803008,31.2494627906874,27)
(121.44618398025528,31.241632422647232,35)
(121.38374355979575,31.229516923692373,29)
(121.4231710515607,31.23667670847887,5)
(121.36235577063914,31.286070606987337,21)
(121.41093334552035,31.24342723085589,37)
(121.42578584178881,31.23968202396296,72)
(121.45303454698876,31.2587043404071,7)
(121.44129101812811,31.26518787634973,14)
(121.39478887466954,31.299487405627435,313)
(121.40539214493337,31.305017215970505,36)
(121.38682892794566,31.27622318374388,6)
(121.45261073065899,31.246622001986253,7)
(121.37128238598164,31.313615344848543,37)
(121.41091891511141,31.261380122784946,20)
(121.3774113304012,31.293421764243295,15)
(121.4461223673996,31.24152091201985,30)
(121.39758942296487,31.2633473736747,17)
(121.37117890865989,31.26748730296253,33)
(121.36132932346862,31.285039085096958,9)
(121.39853911536487,31.24012161884763,2)
(121.41049832401086,31.24213172039793,2)
(121.3539597180414,31.283939361970514,20)
(121.43958260393413,31.23706901542965,15)
(121.35582129559306,31.28553096891855,2)
(121.39201858293009,31.291877306706457,36)
(121.41205261988674,31.261817275114982,15)
(121.44372958770825,31.257656687072007,73)
(121.4212960678941,31.242055416740158,14)
(121.37439071475204,31.289425534408124,11)
(121.39784741250801,31.250406846745285,36)
(121.41842362025557,31.237147687418087,140)
(121.41231210520324,31.238768404937534,8)
(121.35503753138909,31.27948739552896,33)
(121.36475291770034,31.277183177380742,36)
(121.37683362115736,31.271347058842032,1)
(121.38382000076973,31.23362588139324,37)
(121.41450264781383,31.236490867414616,1)
(121.43138166113269,31.249299103950587,66)
(121.41740144653347,31.260468597668726,18)
(121.42245541910951,31.24533111277843,12)
(121.41386524922085,31.28674602348233,7)
(121.43964857170067,31.256351803427172,31)
(121.42812748437719,31.264510850349186,36)
(121.4144516339509,31.270891288497424,15)
(121.43262964156601,31.251029283814454,1)
(121.43641626641441,31.253449694841226,14)
(121.37441602986267,31.235048217161125,36)
(121.38009699208075,31.283774862269023,3)
(121.42303476253656,31.274422578017255,5)
(121.38270088188878,31.28115545115298,36)
(121.38474841275932,31.24987604046721,18)
(121.4561194115244,31.246598441514223,32)
(121.45610954180381,31.25021948970843,3)
(121.37318532137031,31.243206662910612,36)
(121.42674582283361,31.239454092588335,13)
(121.45261266742838,31.260248870085395,15)
(121.3480504000439,31.28349460690732,36)
(121.44780811803119,31.253968482478808,36)
(121.41295471296115,31.254017482787344,7)
(121.44179342063131,31.257413758481736,37)
(121.41003012043329,31.23105091274696,37)
(121.43599791134018,31.264821163481603,20)
(121.4460808595544,31.244791298768877,7)
(121.43978317665288,31.25912951267777,18)
(121.38469898817155,31.257834150169703,5)
(121.38626328932558,31.230627688465567,2)
(121.39765165211762,31.27711120385122,36)
(121.39763855805492,31.248499394762426,1)
(121.418225812123,31.272046208417496,36)
(121.36497222030086,31.3132830418309,27)
(121.43543561577907,31.270485567091438,3)
(121.37042505660484,31.27240571953815,10)
(121.36876806354053,31.314304714683555,20)
(121.38921124517091,31.23326023505425,2)
(121.4165040600164,31.286657030054435,3)
(121.39920218635774,31.287207911710684,17)
(121.39439555840384,31.227307798091406,11)
(121.40856421074979,31.28338863901723,4)
(121.4563657473346,31.271506133403452,1)
(121.40747177712129,31.26611447906396,30)
(121.3933553553164,31.301482899851983,3)
(121.43898157018486,31.236304529734056,3)
(121.41303037940067,31.239017785967167,4)
(121.42866291254506,31.265565923288868,20)
(121.38750604131931,31.294432089502347,27)
(121.37241463414811,31.242104851544855,13)
(121.38850205203092,31.238172938420746,34)
(121.37206353280948,31.235657475219227,1)
(121.42141370346894,31.284752639549485,1)
(121.41127821103659,31.265718917553635,19)
(121.4165615659038,31.246979136436682,24)
(121.439123758599,31.27813986260422,36)
(121.40022995795952,31.268925670939193,2)
(121.40320546141481,31.254495146648086,37)
(121.39486860702212,31.267221201676847,1)
(121.46220896697106,31.267166420069547,1)
(121.42596087343304,31.242091961784475,2)
(121.39813892805557,31.266310855430188,3)
(121.38457796669789,31.23892436771218,7)
(121.43740687529149,31.26712628132585,14)
(121.43110755033821,31.272507220298035,36)
(121.43209657927225,31.25345095338461,3)
(121.4075194899209,31.239918983361484,1)
(121.40245524786664,31.23082038649427,12)
(121.40154159999064,31.248869333933925,8)
(121.4524971412931,31.24827495979982,1)
(121.36374149517852,31.24713172424122,11)
(121.39051928491678,31.25572220611668,37)
(121.43105438570059,31.265681707117714,9)
(121.4119633757748,31.258175533763573,37)
(121.40038148163059,31.244823814073186,2)
(121.36731259689941,31.23343888492028,10)
(121.4362719305214,31.258470073173807,36)
(121.46147768466827,31.252354688827108,4)
(121.41220595768777,31.24600713787312,32)
(121.36734318285903,31.249861968173096,36)
(121.3937775657525,31.23187756617605,6)
(121.43482369195452,31.25328565610638,33)
(121.43638530741717,31.253361696815023,31)
(121.45744674894107,31.25418622564697,24)
(121.38872612936521,31.271240560488845,36)
(121.41660994939856,31.243601664249162,36)
(121.38840803061848,31.296299537039992,18)
(121.38392204066099,31.26729582922604,4)
(121.38813751309895,31.228467713874732,29)
(121.45211038592194,31.263688438591615,1)
(121.41871417079678,31.236583818088306,3)
(121.4411454978377,31.25618321135916,2)
(121.43783303516688,31.254007038325074,4)
(121.37484538287136,31.25494163033578,19)
(121.37704870039904,31.280363060716596,23)
(121.3766058602875,31.28922014354039,37)
(121.41868826616421,31.2347116035521,3)
(121.4284010069072,31.262634785782037,4)
(121.36662982018646,31.238008969598805,4)
(121.4026167783525,31.247982171711236,22)
(121.38330159756342,31.247091461452232,10)
(121.42921565526214,31.246657002075377,36)
(121.4064021303147,31.254351717299173,37)
(121.42175435723742,31.249508442400735,36)
(121.44857443522997,31.271608453542793,5)
(121.40712598912005,31.24549849207725,18)
(121.45811538521578,31.272712906084198,36)
(121.38484801878231,31.25775767601243,1)
(121.42161829080851,31.26138417764261,5)
(121.43191194614525,31.231867472212894,4)
(121.42964508488474,31.280452052216344,13)
(121.36417352641494,31.24801459249725,24)
(121.37055228343131,31.24711909018206,20)
(121.41672319967999,31.26334728089461,7)
(121.43682596152797,31.234439643997536,10)
(121.44650435718616,31.283114800834735,2)
(121.35412019157909,31.285613320589043,36)
(121.4375829017209,31.234013651282854,1)
(121.36959213100657,31.247586093401225,2)
(121.43002773609955,31.233641560120482,6)
(121.40203197379164,31.257639620046337,35)
(121.38928231781662,31.25637461034101,16)
(121.43189644045412,31.23730196999422,18)
(121.41248013817182,31.234242755625026,10)
(121.39684063958755,31.25849096607449,17)
(121.43409900562332,31.274709796416584,12)
(121.36033167542615,31.241590874868812,24)
(121.45495900435714,31.256581446069298,36)
(121.4384659623776,31.26523701870035,21)
(121.37245008789763,31.292777394559753,4)
(121.43649455683389,31.253866904776373,36)
(121.41950857696062,31.27213048927352,3)
(121.41967499220986,31.27343201747782,21)
(121.38732805019102,31.26201854337876,36)
(121.42746682164102,31.251131006639337,21)
(121.44221963926161,31.2575357802009,21)
(121.44580562013631,31.245831150853956,19)
(121.37238847315588,31.286793911682267,32)
(121.4366296878149,31.253801031076264,37)
(121.43809369903751,31.27803191709395,36)
(121.39050304720213,31.264623038179526,36)
(121.41262619387399,31.246862408556463,36)
(121.40402440777756,31.286756861009763,9)
(121.41028948419692,31.260642409761854,478)
(121.39940064952732,31.2492415100813,36)
(121.40511921790912,31.26035534213345,21)
(121.45625106999121,31.271901540687296,4)
(121.45003169046669,31.25858220612773,32)
(121.39284724303373,31.236373565615878,9)
(121.4462900030996,31.244836835433293,37)
(121.43269547587488,31.273515120466108,77)
(121.40847183700858,31.246973158998586,21)
(121.43913515639498,31.254640009556823,36)
(121.34316378661052,31.286140746434285,36)
(121.38562857494065,31.287771048373965,36)
(121.41621305128339,31.252868263378634,16)
(121.44551877255361,31.252375535688092,5)
(121.40057893498641,31.244436112655688,36)
(121.45703878066863,31.254977901735753,5)
(121.43952804588805,31.26185357031737,9)
(121.4048602763691,31.2586848233581,2)
(121.41206424559498,31.245544954050263,33)
(121.39925010968514,31.228775588982206,1)
(121.40512740066008,31.239437691560582,1)
(121.38939639174173,31.256105576761612,36)
(121.44544995900361,31.28283894711092,1)
(121.43799799677035,31.238441022849333,35)
(121.36539231126943,31.277544102411404,16)
(121.45608441279741,31.27124169041004,2)
(121.36412010171797,31.310962848192315,24)
(121.3781189899987,31.299361280093525,36)
(121.3993585435571,31.24476388758198,8)
(121.42872924786643,31.25831060214797,26)
(121.45354004407544,31.25260080236466,14)
(121.45123769034782,31.24398348986736,34)
(121.38309986551292,31.24734989924602,36)
(121.43781357074457,31.24830955358594,8)
(121.42081414313391,31.28453292812014,3)
(121.44616167640363,31.2448455128812,21)
(121.44698434603603,31.241722562404682,35)
(121.37740270695134,31.228838959367906,36)
(121.42160578771781,31.26133027514054,11)
(121.40883212550239,31.246573334436764,36)
(121.41658254222484,31.2342895760136,10)
(121.4318976688973,31.251413280155795,10)
(121.43724543015503,31.24754598677469,15)
(121.43128206819391,31.269585801118136,13)
(121.4544149293612,31.252564020922048,36)
(121.4395456523552,31.282792823384238,36)
(121.38630675702993,31.29294751017206,25)
(121.46006295884321,31.269186139697037,2)
(121.42409609959479,31.250224314021082,36)
(121.40903757619044,31.23323140251758,1)
(121.40229012480083,31.264240192173823,29)
(121.43682944841231,31.274511167500858,31)
(121.38230050633159,31.24516986979096,21)
(121.37381831354037,31.31372070151311,20)
(121.37665779408891,31.264624001907464,36)
(121.41472045084289,31.242064502205825,4)
(121.41018556973012,31.244265722770205,36)
(121.45390163669178,31.273680381267837,4)
(121.39107856681936,31.276863583843536,8)
(121.36217463754822,31.247329375417223,10)
(121.39117586839821,31.259547506659278,2)
(121.4093522846537,31.22799442181646,24)
(121.38674025082065,31.27078279119831,36)
(121.3928284388222,31.2363667620849,19)
(121.43404524516919,31.23502143739982,9)
(121.45675821558218,31.253763683156986,2)
(121.42612846456322,31.23938059686294,12)
(121.41233557812757,31.2387908574877,4)
(121.3392349409116,31.296934670228577,19)
(121.41178760984033,31.248850483314666,26)
(121.38286411842833,31.246453361423836,15)
(121.43866269928732,31.254542119531433,36)
(121.43476269385603,31.252265283618726,28)
(121.41685465077288,31.239412417625974,7)
(121.43881850414822,31.23922780954903,3)
(121.42097861480877,31.279903929905338,11)
(121.45749306154637,31.268531105696393,4)
(121.39608674296362,31.267213386774372,16)
(121.45258233750836,31.26434179459307,35)
(121.42789579585781,31.23067104098259,2)
(121.44227927094566,31.242182451274633,5)
(121.42829410381944,31.25087176740674,1)
(121.35649290178166,31.307692079244443,36)
(121.38081049007879,31.233353778129093,6)
(121.43946913121302,31.254538572945172,17)
(121.43810939592348,31.28631929094097,36)
(121.45762230529273,31.2635169662703,20)
(121.38338675125094,31.259263881359363,7)
(121.42318828615922,31.262464099345923,26)
(121.36496821974961,31.313226641489454,28)
(121.43676241822584,31.253807856747557,36)
(121.4531143755542,31.256240244000526,36)
(121.34461646988,31.280067968871204,36)
(121.43329751379932,31.25006608481497,35)
(121.42383572274925,31.262638695978122,26)
(121.39450300830276,31.258123978634977,2)
(121.38510970055123,31.225826466965238,36)
(121.40411299049738,31.247458178004273,8)
(121.41784987748527,31.247295692176916,2)
(121.35583456310864,31.307474880297175,3)
(121.41528932181959,31.248537332479632,32)
(121.42240460416333,31.236404520000942,31)
(121.41721769031182,31.25245726976174,20)
(121.4139605472806,31.24475709899736,36)
(121.3843084906537,31.233162122745867,35)
(121.45246136015511,31.256865184069234,1)
(121.43853306112844,31.244710953609726,33)
(121.42898674697398,31.24458130272449,5)
(121.37238346641765,31.22919093278516,3)
(121.43659727779692,31.233901701012616,17)
(121.39246054992414,31.276383267437485,23)
(121.43615588631695,31.233341979198677,2)
(121.3869408484032,31.286898611809026,35)
(121.40623408591277,31.246621978759915,26)
(121.38729379355647,31.22495792114672,5)
(121.44854826653385,31.247438421240265,1)
(121.42197435160232,31.240011052233623,20)
(121.38099354952254,31.243899056811948,3)
(121.36503540160804,31.27696351271777,6)
(121.3978636111425,31.24159145258027,93)
(121.37676914596283,31.232356839025663,24)
(121.4580823864993,31.2676180258096,2)
(121.38267084716992,31.28115142014576,24)
(121.41911466953158,31.228584516676325,20)
(121.44580639335318,31.254735082071047,25)
(121.38118804606499,31.26899286465865,9)
(121.42557836169813,31.244950030294085,12)
(121.4401788170215,31.281080987325208,4)
(121.40913132052877,31.23266975413438,1)
(121.38392204161974,31.267306833900236,6)
(121.36879783089574,31.299546102382156,24)
(121.36419791283218,31.30970465998984,1)
(121.4046199981326,31.231965595273714,2)
(121.45281013451944,31.25668003811376,55)
(121.4280122755087,31.26061628597978,18)
(121.3895232079668,31.25109321973511,7)
(121.37201872351403,31.248685287515176,3)
(121.41044458217137,31.24496999999717,8)
(121.41831827239893,31.230827245915407,36)
(121.42476561156084,31.259878786665418,17)
(121.39951211045232,31.262083530919817,36)
(121.40563359154747,31.289355864953908,2)
(121.37352336304512,31.254146623131273,36)
(121.44000877109906,31.24208102932924,31)
(121.43447458688628,31.23704554136738,18)
(121.38216308130512,31.24460224156907,35)
(121.42744704419941,31.239249368816576,36)
(121.38521779632279,31.249790356242933,5)
(121.39931261898239,31.24582734694639,15)
(121.37424064739744,31.233611341961463,25)
(121.43341334605293,31.23725620897727,36)
(121.45226967199969,31.259754434108043,24)
(121.44065914360995,31.265025758118426,36)
(121.3666017569017,31.30924764665334,8)
(121.4121633560467,31.25859467095667,15)
(121.45075900817214,31.255069578025022,2)
(121.44624149301565,31.24484962689502,21)
(121.46206413118747,31.264468602504433,36)
(121.3839530761872,31.26731486626453,36)
(121.38808729898952,31.250236561646517,31)
(121.45295495044421,31.25850354422618,26)
(121.38427562267583,31.258724906573597,1)
(121.37317987417222,31.25447232580909,1)
(121.40673880713405,31.266284553679192,7)
(121.39794410840484,31.244826631057673,29)
(121.45520651092238,31.24704395901254,2)
(121.40433069880378,31.301076587882335,36)
(121.39151364178467,31.269114049817983,12)
(121.3862800310964,31.29325718134561,50)
(121.4336977078257,31.251203361959533,36)
(121.3885942638122,31.29706898289671,8)
(121.40451061680778,31.254075143538447,33)
(121.44372800064366,31.260164895496835,16)
(121.38961114024164,31.262614548514694,31)
(121.40336809546025,31.240920623234494,51)
(121.36526265460058,31.2752341355163,21)
(121.36813362861277,31.310001190136276,36)
