(121.35306871738591,31.29530612158357,36)
(121.41043088411878,31.259861546128306,36)
(121.37753692680704,31.275328542414872,20)
(121.44284952145345,31.258284487892844,18)
(121.44468587436154,31.24584303831511,4)
(121.43591722132669,31.23864352078399,37)
(121.33981545414804,31.287745104562074,36)
(121.44281977521881,31.282348942828783,29)
(121.41111635369603,31.243996453445853,36)
(121.41858080741808,31.228670886334875,36)
(121.37045908604456,31.248171946196695,21)
(121.43598185849399,31.240877260830562,19)
(121.43206652701794,31.272118797661882,36)
(121.43733091762971,31.26619898942519,36)
(121.35956902178701,31.277816834953153,16)
(121.45170467454233,31.24466589643643,3)
(121.42679395952302,31.260972149985726,29)
(121.42253621647356,31.253201384523933,9)
(121.37704985717588,31.293645433645626,32)
(121.42306424561963,31.24393091182949,23)
(121.42323481165877,31.273213621974104,5)
(121.37502386542135,31.227217493000172,36)
(121.43693346028448,31.253613082596434,37)
(121.44305070621853,31.264796973255365,14)
(121.41347087120194,31.26139467246251,15)
(121.44726032614604,31.245819334740453,2)
(121.45684794783531,31.26783251146134,37)
(121.45179380730009,31.248492059615536,5)
(121.41736377077613,31.265773968246624,15)
(121.38679423534707,31.270004507908236,7)
(121.39597634853914,31.237355197301582,31)
(121.38932939787396,31.268313774256768,36)
(121.38393202639838,31.28723665691186,32)
(121.4572722185075,31.25466339901011,28)
(121.40201431513096,31.24422937650114,33)
(121.37641362294734,31.2780633649129,36)
(121.37057804565865,31.23397071640286,28)
(121.37353709107421,31.22771974373007,23)
(121.41566981599905,31.23901837595538,37)
(121.42452098074926,31.24997365050681,20)
(121.39055231144913,31.290149650355712,36)
(121.42339307016044,31.250598782631087,14)
(121.36648885583126,31.250627361114798,60)
(121.45751271955274,31.247158158996903,16)
(121.38740287503298,31.243896073499773,25)
(121.3919735567735,31.30341681605545,36)
(121.41015345271097,31.231388889908896,3)
(121.33395828319632,31.294645310397414,32)
(121.43139816702018,31.262545382203527,37)
(121.46318351575181,31.258504442818055,9)
(121.44425047726295,31.259303746278736,3)
(121.458227919836,31.24767184511272,16)
(121.40989908793946,31.25953413071903,2)
(121.40133667412465,31.261821938934382,1)
(121.45412662448443,31.252513583566014,36)
(121.36032592462053,31.2418397886467,1)
(121.39327603191312,31.263984523434015,36)
(121.41288892675803,31.246582879484667,15)
(121.42359041591772,31.245118204077492,21)
(121.42591471365263,31.23971793137838,25)
(121.39148401204166,31.28988416658928,27)
(121.38936277152517,31.26247386731497,10)
(121.41051166036142,31.241909023435014,7)
(121.42948890215537,31.24179455309492,19)
(121.42237966311536,31.24740308774391,11)
(121.44641782965147,31.244834457850157,36)
(121.41148257891737,31.2701809395259,1)
(121.4155540254631,31.235072179455837,45)
(121.40818795965693,31.257227629315516,36)
(121.4294272108876,31.233007627548396,5)
(121.3879902384047,31.23412970320154,15)
(121.41782036904539,31.252730107457236,26)
(121.39163706787188,31.278750552783404,39)
(121.37397244929687,31.274336010420274,37)
(121.43035161202602,31.250682627226183,24)
(121.4454020455011,31.25279891895663,14)
(121.41020046235859,31.237733635568336,1)
(121.45652387804485,31.254571532194657,13)
(121.41453704672927,31.287467101152963,15)
(121.37225524753319,31.313197980489434,6)
(121.38941240597163,31.256112591518267,1)
(121.44624808991973,31.261651327198525,26)
(121.39883825598585,31.23230006890837,1)
(121.41616310382136,31.26895205239906,15)
(121.39998854933603,31.299546071967203,15)
(121.4629881901231,31.257821722929076,22)
(121.39050542886532,31.268981893183717,2)
(121.40446102424264,31.304621977538694,26)
(121.37857837354802,31.29901629801798,20)
(121.45972759743228,31.254735668309397,33)
(121.46007750824107,31.252915091690724,7)
(121.42609870517452,31.277313270415537,1)
(121.4592701964575,31.247693575863817,23)
(121.42965637267267,31.26212096293818,19)
(121.376590133835,31.281116832275114,18)
(121.35056540348668,31.281109232148953,6)
(121.41203121432319,31.226558038062947,12)
(121.37573962759234,31.254496528075936,14)
(121.36798877292628,31.31447166993141,22)
(121.44483382028352,31.246474906402355,13)
(121.37642610071546,31.23731369415357,36)
(121.33403670800537,31.29148762002209,36)
(121.42277469766624,31.264795542853935,1)
(121.42307431044036,31.261601810728536,16)
(121.35061858888666,31.281954673684066,3)
(121.40846030080765,31.227002036159476,6)
(121.45242405746671,31.27984361753144,3)
(121.37515376243303,31.246828441160773,27)
(121.39889716290968,31.2997567976618,37)
(121.38647536009417,31.236764102065806,10)
(121.44981042196328,31.25782841521373,41)
(121.41455266103964,31.269372814115677,31)
(121.45345386844393,31.248206034111075,8)
(121.40983749422436,31.23748789163778,10)
(121.45526166521721,31.273409233153316,36)
(121.4216277920383,31.247103406955308,35)
(121.41095068698343,31.270302920645836,4)
(121.43732981940234,31.253579535986788,2)
(121.4252847290843,31.267022430182013,28)
(121.39234823239221,31.229567885023812,15)
(121.4261136658393,31.241513571413506,36)
(121.39024397037586,31.254657550414777,13)
(121.41781947030886,31.23319356832369,4)
(121.39978442983683,31.230202419509812,8)
(121.4297624006225,31.28052894853439,11)
(121.38656466960444,31.293287400748103,27)
(121.40832222514426,31.28330261884689,1)
(121.43868775827593,31.267138500965416,15)
(121.40999261110498,31.24253988317525,16)
(121.40515202456174,31.294038280260168,36)
(121.41980654342153,31.269979182565045,4)
(121.4359435283619,31.24410121589871,37)
(121.41568928230788,31.29601510285218,36)
(121.37886973093205,31.299286498240246,36)
(121.367858548675,31.31442246486863,8)
(121.44604825276643,31.244826292967254,7)
(121.37604808454738,31.289261496804443,27)
(121.41929791272787,31.235213506365834,29)
(121.38956674088364,31.23590288902468,10)
(121.4228906054772,31.263160611980457,25)
(121.44160150154569,31.242805599198956,2)
(121.44442802243903,31.253170706360923,2)
(121.43143017381958,31.25713739892413,88)
(121.38786637296008,31.25115555114122,33)
(121.42231636290353,31.260284925179892,24)
(121.4310516466208,31.249853518377915,16)
(121.38579110841413,31.289702772608774,32)
(121.41783626497818,31.26310260281398,36)
(121.4388529263087,31.249364572731526,4)
(121.3580060277334,31.31317220370776,36)
(121.36957233062324,31.23255948966072,36)
(121.45883250892878,31.247745171179456,10)
(121.45802243932222,31.24752722575027,16)
(121.44120841627608,31.25024830684781,31)
(121.39707144294975,31.277864276010813,35)
(121.39977025059429,31.23968073678517,29)
(121.39321273076929,31.25056513111659,1)
(121.42580086630919,31.240138217268967,22)
(121.38535941990526,31.28316051136141,5)
(121.38289620768529,31.23635524484246,15)
(121.43115347873301,31.27237011315904,14)
(121.38561843990509,31.26279744056452,1)
(121.39603476721464,31.232939381634374,13)
(121.41842166376816,31.237350941882305,3)
(121.37339191582785,31.228211785790936,1)
(121.40952245916078,31.253208767127063,36)
(121.42400966017316,31.240822962125144,36)
(121.41747746504933,31.253246927571176,36)
(121.41535857196051,31.240302624743347,1)
(121.34339458420698,31.301062105571813,39)
(121.44129843939456,31.265598994766464,36)
(121.44325455049129,31.244512775975064,8)
(121.42664660808414,31.235780513772664,10)
(121.3740755713799,31.25620896380517,16)
(121.45931036919004,31.254348794947308,3)
(121.39370213447553,31.242850414667835,15)
(121.34689901330873,31.29897380598546,5)
(121.39382945662894,31.29940122234995,36)
(121.37412886580059,31.27258829236689,40)
(121.4162277540188,31.270089293470782,2)
(121.41524964678061,31.228627745413856,4)
(121.45290883496465,31.25591851111856,37)
(121.45096122048524,31.265817563115423,1)
(121.43030527819701,31.24618668215301,6)
(121.41372973487478,31.23609237525852,1)
(121.43851095024613,31.25449030995255,36)
(121.40980736544444,31.245642038704457,24)
(121.41464623549211,31.232866497702304,33)
(121.37848438554609,31.277584555097036,22)
(121.39432267325572,31.25733810395609,19)
(121.40881881510946,31.233317918614738,6)
(121.36264838251256,31.24581144278718,36)
(121.3893003951961,31.29151630792412,18)
(121.45850952125089,31.25151393266449,11)
(121.4333917279113,31.252759158907253,37)
(121.40504231035014,31.227009997889812,15)
(121.39843536358214,31.24691052177641,7)
(121.37035995584357,31.23360749211509,16)
(121.45507462427402,31.25251327139278,36)
(121.39638609760965,31.300788191121313,18)
(121.38077651185478,31.280091069671624,36)
(121.37598088536842,31.253536398203938,36)
(121.39980384600004,31.231999323762704,4)
(121.42508583575845,31.25454521029216,36)
(121.3904497090274,31.257506976556176,24)
(121.43652901579706,31.24113607339985,1)
(121.41849689284685,31.229047103170988,23)
(121.42948933785432,31.246797790776245,12)
(121.37352667696388,31.25497888726264,23)
(121.4492024599619,31.269273322258947,31)
(121.38026590235303,31.27481417434689,9)
(121.36255249266243,31.2837704991897,4)
(121.41226967358774,31.259443825119302,36)
(121.37485640740456,31.25801377404946,36)
(121.44119058018548,31.24658491427681,9)
(121.41061260068284,31.245568241057743,10)
(121.45144926080002,31.279132217070632,10)
(121.39374266569351,31.235853667155794,76)
(121.45746914654553,31.273824763590586,13)
(121.38840486071159,31.259951502034934,33)
(121.43397747660678,31.271122279372555,34)
(121.39664184123605,31.250480375063248,5)
(121.38530682772702,31.293887018424737,28)
(121.36493371494922,31.312933138107198,21)
(121.40790520736218,31.248377756110703,1)
(121.410985284169,31.23138875979592,2)
(121.40291543988138,31.254873261843407,19)
(121.38442877353279,31.29238863213141,16)
(121.40580050390275,31.28333096610875,4)
(121.40672632702686,31.295140414466655,27)
(121.41490548340431,31.25989944381799,23)
(121.40923134494743,31.244544752188073,28)
(121.43032431150648,31.265790059779157,25)
(121.39327322761386,31.23180824728624,44)
(121.45735412248213,31.270157468684477,27)
(121.4038513326081,31.228860719278902,1)
(121.41100142724517,31.244538716458074,36)
(121.41331641530488,31.240546398184613,14)
(121.41098508344106,31.2290856996354,19)
(121.40918871319592,31.244053113264485,4)
(121.39155717752375,31.23263526230462,4)
(121.42916978916887,31.24756345071866,4)
(121.40751780285629,31.258734838662463,25)
(121.41804352604605,31.23719160776079,28)
(121.4137099304719,31.26125372276928,36)
(121.40593561427337,31.24132359511118,16)
(121.42614464967961,31.25316072101774,27)
(121.40817013678942,31.224840048844104,17)
(121.37238346511471,31.229175925863434,17)
(121.43852058770061,31.239034418589647,20)
(121.41036864131883,31.245479238624917,1)
(121.4266162636898,31.24293077220073,21)
(121.44686563108809,31.271101280992443,2)
(121.43517345507605,31.270679515431567,36)
(121.42869825657691,31.25799449510954,32)
(121.39255797042689,31.299400181609318,23)
(121.45160723815461,31.260064854815322,22)
(121.4344254793373,31.260061988882878,34)
(121.39150104313256,31.290093261581916,36)
(121.41591299913794,31.2796430786473,1)
(121.4480096627374,31.268062490691563,36)
(121.43763631715252,31.27648090186461,14)
(121.43204449215925,31.279169328091903,1)
(121.41094992089567,31.261525179902865,25)
(121.427784303438,31.269449272211638,12)
(121.42740819376094,31.229001722883908,44)
(121.39616984177222,31.264776370168757,36)
(121.41533052602314,31.296894585313357,12)
(121.3725610605661,31.25595417159594,7)
(121.40147346387705,31.224120203717188,1)
(121.39849876087251,31.2269326059965,1)
(121.42638747224467,31.24255880511828,28)
(121.43556980374817,31.244548847341203,36)
(121.39804573483741,31.253093106019822,2)
(121.4428386182505,31.28211255945555,2)
(121.41701821473849,31.234281214345827,36)
(121.42629016373516,31.260783912604815,37)
(121.37401214028799,31.2431843876972,11)
(121.46100640567198,31.257448985872546,11)
(121.39530599934638,31.23950492808984,7)
(121.40658089072646,31.290151423225,2)
(121.38803058651806,31.252575446733236,5)
(121.36435913475964,31.31140827468989,36)
(121.42067592659697,31.25109292707929,8)
(121.4411022929281,31.25031908698863,19)
(121.43486528084159,31.255174384555183,37)
(121.42625831639263,31.239225415084682,4)
(121.41641950245989,31.251421109422104,36)
(121.43326250906956,31.27161713687503,2)
(121.40144955156279,31.248596190864205,1)
(121.40478274029114,31.24369157367371,15)
(121.40897296012133,31.24608186459238,29)
(121.42623073237243,31.278045260387728,3)
(121.42146797239852,31.253959588739292,21)
(121.40624061119028,31.2834060564168,2)
(121.42266534938928,31.266177186368733,1)
(121.37588935012919,31.306385034997934,11)
(121.38556646792522,31.252901010480098,18)
(121.36780154009378,31.26935239661273,3)
(121.39659749620559,31.240034177092337,3)
(121.41130628530483,31.243727297837978,36)
(121.39066282997199,31.237697286415443,3)
(121.44447581069126,31.266752697877116,2)
(121.43546901788342,31.23863423340711,9)
(121.36709653040991,31.309026908223643,67)
(121.45771277867128,31.27679147729477,36)
(121.42756199758738,31.251640792558817,22)
(121.3808178175581,31.232678050698034,5)
(121.43321179390357,31.2515390650521,7)
(121.42877223694558,31.250556674141436,36)
(121.41869493898261,31.231007903877565,30)
(121.43666199524505,31.25393963707084,36)
(121.38400407644707,31.243687605452106,23)
(121.41547716972354,31.283490648709257,36)
(121.37567397636451,31.24662555003539,1)
(121.37356108225764,31.257583086738844,28)
(121.40750209901046,31.258762735363735,36)
(121.39842381679901,31.2980149447108,28)
(121.44500043143101,31.27092939518824,23)
(121.44050596273347,31.257626562116076,4)
(121.43045172633956,31.264903698487757,1)
(121.40903787609616,31.24491348031099,37)
(121.44311301382362,31.28116773601002,2)
(121.43831167521671,31.2765072112492,4)
(121.4099310958287,31.259513037417225,12)
(121.40722617705417,31.247681463002348,33)
(121.42562397245602,31.241443946239816,36)
(121.37342228827963,31.231980559365535,22)
(121.44697879810721,31.25276219265122,6)
(121.44907140460525,31.2423338103072,24)
(121.364001402849,31.252184355742013,15)
(121.38955864162592,31.26887818036957,32)
(121.40924078070178,31.256442209690988,12)
(121.37626826176401,31.246175909080375,11)
(121.45927106250404,31.25418168967254,17)
(121.38308637081937,31.235758157016285,3)
(121.39285644258855,31.256407127472176,80)
(121.45507736007315,31.253157926626578,21)
(121.42835413758664,31.261961767303752,11)
(121.38506616223921,31.26609159645228,36)
(121.40108504553223,31.291273060834143,41)
(121.39645775777234,31.302073122751356,19)
(121.39498866330909,31.293250547884476,6)
(121.4297473707063,31.246439879798398,37)
(121.384328417156,31.23077604107169,36)
(121.46127892148509,31.266461478426773,23)
(121.40983307167153,31.259421017213832,12)
(121.41424973105521,31.236692373808587,10)
(121.4187777043013,31.251852239579595,36)
(121.38375858491068,31.22961598345622,29)
(121.39550262528441,31.232054552016404,11)
(121.41903377109625,31.23129682600847,22)
(121.44442757721427,31.248045445056736,5)
(121.40613058616927,31.231668136329887,35)
(121.36995437939325,31.237879640697358,18)
(121.36311466516622,31.308909239187233,36)
(121.3893663618143,31.25605553298639,37)
(121.36755437706982,31.237693171121727,6)
(121.40245919332922,31.276053210026305,1)
(121.36797374992132,31.314498658542718,8)
(121.38423334160011,31.243880904355173,5)
(121.38186535650918,31.2402760017558,34)
(121.44323305541795,31.242573993199496,11)
(121.38305995087862,31.283405117289455,36)
(121.42924755485706,31.268870617480268,3)
(121.4108875014478,31.24509898647161,14)
(121.44167717438181,31.240643510667667,7)
(121.40975825323581,31.25937350175176,16)
(121.39374146208868,31.26539739250814,16)
(121.4258847429531,31.239702949981996,37)
(121.38060101530587,31.288349250001033,11)
(121.39796123493714,31.2363085743222,36)
(121.41688323941602,31.263541314053892,35)
(121.40415425353177,31.284789079090793,5)
(121.42677672304922,31.25015484667251,31)
(121.3484104492594,31.28213856294031,2)
(121.41013958189801,31.244309748816324,1)
(121.44577572693836,31.25784949166691,11)
(121.41270218033209,31.23130106937499,5)
(121.41069108339093,31.223773463817114,13)
(121.39087853491232,31.26680922584733,6)
(121.45935757581476,31.250219809226067,12)
(121.42287324352341,31.235915575794856,36)
(121.42302040207827,31.262115070273378,15)
(121.38256870510055,31.246379435045792,2)
(121.45825641672592,31.26818805002061,36)
(121.44787145033378,31.281957016342403,35)
(121.42419250460655,31.240978892402676,11)
(121.41896403438501,31.265576314942173,3)
(121.36936039722306,31.23259336177235,36)
(121.39305937452869,31.235155653193576,31)
(121.39588065313562,31.275867911695663,14)
(121.42455021114715,31.22999861202461,36)
(121.4092245220057,31.243822221140213,8)
(121.41223718378569,31.24540385187167,33)
(121.38556853710543,31.230010806304463,34)
(121.44066892106613,31.258702122118134,13)
(121.44729091680999,31.27207195910061,37)
(121.42793377462493,31.230919119494256,7)
(121.38567988524258,31.28992405271215,29)
(121.36490091031582,31.312925834276147,1)
(121.39230734279137,31.242800382434098,1)
(121.39459776344125,31.22824133707315,21)
(121.41057767655322,31.26855698493893,1)
(121.43923879983471,31.26694665327468,29)
(121.46016501648903,31.267784190167152,2)
(121.45519204293775,31.252759515462795,36)
(121.43984456102962,31.26476985002399,4)
(121.37755619284175,31.264829767036975,36)
(121.4013710175429,31.23392893337322,14)
(121.42693651341133,31.23824837757987,36)
(121.34126758679152,31.286358281531317,36)
(121.40649811493107,31.30416994215709,36)
(121.39102633929214,31.231311035238157,8)
(121.40939356359043,31.243842056195263,14)
(121.39300675392742,31.239925785551947,5)
(121.42044412070905,31.241261102201115,19)
(121.3661188920977,31.249078173370588,2)
(121.42269972337408,31.25118153739011,5)
(121.42617440499002,31.239242495030354,15)
(121.42400967760659,31.24102305225246,36)
(121.43955612584351,31.27696340588428,7)
(121.44498412969722,31.24582510263004,35)
(121.39718371994267,31.257481674841266,14)
(121.45467417775005,31.251187886753325,3)
(121.36759099996456,31.24527270887886,6)
(121.424146548953,31.24099793630284,36)
(121.44108298947005,31.254022676515405,2)
(121.42394334018029,31.25938221069925,11)
(121.38546554188059,31.28319062974991,8)
(121.44981840026202,31.261268765375746,1)
(121.39379424199704,31.251003178862586,1)
(121.40454267738023,31.277181390342957,12)
(121.45334296961084,31.257831481449852,13)
(121.44223674911831,31.284934530896344,31)
(121.40587495851518,31.245300374356876,11)
(121.44382405303433,31.25142292556389,36)
(121.44624259243729,31.24157893303883,18)
(121.45636571317351,31.271111967563858,13)
(121.40817166827928,31.242409081146423,3)
(121.36696501999432,31.274020669596982,36)
(121.45524575545195,31.252421097859447,5)
(121.39552844944916,31.24717095586693,23)
(121.3948063373135,31.302212977784936,20)
(121.39121027595266,31.295300146010156,20)
(121.38414907128637,31.283190702633455,12)
(121.37588888023704,31.30099194907355,36)
(121.41698955409949,31.260916054709167,24)
(121.40056290122011,31.232630764880014,23)
(121.44447272606033,31.250779580487674,11)
(121.44036623198043,31.258727933884778,37)
(121.44302921666787,31.26547371348279,25)
(121.42412020599178,31.255283709392486,23)
(121.36678588420855,31.308950369963096,53)
(121.40309814606125,31.25110463987473,19)
(121.36355794075664,31.25257831289201,36)
(121.44806049418432,31.263423439950174,12)
(121.37696356206266,31.268611056596175,37)
(121.3839021292483,31.23738645517556,26)
(121.43200928366241,31.283099617003955,18)
(121.42519576771379,31.239511861505925,11)
(121.43917586552342,31.254611517323827,23)
(121.44117370716789,31.243395513010714,4)
(121.42416253777797,31.24103994294467,14)
(121.44105192377619,31.236161431899063,10)
(121.3642147151476,31.309756261804452,61)
(121.40097499238851,31.232239697169906,22)
(121.38426079338761,31.28710561338415,26)
(121.44780804035165,31.25271270585831,3)
(121.37476151802419,31.257901815502404,17)
(121.39315809636648,31.27710698497912,28)
(121.45950262557749,31.257946247798476,39)
(121.40909479009959,31.244072893736426,16)
(121.40862245341877,31.28394276114797,16)
(121.403730003622,31.246069617752806,25)
(121.41025449456161,31.243549392424697,37)
(121.36416460795945,31.310657953994674,36)
(121.40459107445776,31.305028148430363,16)
(121.43929861652194,31.26204485806984,36)
(121.42595205285652,31.245204906805192,36)
(121.40289429339106,31.2761643386586,35)
(121.37406117031695,31.25005147454955,164)
(121.39896286906432,31.233884684324742,23)
(121.35942134719612,31.2868506435986,2)
(121.43623792172558,31.26477226574292,36)
(121.43399197363132,31.242495884358945,2)
(121.39285104139888,31.25624492678166,1)
(121.44398533868264,31.24682462722627,13)
(121.39714647605885,31.266360477799196,36)
(121.36469849912096,31.249423550174498,31)
(121.46159292852542,31.27031816629017,1)
(121.40828813111374,31.27074140900354,29)
(121.38621760315532,31.254827720382636,6)
(121.41591423382927,31.25089513630964,3)
(121.43862445417288,31.25098861245889,36)
(121.40960301512403,31.245511796487925,23)
(121.40877381443899,31.244722079097674,24)
(121.38432241284762,31.24807170545259,14)
(121.42471109558412,31.241901902581183,25)
(121.45179656995087,31.245910274187082,1)
(121.37893104691538,31.27783445443331,33)
(121.39735876768307,31.245595515059517,42)
(121.36440464163124,31.309447284408446,36)
(121.43755822428162,31.266939516725643,34)
(121.40972837201518,31.2525704633715,37)
(121.3964635101251,31.22476663702965,8)
(121.3835724583547,31.260231652702632,24)
(121.41082073459653,31.27052203516201,2)
(121.37910433367871,31.24469307741972,6)
(121.3409238273089,31.286460676125976,36)
(121.42266945027927,31.264784789930115,37)
(121.4264326050844,31.23315550269352,36)
(121.37616114244528,31.246186992898696,36)
(121.43058827518722,31.270057904804425,37)
(121.4018686350719,31.23683601170987,12)
(121.42209818098337,31.262134720475288,36)
(121.43340494852899,31.25550434543382,2)
(121.39457715948674,31.301760682225602,37)
(121.43542699118439,31.267141883781775,4)
(121.43090960445316,31.27019646061937,3)
(121.4580123680922,31.24765705276329,30)
(121.4054468706206,31.23308782827292,18)
(121.40987708251569,31.259601426010253,36)
(121.43275840277289,31.250328826805156,11)
(121.40550043099657,31.2795479122912,1)
(121.4313132467992,31.262312565599693,22)
(121.38584364049892,31.227989112624126,36)
(121.39623874834874,31.274753614692337,12)
(121.43680584886245,31.26720512071146,36)
(121.44720679943705,31.25828120210171,25)
(121.42439283080246,31.26978631367934,22)
(121.4160426030434,31.24438619457832,36)
(121.42492498111315,31.25441628356458,35)
(121.36493632719275,31.27813684934764,36)
(121.39463933992602,31.30539366429249,27)
(121.38793277388113,31.275349668586138,37)
(121.43270027148482,31.23847388758093,10)
(121.38532883162229,31.28219232054274,20)
(121.44256164869928,31.24201475453156,3)
(121.42756454698902,31.264943400275897,11)
(121.44072710958167,31.272915095645786,1)
(121.43919072944614,31.270589125690293,9)
(121.3658147362422,31.276493483953892,37)
(121.40486665842602,31.23118690895433,13)
(121.43789657678388,31.254037274651516,36)
(121.39389587910271,31.235645365653617,2)
(121.4056309169608,31.24496220968868,26)
(121.418368787565,31.27944016289096,4)
(121.38522577346956,31.259775793945643,36)
(121.44678023161528,31.263376218535157,21)
(121.39487014378948,31.242214846019447,36)
(121.40980990454881,31.224423713579412,7)
(121.40656068933232,31.283256122611128,4)
(121.37792446417566,31.252509219976375,5)
(121.40233548807292,31.24535494704038,7)
(121.42159468378948,31.246074701998747,7)
(121.42827220596763,31.263217158842195,30)
(121.38532894571489,31.283500855575983,44)
(121.39585352485771,31.239523533742986,21)
(121.4471322765192,31.24184168789415,36)
(121.40595632195426,31.246267541458035,481)
(121.43423134436041,31.278943969673332,6)
(121.38134011459803,31.244675343352537,13)
(121.45748408730545,31.273583630666952,35)
(121.38928072942534,31.238141508239025,23)
(121.42742406666639,31.2392163749336,33)
(121.4075839307049,31.245006265948962,37)
(121.42174148825714,31.23634252706272,1)
(121.39569728817582,31.247134688543785,9)
(121.43648630015475,31.278038087483502,2)
(121.44638722329796,31.244833952487987,1)
(121.3903837932294,31.267272544395162,36)
(121.42680506223155,31.261059752096475,2)
(121.39689938538052,31.23228330077626,28)
(121.39706842231311,31.243233337199314,18)
(121.38338572643791,31.247493720418834,28)
(121.38713067498304,31.282823109918272,36)
(121.41181020312689,31.244257434132372,36)
(121.40543749381487,31.298658629141322,2)
(121.40894127384003,31.231621716696534,5)
(121.4275918841367,31.239253237435417,36)
(121.4368365602836,31.2759237469362,1)
(121.41187187525655,31.273250114664236,2)
(121.38383080614456,31.285517843345346,19)
(121.42211300660816,31.260275909465808,12)
(121.3675288357753,31.301139914009774,37)
(121.41214531694625,31.2580874550714,27)
(121.34877843832571,31.30239452050345,15)
(121.38643154668755,31.23167831334218,22)
(121.40868829580434,31.227200112429088,10)
(121.45881411290229,31.2559742227673,22)
(121.40608910877336,31.246931110733623,4)
(121.42506925865666,31.24246106117036,20)
(121.3676726573236,31.237488466475774,16)
(121.44671990942433,31.259318503550556,13)
(121.36440702545198,31.25094342863218,32)
(121.40911979624852,31.24409619888018,33)
(121.4215405238573,31.24947256653805,21)
(121.4551226351196,31.259438465960525,3)
(121.45781049403726,31.264897254999713,1)
(121.41651661829219,31.2587713327368,32)
(121.35444497762026,31.280309996015404,35)
(121.3929959318471,31.28795232719723,30)
(121.40623422970604,31.248270711187196,15)
(121.42799682605843,31.255263976764002,7)
(121.40715572567116,31.231014932343175,20)
(121.43342935012596,31.249037473107244,36)
(121.45644948065978,31.27086368663582,6)
(121.43856625914792,31.28204091021148,2)
(121.40942254656781,31.242581061207222,37)
(121.41540911044673,31.235276327056237,30)
(121.44190801348726,31.266648554331304,6)
(121.40935525399223,31.259319718119457,37)
(121.40179461750712,31.25034358666391,37)
(121.44885784210803,31.24199204719313,35)
(121.39957188890689,31.26160561943833,33)
(121.40251566079439,31.223931209429338,4)
(121.37614218167853,31.231296609739154,8)
(121.41153191226672,31.23353225199669,4)
(121.38991119226826,31.25134499013522,36)
(121.40074847390333,31.26148464135271,3)
(121.45750228471714,31.2647529462946,4)
(121.40836517613022,31.28278340417193,5)
(121.43408439528154,31.23323437142243,5)
(121.37750483602173,31.26327841299949,7)
(121.4032031642969,31.228148291298925,32)
(121.3631281668921,31.309233939952826,12)
(121.41445311448457,31.248664402784755,23)
(121.3854584746007,31.27656111244825,4)
(121.4132969905276,31.23559816145283,9)
(121.40987678244504,31.259104226926652,25)
(121.44857567527009,31.259658503297803,36)
(121.38473556542831,31.228785500920566,8)
(121.43598263999488,31.25868499629121,37)
(121.38267078282612,31.280413116693445,27)
(121.3649085179644,31.288614889861844,18)
(121.38296198004683,31.290354437531956,36)
(121.45708828500105,31.250910978673126,2)
(121.44093895803404,31.255525746894477,37)
(121.40827398823107,31.258882294756184,28)
(121.37968308181148,31.267802773286228,35)
(121.42567285840776,31.26148874114435,18)
(121.42158328099998,31.246387199032004,36)
(121.39109014223921,31.23744245873815,27)
(121.42281341609592,31.24877139225867,36)
(121.45707553510749,31.255206640937512,36)
(121.46407293456798,31.25982632697143,12)
(121.42743466590875,31.280600245329637,1)
(121.43780207509968,31.25388102557689,15)
(121.4182241240872,31.25269689465969,23)
(121.43274200313644,31.234009512867896,36)
(121.42401120318752,31.258526788608073,4)
(121.45811360957121,31.252207097508254,15)
(121.37128428629299,31.31362024509789,34)
(121.40841481690798,31.232875744397063,9)
(121.39480888356417,31.260011291650923,23)
(121.38509205053428,31.276042572761185,7)
(121.4346441294741,31.255468140572724,27)
(121.36469180328488,31.277122059532374,10)
(121.44988876049145,31.278703995662084,5)
(121.36497032002941,31.313291441588497,36)
(121.40006080363457,31.272141195421415,11)
(121.43485767912604,31.2554686825097,37)
(121.37152326219946,31.25161494408676,1)
(121.39764133724682,31.25118535903776,36)
(121.44196108476689,31.257115370057612,2)
(121.40859796799882,31.245641787701086,25)
(121.45590508053412,31.271165963402943,36)
(121.3818502169591,31.238875354040136,12)
(121.40986297904006,31.25969122290059,26)
(121.3904976911409,31.23761313510605,36)
(121.43348985939221,31.244393334687384,36)
(121.42858577958327,31.27394240085089,28)
(121.45517016107017,31.26500986871174,2)
(121.36546981132048,31.238668163303554,2)
(121.43592532775743,31.26406557492294,25)
(121.42720332826119,31.239440677178454,15)
(121.38273212244187,31.28350844478592,3)
(121.42321124000492,31.26216595455939,31)
(121.4553612270553,31.271199099403102,33)
(121.44322348414471,31.280526551472803,26)
(121.37805600891627,31.268267168868483,36)
(121.3681318636074,31.289709258893872,7)
(121.39272831350817,31.25943169718874,36)
(121.4545754066738,31.25104702627326,3)
(121.42270445903532,31.266333994197513,20)
(121.45113411840777,31.246180669475105,1)
(121.39154343727246,31.271307567721443,36)
(121.36480049712733,31.309313330736348,19)
(121.3835189395336,31.23673901624196,1)
(121.43572538065294,31.258654846235462,3)
(121.45238231451417,31.247168693618686,8)
(121.45659260445457,31.274013561596178,30)
(121.38186749372517,31.29929489969259,5)
(121.3996646088123,31.287118285593944,29)
(121.3757332661959,31.243763733637937,10)
(121.38362168126005,31.285336743164688,1)
(121.4053848838789,31.224418265896304,36)
(121.40014372880796,31.23221445328862,19)
(121.42714553538607,31.252560576806285,3)
(121.455462658925,31.265249366633586,1)
(121.41127629653793,31.2437733240988,12)
(121.43601430149462,31.24346176342208,14)
(121.36824618880439,31.279720358713575,36)
(121.33355437384658,31.300352199355757,36)
(121.4374054625052,31.24012090609283,5)
(121.40221554544637,31.280715087979956,22)
(121.42456801673393,31.262358011533056,36)
(121.429184686999,31.24659600571353,57)
(121.45395082336304,31.27390985663448,36)
(121.3401270467315,31.297481520996662,36)
(121.39980025657586,31.239627722212298,29)
(121.37124342976671,31.28383319136202,36)
(121.42699081274499,31.25381826775047,36)
(121.40859359612206,31.276383751193727,36)
(121.39537856824899,31.30102780659062,36)
(121.42309030499274,31.27315370600016,2)
(121.44529992268849,31.263295958034185,9)
(121.37513414984093,31.287097652841126,36)
(121.42434508085401,31.236544922469058,11)
(121.4528251133296,31.279429967739,2)
(121.3862536944378,31.292832419331695,4)
(121.42721256753465,31.253766245290528,1)
(121.38592453005664,31.283242269363665,11)
(121.4179949748275,31.24939955450141,36)
(121.42863360353411,31.25048834605173,14)
(121.37971159098842,31.29924303237886,36)
(121.34096191352133,31.286472752721608,6)
(121.4123616965296,31.273138717222512,1)
(121.35452004545455,31.30915727116275,3)
(121.42342863786992,31.27332193100726,4)
(121.43321503526019,31.25342265785972,34)
(121.42265444417149,31.23649214053407,36)
(121.3438148031824,31.292827645794816,29)
(121.347501352045,31.309320215765744,3)
(121.42030844335667,31.283710899233984,1)
(121.43581782532159,31.266977179770365,1)
(121.45425585380487,31.258757047069427,20)
(121.40788936315626,31.250152542050273,11)
(121.40248633823808,31.23177983335508,3)
(121.44319542792282,31.264774733023955,33)
(121.37624736034374,31.289215716522435,26)
(121.43726092973388,31.253566623257516,2)
(121.41679165194111,31.26081509820958,14)
(121.4485693548655,31.252169097996372,25)
(121.40970746202632,31.25440983188106,20)
(121.35009566023606,31.27943924428147,29)
(121.4184230705608,31.253487141086765,36)
(121.36022499883317,31.287798878774495,36)
(121.40082966308275,31.230103377155583,1)
(121.42637218031076,31.23902722695484,36)
(121.37736854832157,31.273597625748618,1)
(121.41429357509206,31.255702055790184,11)
(121.39597695239428,31.24746564199164,20)
(121.45721070680854,31.25178929520118,36)
(121.42422488139141,31.25710700832106,36)
(121.36747209588316,31.274015832721233,20)
(121.38669630688635,31.283396986176363,32)
(121.36366483964451,31.309175100377008,34)
(121.38448041739271,31.27618307917445,51)
(121.40447122043228,31.249582162210363,19)
(121.44473479857004,31.24330289452429,1)
(121.43481060288258,31.27497395540476,10)
(121.36047482832112,31.292689593343056,20)
(121.45611291747448,31.269815897420038,3)
(121.39395427879788,31.250245933703997,3)
(121.35102446608344,31.28219949677915,36)
(121.35813411821012,31.284232563348915,36)
(121.37733829486845,31.271154565866567,15)
(121.4086351285086,31.225218196660133,2)
(121.37036045570905,31.234459590449728,15)
(121.44509987604718,31.244593957310876,12)
(121.37585294301863,31.24476336279789,7)
(121.37841538072124,31.278572886610785,36)
(121.41322150913484,31.24636514944642,36)
(121.4178352817785,31.251830704857728,36)
(121.42401097824649,31.2559466668543,20)
(121.42824137175516,31.264711828223252,37)
(121.40787430796615,31.24950925830858,26)
(121.45049597813278,31.25179687251518,78)
(121.39113814396184,31.26000648390019,3)
(121.37406875799624,31.30910294811448,34)
(121.42123487090902,31.239254193132954,3)
(121.42246462135438,31.26566147665764,32)
(121.41013754682226,31.242455513481264,37)
(121.42636114451784,31.249951120916055,18)
(121.43948813546503,31.254538276536156,2)
(121.42082878032028,31.2610361680226,1)
(121.42978888071117,31.24685358743087,6)
(121.43044823858565,31.247862518803604,36)
(121.40868816031677,31.22564539136769,11)
(121.42835724873413,31.276284597210836,29)
(121.38390612573647,31.256980380733438,32)
(121.37534448233059,31.308724436363853,178)
(121.38440998462262,31.260587409112382,1)
(121.46193756191079,31.25378327956754,26)
(121.41753851400287,31.25251414658874,32)
(121.35138513796682,31.30434194271244,2)
(121.38289650026303,31.23971776838214,37)
(121.36491741264248,31.312943436171196,15)
(121.38464557722774,31.257784741078385,36)
(121.43793188256151,31.25412495413769,33)
(121.42260243389188,31.26617747328109,20)
(121.37194065274403,31.23924093815035,5)
(121.41989036351367,31.259948019673423,93)
(121.41830804883978,31.25242373251695,36)
(121.3690134734062,31.314338072551852,27)
(121.38209501431307,31.2447452376223,5)
(121.38077291940633,31.238824226974952,34)
(121.38370268636734,31.251001593779765,25)
(121.37588039915751,31.238050376239116,6)
(121.42300583121077,31.243429900634194,7)
(121.42347801398938,31.26228080883896,13)
(121.4072461767218,31.304948248055563,35)
(121.36181436933384,31.240419715738525,2)
(121.39089662147447,31.29058405862408,11)
(121.4104064275597,31.231643970740937,2)
(121.38165637651788,31.258225036259088,36)
(121.39280273538631,31.264285373500435,28)
(121.44663908024748,31.259348657115073,22)
(121.45562992369342,31.24756496549384,36)
(121.43757390496279,31.26177559816757,1)
(121.45710935595567,31.254135100179642,6)
(121.41554434267647,31.295925122693994,19)
(121.40755093238803,31.251437390791317,6)
(121.3613417740048,31.24095372721661,1)
(121.35895351202436,31.304973134647785,36)
(121.4290253806026,31.25237271890701,34)
(121.43086047237288,31.233555393035427,4)
(121.388941685251,31.230804454334553,2)
(121.43007583763467,31.237846171413995,21)
(121.44365495153012,31.26612972593441,36)
(121.38216310220021,31.24484234884922,16)
(121.36703802166888,31.30906050088565,18)
(121.33973014694229,31.298013030867967,44)
(121.39441215902332,31.24557310883498,36)
(121.34657544816667,31.299696457251965,10)
(121.37041307877135,31.248940223765896,13)
(121.40270975881396,31.23487743249393,2)
(121.41899884131952,31.236737977362353,37)
(121.38373151446875,31.245621840644336,34)
(121.4282094094043,31.264723863752245,37)
(121.41606472338934,31.260096309073194,17)
(121.44506131230737,31.27096130683008,11)
(121.42245069600614,31.260285253135848,25)
(121.41156573337689,31.238137729547063,1)
(121.40786412821782,31.304704139979847,36)
(121.39213730649891,31.230797374201508,15)
(121.43611009827673,31.24602180993817,34)
(121.45120293082766,31.245834383463368,1)
(121.4463796217193,31.244833651156128,36)
(121.35076391267899,31.28215101316301,27)
(121.3686278220026,31.31421148162565,36)
(121.38127867593238,31.286469193625095,28)
(121.39090340723072,31.267830839166436,36)
(121.44200672857566,31.253996938103548,7)
(121.45241922672412,31.246779063866008,18)
(121.45897378001007,31.256960302506396,6)
(121.38796154393896,31.26092457747902,36)
(121.39941187964386,31.248391519534447,29)
(121.40279635832306,31.235496317777752,37)
(121.45496568242642,31.276724225225156,10)
(121.38257253948609,31.29039807553061,37)
(121.38951151980088,31.256454812785062,36)
(121.44224975191037,31.284745233657212,6)
(121.4004715722312,31.22918615578115,16)
(121.45012090889796,31.269052777777027,1)
(121.43594433018079,31.25320839913707,2)
(121.40139546564089,31.236305659998415,20)
(121.40017626973963,31.261240373814452,5)
(121.40768476457716,31.266081459935766,20)
(121.3751483598402,31.254019125469004,36)
(121.37726049670347,31.263188091932033,36)
(121.42892580846683,31.244459308101245,21)
(121.4265054345989,31.277926973146666,37)
(121.3852584657631,31.26734106391295,3)
(121.44158656091248,31.24317278680026,14)
(121.44026282869378,31.247468067104805,52)
(121.3918378192836,31.227241269971717,36)
(121.41682702561297,31.230926761716425,6)
(121.3907172814723,31.253875534402397,36)
(121.38980023799884,31.23894724968481,27)
(121.40479913273889,31.24817357277167,31)
(121.44163651119732,31.254511278295322,27)
(121.40183826151677,31.244110284247807,36)
(121.36490331065613,31.31292013457059,36)
(121.44418884028991,31.28012156727453,3)
(121.42541232310691,31.26332216110559,36)
(121.45006162026453,31.258545134077327,15)
(121.40346494014037,31.238613578378814,9)
(121.36875303246427,31.314234667203145,14)
(121.40800652261761,31.258702039755615,3)
(121.36384826473248,31.309258121010153,4)
(121.41119230332754,31.243622272069032,1)
(121.34957236951482,31.293535473089452,21)
(121.36861697949034,31.24709490888522,36)
(121.39955812511367,31.262058535026835,34)
(121.36477769298479,31.31276272022629,36)
(121.39898453020392,31.246258427802136,36)
(121.43462402300683,31.244971956204186,37)
(121.45675653355704,31.25507346000039,1)
(121.42309077460527,31.278535945703148,33)
(121.4502292344684,31.258430770367884,5)
(121.45764631087825,31.267972961386025,1)
(121.41290811203191,31.258415411524766,36)
(121.3749660201176,31.287095227999664,37)
(121.4099939086161,31.236295153636263,5)
(121.43965507266117,31.25395130914403,11)
(121.39967090065879,31.23607106945451,20)
(121.40185422146057,31.243605061683763,36)
(121.41283901012531,31.23406358419567,37)
(121.41442840833778,31.247909199060143,26)
(121.38347744408635,31.243072835092967,32)
(121.43406118143041,31.246031382524368,34)
(121.398663973631,31.28162869854435,30)
(121.41031879157569,31.22931327604097,36)
(121.36654605431086,31.242384819824753,5)
(121.41788606518979,31.22883925910362,20)
(121.44782544558976,31.260629404831374,41)
(121.4174033674148,31.239363469608833,32)
(121.39173876188607,31.22742429148936,35)
(121.36756400393074,31.296298295206206,36)
(121.44101541054187,31.24099567569688,37)
(121.39605715835258,31.229846287481283,4)
(121.38759409246117,31.259643154200965,20)
(121.42885772519097,31.254049619444324,1)
(121.4151897976138,31.261024233139192,37)
(121.46262373981888,31.26621705888672,4)
(121.42086339132231,31.264896703427763,9)
(121.40118593755817,31.28824091429613,36)
(121.41053374444732,31.28746390674233,7)
(121.4113753733836,31.2449298224676,7)
(121.42831692481475,31.23183591606243,36)
(121.4282952888497,31.26447067375145,3)
(121.42882795233395,31.256251610604366,8)
(121.38998402721641,31.246266665086125,3)
(121.43607388181502,31.25281325654329,6)
(121.42866781372118,31.26552112437331,35)
(121.44483629782782,31.243208781028198,5)
(121.38254334742881,31.283705529925264,36)
(121.45312901745156,31.25251958630352,37)
(121.41453265672119,31.292978762200175,7)
(121.40895585529644,31.296373060209334,34)
(121.40220101425571,31.257600054232274,6)
(121.39267899776479,31.297472008527407,36)
(121.36886823276865,31.314337868278702,2)
(121.42593069199312,31.23965689026608,36)
(121.37223393391132,31.27181653264072,5)
(121.34210223569247,31.295499506675622,36)
(121.38602361418803,31.283066282619018,5)
(121.4092428222913,31.27983212437676,3)
(121.43308634968363,31.243485402355226,7)
(121.40036919995475,31.244546943136054,19)
(121.43060160135572,31.279286120622803,71)
(121.44648734330663,31.241746375641426,9)
(121.4438580277508,31.263376066835885,15)
(121.4021613486668,31.26714640439992,5)
(121.44031734578014,31.27184115374287,31)
(121.41736147225718,31.239418392406947,5)
(121.43644621692312,31.2534226436876,19)
(121.3827857841298,31.290404286479497,18)
(121.45864296042484,31.268583372986907,2)
(121.43898417836924,31.26629373861406,22)
(121.44631470747323,31.241757145371487,36)
(121.37376693577635,31.233499693689726,1)
(121.36605765016094,31.247518391394102,36)
(121.4112492805745,31.243516214002423,7)
(121.45097935273056,31.260489504251336,22)
(121.41809754058156,31.279495372847148,3)
(121.40180954299545,31.239637241587285,3)
(121.44573034462469,31.26388317142708,6)
(121.41879179100805,31.253908901521406,1)
(121.44610766434333,31.24154940938257,27)
(121.44525675838526,31.24613321441105,37)
(121.43078454931523,31.233321366930998,36)
(121.38553386111946,31.25316960425614,4)
(121.42588473859581,31.23965292739166,22)
(121.38872460104012,31.253706028667867,36)
(121.41114449533804,31.273405362541194,9)
(121.42847377947524,31.249529002234134,14)
(121.41321580797779,31.26147581893764,36)
(121.42599868451592,31.240370154453093,11)
(121.37725723778101,31.264834620944423,37)
(121.41799824141361,31.286834420601735,27)
(121.39876249261698,31.235366443414026,16)
(121.42565167925252,31.241797151293007,36)
(121.3774045808933,31.25039369262504,36)
(121.36586246447547,31.25088938471081,13)
(121.3874362853174,31.227803520944484,11)
(121.42482372035724,31.22736918109402,47)
(121.43402498314072,31.243715040543716,103)
(121.36381916101183,31.308266119953544,11)
(121.41567328893092,31.296004104665997,34)
(121.39596623496391,31.267209259574912,7)
(121.44783837421224,31.245798591147352,33)
(121.43471254634872,31.284113846532204,36)
(121.36497252034883,31.313261041916242,13)
(121.3926013850584,31.259807372528115,678)
(121.39735249168433,31.246751342185583,24)
(121.41919898142223,31.235246575493797,35)
(121.42162099157564,31.26266837571676,37)
(121.41820705987377,31.228911187073543,36)
(121.46073150483252,31.252636996880096,2)
(121.38539682796885,31.281267321887913,21)
(121.41564329411277,31.29590107547275,12)
(121.41919088992675,31.25430258427931,10)
(121.38021323545051,31.250407813265824,26)
(121.42806436764911,31.262482307179344,37)
(121.35961772432489,31.292611376580492,16)
(121.40856063351161,31.242397052947336,15)
(121.38185074291212,31.244920070952794,1)
(121.39432618477616,31.223507995388793,19)
(121.41074251175509,31.24485890349321,37)
(121.36622643934412,31.24940826302846,40)
(121.39840544352262,31.25944400866101,37)
(121.40837692037888,31.23402427198815,3)
(121.38026510220512,31.274783274283283,72)
(121.38724401606869,31.27329926351068,23)
(121.37845425729614,31.277310880415936,9)
(121.42180193622777,31.262594113573808,36)
(121.4379111849727,31.27909982960511,36)
(121.40228813338447,31.286826112399506,26)
(121.3424916752341,31.29054926627325,9)
(121.43013486175523,31.233885181327455,2)
(121.41885250507401,31.23674144673998,2)
(121.39924411411232,31.231835612911865,2)
(121.37877932136755,31.26296826195228,36)
(121.36909094136608,31.24912547660335,19)
(121.39319354255478,31.2315685714357,1)
(121.41556065854785,31.2691729231871,3)
(121.3911519610161,31.275225369893402,18)
(121.39128064915043,31.230094226624363,36)
(121.40606578687284,31.24324846553332,18)
(121.42477904668824,31.24208893266035,37)
(121.4515390461889,31.256047242170677,6)
(121.4148534636304,31.24795623073518,30)
(121.40178401497091,31.250400284417054,10)
(121.44217925898676,31.286553348559558,10)
(121.38960674720151,31.251933864220003,15)
(121.41062983159765,31.271172340220705,4)
(121.42685976901889,31.240234343816542,9)
(121.39215107252785,31.227521597046312,7)
(121.35282032394488,31.283420165153505,24)
(121.4089020827105,31.22502308552405,36)
(121.42836764130118,31.265527863196564,36)
(121.41252825350368,31.25865961317343,26)
(121.37216087568248,31.306975563163615,23)
(121.41591428775111,31.251513408740937,4)
(121.40460059534853,31.24224690713005,1)
(121.37692247493254,31.27184865475973,30)
(121.41201218555355,31.29050602373582,30)
(121.44470505932969,31.244958911872505,2)
(121.45586194887994,31.259294976434525,2)
(121.42970304754814,31.246452420804648,6)
(121.36962419342352,31.23039376645626,35)
(121.3774066020364,31.273621679778408,22)
(121.44628900289399,31.244845535241865,36)
(121.45176122549867,31.255568073257542,9)
(121.4549593031784,31.252465553714806,18)
(121.44516396142575,31.24632245457777,36)
(121.43780207927747,31.253929046611095,7)
(121.37781063548076,31.256233719382188,15)
(121.3878623510021,31.250262521271242,4)
(121.43650009791533,31.253031401234,36)
(121.40557883314294,31.255500859731747,23)
(121.40469994733834,31.246162669039958,37)
(121.35074927955155,31.286755861166007,4)
(121.3840203877247,31.25856017304818,5)
(121.41407566732289,31.246641903753474,36)
(121.37231527208961,31.252626320644698,22)
(121.40913009878143,31.244083701041976,43)
(121.42082357157818,31.2437004516093,17)
(121.38144922915954,31.290474982106858,14)
(121.40755225804484,31.225803519153757,4)
(121.36174098744154,31.29704681613258,36)
(121.40177756964118,31.2478199236114,5)
(121.40737253197129,31.263263262156645,34)
(121.45819929073672,31.274128317073817,8)
(121.43783004670958,31.25408307572987,3)
(121.4336573187642,31.242619801383373,1)
(121.42778590103396,31.26849243868492,2)
(121.40688173283739,31.24251615711483,17)
(121.35572007865578,31.306247913156415,38)
(121.4114742227065,31.24348315609421,36)
(121.40691337250563,31.249854426031245,24)
(121.4359294277317,31.25868478593418,1)
(121.3894402936351,31.23156962834441,10)
(121.42729110882316,31.263246484613855,6)
(121.41252807727783,31.256639735824457,4)
(121.38278492107756,31.280503265144677,26)
(121.38001736074744,31.243819698732782,4)
(121.42003229700796,31.23506799653942,270)
(121.41069618456352,31.272455570982405,25)
(121.37667283017447,31.26839622402006,36)
(121.39447218497183,31.23396390002424,37)
(121.42286472068555,31.274601542312745,3)
(121.40514411814654,31.25911539905208,3)
(121.38375857777386,31.22953394564511,7)
(121.38182771803558,31.254981254425015,24)
(121.43167044523322,31.268306834490325,37)
(121.43537212893567,31.25629628479381,1)
(121.36631661503172,31.309050412255203,36)
(121.4270767270704,31.2513246263657,3)
(121.42248630478105,31.26030556050591,37)
(121.40592804146796,31.24672390107438,17)
(121.38705062720987,31.237202348635947,36)
(121.45324530296311,31.270492095751578,36)
(121.40022740191651,31.23961984788994,3)
(121.40431632447874,31.23607172548937,5)
(121.40182062372773,31.25022889212754,1)
(121.38887993286777,31.278912874314557,36)
(121.44512415924757,31.245831727562713,2)
(121.45237712252157,31.260236632254063,20)
(121.43912895278955,31.266541637986418,36)
(121.3494876690465,31.28751490884204,7)
(121.45895030806318,31.253794744660976,36)
(121.4404288670783,31.254855084453045,38)
(121.3394105589935,31.299525018983914,17)
(121.41682702282316,31.23089474699875,37)
(121.43342935796383,31.24912751296617,32)
(121.38967139970651,31.25352965053774,13)
(121.43849413749307,31.244837064508417,36)
(121.42217298863955,31.249174014341666,20)
(121.38401900395935,31.242667161987843,31)
(121.39470682916208,31.297075916834753,32)
