(121.34858323733371,31.291017121803442,31)
(121.42347705967822,31.251335045500994,3)
(121.40150644588893,31.293871540093175,31)
(121.41107931092463,31.243408196673983,37)
(121.43187027960481,31.266108770003445,1)
(121.44091779394759,31.254860977360376,33)
(121.45523715389902,31.252467696453937,31)
(121.39209917694643,31.229472038543307,33)
(121.41459344806394,31.23505151395374,18)
(121.42484878509029,31.26124494872871,19)
(121.38242680041712,31.283838279809853,30)
(121.38146246015292,31.26996655712473,3)
(121.41679570093882,31.260255554971177,1)
(121.34642630903758,31.281982450775313,1)
(121.41588726099741,31.29685835844499,36)
(121.3852622841909,31.276695995472892,11)
(121.385601078838,31.24735868267268,5)
(121.44081789385105,31.253945726698,35)
(121.42309091952335,31.28019663076251,16)
(121.39248225722982,31.269331830611577,6)
(121.34048799657896,31.288141533933853,4)
(121.41935454075708,31.243995542150987,4)
(121.42237162006873,31.246832839730438,35)
(121.42833884035223,31.248440649624953,36)
(121.3851170779079,31.276057601309283,37)
(121.41643187053339,31.238237267207737,2)
(121.37516663253204,31.25246794196946,20)
(121.38924534109354,31.296908773513348,2)
(121.38905471380134,31.240198270708177,1)
(121.41305176420742,31.232044604129303,4)
(121.42347486991662,31.264647688617867,11)
(121.42291147025946,31.27327188350584,4)
(121.41267893463477,31.23261296120026,2)
(121.3954347983979,31.245964808125155,14)
(121.44143596006775,31.267553663318957,36)
(121.42893119455177,31.232501871329426,26)
(121.40473158577319,31.253445891133616,6)
(121.33957090120087,31.28770262516315,36)
(121.44625019402781,31.241618334302007,36)
(121.4229294704361,31.261997084513595,30)
(121.44869898724379,31.251180427299854,15)
(121.38296198388458,31.29039845518306,27)
(121.37171369990965,31.2669157747444,36)
(121.43765261874269,31.24021235341978,2)
(121.42632043795385,31.25282742328494,10)
(121.40768604406402,31.258724273444383,36)
(121.43890742011142,31.26756838965381,36)
(121.39143932918905,31.240253494345673,20)
(121.41787354347085,31.232160846278152,1)
(121.43459991849447,31.251420539476715,15)
(121.37533356964087,31.237459445851243,3)
(121.39897314626525,31.28776805976196,4)
(121.36701653415976,31.249460728425575,31)
(121.42385073714502,31.251500839854824,13)
(121.46117648173926,31.26583633336738,26)
(121.38829175436122,31.28285704665782,6)
(121.45166678188589,31.244893071205325,2)
(121.42931454077804,31.2467049248058,27)
(121.45408952821069,31.27338661846066,3)
(121.3854573395059,31.287202419763226,26)
(121.40843241831894,31.262717987838318,16)
(121.43464958960172,31.260613060243422,26)
(121.43941187362593,31.28267796930054,24)
(121.4260955095178,31.246429265299888,3)
(121.40257080521131,31.23693020111745,31)
(121.41825285753367,31.25634768399689,30)
(121.40116805719262,31.255289065189395,12)
(121.45243731899136,31.260210302953386,8)
(121.39077837961672,31.268640614365548,36)
(121.42637242657868,31.241854501734508,14)
(121.40172300049055,31.248966074954748,28)
(121.37335874990963,31.247710878352702,16)
(121.38414767876458,31.23951239280977,24)
(121.3918085573315,31.247457422411134,36)
(121.45694422650249,31.247319561554267,5)
(121.41727856258171,31.251382769245236,4)
(121.415265583089,31.25140860987146,36)
(121.45326031252557,31.271013285534668,20)
(121.42535340633336,31.240637391946056,7)
(121.3906786284966,31.246727352787634,3)
(121.41810821719355,31.230027751031773,36)
(121.43399538213359,31.27907766745303,13)
(121.4139157287939,31.246641953278143,33)
(121.42879616357482,31.244478821722435,58)
(121.3876298963839,31.283259911299833,37)
(121.4079032183854,31.225563396908836,37)
(121.44663608308306,31.25930964543369,14)
(121.42783908819497,31.279143271159366,25)
(121.37862249413979,31.25207715990303,23)
(121.38232060276003,31.285400389096218,36)
(121.45561695010505,31.26767665822754,41)
(121.33978438317266,31.287731040174418,36)
(121.37810176803812,31.27629859073716,36)
(121.38662470004296,31.254259599508142,22)
(121.41387685262906,31.247892520940145,39)
(121.44801346082589,31.257724510786225,37)
(121.3651713677206,31.24257281989176,4)
(121.42562702431356,31.262860369187553,9)
(121.36689472760112,31.300873889957767,36)
(121.3867700167094,31.233286333040837,25)
(121.45855504316677,31.24737100017889,4)
(121.40488646783035,31.286292770226936,37)
(121.3915244441616,31.26923295158429,37)
(121.377993997554,31.25758051395961,36)
(121.39840437101412,31.24714561484873,8)
(121.38492666823386,31.227654150294093,17)
(121.44220439672199,31.254406810744626,32)
(121.39149322355715,31.223348239251006,36)
(121.40933985037442,31.243877344974923,11)
(121.37240349872903,31.286821942688295,69)
(121.44065854234789,31.25811278211613,3)
(121.45660920031015,31.251089906955958,21)
(121.37847656151841,31.277117484331274,20)
(121.36877282190332,31.252395575624867,45)
(121.37247460560718,31.229180046929816,9)
(121.46271314978368,31.265605672219614,2)
(121.41498714663675,31.23778263529574,4)
(121.3801298013602,31.255310224288255,90)
(121.38973356222965,31.277758023723077,1)
(121.39193964071525,31.23534769726988,29)
(121.39950647147283,31.287117954142598,17)
(121.42542992521159,31.242511304242065,24)
(121.41264116541565,31.2471606265865,37)
(121.40154188076421,31.252088754727364,11)
(121.43762223780361,31.26145753949787,12)
(121.38897055185657,31.273632747798665,5)
(121.4591408126484,31.25086926653898,15)
(121.35948778619682,31.296213593268888,36)
(121.43103670318676,31.265761234640237,17)
(121.43474842689527,31.260429858937254,19)
(121.36762861369577,31.296298303329436,37)
(121.40768096457347,31.23790844386746,14)
(121.44287654534475,31.282101494872126,9)
(121.41297059764726,31.252755925362674,29)
(121.44852303263968,31.24730903281535,34)
(121.44159581395667,31.246274158869035,16)
(121.38100673263936,31.29089469540848,36)
(121.43472664811803,31.252254662818544,22)
(121.39541611945465,31.287115552549363,76)
(121.38829183987771,31.283837447018612,1)
(121.39507537082771,31.23194929088415,3)
(121.44222925993826,31.241629443092783,48)
(121.44695614023519,31.24177145740914,35)
(121.40997144631062,31.242416923009117,36)
(121.42658553050855,31.279993756640845,6)
(121.38327501211971,31.28667425604922,9)
(121.43482247365836,31.239285421281373,37)
(121.42921724345632,31.26488595299149,37)
(121.3834235684103,31.291157201940965,36)
(121.3623269002279,31.244820824444457,8)
(121.36490933070718,31.24235928956211,37)
(121.39625316198652,31.256471826252966,19)
(121.43667624622914,31.269399222520857,38)
(121.39827408406653,31.260733264323928,11)
(121.45348155291269,31.255885348626634,16)
(121.42889570753559,31.24748128466194,1)
(121.44699459042194,31.262247287659317,34)
(121.40711190348196,31.260638951108927,55)
(121.38476140098017,31.25782246094446,24)
(121.36498376780379,31.293776261868736,5)
(121.38244181941718,31.283857302376422,36)
(121.42231536265707,31.26028982496231,71)
(121.43006134662842,31.251709033452528,186)
(121.37243087007081,31.25606304905959,29)
(121.41708824863646,31.258034764185197,3)
(121.38499877572427,31.26251677259379,14)
(121.41187794730783,31.230065977583223,2)
(121.33984983580407,31.29766111233636,35)
(121.36416400807884,31.309913055620274,22)
(121.44632771093748,31.244837742046904,36)
(121.40623118743127,31.292363505298756,33)
(121.3971171138941,31.266914924725498,2)
(121.44464214770179,31.270958003295966,27)
(121.44065891864874,31.25773512207286,3)
(121.39783697589885,31.302767575811217,27)
(121.37127288441735,31.313630043513577,34)
(121.45569491303563,31.25639386426156,1)
(121.4248397811244,31.243837479922163,11)
(121.44415078911207,31.278678033936455,9)
(121.3828993254787,31.246437667367513,2)
(121.40225911973701,31.26426319560882,37)
(121.40897946171972,31.24608806592898,11)
(121.43813996473085,31.28195847074596,4)
(121.41965969714552,31.26993255489367,6)
(121.43051736571792,31.238786136671074,8)
(121.41151876541251,31.226898588670032,7)
(121.39752110800016,31.264715808275557,28)
(121.40215460289072,31.26171223665071,7)
(121.3701670862482,31.23052457552867,36)
(121.44541722376465,31.243707860446136,7)
(121.41299627452432,31.236000553159048,2)
(121.40391041354412,31.287007947358237,16)
(121.43759043026603,31.265450318290576,30)
(121.39017891146045,31.289017936593766,9)
(121.39401772637643,31.24834669475658,35)
(121.39641735175402,31.268347585389257,21)
(121.36497603034466,31.27814722086784,6)
(121.43333492271266,31.25087669071821,19)
(121.4547217899087,31.27108236514852,5)
(121.44213467275375,31.244600580885283,17)
(121.43965368444148,31.262370098834044,23)
(121.3324396672661,31.295230201396258,2)
(121.44710714177873,31.248313003689045,36)
(121.42674590822911,31.240434535114115,36)
(121.4540272442683,31.256881695126467,36)
(121.42276926490646,31.245446133304377,1)
(121.43936531277895,31.278062308499834,3)
(121.36438083831935,31.309431581692778,36)
(121.4092419262862,31.243806224783384,5)
(121.37281362746303,31.250399056361843,3)
(121.40145448529053,31.236347693437402,3)
(121.4230204272048,31.262403194113766,14)
(121.39186877590056,31.237971204698184,9)
(121.37549755572026,31.280655333623844,36)
(121.39960212933798,31.238980367115126,5)
(121.40454317670562,31.29592835175155,5)
(121.42493990014948,31.242189849375702,4)
(121.3820905634099,31.252010920934264,9)
(121.3829475213998,31.296757969272196,36)
(121.39700841199964,31.245088278224724,3)
(121.40711240402642,31.245053381730685,19)
(121.44184518881787,31.244364923464907,25)
(121.4004697013465,31.261055099513666,28)
(121.39261679261558,31.23198393904006,14)
(121.42786994214323,31.261785599988688,3)
(121.41452723285481,31.248191819211392,37)
(121.42686160146611,31.26126461882818,34)
(121.418826767552,31.25293769085219,7)
(121.44229045362508,31.252790202072294,36)
(121.45706568070648,31.26811021779896,8)
(121.44282594824597,31.279886664736367,1)
(121.40537072529344,31.23147908534402,27)
(121.4424451691672,31.256964551068656,22)
(121.39800732238113,31.248555090170427,2)
(121.42908431405212,31.26563790887175,22)
(121.40860559126891,31.23049363859012,1)
(121.41312305760943,31.235684248365775,13)
(121.41008983492526,31.267179355259636,26)
(121.4566821377483,31.25681083947396,2)
(121.43211197787728,31.258260033892235,1)
(121.45199392438452,31.24375292709294,29)
(121.41178104106216,31.265230609172,3)
(121.34433545914408,31.298711938034018,14)
(121.43137277874749,31.23559435896139,12)
(121.40371747924101,31.248681379131398,11)
(121.42273126307497,31.236507656475343,3)
(121.40323913720125,31.296537653539723,18)
(121.42618939765241,31.2393365246544,53)
(121.38654967255394,31.255720776969927,29)
(121.34340330166644,31.292338451520006,31)
(121.33818816112118,31.30365330781813,28)
(121.41130540617182,31.23364373489099,5)
(121.4493809367113,31.258727941424837,36)
(121.37546332490821,31.24402256019636,5)
(121.37742120040586,31.26877365704584,27)
(121.43217335310233,31.277250309028613,16)
(121.39870948231692,31.246971648477892,37)
(121.4236067985403,31.249673215966798,22)
(121.45954940801973,31.250063336665875,41)
(121.3964580578383,31.30210272274659,16)
(121.43386520773193,31.26602033415824,20)
(121.4404608575769,31.25768589082956,11)
(121.38605566463481,31.283211632770943,6)
(121.44743417184841,31.245089992903182,6)
(121.40787422777439,31.248589851285317,36)
(121.42703539963404,31.238167252297288,23)
(121.36588956835843,31.251028487674176,20)
(121.42695949110384,31.23827636972867,4)
(121.38313406567288,31.28395362860979,26)
(121.43528477499132,31.237087200216735,15)
(121.40711082429273,31.26617727070433,10)
(121.44718303480585,31.2615599612357,2)
(121.37352368613384,31.257863243256345,24)
(121.43603824922826,31.238810144027884,2)
(121.45665420858039,31.251983712049793,1)
(121.41027054701424,31.25564773971017,36)
(121.39215731100724,31.2303623787942,19)
(121.40114500016274,31.223728706117345,16)
(121.39160903496813,31.23167416680179,11)
(121.4475353854,31.25706236151065,23)
(121.37031389379864,31.248646958371854,19)
(121.38812585230066,31.246662359057254,4)
(121.45387723304407,31.252587119315212,36)
(121.40844690262067,31.256823438902043,36)
(121.407843983055,31.24557573177763,37)
(121.42552634370375,31.24243748177828,2)
(121.41784105427982,31.233901340317058,3)
(121.4549218173644,31.247110589889694,5)
(121.41093335537852,31.24354028150382,26)
(121.41393518579416,31.23643151761024,18)
(121.3781958947158,31.276318705534052,20)
(121.41262524401937,31.235968506821617,14)
(121.36966994055905,31.25417595783137,30)
(121.37039405792638,31.247137268884906,17)
(121.41041526471481,31.252728440636183,36)
(121.42592547006768,31.264840195075458,36)
(121.45213237243968,31.248781513951116,9)
(121.45458927055031,31.25677660857747,1)
(121.36746068501826,31.309121853448616,28)
(121.42479823757333,31.278863786415247,36)
(121.422303959847,31.260294922578993,36)
(121.40997167209315,31.24500608241893,12)
(121.40050470690412,31.299672126888797,20)
(121.44307945346566,31.282330521722578,13)
(121.41554290681839,31.26792102449354,10)
(121.35474047074794,31.297326071404285,36)
(121.44887283060626,31.2422361295528,32)
(121.437316781795,31.275846071337337,1)
(121.45191571783911,31.25884553010578,3)
(121.38816282714549,31.296501427077416,4)
(121.3823244022767,31.24613808682766,5)
(121.37128668676272,31.313308546129836,2)
(121.40997152705347,31.259593876581945,81)
(121.39087140010083,31.268461831939568,2)
(121.38895610981946,31.280180453928992,3)
(121.4121265819422,31.283966353900066,2)
(121.40748677747881,31.266125483460215,36)
(121.42966004798774,31.233183586550766,20)
(121.42299014400523,31.25885768594591,36)
(121.38856159803129,31.266924712867144,23)
(121.4100880491337,31.261021095441013,36)
(121.44544053401785,31.279458020450274,1)
(121.38911481832335,31.259467928387185,26)
(121.41093335119098,31.243492259991132,13)
(121.43919674057935,31.265439071199506,36)
(121.38337067399237,31.24708352383796,10)
(121.45942488715289,31.250238018732947,2)
(121.36839148963068,31.28038083725724,36)
(121.38148033828101,31.291301344680424,21)
(121.3988721257669,31.2428381179393,12)
(121.42713576461145,31.26518244313792,3)
(121.42173061642545,31.234485951974143,37)
(121.41214624306131,31.262080994151756,11)
(121.4272951608598,31.250139374568437,4)
(121.4296582810801,31.259968396618508,1)
(121.42879702736971,31.25669483388322,2)
(121.36220787971702,31.28406007670022,1)
(121.44650815523254,31.27222402247982,4)
(121.38475576874418,31.276858609914388,15)
(121.42236167403496,31.25986173542745,23)
(121.3917645967491,31.274285585895417,14)
(121.41241408416748,31.256322625199836,19)
(121.40260245572334,31.25578460158344,36)
(121.44025883402296,31.27730200970629,49)
(121.39531519499204,31.299792906255174,57)
(121.3907156628239,31.290736656413372,23)
(121.39899004056578,31.229135666700113,4)
(121.41931280829253,31.2341300037788,6)
(121.39970091917088,31.236160119457775,27)
(121.3679737507919,31.31450866229378,26)
(121.37574359295036,31.3000554086145,23)
(121.41505496440412,31.26915458888912,11)
(121.40991529212405,31.23411488311116,6)
(121.4291979820319,31.26162557372508,20)
(121.36506409609056,31.24976690382048,2)
(121.43303570336904,31.281123635887944,27)
(121.38284801714022,31.236099679552684,4)
(121.42693937086999,31.27103771293102,36)
(121.41406455260633,31.291090711272005,7)
(121.42686507679547,31.26089756472494,3)
(121.45971293540491,31.250025659796602,5)
(121.4185355366975,31.23670859192297,1)
(121.41422257835606,31.235492810664503,4)
(121.43969900650075,31.25549405422352,1)
(121.40050220598053,31.30442991631576,36)
(121.41581828647121,31.296768350054947,4)
(121.42717166150884,31.24159755072721,11)
(121.39210063127958,31.268807867906972,24)
(121.45536120164405,31.270905975999273,6)
(121.34833062138024,31.28162152781652,6)
(121.37183235471215,31.306856083598824,21)
(121.40126659756977,31.2496996342823,36)
(121.40260026020574,31.230604315495164,36)
(121.38869655037075,31.25296969678558,1)
(121.37926440569831,31.299297460830076,2)
(121.41262356126035,31.263102391886008,37)
(121.40938246032326,31.30273923558431,3)
(121.43207970949527,31.243213432100813,7)
(121.38452781968584,31.291703449129763,7)
(121.39747166371048,31.23231255484956,25)
(121.42887946402783,31.260223577618408,36)
(121.43301218959637,31.27486006994373,1)
(121.44228061788775,31.258579509747925,36)
(121.42782051614238,31.23796244105182,36)
(121.39198660815829,31.269496087287646,36)
(121.3762540825921,31.23730465621444,43)
(121.35223282290984,31.291751497029622,25)
(121.43838206884529,31.264845968876372,10)
(121.4442843303696,31.26494204096801,8)
(121.39432824512684,31.235674603310358,11)
(121.41818539153653,31.244030071096898,25)
(121.39798672345644,31.287655652260277,36)
(121.41300013521212,31.24756762611221,24)
(121.44872562902395,31.26407955230581,10)
(121.39718449792365,31.2664005108668,5)
(121.45755123083158,31.254187178454956,22)
(121.43770278398358,31.2486698649887,10)
(121.35064062687175,31.281519707740916,15)
(121.36437133697521,31.3095082804208,36)
(121.38485772077829,31.257743577715235,36)
(121.40488644502493,31.28603166436074,2)
(121.34219824228008,31.285455319095945,37)
(121.38627953940768,31.23331893654922,18)
(121.35754514947996,31.28642047205335,36)
(121.43485367180678,31.24209364834947,6)
(121.39635387668585,31.275530991343,3)
(121.38691883184461,31.286951615109473,24)
(121.40428038714515,31.240288989652402,5)
(121.39233442816504,31.238461665082635,36)
(121.43490738167272,31.251159617052295,2)
(121.36437863750858,31.31128617722071,12)
(121.36659489874056,31.27423169448252,18)
(121.44179349621756,31.258283135937173,16)
(121.42138087769692,31.25209382594978,34)
(121.42277657678945,31.266272109315505,20)
(121.38934337740672,31.256459692215245,16)
(121.45612481397357,31.251444333476147,30)
(121.39347147923193,31.26969391668047,35)
(121.37237245160279,31.28682990527058,19)
(121.43401783136383,31.264234387743226,36)
(121.40700217076706,31.30482019957226,35)
(121.41431260092126,31.24657880842044,28)
(121.4102052529176,31.29794530236935,12)
(121.41048245621096,31.24361138660441,36)
(121.37047720690005,31.283803142583675,3)
(121.4398861820506,31.272729159703353,9)
(121.45291144581215,31.257220255534175,6)
(121.42629428234096,31.23926440165657,8)
(121.42815517381693,31.23838231667746,36)
(121.39366283963588,31.23587933023904,25)
(121.39081198348549,31.294637965908393,20)
(121.34265933350477,31.28226222448033,9)
(121.43094125438257,31.235488540983315,31)
(121.38852217972455,31.296839837620613,29)
(121.38282851335178,31.235500977473908,2)
(121.36822946639539,31.271717005015415,36)
(121.43093667816045,31.25747723040224,23)
(121.41837878861256,31.25363971558265,36)
(121.44705135985,31.241769273970814,35)
(121.40923809433718,31.225633338980835,36)
(121.38027811144433,31.241127446219906,12)
(121.44297069814007,31.239528450949624,19)
(121.43202871674909,31.265444218716603,36)
(121.42221733849597,31.26030710452333,9)
(121.40665620340788,31.282278232881843,4)
(121.43912805680633,31.256243202810925,7)
(121.37443105606799,31.235096257807957,14)
(121.38374374788383,31.231678918133454,8)
(121.43351933819584,31.238893825777406,36)
(121.4532439360038,31.254728326212106,35)
(121.42328019088446,31.26229796119226,7)
(121.38074596515327,31.285729342216683,15)
(121.38716490102733,31.2275990414172,1)
(121.39100572973467,31.26805225765882,11)
(121.40828609370512,31.247391300530627,36)
(121.37679920086542,31.232511945391813,8)
(121.37365268692382,31.24412435345372,6)
(121.43713330775155,31.278771180695163,36)
(121.40031864707271,31.23061176862065,21)
(121.3993816520368,31.245909406345238,3)
(121.40135040907344,31.287109622813738,2)
(121.43792289025195,31.254042930588326,36)
(121.41872965319945,31.250914851830682,4)
(121.42222193917752,31.254826716017668,67)
(121.44775454644652,31.245722706740228,33)
(121.39229779002201,31.246039098587623,2)
(121.4536550932194,31.256340208324893,23)
(121.42671566277185,31.26717335306751,28)
(121.44086354026452,31.250254742648032,18)
(121.46235657507002,31.262847392692496,4)
(121.38158934830372,31.232431156875972,6)
(121.41524160998536,31.24558887380596,37)
(121.38454157585466,31.27725357936183,3)
(121.42545543065408,31.235007323398076,1)
(121.36317267407877,31.304910454736063,9)
(121.39273069684853,31.229969081751122,5)
(121.43365680531616,31.235028906830316,2)
(121.40180055582206,31.24759482890205,5)
(121.38803329008579,31.23337488557614,10)
(121.43832087286147,31.254002355862237,21)
(121.44021799997857,31.263093397851886,14)
(121.3705641853251,31.247231891549877,36)
(121.40108014464053,31.287118568507555,18)
(121.42497043820086,31.248698729238264,4)
(121.38248786835969,31.283809328173728,21)
(121.40367863851026,31.255611708459007,19)
(121.4470779550383,31.256955852532947,20)
(121.417198795325,31.240309093824433,36)
(121.44463225526286,31.245952039532405,22)
(121.35372198433897,31.280937505052652,37)
(121.42143267133181,31.284554546682912,2)
(121.39284343972264,31.256020525801876,2)
(121.36936216092349,31.23496949734617,6)
(121.35489999863813,31.290132180224752,15)
(121.4542397712118,31.25420533885305,23)
(121.42802664584538,31.242119123948697,36)
(121.39168036620141,31.28078759815999,18)
(121.43734469991566,31.25248503541617,36)
(121.44098266771667,31.255712954686217,36)
(121.37230655613814,31.31319798767073,4)
(121.45584582978115,31.245944143405804,3)
(121.42212371315232,31.232405437669165,1)
(121.42261674474324,31.26207934052946,36)
(121.4117325555092,31.248060144488445,7)
(121.40813535443348,31.2477550878232,6)
(121.37877991834485,31.278100329983666,23)
(121.36361127469256,31.247314605141206,18)
(121.3487093130349,31.30265949823945,25)
(121.40262567792007,31.223859197182726,14)
(121.3649672795704,31.27695240545443,8)
(121.42660288348512,31.261336878611015,3)
(121.45626578339291,31.2690282979412,36)
(121.39186960265292,31.247460462594237,14)
(121.37262782565439,31.24831047347306,14)
(121.40827110892212,31.251119540344902,18)
(121.44138335871469,31.26858780483453,20)
(121.34380532379456,31.29179217002773,27)
(121.41136427628707,31.23231811677196,3)
(121.43700277010761,31.258441095407157,9)
(121.34086269089897,31.286464562575855,4)
(121.45284541582465,31.274751979953617,36)
(121.38636640721747,31.27677798468871,36)
(121.4144629166213,31.236909027171485,5)
(121.41119229364388,31.24351122232623,10)
(121.44439373738454,31.266347660713873,2)
(121.41043171941773,31.228292201444678,2)
(121.43006814585284,31.234275267134144,36)
(121.35416282705091,31.282392037084783,8)
(121.44390966473094,31.248875661095358,4)
(121.42832379022697,31.24766732083942,36)
(121.44896860759768,31.242078883925615,5)
(121.38058685964396,31.299108573954214,18)
(121.41736212073343,31.24685672728738,12)
(121.45504766342005,31.255809147961973,36)
(121.38498904176696,31.29284032641664,21)
(121.3784643592384,31.277077082501915,21)
(121.38045254451004,31.2441048684016,36)
(121.4202889608985,31.24134733844191,2)
(121.40268525032323,31.24176140613883,2)
(121.42386647336323,31.2601025803242,33)
(121.42394906730108,31.244852816346235,12)
(121.41693963377182,31.295863525738834,36)
(121.42829332972903,31.241984810818998,29)
(121.40309071234546,31.246146441688065,5)
(121.42431885462368,31.254519251990498,36)
(121.45621946116604,31.25246524890658,5)
(121.41778328827836,31.263012589688955,9)
(121.42571625294359,31.277965664561407,1)
(121.41150681404443,31.261815201392587,10)
(121.44289605105335,31.242409404155268,4)
(121.45642659794329,31.271550023794212,37)
(121.42574042358258,31.252301181055568,34)
(121.41733412844829,31.230548140379465,36)
(121.43978107248202,31.23492775288575,20)
(121.38301596129868,31.230895835712133,1)
(121.4233046047042,31.243935361734028,25)
(121.36215999492062,31.2517733166443,7)
(121.4294625070497,31.280925455864303,36)
(121.44268114089768,31.263530553580686,29)
(121.41469869735448,31.271858839756167,1)
(121.38451725022706,31.26187761056428,21)
(121.4307190153845,31.23983925716084,1)
(121.44218810804628,31.239256094832392,4)
(121.41004276896646,31.246257631254373,5)
(121.45291602937358,31.275316190154214,3)
(121.39885431971666,31.244435569056677,33)
(121.38494726546747,31.291728838594913,30)
(121.39345359910872,31.247282589663012,1)
(121.40307912587124,31.24211826229337,2)
(121.40988788517853,31.259605528248635,36)
(121.38450365032949,31.2455028417329,2)
(121.39009403102601,31.259124707862572,36)
(121.37397835455876,31.256100149957536,36)
(121.43076461216917,31.234512007212142,36)
(121.4251984683719,31.23949266209895,37)
(121.41077319393347,31.252753395275278,35)
(121.42139497884229,31.241916290789128,19)
(121.34293676555212,31.30333213217191,13)
(121.38898661256137,31.254821745520935,1)
(121.44418294413025,31.24295719960161,2)
(121.38873683610319,31.26428724998226,22)
(121.43045934397257,31.267140984433766,23)
(121.44098674682404,31.26722420388801,24)
(121.45731922583025,31.251706611396646,4)
(121.40201547290401,31.257504229774725,26)
(121.38099231019095,31.28624280666097,12)
(121.41088741961279,31.244160567068995,30)
(121.41264217885141,31.246747353399595,21)
(121.4112912751368,31.243569229877465,36)
(121.36448825334111,31.309282394461793,18)
(121.38262529203166,31.24638965256879,4)
(121.44144812021072,31.24668656818964,2)
(121.42878124107095,31.265605747299887,21)
(121.41162155552921,31.258676412401446,1)
(121.45755228911587,31.250870979505333,14)
(121.39340622032694,31.265149096312374,18)
(121.37222122670954,31.286927746502652,3)
(121.3734251360736,31.264750082804373,37)
(121.4303314024697,31.28237113367336,2)
(121.42920188919841,31.260615134308967,2)
(121.41928561482987,31.277440558830286,1)
(121.40908588788618,31.245897388375596,36)
(121.45659719817006,31.251065205204597,16)
(121.38283183407145,31.29037531967374,29)
(121.38927054869094,31.282110309618556,12)
(121.40043352901527,31.240307217704256,7)
(121.36483660125849,31.31285882689596,36)
(121.39114129022538,31.29607240561762,17)
(121.40115133949287,31.235638295500127,10)
(121.42849609348565,31.26213272710942,2)
(121.37809889110342,31.276199127179616,186)
(121.42234459022801,31.246864487866084,9)
(121.39194133277607,31.278189693365242,29)
(121.42447033632004,31.276413029759226,24)
(121.44611906671435,31.241532511418384,9)
(121.4113603024615,31.2440744429508,16)
(121.40592049529616,31.239965982530453,3)
(121.38742531190344,31.24099236624383,10)
(121.40337811716331,31.227253906029055,36)
(121.43671496981214,31.278399935599673,30)
(121.38756558770957,31.242653225375964,20)
(121.43612781715466,31.266057522777132,18)
(121.34649109106425,31.29768551435862,26)
(121.45532255371761,31.27385729493536,31)
(121.40319655364823,31.250510969727056,2)
(121.38442349365282,31.231777593902528,6)
(121.43068661530071,31.234518222950406,17)
(121.40617059487694,31.26061708818141,55)
(121.38652066446119,31.267991246535573,36)
(121.37768161256841,31.26947025108051,35)
(121.41090131627227,31.231542845080703,3)
(121.4114510711647,31.276883319515168,15)
(121.39631853436535,31.22591210364091,15)
(121.3843924015788,31.231101254906083,36)
(121.44455521911297,31.246828693684787,16)
(121.4222219396293,31.260285405523124,7)
(121.39960284400576,31.247178042754708,36)
(121.40788629335437,31.24867443452221,10)
(121.43714803484337,31.26415536299899,37)
(121.3787888494189,31.266838384621725,37)
(121.40901016928088,31.24513427413799,36)
(121.41874281311284,31.252843693689428,19)
(121.33910450551124,31.29528677295442,5)
(121.38291535895334,31.28382875364058,31)
(121.45394306712183,31.25250395008792,13)
(121.42057663208662,31.242319896691868,3)
(121.45383329380446,31.247896986747758,11)
(121.40130670039635,31.26065656803665,28)
(121.38423817207068,31.299314193406744,24)
(121.42070955241294,31.253967069428978,34)
(121.40984097361738,31.2596193184664,37)
(121.37116489443062,31.27909814373341,18)
(121.38943248637585,31.291270306272715,1)
(121.38610311838357,31.23049248991904,22)
(121.44633983164141,31.28038125735752,3)
(121.34249007966412,31.283239266974377,28)
(121.37292061535814,31.25601966701394,36)
(121.45679173837806,31.269425100071363,2)
(121.42168507727668,31.245665781200486,2)
(121.37143686540209,31.23924427012906,2)
(121.42715576608931,31.236131502243744,4)
(121.38393303141254,31.260215714038782,36)
(121.42367412686608,31.24266804484248,36)
(121.38515782052885,31.249633300167787,36)
(121.3829655386418,31.246970677411984,12)
(121.44795342893987,31.260750946112264,32)
(121.3894539883329,31.28295154126219,36)
(121.44626049696494,31.24483793025269,36)
(121.40372727575789,31.28574340925025,22)
(121.43633806628014,31.238266027531747,15)
(121.43059454429046,31.24195748570158,21)
(121.41116031295664,31.232179091212487,2)
(121.42606378027088,31.24695782651717,26)
(121.36463097327835,31.30940991074559,3)
(121.45366994933946,31.255094634926518,24)
(121.40003464612411,31.300473448307635,7)
(121.37881986142843,31.26651228034057,36)
(121.4252934924608,31.247957765888483,36)
(121.38093095872969,31.243566378350618,39)
(121.4548980829178,31.24489363470972,14)
(121.4107417171238,31.241964071239607,3)
(121.37534229334351,31.257881146146527,30)
(121.43080802298171,31.23780220993791,1)
(121.42879712840268,31.257854337956836,36)
(121.43844847289645,31.236326291163913,5)
(121.42242168888043,31.260538846610185,36)
(121.43193691474352,31.25044644443084,6)
(121.45579925421504,31.24739349157005,5)
(121.42955704289493,31.23288544081922,6)
(121.44025551239815,31.28246646764004,17)
(121.38610600176858,31.250827239929695,13)
(121.38683691069149,31.231323488822383,5)
(121.43893828807644,31.26665595799413,30)
(121.38154423466928,31.243250013877912,2)
(121.38373148861301,31.270906357440893,31)
(121.38106976342435,31.232872827045835,3)
(121.44981817174238,31.258635627615956,1)
(121.46117290415947,31.266044464760174,1)
(121.34286761523366,31.30336801683983,20)
(121.34878775095655,31.297064720522613,10)
(121.39661219969834,31.239089381799573,103)
(121.42561557049142,31.24224554301556,28)
(121.36935703738301,31.31430954260123,4)
(121.43208319015349,31.283168562388045,32)
(121.44695854071745,31.24172285791499,17)
(121.37086342534008,31.244630919402084,8)
(121.45638806257304,31.25640126400095,22)
(121.44418425065062,31.250283835812564,37)
(121.37720424775937,31.272405727671778,63)
(121.42360742768581,31.245428329875438,37)
(121.4410336770958,31.246978980390896,36)
(121.45476497102861,31.264075402118454,20)
(121.4233021324132,31.26184975244043,17)
(121.40171071419408,31.226724335821476,4)
(121.42935029709452,31.246364930788598,17)
(121.43089043552929,31.23357436969326,36)
(121.44540204185152,31.25275690050582,58)
(121.35823515491137,31.30546814071229,17)
(121.3879668758475,31.233846872743904,19)
(121.35552731428757,31.28864396368231,36)
(121.40951569348941,31.25947845113387,57)
(121.3749891043312,31.237812183640266,2)
(121.43924938203182,31.254712731057698,35)
(121.38483201107506,31.283295219741657,3)
(121.4442844111534,31.26587143752392,2)
(121.3409619120531,31.28645574583361,4)
(121.38948069373082,31.25875178798035,22)
(121.34293657904698,31.30117429439135,43)
(121.44434158253397,31.242812560136265,30)
(121.37958806738735,31.234501003295325,24)
(121.4370192792315,31.25311274852453,36)
(121.45523188121639,31.271180592654126,6)
(121.38426775795473,31.2941952029902,36)
(121.45627091877422,31.27073500800283,26)
(121.41680827706917,31.279527985922453,4)
(121.38044518114874,31.23496212962625,1)
(121.41127631843548,31.244024436501256,22)
(121.39405386946335,31.25629864296251,33)
(121.38775520552797,31.245829184718264,12)
(121.44348371554689,31.269543388403687,36)
(121.455034403474,31.257046014169063,4)
(121.38470034441315,31.261168924233836,4)
(121.3876217958231,31.301846093582743,16)
(121.41917763541046,31.266647429562536,5)
(121.37554828004605,31.253627916240713,36)
(121.4403502280078,31.256723534649318,13)
(121.41617311502269,31.25099807771994,37)
(121.45506420447812,31.274012892681434,36)
(121.40391020489571,31.284618977876285,36)
(121.34794524428334,31.309304664569677,28)
(121.3436840045172,31.286916030095977,36)
(121.39211788090816,31.230990639100174,36)
(121.42060973976864,31.235105817067403,2)
(121.4155295093292,31.22902141324168,2)
(121.43672441460565,31.281068197218975,8)
(121.41355849292732,31.261453890682386,36)
(121.38668080322843,31.289266351389923,14)
(121.42767589209056,31.236099608772136,16)
(121.42667745822493,31.245906048917607,30)
(121.37929244704864,31.254723716407497,36)
(121.41955754986007,31.244527567321292,32)
(121.41071688967861,31.274132571932142,13)
(121.42485786129036,31.26375838257497,36)
(121.38824123720406,31.25447999738033,10)
(121.42845176113714,31.26186228739621,7)
(121.35354068896484,31.293561507157634,36)
(121.44055889649633,31.257706103428532,7)
(121.45575197320618,31.26335468694943,9)
(121.44140380852075,31.244829564023636,13)
(121.44762455411387,31.24262955370245,28)
(121.44076894773549,31.280095099743217,2)
(121.43737690509492,31.26691023001603,19)
(121.44639472485511,31.244834753801214,24)
(121.45017579064258,31.251947037741996,24)
(121.38458156327562,31.26256232019785,37)
(121.37690249902964,31.268851086733,36)
(121.37870470570715,31.266447124720717,32)
(121.40728904726669,31.243223721700442,29)
(121.3863758316501,31.28294448957544,192)
(121.43086248736591,31.256697723900643,32)
(121.40126765035878,31.261768898990116,4)
(121.386156013647,31.242289265984226,27)
(121.4501616048518,31.260943984242346,26)
(121.41612452974496,31.26403932310776,32)
(121.4362396524605,31.243225391277498,15)
(121.39740644621973,31.26459383261926,30)
(121.45431617027032,31.25257422607592,19)
(121.42051905510826,31.246654956638924,5)
(121.38308726321016,31.24601277586779,1)
(121.38771634102582,31.251143524329496,74)
(121.43445176202363,31.27070560837194,29)
(121.39584693648658,31.244913538608,36)
(121.39799363749715,31.285191389609345,32)
(121.39830434580196,31.235866504058286,19)
(121.37681839419294,31.268977041417184,18)
(121.43739818276093,31.240037536442397,21)
(121.44634592792693,31.250618348435818,5)
(121.45379876330799,31.25651599635212,8)
(121.42536720195089,31.250458184600845,9)
(121.44681979713104,31.27190870064391,4)
(121.4144225367305,31.258186866194375,1)
(121.4211965762219,31.235536530433354,40)
(121.37095053745406,31.278901773910995,4)
(121.39872437415409,31.245661070224628,29)
(121.40273300890847,31.261815238821658,37)
(121.39027689402438,31.246240998469812,33)
(121.4116842644181,31.29039504911695,21)
(121.39507923445876,31.276262682652803,36)
(121.44717030769196,31.246005318784984,9)
(121.41976013009781,31.241713727250204,36)
(121.3982226954033,31.236831532502702,2)
(121.42932914367242,31.24235196393882,5)
(121.44875531146594,31.259545934066175,1)
(121.43609674272679,31.264648961866797,7)
(121.43580183099961,31.283351161851638,4)
(121.40757101620594,31.245412875687283,5)
(121.37588883875232,31.300515763388614,36)
(121.38620602660275,31.227417304276898,5)
(121.36427172249776,31.31180946369392,28)
(121.40903567555493,31.244924379833424,21)
(121.36820321703048,31.23523080691874,36)
(121.43349728252716,31.250492755022922,46)
(121.44160326317582,31.263070493808993,21)
(121.42860889756673,31.250398541190016,3)
(121.44969130267414,31.274007564716925,2)
(121.44652081852891,31.242025218206596,36)
(121.42141884341453,31.284994189526365,2)
(121.39274986397474,31.266182151320567,36)
(121.41222208287927,31.23106240068906,15)
(121.4007807803903,31.276346938386535,1)
(121.4488326238407,31.247456969556747,37)
(121.41607416525298,31.251009122688533,31)
(121.45391499592544,31.273918193253063,12)
(121.45937007792104,31.25022221099461,2)
(121.40841432291413,31.24571444951953,13)
(121.40428072325227,31.244143721202416,30)
(121.4368259072471,31.233815358845884,9)
(121.42411017075554,31.259202005562205,13)
(121.4072887610046,31.265856371841473,31)
(121.39168315777006,31.28984127808946,36)
(121.42783948368641,31.271398869357288,2)
(121.40143833358749,31.233874647000142,5)
(121.44936078055692,31.242476342404984,35)
(121.40148296595086,31.276172045025678,1)
(121.37520467912287,31.252373947275974,26)
(121.37340887596142,31.250514881232085,14)
(121.39285206589047,31.256209916604494,30)
(121.37147086584302,31.284727860179338,36)
(121.40710927373382,31.22581753145196,10)
(121.36289290179293,31.246613181047824,5)
(121.43893250745947,31.23751920265911,21)
(121.39199703916296,31.25139928517993,6)
(121.39090871194672,31.25709106709867,36)
(121.45603559947986,31.256389310875587,1)
(121.41610501819082,31.23803531031512,36)
(121.34509089615214,31.299234412031613,71)
(121.41658484145077,31.25027658779436,24)
(121.38347780016167,31.247163661340863,9)
(121.43657887519772,31.28630435255474,3)
(121.45855620720819,31.26081988817962,11)
(121.4071424348167,31.250612760963065,22)
(121.41068839678034,31.24341026416915,17)
(121.40813375403907,31.247847887312176,26)
(121.36787458422361,31.314519524257463,36)
(121.44511378948535,31.26616618746779,6)
(121.3726369220185,31.264539976277426,1)
(121.38473939336318,31.27274587978694,43)
(121.45954621575142,31.26784371911642,36)
(121.41657904133137,31.233656676459308,1)
(121.44844043975289,31.26142936276837,8)
(121.38919634838842,31.23459383331629,35)
(121.44686202082275,31.241775441015697,31)
(121.39291488652144,31.230684520977167,14)
(121.3781247970714,31.276280609333455,10)
(121.40915260431603,31.24406390575015,14)
(121.39819222001718,31.269393183149372,11)
(121.4365870052543,31.26065363661081,48)
(121.43800720267153,31.24775003895054,2)
(121.39787826165082,31.24851702306159,37)
(121.39520566680076,31.24596069241493,28)
(121.36973938362414,31.23042093853648,3)
(121.3753348413194,31.286619568469998,36)
(121.38690244072089,31.282643849279317,14)
(121.38325368976281,31.28385024902337,15)
(121.37893457677998,31.24003206486204,17)
(121.39097704693552,31.251144117768654,26)
(121.42851482228859,31.250565420650005,1)
(121.43071494820822,31.264400305407417,2)
(121.38253985688644,31.243034672069534,22)
(121.37726410884578,31.27017506733422,10)
(121.41703390331934,31.24227482798031,1)
(121.45252777606756,31.256407475468574,36)
(121.42303386410197,31.244622388808146,2)
(121.43060159810422,31.256462164835778,9)
(121.3969022774947,31.265455988016377,1)
(121.3883171496453,31.24047182253151,24)
(121.41869474067263,31.228731855377198,5)
(121.45931257078998,31.25814838823473,47)
(121.43211153779937,31.253206829495273,36)
(121.40120037530016,31.257172353649366,36)
(121.44709997008452,31.24267858076565,65)
(121.42148794581063,31.25383452102497,26)
(121.40457606782026,31.30497112484353,36)
(121.35462673043837,31.30300409221677,27)
(121.38492666440399,31.227610129927378,3)
(121.39812135723074,31.236903906516392,27)
(121.41447862165897,31.236498210917144,7)
(121.39968551606091,31.257312550645473,26)
(121.45003054020016,31.245323373687686,20)
(121.45191121575917,31.25640067643143,5)
(121.37219337703345,31.2367470676408,17)
(121.3856383778696,31.282425761482926,30)
(121.38939639732153,31.256169604665796,31)
(121.40822942553086,31.256013198713113,1)
(121.36729528801314,31.241759631978624,4)
(121.37389810597412,31.256261022049436,8)
(121.45163714040244,31.24823061450755,2)
(121.3928322402475,31.231822171660607,2)
(121.40215810683031,31.229972935598713,2)
(121.42303550022295,31.263389606720047,5)
(121.43343326957306,31.26327671808412,33)
(121.4093579516466,31.224182652201197,19)
(121.37580861182303,31.253189038728046,36)
(121.40345211527601,31.248673225211135,14)
(121.37936832760482,31.28870560046928,26)
(121.40171952170884,31.236526229491492,1)
(121.42333263146817,31.25641837857604,37)
(121.4268906096114,31.238785661790764,36)
(121.38307268284956,31.251027984018933,3)
(121.42090571341706,31.24248296507595,31)
(121.36775204783721,31.23714724582855,20)
(121.43317671956743,31.272115729148084,5)
(121.41140623760123,31.243460159054305,10)
(121.40289301186269,31.261481124384215,11)
(121.38062701759834,31.230500277640253,16)
(121.38592242471472,31.259087104834837,12)
(121.4404996257445,31.267292961518677,35)
(121.40079371487161,31.229674469933823,4)
(121.4088058982264,31.25718557128336,36)
(121.43093335640519,31.262496188878618,160)
(121.38224049419316,31.27131090641234,12)
(121.36905353287642,31.31426009952654,12)
(121.39579301164842,31.233061134613237,34)
(121.43997541650094,31.27721089887437,2)
(121.41037322674183,31.29800630222523,36)
(121.39793601495953,31.30270659097116,34)
(121.42699448584527,31.273035502890846,2)
(121.39651253773685,31.259231141755716,53)
(121.39897064724681,31.25913507748895,5)
(121.36129713357158,31.286304893104404,26)
(121.42754186403683,31.27286851134674,18)
(121.45643766873684,31.247676287480388,17)
(121.38896699929639,31.23286087092868,21)
(121.3580334981929,31.290901088870452,2)
(121.38151045750827,31.292257757381133,33)
(121.44866428350734,31.24221950179995,36)
(121.40756941549587,31.258716049361425,30)
(121.38675911507575,31.23453889623243,36)
(121.37875362028463,31.24495449516512,5)
(121.36425412069832,31.309444567047432,27)
(121.38432431154475,31.25760968627988,12)
(121.41277060999319,31.24069060881651,2)
(121.39699440683609,31.264544236399985,52)
(121.44198785870769,31.25508944531718,9)
(121.43555349604726,31.240731154258512,13)
(121.42881674662709,31.24251719821852,2)
(121.44732072700612,31.248715806445578,20)
(121.4020550801257,31.24481574998966,3)
(121.42341773349722,31.254922764414065,24)
(121.36925289670134,31.252783637183807,23)
(121.40764423151766,31.237020668224456,1)
(121.40952178463557,31.245475345735063,10)
(121.42651710145661,31.239868480891282,36)
(121.4014161431384,31.30131315243267,36)
(121.42216392532904,31.260321793374114,36)
(121.45297703521709,31.255596437010986,30)
(121.4341615023569,31.262855622891017,2)
(121.3892242384912,31.256035419794102,16)
(121.40551716058376,31.247832480350333,4)
(121.3801942953017,31.241128532688645,36)
(121.36542910321064,31.24707074098708,29)
(121.44725293329084,31.260936269438968,36)
(121.40316864814505,31.2288785058036,37)
(121.36822742074618,31.235192310081835,2)
(121.36399008448377,31.30834963924858,16)
(121.39748883304925,31.245643589923503,14)
(121.42422350654299,31.241332027530934,18)
(121.4239802983995,31.25929214366322,33)
(121.38929145318676,31.282332812953964,20)
(121.44429762753767,31.245682607500676,14)
(121.38961294151434,31.28327020363458,28)
(121.41607789532135,31.293744049612197,7)
(121.39582961308508,31.300099305014022,22)
(121.40908426626468,31.296127715137168,5)
(121.37509055502086,31.25283801114559,36)
(121.38388941937288,31.27804666924905,36)
(121.42453555215381,31.24521852698518,24)
(121.39281873377611,31.259319414457487,29)
(121.37128175102247,31.309851492625892,36)
(121.42776697771865,31.242567568436748,30)
(121.42189289087995,31.25689959348268,33)
(121.40343464211458,31.25610788787638,4)
(121.3990687800195,31.248746561882278,36)
(121.38877484599085,31.252915180115338,47)
(121.42288084463718,31.23141551274504,4)
(121.38926184676826,31.282376707472576,36)
(121.42928227908432,31.233573940683176,32)
(121.40592053439667,31.24855006063537,27)
(121.37133912418923,31.267056334873182,27)
(121.45076094539829,31.24591226060986,13)
(121.4215937129097,31.252120699958617,6)
(121.44668479463304,31.283258332107643,2)
(121.44781183341243,31.28015884735865,1)
(121.44508185246328,31.25473520360376,37)
(121.42585377418216,31.239698974358742,23)
(121.41589428481873,31.251368352760988,24)
(121.43181575977704,31.26266626681417,18)
(121.37706922313846,31.271779708292186,53)
(121.4000049385673,31.303937784836872,36)
(121.4531054824891,31.257159286581004,30)
(121.44075251725596,31.25740010861689,27)
(121.45607000572382,31.25661141566746,37)
(121.40139162244864,31.23398123741169,37)
(121.36905854725107,31.314330132828502,14)
(121.39016944422023,31.282443373310002,36)
(121.44993217663061,31.250115685870796,6)
(121.45383138285301,31.27605125149724,2)
(121.38897319716237,31.303950953842783,30)
(121.4215259469182,31.254189651923145,29)
(121.42231826337161,31.26028492557552,19)
(121.3793683275046,31.289200399397092,36)
(121.40951641521599,31.23450883058907,14)
(121.38415150706275,31.22954561728547,1)
(121.39902525487776,31.27731980260866,3)
(121.46266553862283,31.265231541752794,20)
(121.40395115414651,31.226646708771813,2)
(121.40796441229055,31.25873353098219,36)
(121.37443042887895,31.22787594273904,36)
(121.35473898973366,31.280237191546657,30)
(121.41619454712273,31.26394983795701,25)
(121.42893317611149,31.253739800871887,34)
(121.45444000970032,31.25910606098052,16)
(121.43806454868174,31.241332090097377,7)
(121.36467397712528,31.24486613799129,12)
(121.44798438257715,31.260979989520553,36)
(121.44085103903295,31.25743622692976,36)
(121.39561594645895,31.223526663188103,2)
(121.43095866161163,31.25685190472153,36)
(121.40714193667695,31.24490122540013,4)
(121.38061301486869,31.24217857150772,6)
(121.41802763128725,31.268601853856865,36)
(121.44402610791236,31.279536592158518,7)
(121.42067886225186,31.245795476706387,29)
(121.45090815695983,31.27519261771351,2)
(121.4226626886216,31.261882223600754,11)
(121.43335502749522,31.251267593973008,2)
(121.38903966385553,31.274229048596585,36)
