(121.41444663430602,31.2525868248904,40)
(121.3662551566453,31.237846344809373,5)
(121.3942458569373,31.247687508633533,13)
(121.43989696045416,31.25892926011757,22)
(121.43162480857079,31.260315465568418,35)
(121.44132857538476,31.24940995883381,36)
(121.3786317861165,31.299123161045003,11)
(121.38656326931554,31.293256200568134,28)
(121.40415001403085,31.23620112216063,6)
(121.45472536377834,31.264166295816644,23)
(121.45125480289002,31.281376714610833,6)
(121.43807503259336,31.235605482306468,16)
(121.42648603168874,31.23869297664379,28)
(121.43492579492155,31.2553134961651,29)
(121.3843647845285,31.2588446144162,2)
(121.38574579898768,31.28969356471314,36)
(121.38090542072796,31.2772360244438,5)
(121.37275015057295,31.23052462704599,27)
(121.37323166980971,31.22815855584644,36)
(121.4117884860601,31.258894883117147,36)
(121.40131152742701,31.237279081551684,37)
(121.44228118485367,31.265100315174024,10)
(121.42258573078396,31.261619164163847,5)
(121.39786899088472,31.244811716327163,4)
(121.41880369493414,31.270649871412076,22)
(121.42336313959314,31.26255000892504,20)
(121.45933237609313,31.263179201065725,36)
(121.43139709372647,31.271604526866383,2)
(121.41881097851402,31.24377763750711,28)
(121.43985912014422,31.263384429846997,36)
(121.34267420067022,31.28033746269937,4)
(121.44104128027872,31.254025868748236,2)
(121.44457497955958,31.27897846028723,9)
(121.38946729418366,31.262453886401122,5)
(121.38259656167311,31.264170580122524,10)
(121.43540772546136,31.237987154169762,14)
(121.39232999104796,31.27103895210229,36)
(121.39021935512439,31.282508782346113,19)
(121.4357544962123,31.26721449694562,22)
(121.40211119250353,31.261618028079173,4)
(121.34040915827858,31.29702853072373,36)
(121.37203334698236,31.25049301694835,3)
(121.375838695064,31.25365728022073,7)
(121.38902722223628,31.3036998971027,36)
(121.37414186293009,31.249300273923474,53)
(121.40768574420295,31.24943879158249,16)
(121.41318232072575,31.245062574800986,11)
(121.43156940417457,31.243369068635843,9)
(121.40211069423312,31.23215548563321,39)
(121.423072220177,31.23762120860051,2)
(121.42112025437704,31.2426407912878,33)
(121.38429640331178,31.271974651606328,19)
(121.40999706961152,31.27252900189988,10)
(121.37999528394187,31.254099203253464,36)
(121.45208036435245,31.255443293275484,37)
(121.37224954657725,31.31319777969246,16)
(121.41335832867875,31.239721014040814,4)
(121.45189527201191,31.245115728266875,6)
(121.4267477896388,31.26202604758007,36)
(121.38499773643794,31.25058457746107,7)
(121.37128778694007,31.313323446247036,20)
(121.38816283116144,31.296547445231226,15)
(121.45064801016449,31.255214580765628,4)
(121.44613487081784,31.244830308196885,29)
(121.42340485265248,31.264074675197858,24)
(121.39669791324874,31.30311566730809,36)
(121.37018687118939,31.28532136335457,28)
(121.4428361764045,31.254031654955416,36)
(121.38085602273905,31.2439934341831,5)
(121.38733759797579,31.268206192416752,36)
(121.43022228986943,31.256595353991774,33)
(121.3839193985387,31.23695148939153,34)
(121.37223524418063,31.313197777692288,2)
(121.41564972169381,31.271069536038354,2)
(121.42900494159487,31.28144109859362,7)
(121.39184146740126,31.26910482998963,31)
(121.4596929274413,31.257478941452575,20)
(121.38879486915629,31.267559056683993,36)
(121.43986151541431,31.237837877692154,24)
(121.42922026791442,31.262065874570204,5)
(121.4284398132346,31.2609290144334,2)
(121.40971454246585,31.25957699226433,11)
(121.38303005995644,31.290387516588364,10)
(121.39671273108375,31.283209318873936,2)
(121.38906212800207,31.290804847108063,1)
(121.44421508473293,31.260559272303716,4)
(121.39178149677927,31.235505028844194,13)
(121.43110427116717,31.234856725763986,37)
(121.41512418266313,31.291903680103555,32)
(121.42173029904082,31.248621065366727,21)
(121.44189113797282,31.24475602746739,36)
(121.42760711423573,31.242086500480823,19)
(121.38095653948619,31.243385471080416,16)
(121.46082714500841,31.248858620310997,4)
(121.36790463754657,31.314548578241457,5)
(121.43956824811875,31.244181242628812,15)
(121.37298429026038,31.23031986055641,27)
(121.423333364608,31.264826005879417,4)
(121.39037381592372,31.251677333502673,2)
(121.40053131715072,31.244861643938304,10)
(121.44918673907121,31.26059064099202,8)
(121.4511040503077,31.244606024072183,36)
(121.43724707804145,31.26648322354425,36)
(121.43216015719574,31.283981807923485,36)
(121.4226487438637,31.249445415071378,21)
(121.42697445586778,31.23805725706553,7)
(121.43705358542323,31.2570113069811,27)
(121.44283586401801,31.250437074639695,37)
(121.412607757144,31.247107219706983,13)
(121.36850816793239,31.30898133502897,36)
(121.40695616546084,31.304752173212353,64)
(121.42250205735888,31.26455348131519,11)
(121.34244602009096,31.295727240743933,14)
(121.39928072026753,31.261692061441032,36)
(121.3725532143044,31.24325167342925,4)
(121.34506915732823,31.299697683326073,36)
(121.43780422860573,31.278622560025138,15)
(121.37936832750673,31.289187599424768,22)
(121.38607815885253,31.288691611231247,4)
(121.35114018494816,31.29927353842124,36)
(121.42336501118177,31.284002991449768,2)
(121.37605709354007,31.300716043483988,28)
(121.44483128475426,31.25388135023118,36)
(121.38730757947474,31.268319216011797,37)
(121.37492249836149,31.254983743897927,9)
(121.43728473760984,31.253966857254365,12)
(121.38938140773375,31.256435709617744,33)
(121.41223840971732,31.259458027623822,36)
(121.40124838833766,31.233922908763375,36)
(121.36800379749116,31.31446268806624,36)
(121.38225408947112,31.285783377189798,14)
(121.40468023275358,31.25810278771586,3)
(121.37254687006163,31.265531282117674,10)
(121.40676821314027,31.248015610543938,11)
(121.39259152449665,31.29796207126775,37)
(121.41790810562127,31.227373623558123,1)
(121.36915232389067,31.252369993050166,3)
(121.40113765810497,31.29074027250943,9)
(121.41432508243822,31.2364193992374,5)
(121.44072610157407,31.24295799208599,3)
(121.42350793017435,31.26162650528949,12)
(121.42697651680203,31.24731778628877,5)
(121.4068718074278,31.300645579823435,2)
(121.42152601757563,31.255000006330235,37)
(121.42166410238494,31.264780980598488,12)
(121.41436169284869,31.287852106105916,22)
(121.4285387000976,31.260945926554147,4)
(121.42180234318803,31.284151140845637,7)
(121.40266312267913,31.299686361394688,3)
(121.40912089651823,31.24410029910059,3)
(121.44750401253984,31.27943063066318,2)
(121.38912335234961,31.269822260268015,36)
(121.38284179681628,31.232338358587125,22)
(121.42692052459816,31.23817936058461,13)
(121.42349282352264,31.260249922876515,24)
(121.44444242662607,31.246651801133883,26)
(121.41595009432993,31.260955509140768,36)
(121.42519716805431,31.239501861813537,37)
(121.38188471723021,31.290145290953905,36)
(121.45915084268626,31.255730069713646,12)
(121.40102915304786,31.2453766539114,7)
(121.44466698009299,31.245669475302087,10)
(121.42521355747338,31.241327239927884,34)
(121.4529713096731,31.274583356772787,1)
(121.41535803882323,31.244123000985702,7)
(121.4275088134311,31.2488536105485,28)
(121.4106422293712,31.229912137970533,4)
(121.42430885291004,31.262057835456144,4)
(121.38690281345832,31.28691758813273,17)
(121.39689001185837,31.296865876995714,36)
(121.41539121082916,31.22893626658362,8)
(121.38676749747216,31.227342595923147,24)
(121.43484124628237,31.282871179498912,36)
(121.44330935881649,31.266487281348518,1)
(121.3743414555157,31.252739039424785,20)
(121.40625859411982,31.29237701090963,10)
(121.36742898825896,31.29333569833982,2)
(121.40986157869528,31.259603322782485,33)
(121.39199955452311,31.23157461582901,36)
(121.36959413193088,31.230250658910318,20)
(121.36155056293639,31.297003995944873,20)
(121.44477114126526,31.262344123460032,11)
(121.41321688610533,31.279917421809028,6)
(121.40813442736521,31.25107994069332,43)
(121.43441208400849,31.245056820814956,2)
(121.41342906042952,31.238922707023,3)
(121.36443000733686,31.25025816137625,24)
(121.39823586373136,31.2421483188057,6)
(121.43452009882884,31.245025135673156,19)
(121.39363207540401,31.22733038890152,20)
(121.37699550801815,31.290488110110655,27)
(121.42317421919758,31.261555718810996,32)
(121.42416300067661,31.2463523219023,36)
(121.45122760244067,31.265368035863663,13)
(121.39036216761617,31.29025055959108,36)
(121.45434668166071,31.247802055855,6)
(121.43552566038784,31.265073877265323,36)
(121.44012638366002,31.282387743553592,18)
(121.41749822329632,31.229843460925167,1)
(121.44789996086136,31.254056131117398,5)
(121.41954175838603,31.235329424071466,28)
(121.40283412121727,31.285783279392263,36)
(121.42188198687252,31.234971827590936,20)
(121.42241647610628,31.245611264665285,36)
(121.45327199181065,31.258812877960143,17)
(121.4413062656554,31.23785825818105,6)
(121.4060650894987,31.235249850272687,18)
(121.44879698521852,31.242111211707517,36)
(121.43818683982386,31.240004356117147,36)
(121.4247648949662,31.251658200860774,36)
(121.41098790358296,31.26142412978162,23)
(121.45140773174175,31.245056702965265,35)
(121.41925433736425,31.228281348413372,2)
(121.39876454682215,31.258926915067185,36)
(121.45747228046024,31.26791893589505,14)
(121.35379939323825,31.283988103775844,2)
(121.39891983696488,31.242892427271652,5)
(121.36919674390968,31.313968190609582,36)
(121.39267044710897,31.239071198894,12)
(121.42774418877148,31.25086226388293,36)
(121.38204889313711,31.289951377713486,36)
(121.37459870365961,31.228205304503447,36)
(121.44830654533956,31.268026473363175,1)
(121.36990107766313,31.25257799176876,8)
(121.39172346608348,31.235647056406,2)
(121.41789861590225,31.278995263876098,27)
(121.37837584933975,31.245258235184682,37)
(121.3671896598541,31.24993164890843,6)
(121.41936038615694,31.252584247838865,5)
(121.38288074578693,31.242748116803604,3)
(121.4451586293036,31.253873800017594,19)
(121.44407197882565,31.279084330634205,6)
(121.42687659316486,31.2498916416836,10)
(121.42465016763077,31.242060021889543,15)
(121.38880851057486,31.251819263662167,16)
(121.45899654062382,31.259641172677295,11)
(121.44967289514558,31.251739884721154,3)
(121.38728181058568,31.248278505849655,18)
(121.3896488368169,31.240242564371304,31)
(121.4304695502008,31.263142925884686,2)
(121.45191232931427,31.245653284035367,36)
(121.44187918457125,31.246216370176676,27)
(121.4478543699083,31.257637775128167,8)
(121.41474460169492,31.249005733585594,36)
(121.42026180210556,31.27598474321284,16)
(121.42277491102705,31.242603668763156,37)
(121.3970714515069,31.277962316598718,3)
(121.42638726762456,31.240209748043238,31)
(121.46017561979001,31.272474682771083,15)
(121.36811711155283,31.292851494390703,23)
(121.42680167933379,31.22883044302082,16)
(121.43132715684946,31.259815575555034,10)
(121.38941243343496,31.256427728818302,10)
(121.42878364164964,31.265607447785193,22)
(121.45245359680999,31.275344694812098,1)
(121.38275976332935,31.29050630201918,37)
(121.38635243543408,31.230282393225906,18)
(121.42926856801078,31.246383827747746,4)
(121.36881414080052,31.31431278267631,29)
(121.38608836879291,31.233541875744294,36)
(121.39942689307215,31.248481564365637,1)
(121.44245931247524,31.252948464435004,2)
(121.38532981885784,31.253321768481243,26)
(121.41038656410142,31.279005643281415,34)
(121.39016289900603,31.289024928177593,36)
(121.34783798404388,31.285056190916936,26)
(121.42520176917928,31.239502662761712,26)
(121.41348817603843,31.261420551455693,1)
(121.45144803777448,31.26504029940331,5)
(121.43352053713791,31.252668966986842,2)
(121.40029416094104,31.244852096582612,16)
(121.39521587313715,31.291312305103112,36)
(121.40205347971039,31.2453282486666,1)
(121.37093263388594,31.245766519657252,18)
(121.36532575858722,31.275146193521945,36)
(121.42660006579169,31.255925696938125,3)
(121.45125037184826,31.275156949342104,42)
(121.3932390840966,31.276339713616974,5)
(121.38431366096229,31.29251457672985,36)
(121.3859203466091,31.235222498653393,2)
(121.41117730432312,31.243593261830412,1)
(121.37362352895967,31.254329830879108,12)
(121.4248331405188,31.27355675178171,1)
(121.44486984008769,31.24965542565118,43)
(121.44398964099295,31.24739875315357,23)
(121.45191293775581,31.27508982916167,28)
(121.36851015997853,31.251428112616537,14)
(121.39558798871103,31.24715841425654,36)
(121.37223434402995,31.313197777566458,10)
(121.43677467588738,31.264652073780308,32)
(121.34441797237287,31.27936331050681,34)
(121.4205566154678,31.230463604547346,5)
(121.41149426462434,31.244021393153485,12)
(121.4532982019507,31.270780111815103,2)
(121.39203428367173,31.288314887144413,7)
(121.4407002113686,31.28398484792558,11)
(121.4540593451886,31.279401063133186,1)
(121.34456686780969,31.290093208214643,36)
(121.35086647823087,31.2861938423719,49)
(121.36422913380184,31.249121296549855,1)
(121.39117469386382,31.243031035242304,3)
(121.37838141893047,31.233494212364157,1)
(121.40325276820727,31.23185411721871,6)
(121.42510527137274,31.280644994811936,2)
(121.4268202635929,31.25688475891164,3)
(121.42915472629288,31.24663605328622,10)
(121.37130699004715,31.313523348428276,35)
(121.45978800023782,31.24970031946145,22)
(121.3932531360787,31.265356096289864,5)
(121.43666121685028,31.268788984198235,19)
(121.44888279328048,31.24205703087702,36)
(121.43352635015138,31.273550919164016,32)
(121.43433747925627,31.25193891828693,12)
(121.3878575442709,31.28710924384962,36)
(121.46137791596793,31.251890711760158,27)
(121.36519584827361,31.27883252748851,36)
(121.42897344858456,31.263908776202502,36)
(121.43942480853539,31.25924608184503,32)
(121.42962871676211,31.241617332143324,5)
(121.44061120032323,31.241732613083627,7)
(121.42519766817662,31.239494261930833,7)
(121.45238602655739,31.277290755803385,9)
(121.41788348827849,31.27566449965019,19)
(121.34886775711696,31.296989625644574,36)
(121.44651384880395,31.24175668026139,9)
(121.38432656992991,31.279828446641353,36)
(121.41205661884241,31.2727127153418,3)
(121.41699204355619,31.228875471823528,24)
(121.40903237474217,31.244987079027897,23)
(121.45141133745051,31.279010239619513,1)
(121.38328050101387,31.231217418186333,4)
(121.454799478505,31.267878100297242,3)
(121.41456445566419,31.238440663589213,3)
(121.42784891151693,31.229581124649766,19)
(121.41252883775537,31.25954967906834,32)
(121.42274673693224,31.274708600808896,1)
(121.43921417553867,31.261632111374936,17)
(121.42029408281135,31.229057093594967,43)
(121.4118897794281,31.238669785846902,34)
(121.42868245383211,31.24857938007624,11)
(121.36558369216881,31.246047032516852,5)
(121.42612269345153,31.236277458500556,42)
(121.44173148347066,31.24534153486852,37)
(121.42506799558952,31.2332456899629,36)
(121.39942075269548,31.26874967494946,1)
(121.36369462484036,31.238057581166835,36)
(121.41708328931065,31.26885034550883,6)
(121.40194925446052,31.250436417636358,37)
(121.4225329146872,31.24162230571343,22)
(121.44686392121207,31.241761641371806,63)
(121.41671449584659,31.247097123377618,36)
(121.44326082426247,31.282236938609554,32)
(121.44435309546421,31.24380359340212,37)
(121.3911199513379,31.223491060671552,36)
(121.3894424415032,31.25622766357428,36)
(121.41107978891392,31.271804530120466,7)
(121.42163209380314,31.25614059062994,7)
(121.41353088565315,31.23871682871183,20)
(121.4126756635231,31.229491527393964,21)
(121.36841951022441,31.291599425507325,36)
(121.38298694483143,31.23674960159079,20)
(121.40227567588335,31.27059388718867,3)
(121.44564867183944,31.255459602862746,4)
(121.39247876035482,31.23855009200459,10)
(121.3992539552212,31.27287402704231,21)
(121.44161912608942,31.238938335457085,41)
(121.41892502403242,31.253995129239364,13)
(121.44458742691197,31.249949024251354,4)
(121.36982458018595,31.246089249715325,1)
(121.35682598063116,31.277822746597533,3)
(121.39503241486673,31.267177840925054,36)
(121.38875259390305,31.25334088979135,36)
(121.3671645324605,31.235616663641306,36)
(121.40993789751441,31.258180541452738,36)
(121.42025965457275,31.25136619785899,36)
(121.40623666986814,31.276233727933278,2)
(121.43953927877496,31.255437260717503,2)
(121.38281700546698,31.246568761862257,3)
(121.42806532340404,31.241786968984087,2)
(121.37988112696553,31.281760697506048,21)
(121.40421311708492,31.260223782423832,37)
(121.38700446590184,31.270357027128245,37)
(121.39015594127306,31.28241597088665,36)
(121.41007530084234,31.298226430610868,3)
(121.40402545298186,31.260864317746734,36)
(121.4329558781127,31.235982165326956,16)
(121.39923056955897,31.268555199685306,30)
(121.38532896420749,31.28371294212638,20)
(121.37864067318867,31.232504049251737,7)
(121.39696872984263,31.235844957488375,37)
(121.4444724217329,31.24727602936218,5)
(121.40595186908874,31.255703969113867,7)
(121.42878029110824,31.24802804032591,37)
(121.40852983854218,31.24471409290519,18)
(121.4465222505497,31.241772181703354,4)
(121.36717225734414,31.24958904746466,15)
(121.39716147930514,31.266314464543044,36)
(121.44744314425505,31.257253013414793,5)
(121.39333720442659,31.26549420384609,25)
(121.39740484564787,31.269182782918953,30)
(121.36994588969286,31.233245337635754,86)
(121.38925374291377,31.29690057506032,36)
(121.38662734179827,31.284568406166184,37)
(121.43254263973289,31.273038990935177,269)
(121.44955079299193,31.258806701710252,31)
(121.38716575009778,31.23735351129925,13)
(121.41079340857874,31.272566791021234,36)
(121.43646319053788,31.253426623149732,20)
(121.40405326295591,31.26213958763009,27)
(121.45159142966732,31.25034463848656,3)
(121.36763850622657,31.237535220770333,36)
(121.39964083201669,31.246882923666703,25)
(121.42534447856451,31.25337048475406,12)
(121.38424962131019,31.23679694675685,34)
(121.36420061318358,31.309789060108333,34)
(121.4144816217351,31.255607695351113,5)
(121.43552887675239,31.233419318578893,2)
(121.4297408692023,31.24683707774058,19)
(121.38005644299643,31.255047683308,19)
(121.43653016688013,31.264038892460356,27)
(121.373988456315,31.256068951484217,26)
(121.42658512616231,31.229504692186435,17)
(121.39051882161306,31.250405873286823,4)
(121.44146827431986,31.254590246996923,35)
(121.39825007820482,31.233061203351898,6)
(121.40465332152904,31.227567218749204,13)
(121.38023580499825,31.232680756340727,1)
(121.37246011810261,31.23534785472097,17)
(121.42459813050714,31.263989687780754,16)
(121.39273405490553,31.268499125770195,10)
(121.43354887375332,31.245521768844142,1)
(121.33497169677922,31.301590303949254,36)
(121.40564611584429,31.24723322239466,14)
(121.38449527221275,31.27433332211035,12)
(121.41948894241887,31.23702822637205,26)
(121.34392857636253,31.287283633833066,7)
(121.37799583571672,31.278698464839458,15)
(121.35578946957851,31.307442791303238,36)
(121.42578633796893,31.2453775807945,12)
(121.44135854231048,31.24965702256385,6)
(121.38861451489515,31.230709195362135,5)
(121.42388140402551,31.25946429309723,14)
(121.42885771804374,31.253967583519117,2)
(121.42901749797743,31.26566959523045,23)
(121.42718577711953,31.26831044731185,1)
(121.40102863501635,31.248549336270276,37)
(121.40501130974961,31.227034006293383,19)
(121.44226526789383,31.254231639249955,29)
(121.35522964452494,31.287857137870663,36)
(121.46296056172226,31.264560870580564,8)
(121.43594286184006,31.240327472942642,7)
(121.42280858320393,31.249412948365592,19)
(121.38025940110457,31.274789173349397,6)
(121.38387471759945,31.271248181096638,14)
(121.44024882391263,31.239382079344963,18)
(121.3748715982723,31.31012306324098,17)
(121.42520016878731,31.239496462442887,37)
(121.37197382611791,31.26369874692164,36)
(121.37232939032694,31.229273900220512,3)
(121.41939645253277,31.242160596134095,37)
(121.36575904516503,31.26710543773615,27)
(121.36843145210449,31.2350531364389,30)
(121.3720269363134,31.26401795366992,15)
(121.39184871607304,31.26932711188368,4)
(121.4085606874255,31.243015330395792,22)
(121.45372473255583,31.24520016256002,1)
(121.36428042370147,31.311828764652468,30)
(121.41023975772133,31.25799676633681,8)
(121.38991431731716,31.238771251438695,5)
(121.39413957190706,31.275208749860376,35)
(121.38880851118502,31.251826266743567,20)
(121.45618058408084,31.25275745887487,45)
(121.44245331841154,31.285332401325498,27)
(121.41875640448433,31.23679551675326,23)
(121.44615115584352,31.28308349056981,10)
(121.42693669133921,31.240291300949913,23)
(121.37877384117824,31.266968423233703,37)
(121.4347956238953,31.274958967743913,5)
(121.39905379231944,31.248954648899257,3)
(121.44779611558056,31.253959080430644,8)
(121.40209457237773,31.269890552410715,30)
(121.36315428975136,31.23994019421397,36)
(121.38836405332451,31.282249645164026,17)
(121.41299489566548,31.232227766139136,8)
(121.44726764335508,31.25796095598005,36)
(121.4087899442741,31.246230750911995,49)
(121.42828840845146,31.25428927445073,21)
(121.45535977749613,31.254472920398484,10)
(121.40901256987347,31.2449617749682,36)
(121.43872351610874,31.253618629392278,16)
(121.41389127575162,31.242386909610104,35)
(121.38462437749445,31.231604790216757,1)
(121.43942564562742,31.268867199885282,36)
(121.39197254244978,31.2917992465134,14)
(121.3825404033008,31.27777189895952,36)
(121.42203419352283,31.26256346202017,10)
(121.40950559100217,31.259441849107002,9)
(121.41721160151073,31.232337957788342,7)
(121.40679852774261,31.231900642187696,22)
(121.43521218857882,31.25420057126075,37)
(121.43472341557464,31.259873649619916,35)
(121.40907798596716,31.24414669010801,36)
(121.44581310598446,31.25430343406888,1)
(121.40708566002476,31.298992934239024,3)
(121.35128439102986,31.286577740625262,9)
(121.43730074139094,31.25466265903291,36)
(121.3918449145956,31.274213201048312,36)
(121.42144199711751,31.254009627437036,33)
(121.46099119645605,31.266090740337013,41)
(121.38303415236696,31.24713078862771,15)
(121.41305086721411,31.268291270980935,27)
(121.44638362254962,31.244833951856897,19)
(121.43325840365539,31.244087088170517,2)
(121.45454489648156,31.25582918613092,1)
(121.43776778209039,31.27281619232645,7)
(121.45941778762709,31.25539830824485,32)
(121.41316399513343,31.26129890844631,35)
(121.37940857460346,31.27748453453307,12)
(121.43671250680188,31.25384984701406,36)
(121.39137044261463,31.29580745200355,4)
(121.37226833232685,31.229691012381046,11)
(121.37706298644177,31.271925570212325,13)
(121.43787796780875,31.2540830099079,36)
(121.40737277993304,31.266104476476794,37)
(121.3963150280527,31.269167863824308,31)
(121.3736278241979,31.30369519904764,36)
(121.37872743176695,31.262954657871276,20)
(121.44866735650201,31.24313590762324,36)
(121.44233335518707,31.245210543952304,8)
(121.40977917460378,31.227465129244514,31)
(121.38410320089271,31.24388078397609,10)
(121.40913132052872,31.232663754145733,53)
(121.44203950514353,31.28655762220876,36)
(121.44404432965962,31.243771237907385,30)
(121.37554332870454,31.25968977226285,23)
(121.3632974523429,31.24441582916779,36)
(121.38547034563574,31.26684386500943,167)
(121.4023271904699,31.24196242611329,1)
(121.43739538408356,31.249803784952928,27)
(121.38949650474652,31.2564277901054,36)
(121.43393255944845,31.259701540428694,41)
(121.42554127099383,31.24177517175131,1)
(121.44911627529015,31.241978568383693,21)
(121.40355118868972,31.285066108038794,2)
(121.37228663621904,31.25592880165503,18)
(121.38918102718476,31.29679856204858,25)
(121.38599075265043,31.27377104134953,24)
(121.36497222031178,31.313240441927913,3)
(121.38641924409406,31.262480440101978,37)
(121.45705886501632,31.246998057229348,14)
(121.42144436792128,31.24285930791658,25)
(121.39280309790647,31.26844214303033,18)
(121.41251085264967,31.231075297073644,1)
(121.39104706386645,31.24021515262833,57)
(121.42309515259231,31.236770631597313,3)
(121.43992903373767,31.253774761080763,14)
(121.45543703226946,31.27111690793781,4)
(121.36431480451976,31.250304006267147,35)
(121.44000235608497,31.282604219820808,5)
(121.43401676354507,31.263439048344317,11)
(121.43393246280844,31.251508307791013,19)
(121.42628823630362,31.238664135352728,28)
(121.36424563391152,31.249769664895773,36)
(121.38371138465936,31.270241155420617,19)
(121.42105601661376,31.285177039654272,1)
(121.4290116928956,31.23282895921331,19)
(121.38515298012595,31.26619931125954,36)
(121.37388286021506,31.253690880112963,20)
(121.44986085739514,31.269059734334622,5)
(121.38758209102913,31.25255176653953,27)
(121.40884977346309,31.232879715588535,3)
(121.4428221312314,31.264689289874518,14)
(121.43815167408114,31.244431360194383,5)
(121.41029028450122,31.23754045462277,1)
(121.41014464857336,31.24245011496899,36)
(121.43937101408326,31.27819280932514,36)
(121.38349560864317,31.25623266885567,1)
(121.42767847267928,31.270031616467563,2)
(121.38925435959185,31.291560291640867,4)
(121.37155109707885,31.239847695055744,8)
(121.41559269675163,31.23541106657326,3)
(121.36853092873918,31.24931827276186,2)
(121.4412610684116,31.26513990131507,36)
(121.46067794604608,31.25345898467303,6)
(121.45624971626427,31.25627785432039,3)
(121.42412470212486,31.25398572293512,4)
(121.4090936898286,31.24415239335528,36)
(121.39252647139541,31.23552740689642,27)
(121.42301912691265,31.24748867669862,1)
(121.42250310892429,31.260345163925823,17)
(121.40494908599712,31.304748075972377,36)
(121.41256434638898,31.246403011986878,36)
(121.4074867825431,31.266183508174468,37)
(121.44005878691901,31.26482599616019,32)
(121.39196434701535,31.229184013884062,13)
(121.44227604905109,31.246308611400064,16)
(121.3801270309309,31.283789900416174,36)
(121.45397164597088,31.260859416549142,48)
(121.42252800969891,31.229867048300527,22)
(121.45940288820715,31.264924688401308,56)
(121.44859985720078,31.2472078485719,17)
(121.43672203330314,31.267045355249298,1)
(121.37846515940609,31.276991582810346,7)
(121.35436576585262,31.286447082988524,37)
(121.38062726537537,31.233349584743564,2)
(121.4103096543831,31.245500256615518,36)
(121.4159287131968,31.245008518142534,1)
(121.42679155894436,31.261012549415412,31)
(121.44093368948232,31.265468536017657,5)
(121.38915472150602,31.29669955747749,30)
(121.39689516450994,31.245538524271705,36)
(121.40636272098817,31.24563972619676,21)
(121.38558736641004,31.287608841536954,36)
(121.45878451898211,31.25976093218984,7)
(121.42944632174253,31.258335927607263,8)
(121.4515409430176,31.254910742264393,3)
(121.42465320111884,31.276854069207193,3)
(121.38925183331922,31.26259427766793,36)
(121.42780454010261,31.23803148724147,36)
(121.38517277966878,31.29288215814578,21)
(121.40331990544757,31.23460055666297,1)
(121.40945266354555,31.243971681311375,37)
(121.40108436933787,31.250654074229928,4)
(121.43628621413173,31.250507570455518,36)
(121.43789592922617,31.253979940076142,37)
(121.42890706850574,31.24718754296727,21)
(121.45639564460872,31.271189937414203,32)
(121.42323330665401,31.251692381261606,36)
(121.42057902667057,31.235368837212466,7)
(121.42430913149057,31.272330449939364,9)
(121.38494133291663,31.28710633048286,36)
(121.36919141224831,31.252646169042933,4)
(121.44322325844328,31.265051449624305,23)
(121.39003005577298,31.24615964998951,11)
(121.45893253389605,31.27256913912128,6)
(121.40619730659495,31.260626114885337,11)
(121.39999911337001,31.231809894071354,61)
(121.43439627107635,31.244641854748256,1)
(121.4238149524403,31.253559780578687,1)
(121.43483697659249,31.23382792216996,7)
(121.41068322768635,31.256360887854946,6)
(121.43793188290967,31.254128955889673,37)
(121.44033205541632,31.268808852772263,2)
(121.4068825266624,31.251618203806544,1)
(121.43678750778737,31.24000822324183,4)
(121.4250415368528,31.273539377154535,7)
(121.42215454357441,31.249102444054877,113)
(121.38765210267773,31.27315123655981,31)
(121.45942348954982,31.258368903554167,11)
(121.38048485299484,31.23291779613855,37)
(121.39022768686418,31.232224889984867,15)
(121.42695947916698,31.238139307642605,21)
(121.4087073948665,31.246051409587466,1)
(121.39011731210444,31.282720338557084,33)
(121.41795008159913,31.239780252161136,25)
(121.3821250587004,31.24485231540809,2)
(121.38068231752949,31.24468276580566,13)
(121.44831151900016,31.25913860609055,15)
(121.4028469581866,31.23507034730102,24)
(121.40273028541185,31.230583330509234,18)
(121.37653413116149,31.246617679532406,20)
(121.44808317268607,31.261002822337495,14)
(121.40232744448609,31.244875731458926,36)
(121.44737535387617,31.262083324403342,22)
(121.40722908666649,31.292469354352555,6)
(121.42508526337407,31.250435049434984,1)
(121.43571655074287,31.267170526891633,1)
(121.4276996761338,31.235447183456458,4)
(121.4251946674452,31.23951216127828,3)
(121.42453617877564,31.25240871175362,37)
(121.41230388205574,31.2594340322857,37)
(121.44098966645825,31.24258608025503,1)
(121.43797309413922,31.254044289294022,36)
(121.42788522102636,31.235623321048863,36)
(121.42783554007569,31.23843063916132,36)
(121.37570790955647,31.24674507110261,2)
(121.45577754600019,31.252233070711515,37)
(121.39959599695541,31.23213818217033,25)
(121.41273932090245,31.225791799463614,14)
(121.38931235622876,31.256520696022037,36)
(121.41300108913437,31.258503425256517,50)
(121.41579313297407,31.23760423883619,8)
(121.39699874207753,31.235815957161062,9)
(121.4024887442731,31.259372137841844,4)
(121.41905398175848,31.23415515592954,5)
(121.3833166848003,31.247900835286625,10)
(121.45261126584961,31.255671778372594,8)
(121.43796183127964,31.25410390368197,66)
(121.43630793399657,31.24359731918899,20)
(121.41808221542564,31.26035704049253,36)
(121.40147540793991,31.281259144931745,13)
(121.36874717129514,31.246808965681538,31)
(121.38141835746339,31.28088505874781,12)
(121.42240158390942,31.26034104280827,32)
(121.38628307357234,31.27389271232225,8)
(121.35337373753252,31.30966147606309,37)
(121.4468875365708,31.283268967452425,18)
(121.36710603177482,31.30923630893036,36)
(121.40866048992675,31.25232945912983,21)
(121.40671572771637,31.26620118920141,28)
(121.41721867653698,31.263763175351215,7)
(121.364376237677,31.309437781147164,49)
(121.45207799650755,31.2468351395982,6)
(121.38814783630662,31.296762518361962,37)
(121.42784570340821,31.280547943856167,1)
(121.3963544262513,31.281827593091723,32)
(121.40011747273523,31.286714002652023,36)
(121.3812150385795,31.234021501996573,5)
(121.43028140121612,31.265584951508078,13)
(121.45663607847627,31.272806209540516,7)
(121.41109919867179,31.23070542552461,4)
(121.38934334471254,31.256084528763576,36)
(121.41064343247014,31.243712406734787,13)
(121.40129259250793,31.272488460066263,1)
(121.39934895664614,31.272481683844372,15)
(121.36139855503465,31.286210670678624,36)
(121.42888936906319,31.261857978408685,4)
(121.44630960717501,31.244838738869436,24)
(121.42629193627852,31.250996165846562,38)
(121.42396532463736,31.259435216952532,13)
(121.38002790620502,31.283781791349806,3)
(121.39641845569753,31.231938958001084,3)
(121.44163453848103,31.266889077349944,21)
(121.38470174278356,31.277216709580003,34)
(121.38399845818806,31.23045928345704,4)
(121.45406766747611,31.27323440816712,15)
(121.45558111756603,31.25648584166059,72)
(121.39644828470757,31.223315211430364,1)
(121.44183066996365,31.249583267115533,8)
(121.41283761444024,31.273082416835944,3)
(121.44416953738347,31.264731139032353,2)
(121.34869854258176,31.30195350378615,7)
(121.39780104504062,31.2464300657156,37)
(121.36920765915401,31.28785372457138,10)
(121.41793927838076,31.228875670177185,2)
(121.3899868289475,31.258466920431268,1)
(121.41749939221701,31.26072344869075,8)
(121.40639565015826,31.248649158091876,1)
(121.44164413189996,31.24048333726661,2)
(121.43685750342486,31.252715789974797,5)
(121.38926727296334,31.25600743929983,15)
(121.40096541731945,31.28711694549143,18)
(121.39943029405171,31.287456087782726,36)
(121.39423885487415,31.25178909910835,22)
(121.44439758875801,31.258986292314493,37)
(121.40212179502534,31.261873829705962,15)
(121.40114256238381,31.244857666358673,40)
(121.40546760396059,31.22447198274044,20)
(121.37130913134494,31.26768356097704,13)
(121.4549701036442,31.247417564624104,2)
(121.46176699712075,31.257571561186477,16)
(121.44676517843318,31.25200223153165,6)
(121.36811703056502,31.291920122913673,14)
(121.44119211231727,31.264206606797686,1)
(121.3988279766469,31.286486490744448,6)
(121.41063406922497,31.26870206554312,2)
(121.3815295138059,31.269663497494484,3)
(121.41515130654608,31.247650989564967,37)
(121.45813020888733,31.259607289832072,4)
(121.38182272529593,31.279589935981555,33)
(121.36676022539471,31.251633244255984,9)
(121.41825508700414,31.25248878772683,37)
(121.37838730973576,31.30116892475589,29)
(121.4241240335043,31.2463143348878,12)
(121.41062605583922,31.227883204069073,37)
(121.42598339777284,31.23690159741159,11)
(121.4313585576042,31.26253637426964,21)
(121.38054506061012,31.2551732557203,22)
(121.44828831587041,31.254792163322847,36)
(121.42737910264609,31.25052846990974,19)
(121.41732755054875,31.251559824764836,28)
(121.42973686702669,31.23785129357168,115)
(121.37601828600394,31.292060582354054,27)
(121.40984667502256,31.259622819644974,36)
(121.38358151286218,31.299985842694785,3)
(121.45123999996174,31.2478107704932,2)
(121.43004646400036,31.246273071978994,1)
(121.43944175886145,31.28195362958748,9)
(121.38559436783302,31.28779004236961,27)
(121.44303961369108,31.242500458113426,36)
(121.38952831200173,31.23112226032347,2)
(121.36590686179031,31.284770316944694,29)
(121.37664243265841,31.231981594551343,35)
(121.37489921334897,31.264998665634124,28)
(121.40128399240032,31.29995628256721,19)
(121.41882836089985,31.271202544190086,9)
(121.43591154080075,31.236085591396414,33)
(121.44246312440394,31.256837467627733,1)
(121.43582777625849,31.23730325267742,13)
(121.4020790935987,31.264445235459426,14)
(121.40116026751204,31.231811895121087,5)
(121.41445149685994,31.269320625742182,5)
(121.43658627788786,31.25394042240929,29)
(121.37964597844731,31.2991974219664,28)
(121.36777643989444,31.281645854350693,16)
(121.43720003460086,31.25364173816825,9)
(121.40539218568415,31.223626768869163,4)
(121.41104738663748,31.244192553543193,32)
(121.44115824347986,31.265007000314576,29)
(121.36884954684898,31.283767872197892,19)
(121.3819619408997,31.246297546367412,2)
(121.44518994442072,31.258216641280356,32)
(121.39583802129665,31.23952353074392,36)
(121.44699874901683,31.241778164808725,10)
(121.44888223540937,31.253502166850268,36)
(121.411047330105,31.243544263338183,2)
(121.43290811964786,31.260932281542015,35)
(121.43245531806795,31.266401086339897,7)
(121.40629631402761,31.260684143346648,29)
(121.42268472641014,31.262529486429237,12)
(121.35704214186846,31.297833183002425,36)
(121.42472693140233,31.251658231037393,22)
(121.39653830090843,31.267972140480502,7)
(121.44429782627192,31.247970625298187,5)
(121.42821250561971,31.27955560420039,93)
(121.3586781124397,31.294994784419114,6)
(121.3968534390384,31.233161683166614,11)
(121.41058943882967,31.243658391096233,24)
(121.3951898739794,31.24844378800866,60)
(121.4464073794314,31.257266154933188,29)
(121.43466520336685,31.26791616615304,13)
(121.45569195884458,31.251720699488455,3)
(121.38464447700775,31.25775324095391,23)
(121.42622213969985,31.259697502060632,5)
(121.44518949501885,31.253043384007103,36)
(121.44224365797518,31.258247423316284,4)
(121.42477019946871,31.255206752849844,13)
(121.44284557172124,31.242303723067966,37)
(121.43344434733258,31.249249549278833,37)
(121.42622660094787,31.230640526960332,37)
(121.43571396813948,31.237494485518436,7)
(121.4098309711527,31.259582716458628,19)
(121.37229105353731,31.313197785500538,30)
(121.33981563445657,31.297750911130365,36)
(121.4120921987787,31.24509874866453,28)
(121.37753618914871,31.264831363942676,12)
(121.40818512465113,31.224713989436854,36)
(121.37683336674637,31.268423824850668,36)
(121.46109696732422,31.261323530955142,36)
(121.41566461580086,31.270393414192636,2)
(121.42945872476189,31.23934047703154,14)
(121.37481739207215,31.278540628412635,16)
(121.38954154665286,31.256471841996976,1)
(121.42907082735006,31.24664814175269,10)
(121.42882916603959,31.27017758276022,36)
(121.39577270572163,31.24494070746302,1)
(121.45944588257893,31.249420953955024,11)
(121.45106744569067,31.25969573132789,36)
(121.42373588778415,31.252031159601458,7)
(121.40862086691045,31.233673095756508,37)
(121.36834655230568,31.293491075782164,35)
(121.40828995476369,31.29162398325796,1)
(121.38107004778898,31.236142319135112,36)
(121.38930395472038,31.290455097996766,36)
(121.38878606118516,31.258370107887828,64)
(121.38126566637916,31.286539208627083,30)
(121.40454432318629,31.29648981372905,7)
(121.38457260454832,31.277203586895425,71)
(121.42076817917884,31.284551964181095,3)
(121.43745809514515,31.23617658705373,8)
(121.41324841580024,31.246328255144615,36)
(121.40191724681321,31.25035501134583,27)
(121.41715147639164,31.283945645327982,2)
(121.45580872381153,31.25517529558792,5)
(121.39284854084865,31.256160226481366,17)
(121.44019865975173,31.236302667934183,1)
(121.42835105594565,31.241868735936077,25)
(121.43951074341726,31.26867675406971,30)
(121.38044099373334,31.290368893509125,36)
(121.43624054883895,31.2535279588902,17)
(121.36497222029752,31.3132947418042,19)
(121.4512793896586,31.253129464701704,19)
(121.41008683424137,31.256043576624496,36)
(121.45264249246449,31.256249180912064,21)
(121.42347486951053,31.26017069730756,23)
(121.38836165281255,31.282228444776308,37)
(121.40683757597971,31.2521794503824,2)
(121.45535690175039,31.26379062582422,16)
(121.41292573595945,31.252469075835844,143)
(121.4431969814333,31.25968254099333,36)
(121.44913860513033,31.26358261634154,3)
(121.37306269557443,31.263909802239382,17)
(121.39415604896546,31.292023619656188,10)
(121.37474808830282,31.258250857631538,150)
(121.41529022204398,31.245534384092682,30)
(121.40805013331246,31.25871264875742,28)
(121.38394933148886,31.27836047879686,14)
(121.43806654537309,31.241332087336634,8)
(121.44639072402423,31.244833353102543,36)
(121.41825508220566,31.25243376354817,2)
(121.39830849352141,31.24485380271334,22)
(121.43966864414448,31.26220600660009,5)
(121.38255267319909,31.246224350264757,3)
(121.42926865976229,31.247437296289178,3)
(121.35056548340117,31.282032610852216,10)
(121.43882338625659,31.254279151061517,20)
(121.43407661188364,31.262695657032037,2)
(121.4594843383576,31.255846692596183,6)
(121.38296498824656,31.290409462502694,20)
(121.39708644808499,31.277839272038296,8)
(121.46050360617399,31.255665342060908,31)
(121.3796225995278,31.2746375832379,15)
(121.40007822647121,31.272586167937465,2)
(121.45328164891467,31.25245825570889,36)
(121.3577670105469,31.279236658062008,36)
(121.40259966590675,31.22378415721366,36)
(121.46375308493293,31.257222390850764,22)
(121.39202904590023,31.2282338499828,37)
(121.4560034308245,31.250489430983812,1)
(121.36824732658161,31.29280766263515,3)
(121.4090340751617,31.244893479560925,36)
(121.37933952548529,31.23306077496634,1)
(121.39963020150952,31.276420100891936,14)
(121.3782550190381,31.27684799201843,14)
(121.4283103181968,31.265004887754024,21)
(121.3966733329796,31.259499184036702,2)
(121.45571023817455,31.24745997791485,36)
(121.40828585210976,31.244621066079187,36)
(121.37637307991551,31.249722417621904,36)
(121.39670865009057,31.23641910554317,37)
(121.37658381895517,31.245835757561974,36)
(121.39193604073589,31.229135108688954,33)
(121.43588161217384,31.236373761064634,25)
(121.36783844572096,31.244471630682373,1)
(121.38579600944784,31.289620573641443,36)
(121.43877908030322,31.26117183458576,6)
(121.43084383467756,31.259797876010502,5)
(121.45557491523509,31.25249954807221,30)
(121.38733604804602,31.24352503094182,9)
(121.41815933454913,31.260261556829303,36)
(121.4559487838965,31.256450597618656,4)
(121.45431690555198,31.2610579178841,5)
(121.43966658446624,31.238519551600547,19)
(121.3992308088592,31.271297357221556,2)
(121.4386388901126,31.2447928416008,4)
(121.43199092770382,31.25157445311231,132)
(121.44874517662802,31.25451380730462,21)
(121.45293878588018,31.256169561331518,28)
(121.40737916925505,31.245374336149204,4)
(121.41331893353713,31.26137384071244,37)
(121.44009879115009,31.242192046041886,6)
(121.38939694664944,31.262472331764663,17)
(121.42164248954319,31.284366333719564,7)
(121.3630907140506,31.24025163952085,5)
(121.4337073292651,31.235123825053382,45)
(121.38815621223601,31.25982285449837,36)
(121.4016565090616,31.25894877547948,22)
(121.43893837034928,31.26760135975143,3)
(121.43898782465669,31.26135166899089,36)
(121.35033775356342,31.30231129212125,32)
(121.37496001905568,31.28710522709246,27)
(121.43006158360156,31.2461999410034,14)
(121.34796439435945,31.281597906126425,24)
(121.37900002134849,31.231132818574977,12)
(121.39937814565103,31.2318704394276,1)
(121.44281627467224,31.28327554038534,23)
(121.44448833666013,31.24665972894527,5)
(121.43780209912204,31.254157146492926,37)
(121.43220455624875,31.249869767639687,6)
(121.38328710389231,31.243315138991342,17)
(121.38760578482938,31.30189109828939,36)
(121.38683572935903,31.276340884699746,36)
(121.45607202578124,31.24675876626534,4)
(121.41416954514547,31.287870265815393,35)
(121.43298840714327,31.265511152561174,2)
(121.45175355185853,31.279058599580512,16)
(121.44385189018755,31.250897890090393,36)
(121.39285644258176,31.256464327356458,24)
(121.36430482766848,31.309709072288648,12)
(121.4121372083405,31.233888674094512,8)
(121.36644771437399,31.251970934364387,36)
(121.39395771273581,31.248831682353874,18)
(121.37316562994528,31.263427184114807,14)
(121.40985207635414,31.2594297211484,8)
(121.3920510740485,31.22837292807529,19)
(121.3951622904402,31.26488092819033,36)
(121.39969451483807,31.300885862621858,37)
(121.43999596350554,31.260954990981734,1)
(121.41133186290084,31.268614142061928,1)
(121.4051703522062,31.244555914623085,3)
(121.3705419978896,31.23408571986036,7)
(121.36790463537012,31.3145235688647,22)
(121.42740280871664,31.27260525229429,36)
(121.45892910523271,31.25935744095034,1)
(121.43253073554928,31.25054818472309,2)
(121.39177540292341,31.30332765571203,1)
(121.44984909153419,31.25850551362332,1)
(121.4313799502935,31.246772796252575,11)
(121.40685034046899,31.229357257653596,181)
(121.41350938074955,31.261384380541152,36)
(121.41976395244848,31.241173960243653,7)
(121.45028110649882,31.281287325728098,25)
(121.36758442603765,31.237669203587895,1)
(121.4171022279325,31.234960486726475,5)
(121.4241593154966,31.254386919205214,10)
(121.44895665271294,31.242297003805817,36)
(121.4433085913419,31.25765848503535,6)
(121.42689428088131,31.280904858588315,36)
(121.44586491449083,31.244804260702644,36)
(121.36656156625229,31.251631867886353,17)
(121.4399087567345,31.280473937736474,4)
(121.45771208632455,31.268800127157657,10)
(121.39358380020786,31.304847333608425,1)
(121.3935832027768,31.28654509830139,23)
(121.37208807074967,31.264474229406503,37)
(121.37526390545061,31.23768550736019,1)
(121.45788514391417,31.251561306921143,10)
(121.4173260232135,31.229452759354587,21)
(121.42178973102426,31.234773563757027,25)
(121.36846565304442,31.251708406316478,36)
(121.38934334366634,31.256072523530854,45)
(121.40686567640856,31.230396647703607,14)
(121.42353306144625,31.250701896384005,36)
(121.43972258790195,31.254757520368496,36)
(121.41281115657704,31.270021402480143,6)
(121.38194889725216,31.233860173477037,26)
(121.42531413919215,31.24913564353304,2)
(121.43552582703339,31.266987692665005,11)
(121.3476837496645,31.286948413945133,28)
(121.44075734820207,31.257914548450298,4)
(121.3870383178561,31.2682549693679,27)
(121.44610203168808,31.24603873671497,20)
(121.39941308396847,31.262199548525402,36)
(121.3838964280626,31.23755025387806,13)
(121.40897756106908,31.259424639512105,15)
(121.45455963780408,31.279303241355453,3)
(121.45130542013581,31.274555331174007,4)
(121.4394839011103,31.238519815923635,1)
(121.44735881423564,31.27219301320345,2)
(121.41003913167776,31.227473099916875,5)
(121.43011235813182,31.246631453278056,36)
(121.3814507825438,31.227818892841583,3)
(121.42605297849576,31.254761609543404,12)
(121.42720607330848,31.270940432193026,6)
(121.38857920185042,31.250597551723843,5)
(121.3861519119506,31.262046578134775,36)
(121.43237310131765,31.283418436822863,2)
(121.40398255361815,31.24265301551255,19)
(121.45782396220041,31.24764970851114,1)
(121.36063017375737,31.24079299640381,12)
(121.37077871626953,31.295625299552743,35)
(121.3809279367256,31.244007845880766,26)
(121.38050019068874,31.26880606966051,20)
(121.36439624047809,31.309383483582078,2)
(121.45375708725064,31.274017225977765,17)
(121.34647483392385,31.28352681394934,36)
(121.43972927302904,31.25915760320766,8)
(121.40813535443311,31.247768187797817,4)
(121.42683846743097,31.235741106541628,27)
(121.43326722735533,31.243096723208968,8)
(121.37736545637789,31.270890924779334,36)
(121.37401336060196,31.256185554844002,30)
(121.46040481834869,31.255055297262256,36)
(121.43004560126651,31.24617494636397,14)
(121.45458984926078,31.24503432810937,17)
(121.41235127021847,31.235313274736427,4)
(121.43167874177507,31.248902413790475,20)
(121.3866434082691,31.29662625102366,36)
(121.4269064885376,31.249060247255336,36)
(121.42960417042026,31.2464775322867,38)
(121.44619347341717,31.241781673552325,7)
(121.42824277544634,31.280810577635613,18)
(121.39182359061132,31.236225383493263,36)
(121.42129937604155,31.279985761011343,2)
(121.44874553673887,31.25866261368473,29)
(121.38281782997335,31.29051136058681,11)
(121.36497282043523,31.31309884232102,24)
(121.3725754223355,31.248344845689,27)
(121.42574850321466,31.245036065198473,31)
(121.42139532545262,31.245893070862575,36)
(121.39418308949483,31.2464103585667,17)
(121.46083284744502,31.262054425674567,15)
(121.41592888073849,31.252220705082614,37)
(121.44091655610396,31.240620655438565,1)
(121.38044854602063,31.23271299066611,4)
(121.41614176373464,31.24679222774454,18)
(121.40364590937901,31.235838888463444,1)
(121.41609720367367,31.251580365070243,34)
(121.42196998805773,31.281633999970143,42)
(121.41270328098705,31.26164901141214,8)
(121.38443565554256,31.257667936187804,33)
(121.44580565879107,31.246276349223322,30)
(121.3641852110697,31.309713058510827,2)
(121.37876332529918,31.229755127304525,3)
(121.37585783484136,31.30097490506663,24)
(121.45637923124275,31.25444178014415,27)
(121.45155316902105,31.246329931522975,23)
(121.36152936025346,31.296867194001994,36)
(121.40692811039278,31.24685109452354,19)
(121.3459871570109,31.29958833420769,36)
(121.38835515139202,31.282406143229206,37)
(121.3895976414753,31.230108398134988,3)
(121.40952379548459,31.259445352882405,15)
(121.42539948957857,31.277036542653203,16)
(121.42728072168502,31.256387128701505,36)
(121.43299952334921,31.249820823365795,1)
(121.40221701880118,31.246047380255106,13)
(121.4106717786318,31.223398860489258,21)
(121.35626126612011,31.282591755352705,15)
(121.39275601854537,31.26881618320343,10)
(121.41015585653192,31.25895319272309,35)
(121.43203281797145,31.26520960424893,10)
(121.40152558675511,31.248766284479547,37)
(121.40995390147475,31.255615949810004,36)
(121.3912971141376,31.27610412577383,7)
(121.40218197907615,31.239918475440824,41)
(121.42585287997065,31.229431288710707,36)
(121.4594426154562,31.2578562394723,24)
(121.40491266519022,31.231214926135163,36)
(121.40611526092155,31.238774388556667,36)
(121.4344509700262,31.261611735069696,26)
(121.3871112150605,31.23707144489339,16)
(121.38285285790884,31.2903743397125,36)
(121.36731937940039,31.249444266079788,36)
(121.37612183371752,31.253588471687134,13)
(121.40675344503273,31.250673786384628,5)
(121.35105453215309,31.28223156335804,36)
(121.36423401790134,31.3094724646701,37)
(121.40901146920005,31.276367712714286,2)
(121.38305936113491,31.27049336344243,9)
(121.45178158840221,31.245723219779396,23)
(121.42469611463919,31.241955938748394,37)
(121.45328098951141,31.244849884602328,2)
(121.4342224193587,31.262922577648794,36)
(121.41624496061489,31.28400305946029,5)
(121.39733636498633,31.26516337117685,36)
(121.44441973587409,31.261061805049078,3)
(121.39244157828266,31.24242957277853,36)
(121.41205511744549,31.255508352868304,2)
(121.45376818417576,31.256506360666506,44)
(121.44566227736834,31.26152027215765,37)
(121.43077173993466,31.244856103038313,49)
(121.3754842219297,31.243065197916756,23)
(121.43350524831816,31.24910641385543,36)
(121.41321070683823,31.268476604051287,13)
(121.45661068311904,31.254850470976656,36)
(121.39926252487724,31.244964945493148,16)
(121.4176734344482,31.240625523791515,19)
(121.43066303745769,31.248613384429937,3)
(121.39645916552335,31.227710474033064,36)
(121.44151928973906,31.261608993999427,37)
(121.43928498683398,31.238965066840027,28)
(121.42484129098976,31.24557744502361,22)
(121.44665308398105,31.267080057613995,6)
(121.39138488870361,31.289330879648723,36)
(121.38370878042824,31.278481316176112,36)
(121.44598898795496,31.254364608261604,36)
(121.43849487464225,31.25331281655548,1)
(121.44850124620062,31.260717946040323,37)
(121.44005576766448,31.281088632816218,2)
(121.37597061997386,31.273670008780833,36)
(121.38585927920953,31.235154414979405,2)
(121.37096707026696,31.284735186751032,36)
(121.45388221070816,31.252468056958612,5)
(121.43386115727313,31.24243501439652,21)
(121.39713068967545,31.257428629423416,25)
(121.37244456360708,31.229228029801806,35)
(121.41527891424657,31.232345035410564,19)
(121.39933124129075,31.287275982361585,29)
(121.45582697740912,31.265526427842147,6)
(121.39149452856151,31.238334128717327,4)
(121.3641765099243,31.309495858004798,15)
(121.38474104543936,31.29169563963172,3)
(121.45610640951972,31.27163273102166,1)
(121.4338928512012,31.23728442625542,36)
(121.3944792105318,31.242328963840915,31)
(121.43966646646999,31.237161936166594,32)
(121.36948363699891,31.27276120899935,37)
(121.3489209592526,31.303122414838672,6)
(121.37523347838807,31.238748169490083,4)
(121.41802615264912,31.251651533080437,15)
(121.42177372924363,31.262294308277,37)
(121.39285393695047,31.29780024081879,27)
(121.40002880664498,31.23355403222026,6)
(121.4054604221251,31.25747794863374,37)
(121.44078894951438,31.267678127469328,6)
(121.42007708342496,31.25478580596786,5)
(121.45659969861049,31.251051405604244,1)
(121.40912899850929,31.24424050051215,4)
(121.45207135986095,31.24566600977136,25)
(121.44637719109821,31.25438495001041,36)
(121.45090611535964,31.25166453367714,30)
(121.43785829163652,31.262447582911495,15)
(121.38186578071524,31.24515118925464,49)
(121.42214266976535,31.245233283092627,3)
(121.39469832501399,31.29135764275961,27)
(121.37085041377547,31.267791989304044,36)
(121.42320431057965,31.27435912790365,1)
