(121.43355966936458,31.254824865456182,16)
(121.44484843144929,31.278923984079718,2)
(121.4341615364218,31.263246790714227,35)
(121.40561589893146,31.244765120722672,31)
(121.3997290481724,31.249328806105197,5)
(121.38731288144542,31.260244766908695,24)
(121.44218130699693,31.24001500686458,2)
(121.38738989225621,31.271019422843107,36)
(121.39429909844426,31.268633074141558,17)
(121.39263156182398,31.263663004134518,36)
(121.44950762885544,31.255964042036744,30)
(121.39819221966799,31.269389181457996,9)
(121.45351314315448,31.279402077177895,1)
(121.4225159950865,31.24105215233951,36)
(121.37770954006447,31.2451847317267,24)
(121.39509897856388,31.23877041021399,13)
(121.41176341998396,31.235134324091828,36)
(121.42670469176028,31.23744822061717,36)
(121.44550515335496,31.252015555781067,1)
(121.4339312483892,31.244640918573275,2)
(121.43603554826795,31.236920746943206,36)
(121.44812855295092,31.255000134721893,36)
(121.45016081041928,31.251787995825573,3)
(121.36792946697113,31.266954605583066,31)
(121.40375367026928,31.24437575565649,21)
(121.39737543506561,31.2646338369347,37)
(121.37525096734609,31.254927122467034,1)
(121.4456233635466,31.24318552098048,37)
(121.41268017026343,31.24678536082464,9)
(121.44156360925771,31.243244854236906,3)
(121.3906471940783,31.230532003496318,2)
(121.40418543296518,31.286796897819013,36)
(121.38281682298928,31.290444332741966,73)
(121.3676411537217,31.233413347802014,36)
(121.40599323022826,31.26676860857888,36)
(121.43635536543387,31.253487791319596,31)
(121.44687025522835,31.28324519607488,50)
(121.44068892526572,31.25762812788059,45)
(121.38637812592222,31.227443316640446,15)
(121.37176750219376,31.26366946123639,19)
(121.41591270272433,31.233333246170425,40)
(121.45480180154338,31.267876532654487,13)
(121.43983521317969,31.255486440223667,41)
(121.42457539318616,31.255292944632465,34)
(121.39427306311283,31.24765681388949,18)
(121.4373081672983,31.266923468644933,39)
(121.37987493340177,31.243985475509263,29)
(121.37223764458267,31.313197778027924,1)
(121.39993029031838,31.239493701835997,7)
(121.38217801167868,31.2320935937559,7)
(121.44208972998729,31.255782590142143,17)
(121.44845473672513,31.24220487505664,36)
(121.34565737537163,31.287289838018946,36)
(121.3810733889704,31.27452707164408,13)
(121.40553231437593,31.249585257868908,12)
(121.42994068284588,31.234148627813862,1)
(121.42698945163812,31.238194305744365,72)
(121.42096873195936,31.282645400290004,10)
(121.42243406346485,31.252512307999616,36)
(121.410649806166,31.270928234266417,15)
(121.45980420150258,31.264042526418564,19)
(121.42106753002777,31.245339032201546,3)
(121.39162406284241,31.23186526417629,3)
(121.42725546856583,31.235480492500635,3)
(121.4259661627362,31.245471470667013,36)
(121.434291223595,31.261831024731908,73)
(121.36510794619223,31.28861511329374,5)
(121.38532441708483,31.231511281714976,2)
(121.42970456050878,31.24691457024272,37)
(121.42331813321577,31.262020814354603,35)
(121.43546141902274,31.255103901409548,2)
(121.439904103253,31.24923300305457,8)
(121.37732754592778,31.28709718412766,23)
(121.38242701143479,31.28625926414202,31)
(121.37849496481573,31.277858585635812,32)
(121.43440693003139,31.283335905107315,6)
(121.42359010198773,31.241515589477935,8)
(121.4177828565342,31.258063454060025,21)
(121.35901241624855,31.279454053981002,36)
(121.44520387017592,31.246195330958017,4)
(121.3907669735891,31.294583757697968,36)
(121.41194219243623,31.245756383275648,37)
(121.39275058484247,31.27444663661942,35)
(121.39125032918376,31.238174896811827,36)
(121.39148924022629,31.240252903632054,24)
(121.42718118765829,31.24901898235714,22)
(121.40974034876834,31.266940483042948,8)
(121.46220005406458,31.26788774695513,11)
(121.41121529292589,31.243565242281367,37)
(121.41350968053824,31.246424909611363,36)
(121.45222230021457,31.2519023007457,3)
(121.45656180101376,31.25478654623524,36)
(121.42393376259041,31.241198188792776,6)
(121.45178123634109,31.28039402937926,20)
(121.40004370181404,31.23229245912702,37)
(121.42519556766305,31.239494561496745,32)
(121.37802299970348,31.24564929623483,48)
(121.41594810432132,31.295404760229427,9)
(121.37629592414716,31.237371565756757,37)
(121.39202989049286,31.237931288394996,37)
(121.40715699120868,31.245530506213598,9)
(121.40602000112945,31.24572357004483,37)
(121.44210565002832,31.25520431295576,37)
(121.43430428145228,31.23977027816844,67)
(121.42389584987689,31.243900184441383,298)
(121.38057147969037,31.29410151994181,36)
(121.41246737908823,31.248426141805346,4)
(121.41329661973967,31.231344215861203,5)
(121.39894233181441,31.232695286398933,9)
(121.42308943261928,31.263152466261445,21)
(121.44626269061769,31.257409466784257,12)
(121.451205444012,31.274802887685144,1)
(121.40795588009169,31.301931062655143,36)
(121.4481300336029,31.272051441654295,13)
(121.43605689235636,31.242708396861826,25)
(121.40856047596452,31.240590240084874,16)
(121.41262618471293,31.246757361826397,36)
(121.39885342345121,31.23415292200343,36)
(121.42312029534895,31.27334276357798,1)
(121.40704359092351,31.25237953920193,2)
(121.36328450560195,31.245906996276855,36)
(121.3919295340529,31.269179027296065,5)
(121.41497276551486,31.275967888959862,6)
(121.4247966730132,31.260925213705736,33)
(121.44544827694006,31.256531473619937,5)
(121.43529846866159,31.28184018449698,23)
(121.38567988671007,31.28112607148322,14)
(121.39872774130727,31.249131000510456,10)
(121.39208209582596,31.22836394337824,36)
(121.38645047998922,31.276663007856897,32)
(121.40291430992028,31.241916518011987,1)
(121.3957964440838,31.27400009273329,36)
(121.3595508171682,31.286128714686704,23)
(121.41506631610618,31.237010241118107,1)
(121.42432805586432,31.24408877361028,35)
(121.42605647845373,31.2466154256571,18)
(121.43552923743131,31.27043078548778,4)
(121.45660259915462,31.251144705867365,12)
(121.36132133032355,31.308574545450565,38)
(121.42873234979469,31.248056099491833,37)
(121.44869916844415,31.253268345244955,26)
(121.43814370940791,31.26668927472005,1)
(121.38944475811869,31.282796888131017,5)
(121.41050683787846,31.242614790028806,7)
(121.40343780920189,31.299961318006147,9)
(121.42141011144574,31.24357202409524,8)
(121.43234201074202,31.251576523254236,22)
(121.36442094404143,31.30893808745047,36)
(121.39126707190236,31.246559672437783,36)
(121.38201257440332,31.263796490133874,8)
(121.40777445638136,31.239677867639084,4)
(121.42442510126475,31.244994923234383,66)
(121.38898888515155,31.300160419900436,36)
(121.45634956675529,31.268959092570615,3)
(121.39992865239192,31.232178371883684,15)
(121.42015762797507,31.234643223511075,21)
(121.45932417287871,31.258555889125393,21)
(121.42084139914688,31.264853308830737,1)
(121.3883079523084,31.296432512393427,36)
(121.42409959924834,31.237557738470237,22)
(121.35820339513938,31.285864341291834,24)
(121.36905319386736,31.252757024100756,7)
(121.37520389087891,31.254885462957883,1)
(121.44638722329707,31.24483225249108,42)
(121.43102757950118,31.266942799298985,24)
(121.42089393510166,31.25993355176262,16)
(121.45394328813813,31.255054067382517,36)
(121.45129437371828,31.25334152902954,1)
(121.44230676367741,31.281846749785775,15)
(121.4048335622746,31.287432226341927,5)
(121.4282803183813,31.251027773043642,6)
(121.41031713073096,31.26243667258518,14)
(121.42407861751958,31.241063017653968,37)
(121.42091879441756,31.235610738725008,3)
(121.3779422261805,31.284010583524147,13)
(121.44787132914708,31.247096006007855,3)
(121.41123029251085,31.243601255632075,1)
(121.39794863186633,31.232020487920362,18)
(121.42222223970529,31.26031390553059,8)
(121.34909584967087,31.29929088456559,36)
(121.43656195937027,31.26403409057919,24)
(121.39219169676869,31.23534124444479,12)
(121.44099915387389,31.237710215039243,36)
(121.39806136632137,31.248786213395228,32)
(121.38629951560911,31.283280075437396,5)
(121.42240598344154,31.241746279077713,15)
(121.45529588730068,31.252640637271405,1)
(121.42747610340065,31.228824578923298,10)
(121.44476047710307,31.254471726485537,37)
(121.42297538921355,31.272975713835066,2)
(121.39562809476028,31.23562102882611,13)
(121.42205690797724,31.270076131633605,8)
(121.43436242788057,31.24472363268493,2)
(121.4554337875407,31.24548993932855,36)
(121.417522050414,31.24709275793228,25)
(121.44941974300288,31.253292758053064,9)
(121.40837689439013,31.233726135743638,10)
(121.4100686298354,31.242818498451356,30)
(121.41533903556997,31.28788621085718,4)
(121.41395849174974,31.244904006435547,3)
(121.38026859858596,31.296474028115885,36)
(121.41846595602922,31.229550351117503,36)
(121.4159830756522,31.26092648349556,36)
(121.38385821359044,31.232227271316898,35)
(121.39048668224162,31.237612127067973,36)
(121.44509835380549,31.24583172296888,19)
(121.44684161661704,31.24179603742328,36)
(121.35581479428312,31.287587963737295,36)
(121.4630995229747,31.267421466615296,3)
(121.45485673054175,31.251183511244683,11)
(121.39739958123899,31.248665716662224,3)
(121.38182463417392,31.301487712305295,29)
(121.36657860997401,31.271226411051487,21)
(121.37939524453428,31.231017424901015,24)
(121.41893262445032,31.22846727881327,8)
(121.39389770072735,31.235778696784774,17)
(121.38218215743547,31.279712346254787,32)
(121.41806214065458,31.22883122205405,36)
(121.41151590830586,31.228069258911443,33)
(121.43531842806847,31.273941627769556,3)
(121.38214806492951,31.244615232423048,7)
(121.45500333195635,31.273756910762177,30)
(121.39315529100132,31.279360915576543,1)
(121.38590773100826,31.300007670783152,30)
(121.38988692963831,31.269033481923195,2)
(121.41352628493968,31.26136678411319,6)
(121.42009004554906,31.231528371616722,6)
(121.40942428300171,31.26248680585708,21)
(121.44015288554793,31.26330928522133,37)
(121.42463706790396,31.26369753193701,21)
(121.42410386542018,31.23270520163678,2)
(121.3974434486887,31.252951804599064,18)
(121.44100056525973,31.253948453456786,6)
(121.43145278133358,31.271471075976955,1)
(121.40244146765667,31.24485074330871,12)
(121.44209241999619,31.2867086013271,9)
(121.40836200142937,31.24640685837734,1)
(121.44517279413155,31.24460367269465,3)
(121.37701885532728,31.294112583015096,2)
(121.44444973894892,31.246988836689297,2)
(121.3797796890343,31.238865192682773,22)
(121.39555665057534,31.297870756956254,36)
(121.42474126402483,31.244164893617512,4)
(121.39834013637743,31.302080502073128,36)
(121.4480304860129,31.255407449849336,44)
(121.42249950841651,31.264799154549177,9)
(121.39818806021755,31.303706758194338,19)
(121.38420928013707,31.231969485018958,12)
(121.44592015355123,31.254648850306978,25)
(121.45237017005768,31.279685657988306,3)
(121.43525167136649,31.26021595074805,36)
(121.39921492641342,31.2562886901154,26)
(121.35396050172997,31.292984006465023,1)
(121.42685958533913,31.238125390424457,35)
(121.38530117490589,31.22900110599874,29)
(121.44738023150629,31.257840201436174,6)
(121.42055914913128,31.241039126640125,1)
(121.40455348167721,31.239641567024222,3)
(121.40906861748633,31.300124286451382,31)
(121.45230720738776,31.25541947680518,34)
(121.41042844045847,31.231841057903985,5)
(121.40419677177249,31.24482301464055,5)
(121.43758100510647,31.254083614021557,31)
(121.3559642661006,31.301031613834592,2)
(121.42773777724504,31.251360506525934,1)
(121.38829004474658,31.234633329208012,36)
(121.45628192943902,31.271176170726108,9)
(121.37210235228417,31.255940564550137,36)
(121.42498512966759,31.245325217102344,28)
(121.38972855545099,31.231211296696294,17)
(121.40177121324788,31.230049621246053,3)
(121.44686332109097,31.241773841245134,35)
(121.38901963549286,31.274102981011335,6)
(121.38188546436244,31.298714690470458,28)
(121.43393738977879,31.275820793582344,33)
(121.42126440368288,31.264793997223506,13)
(121.44116412254121,31.286685014179405,36)
(121.42350581070889,31.237309751229756,20)
(121.41082861731367,31.2241790917078,15)
(121.43797851432772,31.26225741896032,5)
(121.44820019800044,31.254785648259382,36)
(121.3846868822751,31.278999433619408,19)
(121.35511250351828,31.288970385740004,4)
(121.42756128171797,31.247429881152343,4)
(121.38779391510657,31.243981002029706,12)
(121.40546651779655,31.28633683532762,34)
(121.40707940486149,31.227315225949233,13)
(121.40274976574658,31.28014635029026,1)
(121.43141606832987,31.242681523162958,10)
(121.37016708373021,31.23049556218191,7)
(121.39434541259023,31.271906479513383,2)
(121.41228173588699,31.22894937247349,5)
(121.43526547805664,31.279974415408418,36)
(121.40364680310572,31.24608950503753,36)
(121.45496450969354,31.263197515834715,23)
(121.41041678861487,31.270191959932422,6)
(121.39323872840639,31.256532499442354,82)
(121.37937212928391,31.28399151125831,29)
(121.45824470194667,31.268041189462828,70)
(121.39200795668165,31.229363821688636,8)
(121.40687178277341,31.3003634697282,20)
(121.43625517510422,31.249502166662754,37)
(121.40369788118102,31.30417370594399,36)
(121.377696082233,31.263144575273593,7)
(121.43753600279078,31.259527847428714,25)
(121.42406262879723,31.241023011853695,22)
(121.36573157228021,31.27628527372719,6)
(121.44134907169483,31.261565243359936,16)
(121.4466972284177,31.26244088978232,1)
(121.36871659705405,31.23148278036114,39)
(121.41613102150015,31.295489720451318,9)
(121.44505217867422,31.246242606278624,37)
(121.41420933179519,31.289212912006015,37)
(121.41981958446321,31.269908453831878,1)
(121.46162274068342,31.257561634484237,5)
(121.41868184659562,31.25278269873509,3)
(121.41006915300807,31.22777823710163,3)
(121.39524613220154,31.273978814765826,36)
(121.39454172580487,31.239686536041365,6)
(121.43477025961252,31.260134156533507,22)
(121.40414918289002,31.26077214314436,28)
(121.44637962172095,31.244838751146826,16)
(121.44821235700904,31.2548199053009,6)
(121.36897052204993,31.287853393670435,36)
(121.37887074235076,31.2449431136677,5)
(121.43103679547075,31.251340190453433,6)
(121.41310014755472,31.259551852800897,34)
(121.42583359735578,31.27182100251515,35)
(121.4405744164691,31.25494352697184,1)
(121.40601193576687,31.238640367589053,27)
(121.43348255733481,31.250766820184854,6)
(121.38394313165223,31.270358394624385,11)
(121.42897096283993,31.235372161255388,19)
(121.39024846872705,31.231160692049244,22)
(121.36912641093508,31.299960726195916,12)
(121.36898286007036,31.231159646830246,48)
(121.42393447451886,31.249367834938226,28)
(121.45030624023639,31.260487515737253,1)
(121.36455796244493,31.311648597168222,31)
(121.40624748429336,31.22824664328638,9)
(121.3683713638215,31.23318028576933,4)
(121.43721797383857,31.276216358564074,36)
(121.34099297669326,31.28639978165409,36)
(121.40159800139382,31.287683790179493,35)
(121.42515281802864,31.243630323558925,26)
(121.42321667639888,31.24430011280183,20)
(121.42842396345601,31.262440680374276,30)
(121.4252671141915,31.23684917109158,31)
(121.41951296969143,31.2540880520632,36)
(121.34794410487736,31.296140560277774,46)
(121.433244460187,31.274996027264116,16)
(121.37894564971458,31.2776421571552,20)
(121.36313726424704,31.24562512076936,22)
(121.42337192153718,31.24717996960503,36)
(121.42838514029928,31.252491393450974,37)
(121.38426207707887,31.228978157697945,41)
(121.40176984359968,31.239513202080477,13)
(121.45398164537932,31.25248443370898,28)
(121.43212912482726,31.283130495249416,18)
(121.42258502911419,31.260464780737276,706)
(121.43110757780461,31.272822352455908,22)
(121.4535553469627,31.25650848154572,11)
(121.41355536162483,31.229434263386615,28)
(121.44014937953281,31.23814063125142,29)
(121.4393090921462,31.23853217218749,36)
(121.42458368439073,31.270177329339212,37)
(121.40561560197327,31.241359593671195,16)
(121.44628520210293,31.24484233458074,26)
(121.3935211870988,31.275366470982096,33)
(121.42868571804925,31.265609327848683,23)
(121.37818587813105,31.276280678420054,37)
(121.40235761531768,31.246757576472394,2)
(121.39284534013706,31.256110325978703,31)
(121.44118781174471,31.250262902991988,19)
(121.41091891546061,31.261384124508407,61)
(121.33945563438068,31.287612370745364,6)
(121.44189311583371,31.26750694226669,16)
(121.37107490783232,31.246321958918806,36)
(121.435151690529,31.258910698813413,16)
(121.42700444129743,31.238261322678575,33)
(121.45480351186396,31.24716384052625,33)
(121.40977175656238,31.25952440426191,34)
(121.40792817214154,31.24799058349586,2)
(121.41170695565609,31.265132227283463,18)
(121.38788005435933,31.25291961905575,3)
(121.38408133705296,31.257216646558884,10)
(121.39824607380176,31.303690469666048,25)
(121.46043518262701,31.26019346203944,2)
(121.33745285379655,31.296141977426675,37)
(121.40103513758629,31.23406666571277,28)
(121.4400417125815,31.25899707775046,37)
(121.42866561319441,31.26555182386597,4)
(121.43711119207472,31.249587991664445,1)
(121.42829387504261,31.24824560605942,36)
(121.43750403667786,31.2363636097861,3)
(121.37134788541285,31.250599036131053,12)
(121.41048261761294,31.245462213946773,36)
(121.4088186221836,31.246581231621725,13)
(121.41396251503784,31.28852965185962,13)
(121.41292514200197,31.258822583559294,44)
(121.440201423229,31.258903802690153,2)
(121.41894402873943,31.25396203328009,36)
(121.40736346541257,31.24539823286155,32)
(121.39305908895642,31.231877153935766,5)
(121.39636821429357,31.267849769490883,15)
(121.37282437463877,31.289480562788125,21)
(121.4353513889797,31.281847120460007,36)
(121.41585229948835,31.251303340661256,37)
(121.40556044697084,31.244188995254458,27)
(121.42927678110642,31.258112676746837,9)
(121.4226145240402,31.23660307072482,6)
(121.38819385064481,31.29644843028778,32)
(121.43269613171185,31.2347579073624,16)
(121.43121423143425,31.270442236270576,3)
(121.41165005403676,31.242063483825003,27)
(121.37973595601603,31.25295941613843,1)
(121.33450163610043,31.301623502526745,36)
(121.41455232316886,31.232276558999935,4)
(121.40590929411906,31.283506710388565,6)
(121.38739627472637,31.24088748793358,7)
(121.36188720497543,31.28315820345813,31)
(121.41000843361527,31.23087567359838,12)
(121.42660098091736,31.239502241984653,4)
(121.43347440871558,31.238969913405903,25)
(121.3859736496832,31.270159945921744,36)
(121.42627330541524,31.239278426115156,28)
(121.41114630197515,31.243483218196957,14)
(121.41143577177597,31.238202784727886,2)
(121.39013227777767,31.282186130462375,36)
(121.43212629891468,31.25069570798362,6)
(121.40251612902105,31.229304700597257,1)
(121.38641352878967,31.289119068118236,37)
(121.42158898246966,31.24721019866471,33)
(121.42720327058058,31.23877837772961,8)
(121.43845050121014,31.259648638702068,1)
(121.36400038592035,31.308288340565163,16)
(121.37712483328097,31.280693285197422,30)
(121.45316697116371,31.25585386677464,1)
(121.45179870853529,31.249529958511058,82)
(121.4065276235885,31.287098192027273,36)
(121.3824878593787,31.283706286139974,16)
(121.41565510385423,31.2594399698639,5)
(121.36332243872475,31.24604249355683,1)
(121.38291593035652,31.290383404549363,22)
(121.42598515134515,31.25702754676081,13)
(121.42164905416196,31.245072540064328,1)
(121.40407042442185,31.286874914795014,9)
(121.46160296907348,31.25238454865458,25)
(121.41654778014615,31.260811201352084,16)
(121.37372222318439,31.24910765871046,32)
(121.41333193676094,31.261419343343714,27)
(121.35324118942683,31.283359876213947,36)
(121.37592688895974,31.300474793162156,2)
(121.41357235448116,31.25235358191682,7)
(121.3933901757855,31.262465537989616,1)
(121.37883488244357,31.266529304233906,32)
(121.45607643410342,31.271051549177905,3)
(121.4519441437273,31.274973934443924,1)
(121.38357771965406,31.256462846873404,36)
(121.40560093725017,31.245214320388843,35)
(121.40825528394507,31.242899222015776,20)
(121.37698077837261,31.293828425707126,36)
(121.40939846477603,31.245639453754816,10)
(121.38693825844106,31.230153696801896,26)
(121.41610582396463,31.23373307719047,21)
(121.41093338285945,31.243855422626623,18)
(121.40267033339325,31.242749847271984,32)
(121.39748852272267,31.252864356646047,14)
(121.39207059846349,31.268681795729805,14)
(121.44353610630955,31.24562882241424,17)
(121.34894536113795,31.30311211638184,36)
(121.36732346754087,31.289409976156108,36)
(121.36917425391512,31.287853720207902,60)
(121.4320804048985,31.25120098233556,5)
(121.45248277811613,31.25521504352513,5)
(121.35547382034574,31.284182065522465,26)
(121.4358527207904,31.26005830393342,27)
(121.43437526796843,31.262044875228245,27)
(121.39797020909845,31.30554811136104,30)
(121.38596014302748,31.293382194275058,33)
(121.34673555263046,31.29687464357239,6)
(121.43708857614486,31.280731399516544,36)
(121.40634131430717,31.292495627687032,14)
(121.39929983689242,31.271318389137875,5)
(121.38149430545366,31.279244460840157,18)
(121.45645907403875,31.252515981834954,36)
(121.4149852853015,31.269482511674727,2)
(121.44512870244722,31.254023915966457,18)
(121.44171915177297,31.256386321682623,5)
(121.4250548613976,31.254492212168017,11)
(121.4129246866719,31.25360330919561,6)
(121.40532466636681,31.29863390605513,19)
(121.45560396179557,31.263562351773732,1)
(121.45736874180258,31.254687788465972,15)
(121.42858387719228,31.252115036746893,4)
(121.3825376619426,31.246293366252747,12)
(121.40320330201475,31.227433160551506,2)
(121.43052005702113,31.269683657582657,2)
(121.43097513911337,31.242898503121403,36)
(121.37261782759052,31.28681822096105,24)
(121.4286601147493,31.24439153712491,5)
(121.4609890843908,31.253204170844327,4)
(121.42554187567373,31.248715269410116,36)
(121.3324601533413,31.303471321579586,36)
(121.39861011957792,31.24327596297406,13)
(121.3625676091796,31.284792939182353,29)
(121.41579932388814,31.251290355697545,37)
(121.43948377250132,31.237040145075714,36)
(121.41045945638757,31.243561367693403,32)
(121.44251033702749,31.260296893591953,65)
(121.40031995742514,31.245644578638444,4)
(121.44482981904709,31.244826908715982,1)
(121.38945742730031,31.255918539776605,1)
(121.33257966834226,31.295131701981333,12)
(121.34099298360258,31.286479814070248,6)
(121.36878010479545,31.2396052719571,9)
(121.46040464976632,31.253106443984176,28)
(121.42193296632014,31.234581993943266,36)
(121.38451004370813,31.26003726312887,7)
(121.42189335878152,31.262543132721806,12)
(121.44635761715077,31.24483854728974,37)
(121.42249110596673,31.26034246143365,2)
(121.43968837993576,31.2595678401297,35)
(121.42746286554822,31.248868659376896,37)
(121.4463191091507,31.244839640534646,19)
(121.41827566445737,31.279441243383083,5)
(121.40655351226009,31.239984012794633,25)
(121.4092029283001,31.275260433771283,1)
(121.43566778556963,31.23805020482909,56)
(121.36484911230312,31.27861870496526,7)
(121.44797064966471,31.248242420972815,36)
(121.40220401483978,31.259795150460135,14)
(121.40617037421472,31.24254939262567,19)
(121.39703102052535,31.250308468488726,10)
(121.43186089414628,31.233061461414128,10)
(121.36565224223385,31.2510063317741,33)
(121.39724552622243,31.266388531368502,37)
(121.37694753039817,31.2684999908288,37)
(121.40634161583775,31.24576692160965,37)
(121.3765331129185,31.23155437881056,2)
(121.39342346839716,31.26980070735447,33)
(121.41367712174998,31.231400273033913,36)
(121.42591712238354,31.267356045211226,34)
(121.43792508806901,31.278794732862508,192)
(121.41437761759812,31.26941977735513,3)
(121.37562546425946,31.254483384263846,37)
(121.36511253577083,31.276931615587408,36)
(121.38806255438806,31.282945904814017,20)
(121.351956074166,31.27819650015995,3)
(121.39564947483248,31.2695532340726,37)
(121.39343987147,31.30675198383915,7)
(121.3595692216713,31.278293433919966,36)
(121.45593774096413,31.272892312746833,2)
(121.40894095225104,31.246240757646873,37)
(121.38875145846488,31.297707353355623,36)
(121.44111589678833,31.25434578203384,16)
(121.41791129329299,31.252477952686032,37)
(121.45269739556234,31.279623989775224,2)
(121.359551619683,31.277837433176906,15)
(121.35136855823433,31.286466845025252,21)
(121.38298804312687,31.24710248092839,36)
(121.39443150533057,31.29528806568201,36)
(121.43535099791114,31.280179031740186,13)
(121.45914434098746,31.253872672213046,17)
(121.36503541507459,31.277118577042938,36)
(121.44865228141434,31.241895377901365,1)
(121.40369907585246,31.22861611399291,15)
(121.44139775722225,31.24712494776038,21)
(121.38594758365292,31.283591431738714,11)
(121.45370063237922,31.252294345724017,27)
(121.42676979847262,31.239468077689097,21)
(121.38596254665923,31.282994200732205,10)
(121.4467402061045,31.283253741791395,11)
(121.38983024763014,31.23877119150734,32)
(121.36760961082211,31.296298300938933,36)
(121.40790391804984,31.233591097034914,2)
(121.41130645316184,31.245652157995618,32)
(121.45449939183588,31.260254199948715,2)
(121.34115334145703,31.286473113133404,36)
(121.41032952091005,31.232545395504516,13)
(121.34947192754228,31.279315534760485,34)
(121.4129385729984,31.240889655108447,6)
(121.38452656045652,31.27726056857118,36)
(121.42262923815545,31.23872793114311,11)
(121.42313530484107,31.26214700135596,4)
(121.42099069813086,31.235130475051733,4)
(121.3956515264039,31.27586380023602,7)
(121.4060303395615,31.25818493330034,36)
(121.4090348753583,31.24492187967228,29)
(121.35193473939559,31.281335799530215,3)
(121.39329118323062,31.26560422417342,22)
(121.44033121647641,31.25916472421537,8)
(121.37861929361107,31.251730960113782,37)
(121.4389682914192,31.267280180843173,15)
(121.37949243833033,31.274687462910887,22)
(121.41060441232486,31.28921076964186,3)
(121.41711329542159,31.23825241094178,1)
(121.43879160692207,31.244504497411018,7)
(121.4384335123023,31.247972545753502,15)
(121.3820639476488,31.244396050572533,15)
(121.44296089663678,31.24224974421694,1)
(121.40097621961918,31.291164739222427,58)
(121.40977075626549,31.266474790292452,42)
(121.39237220477395,31.227216592840346,36)
(121.40086499341757,31.287118825350593,20)
(121.45606140858519,31.270972287443335,4)
(121.44824052925307,31.25763548168323,10)
(121.41011154041232,31.242475608033168,14)
(121.43532549201153,31.280233026645668,17)
(121.40455527603727,31.250110404906263,20)
(121.36405900940431,31.252356470227582,6)
(121.41070117664175,31.22944791454854,2)
(121.38921631706917,31.291447218393248,1)
(121.37761932748155,31.257277823644188,27)
(121.46249698107867,31.253422819794984,1)
(121.45309926782048,31.25458755224338,11)
(121.34337139459589,31.287860829168686,16)
(121.41980164037618,31.241792935778204,6)
(121.40732087626917,31.244584356649767,28)
(121.38874734901206,31.250580671866604,36)
(121.4422492742663,31.286606361337512,1)
(121.39659659865715,31.25943526761576,10)
(121.3462653761438,31.28226591008388,99)
(121.36414910577653,31.31079245190853,25)
(121.3972615302237,31.266346520173812,20)
(121.38301185490909,31.253796141512673,10)
(121.38454685700275,31.257802324067637,36)
(121.37714575059296,31.233368742514756,19)
(121.4379089079994,31.25398192309878,21)
(121.41086202553527,31.234027980296048,3)
(121.44004896080419,31.255520180369018,31)
(121.41446263869655,31.269372795257812,4)
(121.34887045583473,31.301648615100444,3)
(121.4009920812824,31.256147394290892,2)
(121.38065167221657,31.299123484460058,7)
(121.36833274364027,31.292171432799172,5)
(121.4258149416904,31.229696442956584,3)
(121.45597454800512,31.246400077883376,2)
(121.40033490876151,31.245030308867012,29)
(121.39001715243748,31.235902022586277,4)
(121.42261965946437,31.264589511008865,37)
(121.43729963131312,31.242825806058374,3)
(121.4411162923735,31.264695930797384,36)
(121.38865107239357,31.282824308589426,13)
(121.4526492706262,31.247102200220272,2)
(121.42804966504201,31.270026989599838,31)
(121.40752092504485,31.251300384861736,20)
(121.37379647048982,31.227627030487117,36)
(121.43113619134918,31.257356716622866,7)
(121.44273755424314,31.25622677000833,36)
(121.38610857812229,31.2931544239411,4)
(121.40925134938811,31.283509678756783,2)
(121.40128596566038,31.29969148755844,5)
(121.4012231201468,31.278757052418875,32)
(121.39077709185484,31.239669256296065,30)
(121.40958263098528,31.24381759810007,30)
(121.39154534801123,31.27515904318404,32)
(121.36311062681011,31.28501287464862,36)
(121.4403288412609,31.237379097995454,16)
(121.42789644106742,31.2380814240398,3)
(121.4236068880083,31.25069966926693,3)
(121.3853255128984,31.283097905604123,19)
(121.40668579614433,31.266158499241566,7)
(121.40305085560783,31.24787520348558,37)
(121.43858523594716,31.271106573844282,17)
(121.39938176264268,31.247177970972903,16)
(121.4050674052755,31.26175922873291,37)
(121.41244974814252,31.229663662164064,2)
(121.39537158368609,31.26686287729121,7)
(121.4365001542406,31.253678685103633,35)
(121.38196115912248,31.25197853054047,1)
(121.42326311677702,31.24981653208911,4)
(121.45974255000964,31.254646596154092,25)
(121.42586975858757,31.239706964464123,36)
(121.3672843725199,31.300605352092287,36)
(121.41127902866832,31.286940263219243,8)
(121.41255523308506,31.25852054630407,33)
(121.43853902764185,31.281741344444526,21)
(121.41400823445156,31.264300632556683,1)
(121.3780579606056,31.29067940965933,36)
(121.36495125358024,31.27698139331111,24)
(121.44270044517064,31.26391935637772,47)
(121.38627954437108,31.23337596263563,12)
(121.36596640441333,31.23880525377836,1)
(121.40409606063284,31.225343122708733,28)
(121.43628480686823,31.234329306436063,4)
(121.44064405141552,31.263658195483043,36)
(121.40946218047698,31.243724370670645,35)
(121.34506914737975,31.29958263833594,28)
(121.39438567854792,31.297596952157566,36)
(121.45525788595381,31.271174596657076,3)
(121.42419436529083,31.26232628862171,36)
(121.41080226952494,31.230759501860028,1)
(121.43981188669224,31.244896208785008,12)
(121.4030078276985,31.2591151233089,31)
(121.3848516245437,31.239561525859244,2)
(121.41577104187924,31.260909355155963,25)
(121.38209687522175,31.266120566750384,14)
(121.423280172738,31.262089871738503,36)
(121.43691950486073,31.265340175166166,58)
(121.45643636956882,31.251136780958884,33)
(121.38645048051254,31.276669010349462,14)
(121.4147146414085,31.226382485847637,1)
(121.44690542977993,31.241778748569725,6)
(121.43952124766767,31.277899838291916,13)
(121.35776781061489,31.279313157967017,22)
(121.436317940155,31.264922280995165,18)
(121.42505486671692,31.254553238862293,5)
(121.37306537657982,31.25073553756667,36)
(121.41341054608782,31.230957005944777,11)
(121.45654202574418,31.25219295042475,5)
(121.38626699910394,31.273220417429815,10)
(121.42892696060169,31.25768513735099,23)
(121.4087204912849,31.2409513914912,9)
(121.37448985621141,31.28937963967055,36)
(121.41080341883038,31.243942483639657,11)
(121.44283595286959,31.251459525420483,37)
(121.42218455388793,31.284744380542314,1)
(121.41165237624284,31.2686821032285,15)
(121.41042163824385,31.22801403102521,23)
(121.4536547548534,31.252436500291374,36)
(121.41094723441351,31.2307204592693,5)
(121.44649094708032,31.254285709928357,10)
(121.43292570457518,31.24498325928534,36)
(121.38626489645715,31.24908802075265,71)
(121.3899678448636,31.232833587097073,30)
(121.41518095394424,31.2529304099174,4)
(121.38390052477405,31.26042730806199,24)
(121.39622178731723,31.25236301439883,5)
(121.38874562007632,31.253712047196796,34)
(121.41223575550691,31.229020415914505,22)
(121.39918501556645,31.273867419711838,3)
(121.34128361734065,31.286297286975103,4)
(121.41151698730604,31.24569799464859,10)
(121.41426258857184,31.24895979336671,2)
(121.40987924229863,31.228429562864463,1)
(121.4178053210674,31.252078828454977,3)
(121.4296611164144,31.246654553379965,2)
(121.42100958431392,31.279823877560315,4)
(121.38772052044551,31.252587591189034,5)
(121.34833371446246,31.29348721693369,9)
(121.37372036111823,31.227673955675126,36)
(121.361335949103,31.24934747750711,6)
(121.39073498770617,31.27330086769699,36)
(121.37458603136317,31.255243440741754,36)
(121.40504410809369,31.247631354762746,36)
(121.35237756617641,31.28529315070867,27)
(121.40715560010553,31.229574269246758,29)
(121.4511509542724,31.26773901848095,26)
(121.43492761442333,31.23925005785816,103)
(121.43284223330039,31.249717459949576,4)
(121.40633591298858,31.292493726579224,10)
(121.36881287134115,31.299724193216285,15)
(121.43082202359365,31.27371003052262,10)
(121.4335472954429,31.25783975105427,39)
(121.41894065917617,31.252538455165386,23)
(121.44034232555015,31.253366039443694,50)
(121.37231415741284,31.31319908873282,5)
(121.41644614058535,31.229950475642788,2)
(121.41214206306458,31.2268683918151,5)
(121.36660631706758,31.23266750239865,11)
(121.44902632884668,31.251827114957514,36)
(121.39734556708169,31.26562777203435,4)
(121.39155324704988,31.295963800746122,37)
(121.42079615695195,31.284536940843296,3)
(121.4216856342971,31.252055611178076,36)
(121.42703460340603,31.229023071151346,14)
(121.40984587482555,31.259612019499926,4)
(121.43802471283027,31.253937744191862,7)
(121.4298249924624,31.26939505185563,65)
(121.4255416227822,31.24581297957005,35)
(121.38724592985302,31.240725848969298,9)
(121.39751884818344,31.245656607957997,22)
(121.42801845786298,31.272942577548495,37)
(121.39147833053262,31.295308688185436,32)
(121.35530144079604,31.287034620975565,21)
(121.42521937380293,31.242646160547384,36)
(121.4090945900497,31.244151493543782,27)
(121.39083923946215,31.240804010093935,6)
(121.44202639324318,31.239906677154497,6)
(121.3973429191913,31.235942159548433,11)
(121.44663639729987,31.26292720439186,2)
(121.41135488364462,31.25150753450293,7)
(121.42693668419395,31.240209263945793,36)
(121.41539334821454,31.26342777108083,5)
(121.43690230370203,31.239766961664436,4)
(121.39754144037657,31.24085546538485,20)
(121.44499743207982,31.24403990826359,10)
(121.3525033665669,31.28933439217392,37)
(121.39198895169045,31.23519520678588,36)
(121.38829107636111,31.275082836793374,25)
(121.39675588144812,31.22808173782818,4)
(121.42824015384754,31.250735758802445,16)
(121.40451019277249,31.23278280238769,20)
(121.4226984565358,31.236645031012046,3)
(121.35171162691633,31.278936374020162,36)
(121.41923020598999,31.238059236750477,35)
(121.44096898485644,31.246849200240316,61)
(121.44708529660394,31.271413256357306,4)
(121.4358418477418,31.284250477371103,7)
(121.39920223064976,31.287715116665876,35)
(121.41942004130125,31.26971469695945,1)
(121.44558693523575,31.26731888064877,10)
(121.41586936695046,31.263628690045074,10)
(121.43802514389431,31.281829576650196,4)
(121.3501756095738,31.28147068378357,9)
(121.37321088987315,31.254113208561964,15)
(121.40854568677895,31.242991320631226,36)
(121.38263667749682,31.245164960347385,6)
(121.44066569478659,31.241939021020077,2)
(121.43341469596793,31.252766134867738,36)
(121.3980865406098,31.25639213611425,27)
(121.46230308597166,31.267951613484044,9)
(121.41793423138664,31.251924698255333,4)
(121.41238219306675,31.246000083824622,36)
(121.4403088413394,31.25915605386535,33)
(121.42768105743704,31.247531269558333,1)
(121.40395630000593,31.2856323960928,1)
(121.3967240885177,31.22988112055022,11)
(121.41443550983897,31.23742632046083,5)
(121.33499069712256,31.30158190418747,11)
(121.4048858595942,31.302221608647503,36)
(121.38566518227466,31.289400851268624,26)
(121.40447012822996,31.237056548924386,11)
(121.43729136661666,31.24766897949324,37)
(121.40820009218818,31.22435482148291,34)
(121.43516767056495,31.24194709993513,21)
(121.42440823652267,31.263144474325802,37)
(121.39315840536867,31.223248219671014,36)
(121.37917501521052,31.228462781227023,35)
(121.44960535370801,31.255289566707894,23)
(121.34715536336525,31.28412730498284,11)
(121.44673422709435,31.28325217233312,2)
(121.42340363171775,31.273279325899274,20)
(121.38732775893433,31.258676100536267,37)
(121.45640209318867,31.27399976505939,4)
(121.38939638537727,31.256032544928512,72)
(121.4081489567959,31.302526580079448,18)
(121.35109273640346,31.283665216976978,2)
(121.44378122278061,31.263901416636767,22)
(121.42077945389683,31.264892753559394,7)
(121.38190274427583,31.232723607290914,13)
(121.35345755672321,31.305574059390075,18)
(121.38933185686344,31.296502310980273,36)
(121.34977603060076,31.290884797387484,29)
(121.44057352095766,31.244642974275276,2)
(121.44405565878448,31.26327073537081,11)
(121.37988553794483,31.231650102022083,11)
(121.41293782042729,31.232256731568857,2)
(121.4185044197635,31.25369884177126,16)
(121.43149516938179,31.26248854410695,20)
(121.372592108512,31.255958213822566,35)
(121.43102567818805,31.26106791018276,6)
(121.4008069826003,31.2446630994786,183)
(121.45363916325714,31.2567063997995,2)
(121.3563776174469,31.307069646268722,26)
(121.45412364779904,31.24782533241446,36)
(121.3712728844254,31.31359794358602,3)
(121.43883728819819,31.24832806477253,36)
(121.39055084960921,31.27339378083165,4)
(121.44984908589102,31.258440485430345,2)
(121.39524312183907,31.239455792556658,24)
(121.41256620874961,31.258280439493383,12)
(121.36445024746266,31.311392585261032,36)
(121.45401189716456,31.252459791796113,13)
(121.38306109361346,31.290371540120788,26)
(121.46309842352747,31.25470398576978,16)
(121.42479585707586,31.2515651352343,27)
(121.4367073056127,31.253862345984246,1)
(121.42291748443917,31.262039111127837,15)
(121.38889258444787,31.25182232820776,37)
(121.40076329222241,31.261287988633104,10)
(121.35334037520285,31.28314095980917,7)
(121.42698944153105,31.238078253167384,10)
(121.384379853181,31.259447889320636,6)
(121.38254069849474,31.281159295822313,23)
(121.42941381232369,31.251190812163404,37)
(121.36177201329428,31.28342713114913,11)
(121.39076698227157,31.23128388732416,10)
(121.42410903360795,31.246156275970083,36)
(121.45436361015452,31.270470837495687,11)
(121.3939548054941,31.256287583642024,16)
(121.42676180264617,31.2394180621664,18)
(121.40079514785286,31.269047881812675,1)
(121.35414192401907,31.285533828347987,15)
(121.44231254844908,31.258467411321167,36)
(121.38636272750469,31.29155636887989,23)
(121.45296880404094,31.245687878878634,30)
(121.43610936178786,31.23755500315443,18)
(121.44276787477166,31.26056560416458,36)
(121.42552494835199,31.241995424799278,36)
(121.46017611986451,31.272448082891273,5)
(121.41031959170084,31.242395051473917,21)
(121.40530315501485,31.24793350997479,37)
(121.44045275083799,31.25714695305712,34)
(121.39122194244109,31.256953215900886,7)
(121.44039580752772,31.25578515968934,36)
(121.42038926165155,31.247936604241975,3)
(121.42233836821026,31.258893332443783,15)
(121.43431445342897,31.259939067252123,37)
(121.42277497638116,31.266109909298514,2)
(121.41363190887247,31.23602926200917,10)
(121.40940695981912,31.235827009728727,35)
(121.40993999813823,31.242978771394345,18)
(121.39098702672777,31.24852135761491,20)
(121.37723808540518,31.270313095354254,36)
(121.42541858585487,31.274941978374443,2)
(121.39905336107041,31.244008447105873,7)
(121.43555320451635,31.23737963875326,25)
(121.42471137156221,31.245069321633554,22)
(121.42093908867831,31.262083450530817,21)
(121.4034995426442,31.300664313943305,36)
(121.38928955280866,31.282096513106808,1)
(121.44639202429497,31.244835553326407,36)
(121.44770981569934,31.259217718035433,37)
(121.41113133608572,31.243834378186484,28)
(121.40146844089173,31.231993656647994,10)
(121.40251840837807,31.255447438139143,63)
(121.43412355097848,31.262779636276026,2)
(121.43988922628594,31.260627540729573,11)
(121.44050616225336,31.255140466809724,18)
(121.36793657517815,31.239684363914186,6)
(121.41163911754248,31.25493980225454,15)
(121.38928200798462,31.252819055445556,36)
(121.3998891382847,31.295233344243357,36)
(121.44690652999748,31.241739648832137,34)
(121.42609968633717,31.26450867616116,36)
(121.44072741665545,31.25808466706505,17)
(121.38415070790155,31.260615182391458,14)
(121.4056217400177,31.26046024490393,36)
(121.44136907209194,31.242943281807573,4)
(121.43641627816723,31.253584754050866,25)
(121.43658213050189,31.2434160277616,22)
(121.41082731695897,31.275575692046022,15)
(121.44713810645908,31.248655101001223,29)
(121.45563467070191,31.272599121076706,11)
(121.41202322667573,31.233729626899578,14)
(121.45755070226494,31.24808148773574,36)
(121.42407866624647,31.241622269338954,19)
(121.4566968253422,31.277415503415266,7)
(121.36473822720559,31.246277092741938,1)
(121.39697138006005,31.26720049567489,36)
(121.41110618580328,31.23347653220872,2)
(121.43054395133403,31.257357348840348,37)
(121.45661100075861,31.251506306461593,5)
(121.40839135243495,31.227523281741828,8)
(121.43206121296953,31.28309055515026,33)
(121.38206635328096,31.280194457927276,21)
(121.36116604169271,31.250680260535425,11)
(121.38589043905748,31.24812927572011,36)
(121.38809267176147,31.272500602989528,12)
(121.45004664881627,31.258488137363706,6)
(121.45585707188968,31.271179856092996,15)
(121.40812095064453,31.260712459460287,9)
(121.42240028396404,31.264782233933868,28)
(121.35244697612467,31.28836551549448,34)
(121.41665179348438,31.257858225019014,62)
(121.45496538443855,31.273287792312107,36)
(121.41940114094267,31.23687916124298,24)
(121.36907619942188,31.2523828920701,2)
(121.4168476761782,31.295781533767336,35)
(121.44963350474221,31.277133992736296,27)
(121.39912890807156,31.233937717096786,12)
(121.38603366346473,31.262548472256533,36)
(121.45579271601035,31.25462608881634,32)
(121.42846847415046,31.245957421385842,2)
(121.42460996709949,31.227850573455047,13)
(121.42706822266149,31.231151262050393,2)
(121.35629132534457,31.282580801760396,31)
(121.38097935989109,31.275503381320494,26)
(121.42346214289174,31.25213640924481,36)
(121.40753076476489,31.2430764035912,4)
(121.38755168376343,31.257676750664228,15)
(121.38932832771249,31.2560364968195,16)
(121.4591475452126,31.265284351447637,1)
(121.424765186157,31.261334962394017,13)
(121.40022908061624,31.25887036564345,36)
(121.37780819907663,31.22821413645138,23)
(121.40633861510668,31.245773720979397,34)
(121.45516187089373,31.27929456634352,94)
(121.37693279509172,31.271778356322223,32)
(121.45545180588488,31.268932955248776,34)
(121.44234954137335,31.25918066263742,37)
(121.433961081115,31.231739037046157,36)
(121.37222574258915,31.313197776363776,15)
(121.44550945195562,31.254753565998712,6)
(121.4173765796075,31.240746984975868,7)
(121.42954362191146,31.246922937617818,19)
(121.41239821971111,31.257821280811108,33)
(121.43515474755489,31.252510546293728,32)
(121.40139624686009,31.245266697285608,36)
(121.383030060567,31.290394519396386,36)
(121.42394876088171,31.241336239566387,36)
(121.4406100869611,31.263122471227184,36)
(121.3626174183991,31.246885872609603,1)
(121.43092136696558,31.23324418552903,21)
(121.41036869872839,31.24613753209444,32)
(121.44003980918998,31.237104365695735,43)
(121.3951277729264,31.224729982148002,24)
(121.44052816779877,31.25831206498296,1)
(121.40467591130167,31.23997859137441,37)
(121.38691471895424,31.26273851506532,32)
(121.44186116705846,31.244453938644128,21)
(121.4506943409091,31.2602256700808,36)
(121.42538301427099,31.247428285356612,36)
(121.38883928995274,31.260461052372584,27)
(121.40120613968533,31.256111433567135,36)
(121.42518006387957,31.239540658210903,36)
(121.46166669913755,31.253030530864933,5)
(121.40725479947777,31.23189133405222,36)
(121.41770527844291,31.25091936574505,37)
(121.4490718357841,31.247304030732952,1)
(121.38462147476352,31.229132557660424,36)
(121.42222725329427,31.252719540831222,16)
(121.44142111019848,31.268965284414463,3)
(121.38245523694248,31.245920494063704,2)
(121.40284686687342,31.29941029920256,16)
(121.42746348769073,31.256008797028574,28)
(121.41981174471526,31.270054383504746,14)
(121.41385806720878,31.26132485363754,37)
(121.39646512872059,31.24334312225204,2)
(121.40356842528807,31.299191748895176,68)
(121.35549737683279,31.290065483856882,27)
(121.38742856076298,31.238041668301786,10)
(121.40741035303371,31.249766384366616,41)
(121.43259704255375,31.23216783610925,2)
(121.41277859793108,31.240581557629906,36)
(121.40636142066947,31.2456771258568,6)
(121.38750207441072,31.250230156974673,16)
(121.43761823715649,31.26283753610168,13)
(121.39501360238603,31.223537368755384,3)
(121.42789713455942,31.246044002062437,1)
(121.41717966717174,31.25195006399209,36)
(121.378462758951,31.277015482382392,20)
(121.42410858631298,31.241022976688217,5)
(121.3971187097948,31.29211809184169,32)
(121.4197732982356,31.26626193396821,36)
(121.41772112627038,31.268686148552916,2)
(121.37090312211065,31.25193721165251,9)
(121.45771085425223,31.25457300446973,20)
(121.46124791756837,31.269781467919227,32)
(121.42669259752827,31.247687828363574,1)
(121.40024509621034,31.258988421465332,36)
(121.45108823573811,31.246323820933384,26)
(121.37014406240976,31.230678614763473,15)
(121.42693669003214,31.24027629418134,28)
(121.38261370177732,31.245747197537565,1)
(121.40621993891756,31.256405285988006,17)
(121.45993294740218,31.25353568625137,4)
(121.37924454808733,31.233571204613558,10)
(121.4464097271966,31.241713562108632,23)
(121.41051346985331,31.243838483549048,36)
(121.44322355806788,31.263133053308202,9)
(121.43378775966933,31.25960467229914,39)
(121.3997384338395,31.230435512379284,36)
(121.36460486900171,31.3116928025183,36)
(121.41189007958975,31.251921760505716,4)
(121.39017437290403,31.23695661261401,6)
(121.39739057979419,31.241862128302003,30)
(121.40799510545342,31.2472762635659,11)
(121.37223274376176,31.313197777342697,36)
(121.39070536357568,31.26860040095559,2)
(121.44064523432195,31.277253927324544,1)
(121.42771078131854,31.256049947228053,7)
(121.42907083597643,31.246747185823743,36)
(121.40185153113089,31.249958398885834,14)
(121.43602603113244,31.24375090425828,36)
(121.39565177427856,31.267237173456877,10)
(121.41819225171703,31.231008160388708,18)
(121.37601031738036,31.236932189066412,9)
(121.45931759270059,31.252603231476872,43)
(121.4351235416518,31.260144525798957,2)
(121.42831604817033,31.247289718655622,31)
(121.44562998785668,31.24600704881849,38)
(121.43165619660721,31.276700372360015,8)
(121.44798390893835,31.255524623172857,2)
(121.3934541136241,31.286499006081847,24)
(121.37847056038879,31.277138083345033,34)
(121.44820309937728,31.25781384312419,9)
(121.37814087522935,31.27693389877012,5)
(121.42074979405118,31.268535321439686,36)
(121.41134526136575,31.24356121604892,2)
(121.43761930303369,31.25305891484563,10)
(121.40221411348776,31.264310206346586,1)
(121.42897403092597,31.27058961445925,36)
(121.39552684372131,31.297979850965753,36)
(121.38466758645147,31.230999598839635,12)
(121.40600312508964,31.22420876016211,3)
(121.38184961889907,31.232000222388685,16)
(121.42585622912848,31.241762693498522,18)
(121.4108318567428,31.226097343053652,2)
(121.42132711141325,31.25429282528545,36)
(121.42775591390168,31.256486586847004,1)
(121.4138374258722,31.231363067504248,3)
(121.37297350785087,31.238881172919765,13)
(121.43879289569065,31.25932201607635,25)
(121.45590675392383,31.246821407062935,1)
(121.4073226436434,31.24159774311749,1)
(121.38452781471284,31.291646426341558,36)
(121.4144506557035,31.236757337929596,17)
(121.41038353443727,31.244286703724384,2)
(121.43251564200321,31.260705634998168,1)
(121.38825697192709,31.228281224546624,32)
(121.44649153852804,31.26109566759991,35)
(121.42493975058251,31.240473076743296,1)
(121.44044404584369,31.242549878459464,6)
