(121.43033448598595,31.23751975464235,36)
(121.38103818892525,31.284210028222056,15)
(121.4153252309434,31.270596859089167,2)
(121.4283313330892,31.269866447394413,16)
(121.40614979235966,31.24328148374507,20)
(121.41062743323634,31.243683396290752,12)
(121.40160947482627,31.247228622102373,23)
(121.43426746131195,31.24223492257906,33)
(121.42021995813124,31.231589323296078,36)
(121.42622734475201,31.239181421889008,15)
(121.43394706475624,31.24264542713414,9)
(121.37277802488161,31.286269206907402,12)
(121.38009699269088,31.283781865125505,8)
(121.34625987423107,31.287023599002964,30)
(121.4394378568737,31.23709823764204,32)
(121.457139641749,31.246795795218684,4)
(121.36392387538977,31.30827533185842,4)
(121.4379623381404,31.259929437678114,54)
(121.46051279446881,31.26060638422142,2)
(121.41044461061365,31.245296145603607,35)
(121.38735314155404,31.25831261398246,12)
(121.41354394985957,31.270513410191946,3)
(121.38997219068858,31.282695225812574,36)
(121.36849277940887,31.249267546147035,10)
(121.4108238474875,31.22597128588809,6)
(121.42773295850472,31.251333445691046,11)
(121.36420311329351,31.31065895841714,12)
(121.37259501914197,31.252405860338147,36)
(121.45209404717187,31.24784855881257,14)
(121.38244095574885,31.273946209657595,29)
(121.40514162125673,31.230482609522827,1)
(121.38942741463173,31.256065581987894,36)
(121.43766392560144,31.238085173718307,8)
(121.38758716036574,31.260492094316476,10)
(121.36433983253272,31.30972127629902,7)
(121.44699435199985,31.25720813566467,5)
(121.42599866360071,31.24013004614835,36)
(121.4551900631992,31.252936597321867,8)
(121.42385143138377,31.25946431573247,1)
(121.37646134960856,31.297154129628726,35)
(121.41884280266024,31.236558645050838,1)
(121.41042997285689,31.249415978403977,7)
(121.40370625612502,31.22823440945283,36)
(121.36525688306735,31.27798726978998,16)
(121.35636140665135,31.293457306455927,20)
(121.41804907210805,31.250886184589035,36)
(121.41444834964666,31.233236733353788,24)
(121.40813592202028,31.268209346833515,21)
(121.35956922174094,31.278056034444585,6)
(121.43002246306276,31.281129999997344,11)
(121.43936582682183,31.2582887517956,19)
(121.45717908977034,31.26463349550452,1)
(121.38205116354736,31.270049186319838,4)
(121.42084210721409,31.284361841165428,3)
(121.38586432369533,31.289487085870935,32)
(121.42588363499225,31.234166413178674,16)
(121.3850832878404,31.26738692773423,19)
(121.41298605103933,31.261465670899963,28)
(121.44356955419755,31.26124265133248,3)
(121.44179831914364,31.25635228893895,1)
(121.39905359945126,31.246742667124703,4)
(121.38241078670278,31.283893286438,36)
(121.4284550016747,31.26329001519037,27)
(121.42581596239049,31.24809469291453,7)
(121.41911957107529,31.234273007202383,8)
(121.45198001448087,31.25592433512159,36)
(121.39348016466481,31.240989539913507,41)
(121.4103014108661,31.265612034125887,22)
(121.37122678386167,31.284784801316015,36)
(121.43142947935654,31.276510542446072,4)
(121.39273471280063,31.264568453759956,36)
(121.44763308627333,31.269450223256396,36)
(121.3983664704219,31.2484701887053,36)
(121.40940681783455,31.234198267124075,31)
(121.39920390324019,31.248812371897632,37)
(121.39182798184778,31.286591060135883,20)
(121.45978850640131,31.255550889302626,6)
(121.45081104371756,31.26568589862248,5)
(121.37437152245298,31.25300119206161,27)
(121.43704919283182,31.264144490844192,24)
(121.46046396410186,31.262352641917854,37)
(121.37528099240102,31.254719068254097,9)
(121.40653927708748,31.248755934921707,4)
(121.44128163422195,31.25878130452848,3)
(121.39279745437058,31.22657050637421,44)
(121.41941198877579,31.236963239607014,2)
(121.41442840890247,31.269497656948126,1)
(121.42712029160722,31.249451228639263,35)
(121.4405745786303,31.256808340215063,71)
(121.44404022884997,31.244054436651286,27)
(121.39035698369658,31.23078191869836,7)
(121.36630119406355,31.237354189604652,6)
(121.3681650616256,31.31437688630924,36)
(121.3943527808756,31.25051222342477,2)
(121.40395125057081,31.22775322117727,1)
(121.41209555090462,31.28351017475466,3)
(121.4333446104963,31.23917415899241,8)
(121.43976789751194,31.255620009117973,16)
(121.3839697679335,31.286537856842713,2)
(121.4144569154261,31.248628003650524,36)
(121.34245865557857,31.283955132474723,24)
(121.40645794259135,31.29939913733308,4)
(121.42315566755978,31.237825242209574,23)
(121.36843950370017,31.31416719819166,33)
(121.38222128293697,31.285882171514526,5)
(121.45292386555064,31.256679813192655,20)
(121.38139330999324,31.25769323221908,36)
(121.37572455703628,31.253930262097764,36)
(121.45575697475621,31.26809196518416,16)
(121.37296669034875,31.256076751441213,2)
(121.38069858454539,31.27052900536027,34)
(121.41261916023495,31.267863481551114,37)
(121.37208983631568,31.244766605516606,37)
(121.4100590310096,31.295106202236003,8)
(121.45196704616276,31.278940136657535,16)
(121.39853024555818,31.24333124942886,16)
(121.42503908871902,31.24545823294401,30)
(121.39424345498274,31.259893683650795,27)
(121.39587681720386,31.2318746498158,2)
(121.43595333421293,31.26406368037886,31)
(121.38695586388116,31.286910629034026,4)
(121.38836245300247,31.282109945171076,13)
(121.40988898544973,31.25960792847273,36)
(121.42360438065157,31.268862376220348,1)
(121.38749149883928,31.276887957405503,8)
(121.39652898209707,31.275698139964597,20)
(121.38378846174369,31.22782118302608,9)
(121.45335580807442,31.26051048808735,1)
(121.41393516917339,31.22954006690824,2)
(121.36433493187802,31.30962167595986,1)
(121.4338802141926,31.266342453369326,42)
(121.41936513186221,31.234124658834038,1)
(121.44762628487976,31.269438622105177,10)
(121.40952141653376,31.227880844122872,1)
(121.40304730689778,31.2759812895876,4)
(121.41799518498983,31.251809617850846,28)
(121.42517466256885,31.239628256933493,11)
(121.45048866477865,31.25859835474683,8)
(121.35116067038919,31.28416873776542,62)
(121.40974547133176,31.26060882756462,17)
(121.38351284894705,31.245752772246135,82)
(121.40924337589722,31.225600117739393,2)
(121.40379538494008,31.28687487754401,8)
(121.38383904825915,31.279914029566555,26)
(121.42783415157476,31.279805548947238,58)
(121.4252542670515,31.261384042137372,6)
(121.36614000465114,31.25123391744049,29)
(121.36462067802915,31.249441490130263,2)
(121.34457436829814,31.289947308896615,34)
(121.42848380250298,31.24992616819661,5)
(121.39149902704085,31.289926193220296,36)
(121.43886213928825,31.286400270071443,2)
(121.44575956924834,31.244167486054494,27)
(121.4036936403267,31.255605708029478,36)
(121.44639832560286,31.244833654434128,36)
(121.42380422950694,31.245196079064367,30)
(121.42195182388097,31.24521640396349,8)
(121.41126549380533,31.291820702037235,22)
(121.36424701908153,31.3117644609515,27)
(121.42191303848674,31.235851207582687,22)
(121.38746629000823,31.2381315059033,47)
(121.4221966128996,31.25655123753095,36)
(121.44123122526128,31.268616876535663,29)
(121.39335223887657,31.265774331956273,36)
(121.41194248179188,31.25052553620999,18)
(121.34257683696444,31.30182987671046,35)
(121.4373911457295,31.258464583322247,1)
(121.37918849885024,31.262237828251465,36)
(121.46404229296215,31.26065335829385,6)
(121.41205331540618,31.23440159211789,1)
(121.43837966392158,31.237196782876953,5)
(121.38707148609623,31.232818615173077,22)
(121.40166408509235,31.269479522116686,7)
(121.44775043301271,31.27126637173013,45)
(121.40992269376225,31.25891243685183,32)
(121.3625523946947,31.282642038257944,28)
(121.38926514747372,31.282443207932793,29)
(121.41255464398763,31.2463975099699,24)
(121.43972747454633,31.238473442345644,2)
(121.43708009092487,31.254062817630217,29)
(121.43339044423738,31.238010578197102,10)
(121.43022224768747,31.256111143052895,5)
(121.42559312386267,31.240684637656056,8)
(121.38454156835554,31.277167543683394,11)
(121.37129740354158,31.30556987679052,26)
(121.3992804175497,31.232178164517446,3)
(121.38986786439303,31.234008053143487,65)
(121.42412357993133,31.241109003943812,20)
(121.44267648666032,31.25412594843376,32)
(121.4495958009833,31.255166716069237,18)
(121.38926732117594,31.256560680330015,36)
(121.41019155995554,31.287873434632694,4)
(121.36909660265695,31.31424415394135,35)
(121.3754364731967,31.280710281919745,28)
(121.37216844777524,31.25160310228064,6)
(121.439534042361,31.23796961572211,23)
(121.42568635789031,31.24444524818231,19)
(121.40789357024298,31.298340662467552,25)
(121.41773637064523,31.252183907732952,36)
(121.38365946870682,31.229533852350265,6)
(121.44335218622332,31.265088572994145,3)
(121.41452643266358,31.248471818506747,37)
(121.42528452713097,31.26470644304855,20)
(121.40422722078678,31.24992728616426,36)
(121.45163119756747,31.245408070827136,16)
(121.40738778124121,31.26612548519991,11)
(121.3984876326757,31.276854173580013,3)
(121.37356598360765,31.255423291969702,11)
(121.4340732926847,31.23320616928336,8)
(121.44614927301184,31.241559716679667,36)
(121.43490758900286,31.253541664030003,25)
(121.43971908700468,31.254193020763243,27)
(121.45332380070172,31.25585579166982,10)
(121.4439389459568,31.241272217416775,24)
(121.3767344871642,31.271378955799005,5)
(121.39988429204375,31.239696779429472,12)
(121.44452906791294,31.27894952421217,2)
(121.4278967916651,31.24210724053259,15)
(121.41541035180428,31.24421061177738,36)
(121.39962715402082,31.26210257607883,30)
(121.40325175950923,31.25781760223049,4)
(121.38846792053099,31.28295022033552,11)
(121.43620224399447,31.249343165283026,1)
(121.40102616565672,31.291379133614054,22)
(121.40691118735771,31.224790053685798,10)
(121.4576417732705,31.251593845135996,5)
(121.38454016269887,31.261035721330973,9)
(121.37203012131333,31.26559205353161,23)
(121.38895221340891,31.23547005130969,37)
(121.399215051266,31.26268068945273,17)
(121.41223837410318,31.25904985097273,62)
(121.34572475712076,31.278413335086913,17)
(121.37658413846897,31.254569670631035,5)
(121.44115380819039,31.26849996236982,28)
(121.41238470838138,31.29771880273373,17)
(121.44871160275025,31.259889925994543,1)
(121.41069348390481,31.25581690336344,36)
(121.34928388754557,31.303008537919922,16)
(121.40517419510037,31.259969771022377,5)
(121.44094800863142,31.25795027798085,3)
(121.3751588481774,31.31407329684868,36)
(121.40697082269611,31.30083265330414,6)
(121.426189396171,31.23931951696811,5)
(121.42885789707948,31.25602248142683,36)
(121.4028898004426,31.261965415664946,39)
(121.39456785290682,31.23362982887959,12)
(121.43556093886497,31.23715175405608,24)
(121.44612426860989,31.244830106333133,10)
(121.3798160998142,31.25457321842906,23)
(121.43594243169919,31.264059678264122,37)
(121.45005903699109,31.251771179009367,2)
(121.42703630579409,31.260032931269265,1)
(121.37541072144403,31.2494569131587,36)
(121.43721705918112,31.26571093487655,36)
(121.42429307726697,31.26008124497426,36)
(121.43730776851281,31.24110802281628,1)
(121.3915989073518,31.287692358557727,25)
(121.42817892506764,31.24730929966483,31)
(121.43033451585809,31.237862910249653,30)
(121.41531499345474,31.290720137066216,9)
(121.46148873051308,31.260724085385306,4)
(121.40536177538878,31.298777113364526,21)
(121.43214246960075,31.26436963192704,38)
(121.41554295593797,31.26859693265816,6)
(121.43320296252108,31.2753230403715,37)
(121.44008745217063,31.25693111365398,64)
(121.38846912951355,31.296806783990874,36)
(121.37143022598755,31.249218005142307,10)
(121.34821877815831,31.2855048019481,3)
(121.33405782170604,31.292251965408514,36)
(121.36521697420665,31.24254732532341,36)
(121.40995870265839,31.255612450815374,16)
(121.44767243967408,31.253981503925772,9)
(121.42570999381886,31.245005457320964,36)
(121.36211675027053,31.24749186467782,39)
(121.38404557373678,31.270319843032254,24)
(121.38568099004631,31.262612710481573,36)
(121.42227329923064,31.265139889301025,18)
(121.4438727187133,31.26015565676086,12)
(121.42857610896378,31.231797800366863,29)
(121.40247568084129,31.244844634845155,3)
(121.38839038571142,31.277608963024335,2)
(121.41505449121537,31.283637367123337,2)
(121.36492373369155,31.238887598450763,26)
(121.39451070999324,31.23972253588505,24)
(121.40764367223915,31.23060473588664,36)
(121.45766205724465,31.27274079556749,1)
(121.36434983394244,31.30965287760897,18)
(121.42827731761815,31.25072047301053,25)
(121.36498377441079,31.293852292077762,16)
(121.42482508472968,31.24303331995532,16)
(121.43096326218647,31.2532641124293,13)
(121.39343480996328,31.248743977294772,10)
(121.36817374013509,31.241348710123653,1)
(121.3830240342627,31.258125350224073,1)
(121.4371321403455,31.253599810999383,36)
(121.38458776185949,31.277955589002495,20)
(121.43825000734219,31.23865462437849,36)
(121.34698011982908,31.296054717164687,36)
(121.43245406597276,31.253133409942482,34)
(121.38483904259633,31.267508760576344,15)
(121.41343966346636,31.26141556589131,22)
(121.39017704915055,31.25915132305063,36)
(121.42801203739913,31.25788410351713,25)
(121.40253166170871,31.223902199042076,37)
(121.40436979190268,31.23333384084567,4)
(121.46310447404436,31.255481311405372,16)
(121.3658465234052,31.28492799709808,4)
(121.36008076357524,31.293315067664555,33)
(121.38947759352233,31.282482046558922,28)
(121.37205559379761,31.236502849213885,4)
(121.43069379952512,31.264157337452403,1)
(121.40245097403148,31.25963650066387,29)
(121.43787757673604,31.275997129186955,1)
(121.3769788877766,31.272116552240885,3)
(121.38711489545115,31.231627425211595,30)
(121.3994970962091,31.261983483033717,4)
(121.36452865840931,31.311412594303793,36)
(121.42404763791939,31.24096899896946,36)
(121.3889710088495,31.27887292603283,36)
(121.43854750221266,31.238572171667748,18)
(121.36832531280494,31.314171037379733,62)
(121.37044308595019,31.25261179521518,3)
(121.40964644702561,31.251731824441638,9)
(121.40987838283786,31.25941532664708,19)
(121.42416226844979,31.237948546334216,5)
(121.4340427855806,31.264124310497262,9)
(121.38923424716184,31.233056158638863,3)
(121.45939958287302,31.250172915267093,17)
(121.36710963231181,31.309239009371606,14)
(121.45145274679217,31.26768986832334,6)
(121.3874139172447,31.282526218279294,37)
(121.3595690217954,31.277786135020918,34)
(121.3999481342927,31.272039899292302,23)
(121.39430195605074,31.30137138411322,36)
(121.43896812374537,31.265353360455695,18)
(121.36915047113453,31.231026397188852,23)
(121.43559978987734,31.254632335800093,2)
(121.36427332271927,31.311812163872116,36)
(121.43314817452605,31.253941963741262,2)
(121.41098632470785,31.2433241754727,36)
(121.3765263746989,31.250381660829206,5)
(121.40108094693909,31.256088331843273,10)
(121.36364227783133,31.246700379880153,25)
(121.45262674849941,31.24726125487002,6)
(121.42422319891666,31.260727577991606,5)
(121.40961970948302,31.244782025237175,36)
(121.44107941723443,31.24125229473852,1)
(121.44398572378368,31.251257589770574,25)
(121.37673112813154,31.23275597715808,27)
(121.38278259102617,31.25375390068684,6)
(121.41054560783711,31.268413188291817,1)
(121.40972454493038,31.259519994455815,26)
(121.37306270359441,31.23024687182329,36)
(121.38451154513591,31.277268558187163,36)
(121.38830734114491,31.28239583463985,29)
(121.4300469427185,31.26157469186618,37)
(121.44466376149707,31.244071648609538,11)
(121.42459621661212,31.242032051888458,9)
(121.43016202120019,31.26411566373563,36)
(121.39511410378628,31.24010702168752,6)
(121.43076663797414,31.259916191506846,24)
(121.43834367689159,31.248270170879813,8)
(121.43093771000426,31.2488932158078,23)
(121.40374015568743,31.261431240013636,3)
(121.43860863543375,31.24128330989449,24)
(121.3429516434344,31.30153346227283,36)
(121.42529787682915,31.245943238704047,19)
(121.42741012111603,31.25113170764883,2)
(121.4332907111753,31.243680495330327,36)
(121.42289472739405,31.266808563880122,30)
(121.44048525833043,31.258504156593414,7)
(121.37264492939953,31.252961972325355,5)
(121.42183234373593,31.262648319804942,33)
(121.38561067794001,31.247918628301665,37)
(121.39356762556429,31.241096623592743,84)
(121.38890796185244,31.256003170585405,36)
(121.37136323605118,31.250883923654584,30)
(121.41057445784276,31.24384147542601,10)
(121.45214001136186,31.260174868950777,21)
(121.43777914999764,31.254308244092332,36)
(121.42346794334527,31.227353926256594,104)
(121.37394420440776,31.256606230587362,35)
(121.44845005041522,31.2616818780927,34)
(121.4424620393329,31.2443519589198,18)
(121.44392438666368,31.24601036383421,24)
(121.37965460287427,31.297193765181486,31)
(121.40953271208019,31.244661981352966,1)
(121.38299784705674,31.23652960386288,15)
(121.40606556294028,31.240680311298505,16)
(121.36436153512615,31.311292175231348,36)
(121.39972352603498,31.244631983307386,9)
(121.38343284104442,31.25970611645953,34)
(121.44703135798927,31.251384394617382,21)
(121.34437305987541,31.29312280078877,19)
(121.46041994162792,31.256944087163156,36)
(121.41223844419721,31.259853198489875,11)
(121.41908996490507,31.254032663681826,21)
(121.40294582855987,31.247795149523263,36)
(121.39665898321068,31.27494888568613,36)
(121.33975430796556,31.287641947383584,28)
(121.38291592817599,31.29035839452018,4)
(121.34489300337205,31.290803839093925,18)
(121.44104757125318,31.266469791330117,36)
(121.4110762769469,31.231542814444946,2)
(121.4226179566638,31.275972217691248,21)
(121.42776850876581,31.26014030855632,23)
(121.425457962346,31.23728020988881,33)
(121.40629829789364,31.28340968672146,17)
(121.36089778478329,31.280160364947406,14)
(121.39649451106602,31.224593570438074,16)
(121.39363281184683,31.235785270484683,13)
(121.39016184582002,31.259217220123677,27)
(121.41004772468335,31.24288329397927,7)
(121.40913710048055,31.245768799250172,11)
(121.42490920518391,31.245346287521276,17)
(121.4352113115156,31.244122110587682,29)
(121.37054692673782,31.290804066528857,37)
(121.39130389666627,31.259537830453088,36)
(121.43575517683465,31.27502978664044,13)
(121.43617262531798,31.264658867533804,4)
(121.3731182199005,31.248007399169158,3)
(121.36152762827908,31.284261083823576,35)
(121.45261326544583,31.27584959148182,3)
(121.35144601582293,31.301450930572056,3)
(121.37250265653722,31.28688309703406,36)
(121.43958479965336,31.26232017712122,34)
(121.44192883106344,31.238595757061987,21)
(121.42001376639158,31.22770665445622,13)
(121.37328303695382,31.247780767401196,1)
(121.41075429891976,31.25404631948935,37)
(121.37186013358247,31.280795770311997,36)
(121.41498340799191,31.24796418865828,36)
(121.43668982649683,31.253361295772564,4)
(121.41282608074313,31.257752144929427,49)
(121.44765566640847,31.24468141767915,35)
(121.39017716935446,31.269046692579128,13)
(121.40672025638648,31.22556941419394,36)
(121.40661168886703,31.287838492906292,37)
(121.44425697720438,31.253171758887895,16)
(121.40331703677123,31.226452524890007,36)
(121.39442886726032,31.2650596243416,31)
(121.43947040211357,31.255485381131166,24)
(121.38137641909648,31.2361706468982,4)
(121.40965432757433,31.266693965651218,5)
(121.3928626675327,31.251552883315515,35)
(121.46302169259415,31.255343443928396,36)
(121.41731855080634,31.25150480467039,19)
(121.37036504688913,31.272618411025135,27)
(121.4501757782317,31.251803974796687,28)
(121.41078880664222,31.248352450681537,36)
(121.44247795763182,31.24375666750955,30)
(121.44621760483705,31.255356649854477,11)
(121.39576150153847,31.260209174767873,19)
(121.41010304001153,31.260947061500428,3)
(121.36608599679855,31.251212710955656,18)
(121.3892808575216,31.237154103428416,12)
(121.364972220301,31.31328174183388,18)
(121.37686550326751,31.280989103819834,36)
(121.44629900496966,31.244828437028094,33)
(121.44510325483797,31.245823223856977,12)
(121.36542566646767,31.248965091928234,36)
(121.38932835997062,31.2564066581101,37)
(121.44360556278207,31.264946650837455,2)
(121.39527730038989,31.275701548871144,33)
(121.38182512895982,31.26915247221216,23)
(121.37872958652906,31.28769996563635,22)
(121.4361803865,31.26403122459968,36)
(121.41113130293428,31.243454207923758,36)
(121.42289050933093,31.26205813850244,36)
(121.37936862676112,31.293151690860356,23)
(121.45881443370173,31.271199748521465,3)
(121.40755268912241,31.230749804864974,25)
(121.36454321684991,31.238784206662167,9)
(121.41318169225787,31.231722421198267,19)
(121.44153393094145,31.246315271851003,10)
(121.38305645006453,31.284014615395876,36)
(121.39085485995261,31.224809497306975,4)
(121.36428042403162,31.310615367414858,20)
(121.42560876111739,31.271090883862847,3)
(121.4518968885757,31.263756883076823,4)
(121.36447735099642,31.312312186306198,28)
(121.4305030286419,31.246182473084357,3)
(121.41018625574087,31.252131211224366,20)
(121.35164528688126,31.296553812716656,36)
(121.42334624877182,31.240706404801813,37)
(121.40205101849176,31.22924957933765,4)
(121.4072091987723,31.236457419820766,1)
(121.43152377155873,31.235419525897118,7)
(121.38245648137587,31.279779645585734,25)
(121.4278306364835,31.235495821636714,1)
(121.38425809443414,31.277998632330856,36)
(121.43006061884033,31.235118947135888,9)
(121.39066510840584,31.26384381589856,56)
(121.4610071100058,31.265590491023136,27)
(121.37220614056548,31.29771302788332,36)
(121.43790891766037,31.25409297172607,21)
(121.44405973459037,31.250812227750686,14)
(121.39827426929998,31.24661332962329,25)
(121.43799470856902,31.276261319147405,23)
(121.43142351010856,31.230904568987643,41)
(121.39343621076665,31.264810969121836,36)
(121.37805478061512,31.254152088281064,31)
(121.4216046862751,31.24630960363988,19)
(121.41664672688661,31.26079415179197,37)
(121.43091667347348,31.258030225321683,22)
(121.41470753170849,31.236559161617294,36)
(121.39954312774995,31.262151570193275,31)
(121.43763634659695,31.276819042296676,14)
(121.41265719414172,31.246976451566574,6)
(121.3924296071449,31.277291625488644,36)
(121.44140505865266,31.246323650588568,3)
(121.44028512749064,31.257206942684714,37)
(121.37292205914254,31.272624768663878,2)
(121.4046548288498,31.233386896482564,37)
(121.38514641809016,31.291093762543877,34)
(121.41524934418594,31.225652957953017,1)
(121.45660853361805,31.264581684217283,36)
(121.38152166106576,31.248465315004697,28)
(121.41222334895551,31.258711707960888,65)
(121.41472160651924,31.27186260643574,4)
(121.39276250307428,31.238977211767597,15)
(121.45514273463094,31.245603894499418,3)
(121.38209408171707,31.23402639462522,7)
(121.38474789956673,31.250053174514967,37)
(121.41529396902878,31.26743453265867,2)
(121.39971862379433,31.258367855119715,21)
(121.42320518479305,31.284377260436866,4)
(121.45694978935889,31.254451578145314,9)
(121.37758565150072,31.248388014219927,20)
(121.4228446836106,31.25214485922221,2)
(121.37647229401938,31.267219696050986,20)
(121.39080899963804,31.249808807528282,2)
(121.44962994144744,31.274166590724104,1)
(121.43529496926487,31.241646894492415,14)
(121.3826866743906,31.29044420579447,36)
(121.39442985837022,31.276420410486843,11)
(121.37201233926048,31.268921020374663,14)
(121.35213484732897,31.305962891848235,23)
(121.44057456610243,31.25666427751061,4)
(121.42390428567344,31.258347792134625,37)
(121.43112233079403,31.27021123822032,5)
(121.43791878328061,31.261570364723617,11)
(121.39552021016803,31.261611704053923,10)
(121.40378165514018,31.30143965783155,32)
(121.43482448583444,31.26240461523331,1)
(121.3457426169441,31.299519857109697,26)
(121.45256703691557,31.260470160516842,1)
(121.41295283215706,31.232447815224635,12)
(121.36937588018584,31.309351298691666,22)
(121.4215967843215,31.24625810209029,26)
(121.39208806450367,31.296817310322332,36)
(121.37764470170679,31.300095304707067,30)
(121.43346240421556,31.263957832958937,3)
(121.36630871384742,31.309152911061197,36)
(121.37244689619308,31.25608007743087,36)
(121.38444094185506,31.25971506078622,7)
(121.37882207927136,31.2919777857099,35)
(121.41711729646003,31.239326409754895,16)
(121.44314233870075,31.274063745015305,8)
(121.46118928311463,31.26174743128296,1)
(121.45605883460827,31.25212943785157,12)
(121.35949902242311,31.246892894882926,35)
(121.37196075551334,31.29766168431625,28)
(121.39891212962654,31.28785407326422,3)
(121.39087980202342,31.267918234617248,8)
(121.36723383220422,31.249252884082974,28)
(121.42189798495602,31.235097874415114,37)
(121.40450896879769,31.28683066365404,14)
(121.43429021539262,31.23877584574645,6)
(121.39185712022568,31.25180514918321,9)
(121.41014214795622,31.242454214440887,29)
(121.42737350114598,31.268783353733152,25)
(121.39132640543265,31.231428890661356,1)
(121.4285250924136,31.276717615981873,3)
(121.40457005685474,31.236108128862003,36)
(121.4370711532401,31.252622463797987,20)
(121.38334763933635,31.246980456061042,11)
(121.42527530956569,31.247899093479187,1)
(121.44301107715448,31.24522148092986,7)
(121.44135924789799,31.24310424799386,13)
(121.4077309766285,31.24551343954204,44)
(121.43600704551567,31.25811480211702,37)
(121.39838873402658,31.239062560865193,4)
(121.43414191037968,31.243323964332795,26)
(121.43054937426741,31.25081947999218,27)
(121.41744503736437,31.23497433631152,1)
(121.36348901570331,31.309140680599345,25)
(121.39463975014645,31.22779615332817,12)
(121.3911048307422,31.233732779396323,23)
(121.37231115690955,31.31319858831363,26)
(121.40994029826669,31.236169684426734,1)
(121.39639569513018,31.227295780151103,8)
(121.43596139603049,31.281193072332677,23)
(121.42879640644853,31.249567706731895,36)
(121.43790877736258,31.252480264358738,7)
(121.3944825092803,31.259864229408308,2)
(121.45891315729695,31.259475527021543,20)
(121.3929153344333,31.23582687380029,23)
(121.4102000069525,31.23784282845914,46)
(121.45818840496135,31.268079040353886,44)
(121.44109918772135,31.239026660457004,2)
(121.43673441181885,31.25384745125635,37)
(121.3412863594762,31.294839713672033,30)
(121.45761192133338,31.25241627115339,5)
(121.42959040842804,31.26047968621214,36)
(121.46042875259215,31.255037235693962,6)
(121.43558656586845,31.26505779280747,36)
(121.39889126119328,31.232117003569194,2)
(121.4308919271764,31.25070806712866,9)
(121.3613338400046,31.280150910621355,25)
(121.42313533118877,31.262449131204704,36)
(121.39029097596885,31.265765378890197,36)
(121.39634943888512,31.22462952160795,7)
(121.37657484500235,31.27803854552687,36)
(121.3557040619154,31.293166074905315,36)
(121.44510575537039,31.245846624259336,7)
(121.43959833556546,31.234299731398334,1)
(121.41553902967581,31.235040170550022,36)
(121.37231778550407,31.268616293205884,36)
(121.39951006454831,31.23862217544928,18)
(121.39894584147058,31.261929894593713,36)
(121.35956922170102,31.27819413413947,17)
(121.41453265525,31.236286874081976,26)
(121.40820135829138,31.23888048934411,9)
(121.38118618918803,31.233288209638758,13)
(121.38505960550384,31.25983066984804,32)
(121.44776974341144,31.24835985263478,34)
(121.41003952519574,31.23198818040545,2)
(121.40045119815282,31.24485292794315,1)
(121.37360833564442,31.263883946118828,37)
(121.45113710530204,31.258224966324626,1)
(121.45269500253939,31.252035231989563,36)
(121.4306077766673,31.247860150980706,3)
(121.44186209867743,31.25517267595147,30)
(121.44938173388493,31.24247130149882,36)
(121.40424288534338,31.24605757108411,36)
(121.41015975221812,31.2565670907707,14)
(121.39017760670055,31.274061801261908,18)
(121.41918123365109,31.272380850570375,72)
(121.41126027728049,31.23204100940146,4)
(121.45140853114286,31.246664358862322,28)
(121.44166339745618,31.254399643507618,7)
(121.45376160819913,31.26565037451688,1)
(121.43710104320994,31.251911110944167,12)
(121.38758890103585,31.28045951094442,38)
(121.39129800386942,31.256990282136297,39)
(121.38141942249105,31.293105002154437,34)
(121.4103820066906,31.226761722284476,15)
(121.45275809328682,31.27779511413104,15)
(121.38941240466386,31.256097584977745,12)
(121.40414948436289,31.231948899343617,6)
(121.4265638125931,31.24858834111113,2)
(121.40977125643764,31.25961120398699,36)
(121.42556585866109,31.245080027473016,21)
(121.43963986935293,31.25437910547735,37)
(121.43160953346953,31.268392938132244,11)
(121.4157385909704,31.265474530371062,8)
(121.38209018601854,31.244810566608596,2)
(121.41674918333025,31.228776421140203,2)
(121.40764656155487,31.263733457984127,15)
(121.39232662182587,31.23238294464372,10)
(121.36079097137043,31.28015955386327,21)
(121.40455298188667,31.23254068050122,15)
(121.42822600709249,31.26550013436096,37)
(121.34695981752844,31.298842809632454,36)
(121.40440931933207,31.23933057209759,25)
(121.43918807913502,31.277460830114716,1)
(121.43498219878643,31.238871034912986,2)
(121.4434368790834,31.240820826194444,34)
(121.3885163164908,31.229571019174443,1)
(121.45663767163694,31.255503699386544,1)
(121.3814200173392,31.299927693606556,18)
(121.41395789136972,31.233906227098714,31)
(121.42758405323612,31.27734188012013,33)
(121.36498362963509,31.28471700730388,3)
(121.44796952582024,31.27374944131807,17)
(121.40649785403798,31.242676659722896,21)
(121.4318832840224,31.258246283655943,24)
(121.41020786403884,31.267037780104825,7)
(121.43648631008833,31.27815213467903,37)
(121.38419660284823,31.25883745648483,15)
(121.40196985953055,31.248183526218657,36)
(121.37893310586753,31.256127934277455,25)
(121.36475010410358,31.244763207271067,34)
(121.39395433635453,31.25090622503628,29)
(121.4451429508607,31.24571621958444,37)
(121.40711096859025,31.245259385440377,2)
(121.44517607173854,31.27084306471326,37)
(121.376469896629,31.253393824683208,34)
(121.43758150610981,31.258734405378892,9)
(121.44039885792458,31.242850101117348,1)
(121.43682858338757,31.264575969664087,22)
(121.40935377383248,31.245076185393174,8)
(121.42179383544911,31.27771048223801,60)
(121.44404132908467,31.244052236853573,1)
(121.39870944542038,31.24654846020794,5)
(121.41493868295376,31.26235048847946,21)
(121.45325830167619,31.24782125345802,37)
(121.43106748838325,31.262699915472346,32)
(121.43497694683349,31.281765557618506,31)
(121.36905581483546,31.282920816323198,34)
(121.43059384148731,31.233883826402305,1)
(121.4178751628143,31.235501044481364,3)
(121.44720489630092,31.282320346623017,19)
(121.45653919362843,31.26974846169454,16)
(121.38403651066109,31.259771712333496,36)
(121.41062587396802,31.225796236941473,7)
(121.42179789573342,31.23315105150736,5)
(121.41840001528641,31.252689802894295,4)
(121.38889317083097,31.25720959280022,18)
(121.40313552936706,31.243952469714667,31)
(121.4177934641656,31.239635550798567,19)
(121.40040568304163,31.30466039651859,23)
(121.34161233676856,31.286131837735077,72)
(121.45139349988823,31.24590705035632,13)
(121.40909669056647,31.244151793979047,35)
(121.3931043988335,31.223593349056955,23)
(121.4095976467807,31.244024689101767,36)
(121.44956621903832,31.26424050986928,1)
(121.39825324066192,31.26932817872396,5)
(121.44156679595223,31.254674565088656,36)
(121.37510744334209,31.27429822348365,36)
(121.41924832076448,31.234926602707382,7)
(121.34770013213722,31.302551624458633,4)
(121.4029648991865,31.22878596468625,2)
(121.39645266273699,31.240277448449667,8)
(121.4198139644127,31.234519983164553,1)
(121.44297942791022,31.26503053682704,24)
(121.36690424425034,31.237444114990964,13)
(121.40374318464244,31.284671976071056,1)
(121.37336857616069,31.234629237791637,40)
(121.44244730474628,31.247083200226527,2)
(121.38989458751641,31.25926867100438,30)
(121.45610639434535,31.27145765740379,1)
(121.4385879332055,31.254244406331182,36)
(121.40634751727836,31.245714022925924,16)
(121.40665481607874,31.266387596293267,36)
(121.41493633597314,31.235438572358174,18)
(121.43613967254679,31.238703563938703,37)
(121.42360806990007,31.26425555949133,37)
(121.39650829825999,31.226142217693727,17)
(121.4418291737802,31.24686735974257,45)
(121.39949286826264,31.28711795143858,36)
(121.42472691727667,31.251496159681167,4)
(121.43078421684078,31.234512811158066,36)
(121.38528700491236,31.283222598651978,24)
(121.39247207854906,31.236440886074643,4)
(121.42370531553172,31.245154134512187,22)
(121.40872152121729,31.252760644115504,22)
(121.42269895657664,31.25355321769916,36)
(121.38791292544882,31.231345367402355,21)
(121.37611500781901,31.264286213055293,37)
(121.44098451385327,31.241541968195513,3)
(121.3408777255666,31.286476595760817,35)
(121.44934481395006,31.242455362416322,36)
(121.42822743515484,31.276711898561306,30)
(121.4598180590227,31.251298958461135,12)
(121.44400189380993,31.26505755240475,34)
(121.37471819148591,31.27789323791012,21)
(121.38284721290347,31.257978434984366,34)
(121.41622512425313,31.23994012291996,22)
(121.38270178873626,31.29155866663118,10)
(121.41994643642852,31.246313142777463,24)
(121.34813605127,31.302311324071347,1)
(121.43671802934122,31.250514385809236,20)
(121.37785553115438,31.254340944365207,3)
(121.42911585449964,31.236104351620632,1)
(121.42827287879503,31.270935439168262,26)
(121.43862387751471,31.244357668142186,36)
(121.36317647460596,31.304854055287944,36)
(121.36763265137968,31.237114462219115,6)
(121.430260973432,31.26498593306434,14)
(121.44747036925772,31.245927370904475,31)
(121.43682103161385,31.253642068391216,36)
(121.40196685903605,31.244693432442332,140)
(121.38986447640411,31.29136419843954,37)
(121.41113129482098,31.243361166233345,16)
(121.4125789098088,31.23197069157387,4)
(121.4205190518814,31.246617940165844,3)
(121.42190696214014,31.262575935492393,21)
(121.4076143479224,31.238339266939683,17)
(121.41839203463559,31.252854879442175,30)
(121.4266469311687,31.2394901961509,11)
(121.42305840705485,31.262550230037245,36)
(121.43813835138023,31.242975673012683,22)
(121.40822150602258,31.297869462695537,17)
(121.43643196644823,31.265413302181518,1)
(121.44298206006091,31.267358173845764,28)
(121.41928828526791,31.270173135669445,1)
(121.40004638221045,31.263032105293398,6)
(121.44879464404929,31.268337555955505,12)
(121.44515989465586,31.269425921468745,24)
(121.39037261219649,31.237860160680707,36)
(121.40189971863596,31.249178553266216,2)
(121.36748303909249,31.292860587373628,36)
(121.45264139417469,31.255896214786805,24)
(121.4533817215843,31.256041625139403,5)
(121.43932775023369,31.279600826099415,12)
(121.38746899626216,31.225393264877525,29)
(121.45423345400852,31.26503879576172,2)
(121.44345953129046,31.264450625297435,54)
(121.37726635240949,31.246470193994178,5)
(121.38446674234818,31.247957030430463,16)
(121.40215933142403,31.244021314531853,17)
(121.45381436712441,31.252388158403384,36)
(121.44613370550664,31.25453043283091,36)
(121.44858342911994,31.241874493470355,26)
(121.44638392945959,31.272315700543462,14)
(121.43697237271907,31.253322903414734,36)
(121.3900625263325,31.27421978634235,8)
(121.423182289057,31.26243709208388,28)
(121.41434877130477,31.237608757824848,5)
(121.39524610452986,31.273661682149147,36)
(121.36501236918336,31.277061518667544,6)
(121.4335581396178,31.23724903432348,2)
(121.40733605754231,31.29381983005627,53)
(121.43017630875241,31.256153209104145,1)
(121.40409926886443,31.2621355918501,19)
(121.43648261309939,31.23567266001114,3)
(121.43045021568777,31.247562142388336,10)
(121.43652846218018,31.234770188307845,3)
(121.41612893040475,31.252808845866685,2)
(121.41212963892657,31.25949069577357,36)
(121.43688946625245,31.26434679064763,36)
(121.45968943210745,31.251662404186863,12)
(121.3922402085416,31.227884668022725,37)
(121.43506786935372,31.259514065190626,16)
(121.3893156453283,31.294235402157025,36)
(121.42297474690965,31.264715584600797,11)
(121.43744418695971,31.24845111995727,8)
(121.40994599952786,31.255615148168193,18)
(121.4568050024536,31.252674105873663,1)
(121.42354698543363,31.26265992076985,37)
(121.43240041500886,31.2448257917447,36)
(121.38314544781,31.29334680950303,36)
(121.440918054093,31.258670837104308,19)
(121.4594610021185,31.251259732630565,16)
(121.39385026423983,31.274255579239615,2)
(121.46328098486963,31.25551791570741,1)
(121.4173775044073,31.251353710973245,37)
(121.36496761975249,31.312900342162305,18)
(121.33846948454561,31.303691861410755,36)
(121.45144704047965,31.24908710203171,34)
(121.39195661637781,31.281313990345755,23)
(121.42391982179977,31.26465349580335,5)
(121.37511928663668,31.237747314202622,38)
(121.39573441004053,31.274002063842353,36)
(121.37014405494259,31.230592575193317,30)
(121.41842569907234,31.23188816643935,67)
(121.40640888612221,31.24429094428052,3)
(121.38405146398141,31.259048413390992,33)
(121.42409359834843,31.241001978704077,24)
(121.45941480044392,31.24752718285386,8)
(121.37985651907786,31.297617859195007,388)
(121.4176203181485,31.2393462389231,11)
(121.34655269238256,31.303098739076226,7)
(121.4021128931605,31.257562936522245,19)
(121.40628904839714,31.239801053739253,11)
(121.45944549183926,31.254010014728017,36)
(121.36390767315599,31.308299229956567,35)
(121.43611827220376,31.264031712526,12)
(121.45625083086253,31.269142377613665,10)
(121.45876812810332,31.254762794258884,8)
(121.42868257278883,31.249944984366962,16)
(121.39551224109098,31.29103506285493,36)
(121.33434046432095,31.292256506662316,6)
(121.4388923033008,31.261964649694235,213)
(121.43666526021465,31.23493608355199,18)
(121.4151531945603,31.269292371242656,3)
(121.43118673625143,31.24750229953553,19)
(121.41881033452886,31.236389303786055,5)
(121.37560732375293,31.23011942496981,3)
(121.39222829888018,31.282466555579454,2)
(121.37165527128913,31.29757524531263,12)
(121.44562997444825,31.245795433510754,37)
(121.3972605240716,31.266281492069936,1)
(121.41103230734362,31.243244131508348,17)
(121.41778229984419,31.251680664317544,34)
(121.40118488373245,31.276171971424972,4)
(121.38241078190714,31.283838263998977,29)
(121.4358966393149,31.236952004531627,36)
(121.43599453885518,31.237076238684004,13)
(121.39878850501128,31.256087675194703,23)
(121.443252722235,31.25907989106707,1)
(121.41211043417303,31.25946949180376,36)
(121.41868968614646,31.236407744492862,1)
(121.36471944708113,31.24935620204024,36)
(121.43219542054099,31.25316271576003,20)
(121.38313026490916,31.283951727972905,19)
(121.3712728844302,31.31357574363605,31)
(121.37981024592835,31.244831907119273,36)
(121.40201167056716,31.231962066037617,20)
(121.39234412261149,31.2994022413918,20)
(121.38603776088799,31.28326612951689,37)
(121.42941543632442,31.269827854338555,29)
(121.45212947515392,31.260317692150462,28)
(121.3949488078597,31.272249940136405,11)
(121.40647675587917,31.231316064227187,36)
(121.39001683551439,31.258296926280607,22)
(121.44511895815312,31.245842526617228,29)
(121.44156600440049,31.270792835018884,23)
(121.44636681906195,31.2448393489016,24)
(121.46340340606527,31.264324436726532,7)
(121.3741289019194,31.273003466399814,20)
(121.4178821475681,31.262068136291973,36)
(121.44081786445005,31.253607578540223,4)
(121.36648885554158,31.251707058842406,8)
(121.41442064772222,31.270904304179837,1)
(121.4413942564539,31.247127147107207,37)
(121.44994729995706,31.251922454384026,16)
(121.38206691353518,31.289943392515056,6)
(121.42526148459653,31.247530560086894,31)
(121.43678663581922,31.25293898215555,36)
(121.42408199911195,31.280926551517645,1)
(121.44998579423387,31.258595297573013,1)
(121.41846810983854,31.2367251663289,1)
(121.387283167146,31.240868195471855,34)
(121.42485628053525,31.24562345356753,36)
(121.38870432507962,31.29133768727817,15)
(121.3723016600944,31.255936824856683,28)
(121.41330753020256,31.23139069574942,4)
(121.44121355860945,31.246815982319585,35)
(121.3394564197172,31.301330292588464,26)
(121.37191767287322,31.239885198674774,27)
(121.41203763992168,31.227045547657138,1)
(121.38763632264201,31.25979149233105,15)
(121.46100594024324,31.252067633287886,20)
(121.41996113946631,31.231560461314952,20)
(121.37559114199857,31.23854562305419,30)
(121.34454845722847,31.293253178045056,36)
(121.45987201983482,31.252501367712327,16)
(121.37903496657934,31.277758871050313,21)
(121.40929135975362,31.241401770700296,4)
(121.36623061159425,31.274620678317245,36)
(121.40963677397625,31.24555136673608,30)
(121.4399279469214,31.259396417144913,36)
(121.4285808536613,31.251804903213422,20)
(121.42651814380031,31.25183281407105,18)
(121.4433832812529,31.24425745549323,2)
(121.41848199365039,31.230096594599512,6)
(121.44981084462869,31.25851274588096,39)
(121.36020490766035,31.24887566151674,27)
(121.38938137460354,31.256055543976853,36)
(121.43670810668822,31.258672137094635,13)
(121.33867653743465,31.295235942110697,9)
(121.38117499842875,31.28376633398551,17)
(121.37949333037889,31.284928682329646,19)
(121.43781704830108,31.253855994079757,18)
(121.42152511646081,31.24466343810576,29)
(121.42017787620733,31.27614385892429,13)
(121.380563263152,31.258043157736996,35)
(121.3876745823671,31.25291786790525,2)
(121.4287949544129,31.232893201263035,2)
(121.45229732614627,31.247399175152307,26)
(121.40909018896747,31.244161292611828,27)
(121.38487511924696,31.287343418535773,36)
(121.43714804450939,31.264266410513653,17)
(121.43171643971674,31.243457981941944,42)
(121.3993804977042,31.232666421432135,25)
(121.36475291665784,31.27717117240241,36)
(121.38337392059778,31.247548045093282,19)
(121.44866668087552,31.246849567890422,5)
(121.40157966654684,31.244871554136118,9)
(121.45286961244311,31.24711553545371,4)
(121.4225174128283,31.264797458277783,36)
(121.38846742493375,31.27726788083103,2)
(121.43200029243329,31.283061611524502,28)
(121.4101280444037,31.255664285940618,23)
(121.37439071605841,31.28944054044021,11)
(121.40450977039477,31.25497442820534,24)
(121.45753569717532,31.2475792969204,7)
(121.44015469528179,31.238117656701764,35)
(121.38543643587346,31.28304632499356,25)
(121.38099430213732,31.274631033215286,33)
(121.40043321995189,31.236761612773037,15)
(121.40237269169096,31.247594951718728,11)
(121.4330032890472,31.25292868823078,36)
(121.4155801678324,31.228606996088597,7)
(121.4539483407928,31.255800383113215,38)
(121.40689850233609,31.25134108187514,12)
(121.40182954842572,31.229930264307708,8)
(121.43297201895392,31.249330138284925,19)
(121.44777025160174,31.254214431869052,7)
(121.41303166051817,31.25370832700004,7)
(121.40273510538155,31.285831280568345,12)
(121.43445152300205,31.267961448298735,31)
(121.43872705548189,31.236918168995885,6)
(121.42264808710398,31.27775793796251,5)
(121.40095999007066,31.232263704242772,8)
(121.42399472861425,31.24145025595887,15)
(121.38425713927052,31.25275786130782,2)
(121.42195221857135,31.249744415362308,22)
(121.40312466800188,31.29140459542133,13)
(121.35399154358257,31.292731959897377,33)
(121.42761843752884,31.262770189699765,1)
(121.43635532826009,31.253060603940856,36)
(121.40373775372419,31.23388901257698,36)
(121.36798877710514,31.31451968793693,16)
(121.37791437916245,31.271180840046718,10)
(121.41723075618178,31.230366323784853,5)
(121.4073875169531,31.263097190703892,36)
(121.40257177763665,31.248083207858695,24)
(121.40636338866622,31.23859437994272,9)
(121.41228605136436,31.25551130157896,36)
(121.37903117772377,31.243984680215522,17)
(121.38941243230154,31.256414723153874,33)
(121.45662212608873,31.253554836534462,1)
(121.44914788713682,31.247562222747508,23)
(121.42635256117701,31.277538945413454,16)
(121.38278120009986,31.23777277652986,37)
(121.44081672705495,31.24052276110274,63)
(121.36562920025303,31.250989289906606,36)
(121.36316727404598,31.302402659809147,29)
(121.42303405539894,31.246817367536806,33)
(121.40595047705591,31.22827064221813,36)
(121.37506113677179,31.27153901064671,36)
(121.37880455415007,31.231123062287548,22)
(121.40203952213975,31.269465360961952,24)
(121.40229012794357,31.26427620758175,11)
(121.42072126727535,31.234371841706857,37)
(121.40804186666105,31.244575057634897,17)
(121.42731248633326,31.26866134147234,9)
(121.39404051565238,31.27528172610069,37)
(121.38371796796737,31.280519164935928,5)
(121.45917208561865,31.254963995957052,31)
(121.44540902131045,31.254517162162795,46)
(121.38633102130959,31.288791069226697,3)
(121.43099256935412,31.254555615888627,27)
(121.43068662030095,31.2698331562594,18)
(121.36442014379026,31.309453486187103,36)
(121.40989818771719,31.259601430399247,4)
(121.41821324699835,31.242870401442396,1)
(121.39065207322163,31.248438005280224,1)
(121.37565945964965,31.299897245109168,5)
(121.45497770499156,31.24727616605367,36)
(121.44988586368835,31.27398472910352,40)
(121.40545272593272,31.30017634202581,51)
(121.42175458897435,31.252166614625757,5)
(121.41139026230557,31.24369826879946,10)
(121.40518745524871,31.228535715790606,4)
(121.44461013049809,31.270031665660394,2)
(121.41036859656128,31.244966009539525,12)
(121.42239398200321,31.259941241997854,13)
(121.39284854084754,31.256170326460918,36)
(121.42266774886123,31.253180011921756,37)
(121.40305932925112,31.24181949991732,3)
(121.42710338937407,31.238894520448767,36)
(121.41285375300461,31.231169254292723,7)
(121.44783762779608,31.268475060346077,36)
(121.41072980160178,31.271067279893536,4)
(121.37832952887328,31.258573323886253,1)
(121.44777410424453,31.25721273348922,1)
(121.42148262894057,31.28451749932289,1)
(121.39709571102918,31.245091264298463,36)
(121.38009479745863,31.241379247252873,74)
(121.41081684533667,31.22592926755502,37)
(121.42116620918851,31.24252671103136,33)
(121.39351818722979,31.24096054854385,2)
(121.40043282731548,31.232256556700076,13)
(121.38218251863677,31.283857045472175,5)
(121.44939869505087,31.242455263003055,23)
(121.43512604480229,31.274788098202198,1)
(121.41005154677673,31.260228891972847,32)
(121.41075171953102,31.269692018931078,11)
(121.43487662960607,31.253476674078385,11)
(121.43498346718808,31.25344752809678,35)
(121.43985974384931,31.267171851731568,10)
(121.36421121474022,31.309470062052505,3)
(121.38193515051393,31.270056488521195,64)
(121.3542758992667,31.278547696765536,1)
(121.42552728947625,31.253291299094307,71)
(121.42821128076405,31.26327424128822,30)
(121.37235041085393,31.286751844817445,35)
(121.42894192091526,31.257433013097472,36)
(121.38749443788524,31.28197047435322,6)
(121.40631508956743,31.23978911342076,11)
(121.3957460352205,31.223716814575962,4)
(121.43747484926287,31.256623669879232,36)
(121.42290758245838,31.27451840754717,1)
(121.46316624368778,31.25480987403299,7)
(121.44212524090779,31.258171393248237,2)
(121.39930922943746,31.231777025935628,36)
(121.43295594557851,31.23675751787151,22)
(121.40623911100484,31.304177937604102,36)
(121.39485356997562,31.23573890915099,36)
(121.4266619734717,31.240158484668495,15)
(121.39478790411876,31.223720890166614,27)
(121.41007133060683,31.228247326558645,6)
(121.42345150592024,31.233258644958752,5)
(121.42822102941389,31.280742634657262,4)
(121.41759036388457,31.239672400425274,1)
(121.37802331834493,31.249312923482606,7)
(121.37411383871755,31.272532249972873,8)
(121.35368267923522,31.2851195925627,36)
(121.40789101536747,31.266201431826033,28)
(121.45271235523651,31.27956593635022,3)
(121.38071429890694,31.267023538396025,3)
