(121.38748637413734,31.241049441048506,18)
(121.39099318971837,31.2962353712429,7)
(121.41433698586154,31.25579076470779,16)
(121.36440684188695,31.309635284235664,11)
(121.44618698090272,31.241723823008613,6)
(121.4000991360123,31.244557889225245,19)
(121.41663173877998,31.26084017806384,17)
(121.38945748301184,31.256557818319557,28)
(121.41446829774127,31.29001615070869,21)
(121.41304228603563,31.244978545677533,13)
(121.36512756955204,31.27701367223347,36)
(121.36415700687049,31.310790552820013,36)
(121.43861846638349,31.27620370170859,44)
(121.39063307868543,31.25231279140511,2)
(121.43103327903371,31.25446292425188,4)
(121.39817538728695,31.24845611068978,25)
(121.42505371802334,31.24137138959441,13)
(121.44450975022663,31.24070085897427,34)
(121.37357316859612,31.29709655461842,10)
(121.43406277062562,31.26428535527171,34)
(121.39023021035872,31.269021719141552,7)
(121.3956881098311,31.223655063519708,3)
(121.37217405257243,31.285763212744346,36)
(121.40536257558837,31.298638813817835,20)
(121.38194969331622,31.24301031586311,23)
(121.37274434923218,31.25604845115451,35)
(121.38442883232904,31.260813397587768,33)
(121.37011401879768,31.230735599710137,7)
(121.37221828987168,31.264676487166607,36)
(121.42604461741627,31.24014201239699,13)
(121.3881842990674,31.244292447489716,2)
(121.43928819195139,31.260726727100316,5)
(121.41771964059186,31.243704152381024,5)
(121.39003445766662,31.296637870380295,4)
(121.37321090056892,31.254236262422463,3)
(121.43605817986077,31.25750493210029,16)
(121.45425669162726,31.268421187941033,12)
(121.39932620476385,31.22953696552564,9)
(121.39953848134586,31.257577320883605,36)
(121.34698802085418,31.294570321006816,16)
(121.42095242657987,31.26467563235373,1)
(121.43727806354248,31.266891355457897,2)
(121.3669400748389,31.29245463751445,31)
(121.35723988784746,31.290369552625382,37)
(121.37035887010343,31.23600334398425,36)
(121.41214206306506,31.226936391688522,18)
(121.42032079860171,31.253522109072343,37)
(121.4343054665204,31.25338733855802,34)
(121.37272132656548,31.256192484007908,5)
(121.40500438847413,31.22794442703544,27)
(121.36316757410607,31.302330160006484,21)
(121.39143881995548,31.29953796356874,14)
(121.42818799700358,31.262746317216624,2)
(121.45479897841334,31.267878300219476,11)
(121.3959751576326,31.223684908507707,17)
(121.41585606896338,31.29448843350703,4)
(121.4219658682694,31.23438950589736,3)
(121.41634310626804,31.28701315391295,10)
(121.38441843030964,31.26020899705283,7)
(121.40051923281733,31.28111489926148,1)
(121.39543621212461,31.26217890680123,3)
(121.40017513249279,31.248201673396018,30)
(121.44915708907041,31.247905723673387,4)
(121.42449439851207,31.26331297144033,36)
(121.45502184304794,31.27179855916954,21)
(121.39235735285754,31.251168375061944,33)
(121.42540901994744,31.240975402790014,36)
(121.39242736802045,31.2547483809719,5)
(121.4015618178513,31.23983529916391,4)
(121.37561823936495,31.2717375579341,9)
(121.43915143246616,31.2610132373632,53)
(121.393180119226,31.22413515213501,2)
(121.42109436167011,31.26481886169684,36)
(121.41210793355478,31.25948799124513,37)
(121.37878883949097,31.266724336121595,16)
(121.35306191678524,31.295172421364352,4)
(121.38514547177843,31.280241357196942,2)
(121.40165298501839,31.230252697069808,14)
(121.45415755411184,31.247901337578575,3)
(121.38091893498941,31.243926744576612,37)
(121.37945855890968,31.230543049609164,22)
(121.42095148503863,31.25527449179623,26)
(121.4098754821211,31.259711025461566,12)
(121.38641617921543,31.22762543299959,30)
(121.40748363467176,31.23009150341202,19)
(121.44252081052964,31.283113286611844,6)
(121.45556506049427,31.252073442249444,25)
(121.39747558677142,31.277298210070462,36)
(121.38679186352468,31.242779651851805,11)
(121.3892382928194,31.2794803750393,37)
(121.45028912657156,31.24723674138637,27)
(121.374301443428,31.23022786635977,29)
(121.44843324700405,31.261635975311542,28)
(121.45410567101018,31.261252436816708,3)
(121.38941244407162,31.256549781968722,36)
(121.42160848848076,31.262556873326588,36)
(121.41222064773665,31.22773382493618,6)
(121.39043823036067,31.290267619102092,24)
(121.43891701028011,31.26903334092677,17)
(121.4378927232852,31.251555879730784,4)
(121.36695031077693,31.237298115964165,9)
(121.41249820767449,31.258029347129636,34)
(121.38457387809157,31.29181053386917,36)
(121.42561007663365,31.240338467447152,13)
(121.42882735870229,31.24943761894938,4)
(121.43198432079771,31.28314066169089,1)
(121.41866367991425,31.24034073166023,1)
(121.42183694421546,31.254460136540317,34)
(121.38505475532635,31.292770137939264,23)
(121.43200693139329,31.250918457548305,105)
(121.45338211160072,31.255638301313827,15)
(121.40374658589698,31.255844170950514,36)
(121.41666718578372,31.263557268742552,42)
(121.39939639928524,31.24294608636689,22)
(121.39088702468534,31.26881006491972,11)
(121.3897925666381,31.250007871120136,9)
(121.37143932118568,31.267508660975952,3)
(121.39995768034566,31.257536104380147,15)
(121.44104018258493,31.265888146206812,36)
(121.43459578181556,31.261903682756394,60)
(121.42833753014811,31.23474311495821,37)
(121.37856117732402,31.277471196870827,36)
(121.40537947969752,31.298721817110653,4)
(121.42068164988298,31.277755225660595,36)
(121.43975242100937,31.26131850295347,36)
(121.4052418750397,31.244775098902334,5)
(121.4225028088395,31.26021466411517,36)
(121.42967202120514,31.23424394572192,2)
(121.4148547136263,31.231628619077853,103)
(121.44088701022902,31.256707829415713,5)
(121.42388140079805,31.259427277084185,18)
(121.37329959518011,31.30673294937448,29)
(121.41825285680001,31.24255951032176,2)
(121.36750926173863,31.248790077866747,60)
(121.42469649897903,31.246366912103735,3)
(121.39721550282277,31.266285474922537,10)
(121.4099239940783,31.259522535921537,19)
(121.39100113251277,31.240250913028877,37)
(121.45864477211703,31.269988608692408,2)
(121.38635813276547,31.253537247706742,64)
(121.36419741281861,31.309499660398306,19)
(121.4552085964091,31.271110377243815,2)
(121.39957313302706,31.262086551898385,15)
(121.40456948293206,31.299585649476224,36)
(121.40706249157529,31.25413755374168,34)
(121.3876598365453,31.301907147654582,4)
(121.41336394469478,31.261380050117733,28)
(121.43356969965316,31.273946756869858,3)
(121.44817109210693,31.25483474318479,17)
(121.44531787371608,31.24887332911394,19)
(121.43668802245418,31.250447380127664,4)
(121.38741065465528,31.25255553597054,1)
(121.44774950857735,31.263691254222742,34)
(121.40504534015275,31.26175452972249,37)
(121.42276469544761,31.267632535229463,1)
(121.42396368855492,31.24066392540775,36)
(121.4131667459355,31.232279680910967,36)
(121.36427572646632,31.23866174439839,36)
(121.39220131997689,31.236638374751163,11)
(121.35383869323579,31.288877696487585,17)
(121.4446588161329,31.279010334675938,1)
(121.34869351299739,31.29378898861278,36)
(121.44354145075769,31.260041243401872,2)
(121.45632074897775,31.251265063343237,8)
(121.385499457707,31.22990969929246,2)
(121.42288472576656,31.276364542980918,1)
(121.4007621475513,31.234750788811485,37)
(121.4372171285888,31.266508274527943,37)
(121.44426682565788,31.247263362010575,15)
(121.43186870981093,31.26290431018249,36)
(121.45165479200838,31.279192845940983,2)
(121.3833165739396,31.246627269338138,6)
(121.4426063131308,31.239125381494336,36)
(121.40892334726304,31.2995271469111,5)
(121.44262336533798,31.251581914810668,37)
(121.39563634509842,31.27388196634675,23)
(121.4179112560388,31.252050764890296,37)
(121.39674295363052,31.274122577784187,6)
(121.43463754683059,31.238132002960665,2)
(121.45196704268933,31.278900120131993,1)
(121.42687070022423,31.26512138888368,3)
(121.37949334179639,31.285059735620568,26)
(121.37657278101527,31.254318445396887,9)
(121.40834568986895,31.231349048330816,14)
(121.37278203987886,31.249515632600133,1)
(121.3874559691439,31.248215618600497,23)
(121.45736225450374,31.246464959579896,58)
(121.40014488883928,31.245522472823605,23)
(121.45399122257328,31.24570431553735,2)
(121.45817554531536,31.2648354398789,6)
(121.3754736135765,31.271734836375554,36)
(121.3641225020811,31.310847248730873,34)
(121.34443420539883,31.293248964443123,36)
(121.44090074300384,31.242440498110803,10)
(121.42677443395286,31.272941012990433,1)
(121.38265278126342,31.246146413666118,11)
(121.37604260191796,31.306793375625872,36)
(121.42877477136153,31.264922404414175,5)
(121.43401312373663,31.244569788114052,5)
(121.41486531684183,31.252643981449193,17)
(121.4327429478846,31.244865417743632,30)
(121.42149176989454,31.228920907507444,1)
(121.37057845147915,31.29626327957693,35)
(121.44436539090829,31.25253883197317,3)
(121.4067271044864,31.304036895060005,36)
(121.42583080071499,31.23973501002138,49)
(121.42564495138373,31.241708791240207,4)
(121.40921185747406,31.23778912065864,4)
(121.42798338226127,31.272922548091447,7)
(121.3941830649059,31.246128232922853,18)
(121.42937630465394,31.256301917284276,8)
(121.38944245492978,31.25638173069354,22)
(121.4517604000313,31.245533559584462,36)
(121.39267379636348,31.299400203423655,26)
(121.43607675807321,31.238708151701747,18)
(121.4242304329476,31.25451573368865,37)
(121.4366586341746,31.239108987625276,7)
(121.43682293228684,31.254922966358404,23)
(121.45786985015427,31.247721641551422,4)
(121.41795578283421,31.236209060041173,4)
(121.41449502218067,31.252630416433895,23)
(121.37883487991806,31.2665002918884,4)
(121.40260130963466,31.267565715144894,17)
(121.42192246596379,31.262566138741338,33)
(121.4383354808279,31.25720573972854,4)
(121.3656522606374,31.251218425233247,3)
(121.41470014487498,31.229793267653402,4)
(121.36416400763254,31.311552851888365,36)
(121.44498145927791,31.270813377999872,36)
(121.41849765856578,31.237834122235803,29)
(121.42625973477857,31.25550464793059,2)
(121.4323038821859,31.265759457353575,71)
(121.45768759525656,31.267764335726998,14)
(121.44388855936448,31.247192948586505,15)
(121.42634294807532,31.24544368677896,24)
(121.4185820390052,31.253701558015113,36)
(121.37168688060227,31.280997623363,37)
(121.4170207639726,31.263515158164616,7)
(121.39707144050486,31.277836264412453,36)
(121.41484361204303,31.27254783786907,3)
(121.44705025961859,31.241749773814952,4)
(121.40992349396342,31.25827683826796,31)
(121.41376183369555,31.23571608098225,1)
(121.4159281432057,31.23847057831184,3)
(121.38565217983295,31.28783775234797,4)
(121.37962223511354,31.270452827966988,31)
(121.38004292972929,31.283835829435695,9)
(121.415685372631,31.25122537128492,36)
(121.43674380283825,31.25407353648963,58)
(121.3804826526093,31.23271959617682,1)
(121.38491724172319,31.29181784720901,15)
(121.36855468096113,31.313992295850838,36)
(121.39544893146578,31.244981844860718,20)
(121.43968247875432,31.253820014557743,31)
(121.40925432931472,31.245617523872102,1)
(121.43378694283264,31.250222572032335,37)
(121.42573992315755,31.240081242791458,37)
(121.39051901253816,31.25259683801141,32)
(121.38224500151705,31.300050572437254,37)
(121.35200286164266,31.286179850552184,7)
(121.4378779665032,31.2540680033372,25)
(121.37601825629396,31.29171944610755,37)
(121.37442075921872,31.289429573552084,36)
(121.42466343734219,31.23745235534726,28)
(121.41433683408673,31.27265006529143,2)
(121.39490492740013,31.296843928064714,20)
(121.41737675909576,31.242805910724705,15)
(121.45613571625337,31.252509333166135,10)
(121.44468760543532,31.26576772801446,3)
(121.39354875474469,31.235762212358882,7)
(121.40440929456074,31.23904644365798,10)
(121.40242868154893,31.270265779966255,16)
(121.44849125821106,31.25963758895071,24)
(121.4107517196539,31.22655710246398,19)
(121.42763768342326,31.23753541717022,14)
(121.45310548217665,31.256072288605402,32)
(121.44174722484811,31.25418842231517,1)
(121.38923503888647,31.29673867200381,16)
(121.4427289554585,31.28200602688868,4)
(121.44841056418824,31.259492507267854,9)
(121.4412217225544,31.265775280182808,19)
(121.45121370006574,31.266545331363925,12)
(121.40574584913672,31.244114837686823,11)
(121.38745725910222,31.28710947230347,37)
(121.45192453999373,31.27510713101043,2)
(121.40823275302347,31.243435538419764,17)
(121.43713213581907,31.253547788195572,2)
(121.41604158137402,31.23266588924418,2)
(121.3538303039878,31.282221435920132,12)
(121.41321688392146,31.27989241150587,5)
(121.4169053109884,31.257607660056998,33)
(121.44954337364895,31.242437987868758,34)
(121.44905583007969,31.24683485138584,11)
(121.39516303202842,31.273381523233493,31)
(121.34380030519932,31.299020064017967,9)
(121.43791789692095,31.25402492957338,36)
(121.43147168309733,31.25322161465118,11)
(121.44163711229082,31.258913170166906,29)
(121.45855590520979,31.257331377831544,29)
(121.38929730503129,31.256080493220882,36)
(121.38932833555903,31.256126536064684,25)
(121.44401882428379,31.244070932762497,24)
(121.44187318711974,31.26389233595608,20)
(121.41130948451318,31.28038905796296,4)
(121.42780453592081,31.2379834654797,20)
(121.4157572066623,31.28748907090473,2)
(121.42448299920959,31.267812451933988,3)
(121.40564930007896,31.283718782594292,43)
(121.40289085187283,31.236714162808852,1)
(121.37605302510316,31.253975677099195,36)
(121.44512035728931,31.24100693567661,23)
(121.42589972652235,31.239689931423648,36)
(121.37617025190664,31.289211622883467,6)
(121.41571550645175,31.252923106355272,27)
(121.36430292740847,31.30969657209803,2)
(121.40909459004985,31.244131693581892,36)
(121.39960414036756,31.26204154248579,36)
(121.34350567170702,31.287628985931974,23)
(121.3800510650313,31.254660381944728,36)
(121.41267097279467,31.247074932980738,36)
(121.42406423043069,31.259399126013687,34)
(121.35327493663209,31.296269135345717,33)
(121.4257698119959,31.239153798728953,12)
(121.41251065044797,31.228755228399496,28)
(121.4463958250867,31.24484805396967,22)
(121.40794142818504,31.227998524015803,9)
(121.41087174918223,31.270334042662473,30)
(121.38173921838536,31.286388629913763,15)
(121.45605326325155,31.268417484760274,2)
(121.38985496949967,31.258314868284913,2)
(121.36957030336926,31.313346477688686,36)
(121.39622287086775,31.2647873993462,2)
(121.42520937191439,31.24802074840767,19)
(121.36695510502138,31.292504679380887,27)
(121.38478654856833,31.250974559650647,18)
(121.38665705097448,31.2808979300123,5)
(121.3746770140965,31.230467444553017,8)
(121.4206491563641,31.260373892537505,9)
(121.42591471234545,31.23970292460174,7)
(121.38457316168714,31.26180112033083,21)
(121.39503402632376,31.285644513777985,18)
(121.37026082069237,31.248789949053517,29)
(121.39260159343951,31.22981793423422,15)
(121.40041824260068,31.23707675161806,36)
(121.42620558445368,31.253136658127012,55)
(121.40461729643286,31.25494975021082,20)
(121.46259581118827,31.25461511365307,3)
(121.45038974837999,31.25699384426687,36)
(121.37150407529566,31.309553676842363,36)
(121.45414321708112,31.256343826400624,23)
(121.41772212490349,31.236114611291693,12)
(121.36677479828491,31.24949159853888,2)
(121.43211148927476,31.252649584881816,16)
(121.40006086109116,31.245529450826307,20)
(121.37686715909146,31.299999723917864,32)
(121.39124942475267,31.29666170970002,36)
(121.36770520147051,31.30190146437918,36)
(121.41659316612879,31.23111531534762,1)
(121.42216954780523,31.255724434503666,12)
(121.4178352617994,31.251601604021367,30)
(121.44996087349215,31.25522277711363,1)
(121.45876287513481,31.250586723693157,47)
(121.37953489720233,31.233319405878138,20)
(121.4529709511391,31.27045062304104,10)
(121.37745126100056,31.257494855564975,17)
(121.36391797459424,31.30821893131349,36)
(121.36491913018143,31.249312676159732,12)
(121.38841586894986,31.252485716178892,1)
(121.40797621933727,31.28293848695322,12)
(121.42284444055953,31.24935662940896,7)
(121.42567658566499,31.244959350522688,37)
(121.3990212064113,31.230899489663866,1)
(121.44012561319832,31.25955019405596,1)
(121.43210693266778,31.24663515417064,37)
(121.42694319500285,31.254310693327522,36)
(121.45661212644528,31.260493822127202,11)
(121.38139616216584,31.29043491185441,36)
(121.41736159051328,31.240775004519254,29)
(121.41826646079352,31.254242190904506,38)
(121.38803849006761,31.240596772226045,36)
(121.43612506922354,31.238906460730732,19)
(121.4140892958809,31.227536325486653,3)
(121.40234467639601,31.27042082839321,7)
(121.39617449791334,31.2469885812263,30)
(121.37647449829348,31.24963323316422,36)
(121.40361221733012,31.285281204656602,10)
(121.45459188595153,31.26853555462078,36)
(121.36672213473322,31.25134506166628,11)
(121.42468211429153,31.264721934713485,13)
(121.42061842493501,31.25173214369567,34)
(121.34885431079468,31.29903634877141,5)
(121.43652226512798,31.2643722902939,30)
(121.41471270084794,31.272472841464054,12)
(121.36889260399337,31.24901715015306,36)
(121.41119131449165,31.23228013185737,16)
(121.38793337358997,31.282226509230636,2)
(121.43877889939832,31.270564839420196,37)
(121.43062028281162,31.2699356114951,36)
(121.42200408592606,31.260471259798233,37)
(121.41971820723332,31.241863282218322,43)
(121.43404546546044,31.237553588934166,36)
(121.38070490679623,31.28390625690521,2)
(121.45611181164604,31.251456331490203,5)
(121.43357477213303,31.256250469850727,6)
(121.40030302593388,31.25796399426231,2)
(121.40149645128054,31.258769660059826,37)
(121.42637219625726,31.239210309731387,21)
(121.42891129488888,31.24984071500042,16)
(121.44707029114167,31.262033271580606,2)
(121.34666617219719,31.28262479648046,13)
(121.39883955078568,31.247154776014185,23)
(121.43105246614167,31.259262633709817,4)
(121.44278661206864,31.257956445014734,29)
(121.40122287656312,31.275966895728597,23)
(121.40712668231937,31.253446007174336,25)
(121.43301805420118,31.250471589300712,2)
(121.41535331896839,31.23737430187263,3)
(121.3848132083337,31.276775330334566,236)
(121.40914781477044,31.24523127475756,15)
(121.44392533939127,31.256976192570335,36)
(121.46099037234045,31.256564637288903,10)
(121.40935065248404,31.302685829084805,14)
(121.42317224980103,31.250426867638197,36)
(121.39674110406406,31.229961164888717,11)
(121.38931886279188,31.257170070176578,25)
(121.40898039000166,31.25158910828791,37)
(121.45653876179276,31.253665103793963,13)
(121.40253353212444,31.24536098928022,31)
(121.36891491337826,31.287853386448866,17)
(121.41268016782048,31.246757348362255,36)
(121.43097631455964,31.25639647083485,4)
(121.39202905652871,31.228355906382028,34)
(121.40673638914414,31.238565374742336,42)
(121.42573600018615,31.24523386225196,36)
(121.42154291799093,31.276921336900944,2)
(121.4058905272073,31.2454790604674,26)
(121.3942130328404,31.234060805262768,2)
(121.40909539023404,31.24505299197476,36)
(121.39425232270663,31.24859036425347,10)
(121.36438183846808,31.30939788188493,17)
(121.45755796637424,31.247799553719666,12)
(121.408490269959,31.226679884966288,36)
(121.43148528691195,31.2571485099606,36)
(121.45184932143758,31.244457523213455,17)
(121.46378278476608,31.25789477506138,4)
(121.45017647837832,31.25987349411264,36)
(121.43373361408227,31.24557257157487,22)
(121.40788849367782,31.258705615335135,26)
(121.39417776127107,31.25992470190712,4)
(121.44233385752133,31.250991108310547,37)
(121.35956922163365,31.27842303363352,32)
(121.39415245657749,31.2508453067845,1)
(121.41827008314507,31.252549807014443,28)
(121.37037755783275,31.278171693982376,8)
(121.4623289652314,31.26250699483465,17)
(121.34448731982786,31.293220051480592,4)
(121.43373871653766,31.245779080172287,35)
(121.41441760567884,31.24871399525446,36)
(121.37961911626861,31.234610086675552,24)
(121.38822269096862,31.282844988251323,36)
(121.39098059340921,31.28951068426834,37)
(121.37847736160538,31.27741828381344,35)
(121.42414655008616,31.241010942160123,36)
(121.42159328344974,31.246148201568165,13)
(121.34400506759053,31.279423568413506,4)
(121.44824913222598,31.264640085955236,7)
(121.43781705395847,31.253921022564622,18)
(121.3829142305057,31.235474891913533,37)
(121.40796130665723,31.24955727616847,4)
(121.43074743877446,31.24298178367548,13)
(121.3689133046489,31.31430491934966,17)
(121.42416251451294,31.23590605455327,35)
(121.4325131648604,31.232249969640357,6)
(121.43846531619852,31.25781082142571,13)
(121.43009335825487,31.280018685425635,2)
(121.3803082190009,31.232421968549055,13)
(121.38597298360226,31.23043935398865,10)
(121.42952871826307,31.24638723559679,22)
(121.43574708663203,31.264056340213266,37)
(121.40242521660893,31.230537250293306,29)
(121.41929101471452,31.254050805709458,36)
(121.36506646275679,31.27703258813619,36)
(121.41874071287974,31.228748839201614,36)
(121.3810026036391,31.269934471030183,1)
(121.4265256142786,31.24705135257243,14)
(121.42324928708155,31.263088323101883,36)
(121.40155015651322,31.29096275496968,28)
(121.38547137747416,31.252315759389017,36)
(121.37231795805103,31.31319878926573,36)
(121.37406246917632,31.25591346252516,22)
(121.4247160881838,31.241871885125743,36)
(121.39778859456396,31.23200545651981,8)
(121.45108989951545,31.265504183963184,4)
(121.42301714042655,31.235011061048702,1)
(121.44405421894912,31.246994590492903,5)
(121.37748152006904,31.24849394134467,23)
(121.44712385460024,31.256909751908694,26)
(121.44132038435583,31.247044922077823,1)
(121.41357641839987,31.246296654872406,47)
(121.43265708731408,31.26569855918071,21)
(121.39053545287204,31.26898191383939,15)
(121.43635576715748,31.258103804716406,6)
(121.42886982394714,31.257637972895193,2)
(121.38642224132738,31.283265997062628,1)
(121.44406273525126,31.250900428128404,4)
(121.37744429199743,31.27201776545247,29)
(121.41179564766709,31.249308684463823,5)
(121.40681302822891,31.245897669168397,25)
(121.35060353712517,31.28172355214343,8)
(121.41618814075441,31.251379239564084,36)
(121.4494007620963,31.255151683297637,9)
(121.42538483674886,31.280845127763023,2)
(121.38564460766932,31.22993083585258,36)
(121.41269515777856,31.246696317446272,37)
(121.44706422576537,31.28270675189685,37)
(121.43726415730023,31.267145459740867,16)
(121.3987140748537,31.29959266873514,4)
(121.41694293242666,31.253295715489752,36)
(121.4022272358853,31.30347527518871,70)
(121.45431653259296,31.256755054233313,10)
(121.36431762945578,31.30967997383118,21)
(121.46012989602386,31.24746856852887,17)
(121.4137161963767,31.239680892511416,56)
(121.37240349629164,31.28679393135134,36)
(121.40385792642874,31.304413821418912,28)
(121.38503575140552,31.29278443461892,18)
(121.44898755612685,31.241963797532176,3)
(121.37464702000722,31.254087011011578,36)
(121.36774434783732,31.31433626852663,36)
(121.429313573375,31.235594922989485,37)
(121.40989545880599,31.242412930944315,15)
(121.45148642803214,31.25904464626521,2)
(121.41361630760643,31.22906807673488,10)
(121.40777522632062,31.282878469809567,72)
(121.41907378092279,31.22983783707815,17)
(121.4031058755796,31.24798626223436,36)
(121.42544378631962,31.258029435849306,34)
(121.39143686301617,31.277114924250323,10)
(121.36875302419234,31.314139631534776,14)
(121.38926730661615,31.256393607573074,37)
(121.38889164150854,31.240997509068634,33)
(121.38146506531076,31.232227488674585,37)
(121.3715015910028,31.281007380583706,22)
(121.41163373404282,31.23834581004594,1)
(121.4637687867624,31.255568695924314,36)
(121.41496652733555,31.23778362751871,1)
(121.3881085157685,31.282022562876016,32)
(121.40794650824746,31.242478958942804,2)
(121.44173094258447,31.23911673869405,20)
(121.4022029542316,31.25104844463801,71)
(121.38321749094676,31.246948317336667,8)
(121.42196417403483,31.234870899907772,23)
(121.41194201360265,31.226585350581253,47)
(121.41387996773017,31.283587735087373,2)
(121.43480873056563,31.253472756755134,24)
(121.43157082527519,31.232271404754574,1)
(121.39097606971163,31.23762546557876,3)
(121.43869461538725,31.265671883273452,36)
(121.43919674702116,31.2655131027824,15)
(121.4216788036785,31.234879540451825,20)
(121.44342410858931,31.26614595188148,3)
(121.34653640202508,31.288558966470266,19)
(121.43112139128434,31.259428631253105,3)
(121.3999609480326,31.24691903946377,37)
(121.41608570759426,31.268744782923033,1)
(121.44139082530975,31.265061670704167,7)
(121.36601298193307,31.267044968397588,36)
(121.37597260850393,31.246329164242635,13)
(121.46216183871992,31.262405472764204,18)
(121.43282757410617,31.253393095624794,19)
(121.38077698569822,31.285529293398803,36)
(121.36420251321664,31.31063595840043,13)
(121.40434582756009,31.291082642367517,37)
(121.45400664765275,31.244343452565,6)
(121.44218513207024,31.25900547109733,21)
(121.43375133852602,31.27710413220931,20)
(121.40033156851923,31.262057969898045,29)
(121.39045773515161,31.24997464080851,21)
(121.40923857084452,31.23110086511645,3)
(121.4415043846582,31.265668732830093,11)
(121.4090636448886,31.243162356929783,33)
(121.39789800977682,31.302841628489613,36)
(121.39685954110985,31.30310130035686,11)
(121.4056160833716,31.246880063533336,30)
(121.3844250368649,31.23084165749762,9)
(121.41289482830634,31.252698068929835,37)
(121.40164151476502,31.259058819629992,8)
(121.36497282041114,31.31318754211901,35)
(121.39176459591599,31.28070567248704,29)
(121.44971520739001,31.273867368992907,3)
(121.41536534048674,31.23943421139393,10)
(121.37837964460124,31.27116858180135,13)
(121.42165457746219,31.251121220111138,9)
(121.4597419651039,31.24788561753467,9)
(121.37917728357915,31.254544511964525,36)
(121.42264675757895,31.262517507887168,37)
(121.40049266948569,31.299011010312643,36)
(121.4122077049278,31.251279463905558,19)
(121.35534512116811,31.302223021972445,6)
(121.45037389207452,31.258235413656656,3)
(121.36849361042526,31.314354345150722,6)
(121.43287319134943,31.249729429450802,4)
(121.36892171443877,31.28785338733159,23)
(121.39041149932548,31.267065049925247,12)
(121.39925162083259,31.24611345410414,21)
(121.35574778089472,31.308495310387272,20)
(121.4288813651929,31.26561336765668,2)
(121.41360199261622,31.236864650559546,3)
(121.4353881570522,31.271805804487478,1)
(121.42818095630192,31.27061739254141,20)
(121.34987175210551,31.30216440052562,32)
(121.38850714530106,31.29659873107592,37)
(121.4128156084039,31.231125493406115,23)
(121.4034793365295,31.286894838800183,2)
(121.44372036253603,31.25311526220421,4)
(121.36165779829753,31.283409943294803,36)
(121.44375754426959,31.25558185731761,5)
(121.38550230001162,31.262553234182906,8)
(121.44296440651672,31.282319669298953,2)
(121.42471376598941,31.27253421826866,27)
(121.38877802912687,31.25808297730074,9)
(121.36051497123702,31.240979895316357,36)
(121.43821324599544,31.241027659294648,8)
(121.43538233820142,31.281804063632713,36)
(121.4325697930279,31.240350589494135,37)
(121.40170985505802,31.251291443155406,7)
(121.37560939265,31.25392211920184,28)
(121.42778156840696,31.238060521796147,26)
(121.44788410599143,31.255334718698215,3)
(121.38833899620919,31.296615608573426,11)
(121.45024401217657,31.27403675697806,1)
(121.39247201972421,31.23576557887165,36)
(121.4629841670883,31.259659086581923,2)
(121.40504677927191,31.232386475776543,4)
(121.45376160971081,31.27081336471923,1)
(121.3847532993204,31.25780215959024,36)
(121.45131221229069,31.274953746021254,2)
(121.42027533210958,31.247799611256347,37)
(121.41044447992157,31.243797475694013,29)
(121.45332625113612,31.24910368674761,10)
(121.40803105010856,31.247935496879112,10)
(121.41637311375594,31.287818158568363,36)
(121.4285461074239,31.27676370881008,48)
(121.42725178935368,31.23597152221227,15)
(121.43132765027005,31.262627767889285,11)
(121.36766062153104,31.284779232871248,36)
(121.44658977541509,31.254668706276867,17)
(121.39284124305192,31.225587385392785,37)
(121.45204528301993,31.265713100312585,2)
(121.41815569470974,31.247298543574974,4)
(121.42257772637927,31.249457600278745,36)
(121.4450470226065,31.278786595914813,17)
(121.38006535974824,31.294832298883453,12)
(121.42394875704628,31.241292219754584,25)
(121.38155428216464,31.232149992392532,4)
(121.43644683406558,31.26051372850168,33)
(121.40945379857574,31.23405419635012,4)
(121.45891379700332,31.266864696194705,2)
(121.38965275970023,31.234902906695748,6)
(121.42961283852117,31.246959651577182,37)
(121.41090251411809,31.245282065635553,33)
(121.4060047006885,31.299565134795287,36)
(121.38592096328208,31.250312208584155,110)
(121.38926295364543,31.237183400115118,5)
(121.44414010143896,31.270544655539307,19)
(121.38478582801122,31.27717476820695,7)
(121.40514434938773,31.261765542865472,13)
(121.41332791927134,31.246370004283346,17)
(121.36753935934587,31.23778319025611,4)
(121.36931889510404,31.23272140999401,12)
(121.38273191300551,31.281105460921438,34)
(121.45401165347056,31.261042422481047,10)
(121.38617369270634,31.26250589689511,36)
(121.39132712680322,31.231686221380922,18)
(121.41515174324073,31.252658200961122,6)
(121.4333292933085,31.235285411568608,36)
(121.45157616499877,31.24742022615264,36)
(121.4147794538049,31.270394968765647,8)
(121.43905097576433,31.253801245424906,6)
(121.4245813926537,31.243888896508086,16)
(121.45472373088315,31.258950177976732,1)
(121.41107734532004,31.24379737134252,36)
(121.44730131435391,31.25407989476548,9)
(121.45922258315204,31.272766180135505,31)
(121.39926659556403,31.24575830083931,36)
(121.41847656078404,31.259485726430384,36)
(121.40998640957436,31.24281738135422,36)
(121.38781405058978,31.245324618297804,1)
(121.46104706064894,31.265642916047494,20)
(121.44121702653686,31.28668493404942,9)
(121.4067231830197,31.25913248269512,3)
(121.3874887734804,31.238335978443736,23)
(121.43724395299917,31.276458424229443,33)
(121.40048834851449,31.249508342637085,15)
(121.41859094121068,31.253670659938027,19)
(121.39024727434798,31.292541395660322,9)
(121.42582122059133,31.24173428634106,16)
(121.39195366511494,31.247468519407658,1)
(121.44538678604515,31.249463474265095,21)
(121.40208961045992,31.231680313365523,9)
(121.3939389909535,31.247053510947545,18)
(121.43344485977329,31.280355039978858,4)
(121.38739895404088,31.240849757446703,1)
(121.42500767139785,31.240321953922066,36)
(121.41848399560858,31.253062923897666,32)
(121.38552546139924,31.2413304267286,23)
(121.39537475521351,31.257337784028817,23)
(121.45589263517896,31.256564726776485,2)
(121.42407861115639,31.240989984764603,36)
(121.42587063263944,31.24176299646416,36)
(121.43710000111557,31.239930771429755,4)
(121.4112153156957,31.24382635921225,48)
(121.38468672539591,31.277199688919648,28)
(121.46290071740529,31.25495860042676,1)
(121.3892529427416,31.296894374927998,7)
(121.37910708995877,31.230701379752684,1)
(121.41937753606527,31.252740126322472,22)
(121.41769038828747,31.252078883477658,20)
(121.41169267021093,31.249254682052868,3)
(121.39714647666982,31.266367480780403,3)
(121.43952394347683,31.25454998327756,19)
(121.45335684459941,31.24526391832669,3)
(121.43273110382925,31.259697585426338,22)
(121.41327179406532,31.244711279970957,25)
(121.40642353411869,31.301827225168072,22)
(121.40177153219058,31.258875770378978,20)
(121.37891539405149,31.22516896933497,14)
(121.42321048519179,31.28393906467094,4)
(121.3803513925903,31.227218473077137,10)
(121.42981698013075,31.235810512472526,8)
(121.42409360166077,31.241039995824764,30)
(121.4229891851506,31.24785886253424,34)
(121.45251277982524,31.256045347060276,6)
(121.39318850325424,31.22413965278868,37)
(121.42738140093566,31.25108648923662,11)
(121.45143863892491,31.249344300187886,36)
(121.41454744769928,31.234828427646086,4)
(121.42208410317471,31.238187153706384,1)
(121.42407764441494,31.22989192919643,2)
(121.40291824799696,31.2870448057476,23)
(121.45230820568212,31.247333044977577,26)
(121.44598915478544,31.256285446966118,25)
(121.4373030405771,31.267091406834947,14)
(121.34728783276945,31.28624240614235,13)
(121.45987179767003,31.24993323616438,2)
(121.35325263456004,31.296107733980584,36)
(121.39661900119503,31.239833681669207,45)
(121.42250310892301,31.260329463956115,23)
(121.43744017303953,31.2540127870832,17)
(121.38551744947196,31.252600925056548,48)
(121.38561457814072,31.229942815193453,17)
(121.42975652950335,31.25273014286131,4)
(121.35058024383633,31.278897348234334,8)
(121.46193311763969,31.24863300511654,5)
(121.44195966411077,31.240769132161457,2)
(121.44872612601382,31.24195527060524,6)
(121.36414940611536,31.30970165442442,36)
(121.4338373640936,31.262080800366604,3)
(121.43504389538707,31.27086594243075,5)
(121.43489452072929,31.275468057049984,19)
(121.43904988823022,31.241294690827363,7)
(121.38026430204626,31.274808474100386,36)
(121.40908638803357,31.244140191863764,25)
(121.42853906552851,31.26513872542598,22)
(121.34107715886564,31.286329911802707,6)
(121.43427666876298,31.26669112225491,4)
(121.42508644101997,31.23971883855137,24)
(121.42515185700306,31.239689252112377,34)
(121.37758321153848,31.27788465693464,22)
(121.42297400492373,31.257103936181725,36)
(121.41238530221447,31.25952844911332,33)
(121.41052835815275,31.242591922448334,36)
(121.36635023647588,31.247007551813805,45)
(121.4525220719133,31.25965689741037,7)
(121.39406111467572,31.251033266712938,1)
(121.39508103141551,31.29684701918636,15)
(121.3671055317004,31.309236608867554,21)
(121.37545154684184,31.28130954635579,20)
(121.44335662115118,31.282015694491157,2)
(121.38099213435181,31.284224986643142,12)
(121.3998992923819,31.239640758748,14)
(121.36753319184066,31.252129785742323,56)
(121.39726153057282,31.26635052187742,55)
(121.38816162790712,31.2827559043961,6)
(121.40667081026622,31.266320568020628,7)
(121.40375337097392,31.24094321519167,16)
(121.45719255805678,31.247385944886037,10)
(121.45762708471975,31.267796826786185,13)
(121.44554114602785,31.24203320852269,34)
(121.39287024818628,31.23637546994909,26)
(121.38944243714394,31.256177641777317,35)
(121.44478687821689,31.271165850675388,16)
(121.45626206736517,31.271414748919092,32)
(121.36900811685771,31.252727948084697,2)
(121.45778122522152,31.2724485165771,55)
(121.38257075290399,31.283658634610223,16)
(121.38395203307972,31.272501091638667,26)
(121.3936342732199,31.25255477170659,12)
(121.42793683717471,31.265400275514477,16)
(121.39724972013748,31.25826714348099,3)
(121.42862712429273,31.232588224750863,13)
(121.38574472496758,31.23011100583665,12)
(121.40850991754733,31.246981698787394,21)
(121.44630880701163,31.244847438713194,15)
(121.4099055107748,31.260289861474572,79)
(121.40237218023198,31.24172933047516,7)
(121.41784347900114,31.28833946574701,13)
(121.4529821370714,31.258676932104862,1)
(121.38735879622325,31.270253074856175,13)
(121.45405776799485,31.252248606287747,16)
(121.41093232825956,31.231758938950207,10)
(121.40763514725732,31.304780176434782,36)
(121.40911649543622,31.24410429817967,25)
(121.36224600056534,31.284638372067747,21)
(121.45348714972334,31.252359802254986,20)
(121.37885043852518,31.244933610480953,2)
(121.44400121099551,31.25720116686993,2)
(121.45202913277751,31.270100324104032,5)
(121.40590572828854,31.242645187601234,37)
(121.3885565203023,31.252845671749945,4)
(121.37046056865145,31.247071877948088,17)
(121.44122504274956,31.253806234937816,52)
(121.41253117909042,31.25781724704096,19)
(121.4064091182005,31.246952131109463,7)
(121.42699770607466,31.2356635393433,37)
(121.38912419371164,31.27947028653462,36)
(121.41001141565184,31.255502061995266,14)
(121.44176306198901,31.26413370428241,11)
(121.44413965128783,31.265366459338924,5)
(121.42513745348448,31.23969934912012,36)
(121.37038645670295,31.247140767858284,10)
(121.43151319202023,31.246944034734934,5)
(121.43236844688927,31.23321657715697,36)
(121.43777911378979,31.2538920618749,6)
(121.425525627009,31.268598900619473,10)
(121.42536841319496,31.27099303714628,14)
(121.42928275064013,31.23720368535164,3)
(121.4116190125713,31.254872298190307,22)
(121.42775185718132,31.240990873442616,19)
(121.40825775580241,31.26641357782559,37)
(121.37238848821544,31.286966981715302,36)
(121.4461513734728,31.241652716880168,35)
(121.43298661504487,31.244930164882327,29)
(121.40737156106998,31.252135429417898,24)
(121.44544939985964,31.269455018713767,3)
(121.44372777414549,31.25755876659922,17)
(121.44067892308232,31.257768125748242,23)
(121.38214806214351,31.244583218115288,12)
(121.37971740313864,31.270998160492525,12)
(121.3733795053276,31.258275237789814,32)
(121.36521170880282,31.276899751428278,21)
(121.43935895989217,31.28262102208788,4)
(121.39255703356177,31.246720560866063,37)
(121.38048298329184,31.243658098308416,36)
(121.42687930352089,31.280979902768436,7)
(121.4531515631565,31.247907504093554,1)
(121.41070306801613,31.228206341099312,27)
(121.42782592961345,31.246307620443837,11)
(121.40996420414392,31.2376100866666,27)
(121.45019091806405,31.25184282175252,55)
(121.37797285569965,31.279280679041793,35)
(121.43495452547057,31.26508760286136,23)
(121.4286713140267,31.261370733063657,36)
(121.3957981341618,31.23205706861379,1)
(121.39124418348744,31.259471819495516,1)
(121.39044000689029,31.25759347459309,36)
(121.3875000046847,31.22515617959932,42)
(121.37846655966301,31.27702198296516,14)
(121.3835594574048,31.25099316949129,36)
(121.36922397580274,31.23263404385467,36)
(121.37634460074742,31.26740981770743,15)
(121.37691748067608,31.268402914561143,31)
(121.4152405656592,31.228148117403155,1)
(121.33834790562751,31.29650181888245,29)
(121.46123316604022,31.250239312411153,9)
(121.44048429688051,31.263206239382434,36)
(121.37652894433421,31.279914265489865,28)
(121.42234072745588,31.24776927714232,14)
(121.42911002139525,31.274311097267717,5)
(121.4005025663047,31.240482316217534,9)
(121.43714803832661,31.264195380122807,72)
(121.42107015725001,31.285378215992743,63)
(121.4254164219143,31.24250480146897,30)
(121.40903489774794,31.257483681847624,27)
(121.33247618077468,31.303366311565853,15)
(121.4572060059728,31.25175839456217,36)
(121.40031010406626,31.304661154727913,37)
(121.44135434769338,31.247149339663917,5)
(121.41742285184031,31.260376102333446,36)
(121.44561286619266,31.263070282272995,2)
(121.34162736226843,31.286038828263823,29)
(121.44683951617765,31.241775437094706,25)
(121.4003277645456,31.30466828092362,1)
(121.42435138286211,31.229815683099538,19)
(121.38962864668422,31.29120742351509,8)
(121.41630271542735,31.270081259230096,36)
(121.44640182633243,31.244846955023345,26)
(121.36415890693344,31.311526251363162,36)
(121.43734330725766,31.2364728771962,19)
(121.43308435968964,31.281138894070263,4)
(121.4294423230952,31.27559089336202,1)
(121.39961267821093,31.25670623705407,1)
(121.45837311654893,31.2542834457735,23)
(121.4137040798365,31.272670270238805,13)
(121.37693255590865,31.269030197675004,36)
(121.40976567959339,31.244700971895178,36)
(121.41201203136363,31.28990424094088,4)
(121.40411788838611,31.3035595258407,36)
(121.39421212869168,31.223680014076454,5)
(121.38572219348998,31.293232952986365,29)
(121.38929225335976,31.282330313104975,22)
(121.42432105414849,31.244086372165423,20)
(121.42556295759736,31.2417154331572,35)
(121.43090224541503,31.237721329050537,35)
(121.40108154410122,31.300342041085496,36)
(121.3718290920518,31.269357962762964,2)
(121.42131146986038,31.246800528792726,8)
(121.42949070804843,31.23820094305576,36)
(121.44511225673673,31.245826225454117,3)
(121.41281222891735,31.23241852143529,13)
(121.40997310629777,31.242757178703176,36)
(121.45331344353659,31.27397642333373,3)
(121.38333264504062,31.247238556467035,11)
(121.44923506120591,31.242518592874468,14)
(121.4190420930038,31.269721806116525,6)
(121.39586815025649,31.23190608244727,3)
(121.44197660877333,31.26346108674137,1)
(121.38788361155179,31.26252220353147,1)
(121.40082967674344,31.229112220366286,8)
(121.37766610567431,31.300069208080835,37)
(121.4155678328364,31.232937198724173,7)
(121.41148827066925,31.23260622469391,12)
(121.46349664614361,31.255107332026416,15)
(121.46061774864714,31.260844332958403,11)
(121.44517247037929,31.240874999568117,2)
(121.43093845804707,31.257481983791585,11)
(121.42859969729234,31.2654959105498,7)
(121.40430261682737,31.300178234086896,21)
(121.4414583597024,31.26113288188965,37)
(121.39972292109113,31.307085655106295,21)
(121.43740437107121,31.23834264318837,30)
(121.4619795491046,31.25507873598026,24)
(121.36710853214751,31.309239009234858,5)
(121.40069542535646,31.261114467441,4)
(121.4198624670903,31.234524875329896,13)
(121.43070770803267,31.23401576614645,11)
(121.40964644709311,31.24548483658131,103)
(121.37329634311365,31.231418502705495,20)
(121.40978016319146,31.23880631960885,2)
(121.45711978951502,31.247592289408804,24)
(121.42636420235299,31.239184304908857,33)
(121.43409087389175,31.23151977965874,13)
(121.4357142987392,31.241295202937323,3)
(121.41492450727326,31.271721476798717,3)
(121.4079916579673,31.230672755175142,29)
(121.38945744011646,31.256065603889958,36)
(121.42812705328265,31.259564723343086,6)
(121.36398468373798,31.308356738615313,36)
(121.44553206622322,31.25605912608938,26)
(121.38269777812988,31.24551817766944,3)
(121.4018689362019,31.235885929766155,36)
(121.4020174865206,31.28057598851119,1)
(121.3793683274777,31.289330299115452,3)
(121.43724542519459,31.24748896144515,15)
(121.39244562019341,31.288778329112148,16)
(121.36964224166479,31.25368525261291,3)
(121.42298798299556,31.234062649025006,36)
(121.39843378891929,31.228843333151314,4)
(121.40468480016524,31.244492922371634,72)
(121.45564492588673,31.245847570904786,2)
(121.4238789701565,31.274897752351595,10)
(121.40554669757054,31.24250210280898,15)
(121.36870695128233,31.31418258261466,18)
(121.37368236417353,31.228363225996233,20)
(121.44843246453279,31.27300629749565,2)
(121.35327212697041,31.281898332575928,37)
(121.41534006319851,31.234371940177688,21)
(121.38923779287929,31.273747994328073,1)
(121.3974252941617,31.228318697860402,35)
(121.39495956361122,31.22345730383407,16)
(121.3976915484608,31.256383858511285,27)
(121.45772577522439,31.254104767392025,24)
(121.40070928130567,31.235352029028892,35)
(121.37144081293809,31.284662793562337,36)
(121.43020898141707,31.24789617043986,223)
(121.44306992577573,31.26685421828261,32)
(121.42586975606034,31.239677951362122,36)
(121.4347398146585,31.253260749210963,36)
(121.43851188031864,31.265179930037213,37)
(121.4544150180484,31.25358747002957,5)
(121.4109023594356,31.243508272489386,37)
(121.4375748084595,31.278867365507335,66)
(121.39598865288016,31.268754701345532,17)
(121.42191311432376,31.236721603407965,5)
(121.3664582436645,31.27938789561678,36)
(121.41070770877384,31.23150108403693,25)
(121.39625667788424,31.258236358605785,18)
(121.37869120852939,31.245029585179218,8)
(121.38921333415676,31.29694646760785,11)
(121.44342285854357,31.25176372352445,24)
(121.36497282039052,31.31326514194214,12)
(121.43209916109602,31.28308250929248,21)
(121.39829226123338,31.269372211993836,12)
(121.43033861236329,31.247615697141367,22)
(121.45394263624802,31.247531753516377,8)
(121.41070332027313,31.231100674978325,11)
(121.41894373028344,31.281026380116323,1)
(121.41225081949895,31.229804774101932,2)
(121.38954921272526,31.25716501216306,9)
(121.42629303699866,31.25503835840718,36)
(121.43349254883361,31.275276680049533,36)
(121.39643986008221,31.237346151683006,3)
(121.33960898393018,31.287669683875148,36)
(121.45395702449092,31.273817057784466,34)
(121.38437722445391,31.22925038909159,11)
(121.37209236012852,31.313768049949722,36)
(121.45482278040232,31.259941318792027,35)
(121.3954943014043,31.274295069767568,23)
(121.37786437905585,31.228513920399994,35)
(121.44119008015974,31.240831337813525,1)
(121.45487408976756,31.259796526989973,38)
(121.41786412068237,31.22724758652609,1)
(121.44509645340807,31.24584442260727,36)
(121.42407992530418,31.256068667447586,22)
(121.38812183081832,31.262540398063415,36)
(121.3899326431443,31.27678776366976,1)
(121.38530139402468,31.231519265045524,2)
(121.40795746545486,31.23990896528571,36)
(121.36707220584928,31.314385314666126,10)
(121.37848276702238,31.256360129078594,17)
(121.3735702925779,31.264043966157658,14)
(121.38015658746058,31.244031320725036,36)
(121.40523024383617,31.286996210876417,1)
(121.42211480370484,31.257967908945773,13)
(121.37577462985028,31.29997341405206,36)
(121.41113133320675,31.24380136340594,22)
(121.42650211689835,31.239864492185074,5)
(121.44685602345565,31.25718721162234,36)
(121.38903965417192,31.27411800220079,36)
(121.37639509711792,31.237769864216727,26)
(121.4185364127961,31.24675911121682,36)
(121.44304960479332,31.252125479536836,30)
(121.38141821947693,31.2793014067232,29)
(121.4337517211963,31.255598364388035,37)
(121.44757938368983,31.251064387081094,36)
(121.44635081573631,31.244832846107663,20)
(121.42726504226707,31.248401632840356,19)
(121.44028181323486,31.258705118104693,36)
(121.44243724502512,31.257664867995665,12)
(121.45571956248904,31.265727737431014,1)
(121.46097104373968,31.251993830975273,22)
(121.39025166219714,31.28246258838433,32)
(121.43121674603346,31.265654271046305,3)
(121.37572224333806,31.227310267399996,8)
(121.40484187222576,31.290971650902147,3)
(121.42016253067891,31.2569939822672,32)
(121.44886083730903,31.24201205072196,23)
(121.40535177416756,31.26609217831002,2)
(121.3894104379107,31.233519499846928,36)
(121.41208117318801,31.290586040499807,36)
(121.41605303242459,31.238713187950022,9)
(121.35297320846456,31.29507741476576,12)
(121.41070528214507,31.253599777736905,23)
(121.44967081960151,31.268929702742337,88)
(121.42219569643714,31.246038606324106,7)
(121.39506297970618,31.27345050152383,36)
(121.41012450903793,31.24344336304101,37)
(121.44799802181737,31.245673249875743,4)
(121.42469612370431,31.24205998550829,36)
(121.43918320567604,31.259035337210992,19)
(121.43096546287953,31.254426210679803,24)
(121.41551154473451,31.22933156311695,16)
(121.38862971575576,31.24648716685299,22)
(121.40402225736801,31.262124577123352,36)
(121.45222468330529,31.270175974877784,13)
(121.40355267690462,31.302100881322964,25)
(121.42978188094378,31.260817359630725,3)
(121.40370127496536,31.255860161701825,23)
(121.4360625241659,31.23858252959636,32)
(121.42713606063941,31.258463162015452,10)
(121.41723221740136,31.247129908297993,36)
(121.42310437017532,31.262586212426402,20)
(121.3730702176796,31.3063815196952,1)
(121.45166767522974,31.255195622240446,16)
(121.42250801044445,31.264010257850597,3)
(121.44351332403379,31.278677176228868,10)
(121.37750478848945,31.262732178651515,35)
(121.44861605736672,31.26141003633769,31)
(121.41908557489525,31.25265642936675,36)
(121.37276304895308,31.28680940619705,16)
(121.38256865259577,31.24577616628228,10)
(121.3681185888779,31.30983510557384,9)
(121.41697586176385,31.275807370777716,41)
(121.37862680509987,31.24574701902135,11)
(121.38244145933493,31.27972560851787,36)
(121.40216850835702,31.22753500607004,44)
(121.44180837648805,31.25722365279424,9)
(121.40382233313503,31.240389975628254,6)
(121.43927849601037,31.24128636043886,30)
(121.38159223673482,31.265619845476426,4)
(121.39994896899252,31.281601868530114,3)
(121.40693175949636,31.258644017910168,30)
(121.45188322394765,31.278745218860184,1)
