(121.42323421702923,31.262133924109403,36)
(121.42189940234417,31.251361164114925,33)
(121.42712414023319,31.265351009285073,27)
(121.3813328309282,31.264517110217756,36)
(121.41007593163515,31.242785400033416,36)
(121.39075497704124,31.24995954813905,36)
(121.42274346851947,31.26491960506175,2)
(121.38476750372291,31.239191282761066,16)
(121.37492992555538,31.235301731644086,58)
(121.38462592894423,31.280277905202514,20)
(121.39544873142273,31.24495854486811,36)
(121.43119661908099,31.26245494189924,36)
(121.42195449575469,31.268014365826097,2)
(121.38934294893143,31.25154253902838,34)
(121.38879185353184,31.232944777894062,15)
(121.38022089120157,31.287274240376526,775)
(121.42539803502977,31.260357481441677,8)
(121.40895039389264,31.251593112602222,9)
(121.38321541151815,31.239303766046035,34)
(121.43069575311267,31.268760081299437,13)
(121.37379400274303,31.23380686838587,32)
(121.4492942944429,31.25820040869175,1)
(121.34890386182543,31.29095884166942,21)
(121.4375410933554,31.240039832315983,9)
(121.39286746986396,31.228001516801214,7)
(121.40456168248872,31.26563001759433,11)
(121.43558606220105,31.255618298443533,1)
(121.3986946681978,31.249173619969373,36)
(121.4420746894555,31.2549962700813,36)
(121.40901858887815,31.2424570444733,1)
(121.37264519259354,31.255990296924455,4)
(121.43370290974194,31.255451655010127,31)
(121.41229841733531,31.245843474706145,18)
(121.42665056406467,31.28116718218168,4)
(121.38122099099901,31.25878866348048,17)
(121.43247042352135,31.25749029417947,20)
(121.39528787478156,31.22483711226924,10)
(121.44400192064019,31.243928229975243,34)
(121.4389585367305,31.24476982596917,28)
(121.4393106021586,31.25461923244953,36)
(121.43775226696225,31.259349568463087,43)
(121.4092698333548,31.228111060313733,1)
(121.42518360142951,31.241493339093015,36)
(121.43950675123142,31.237252208216944,14)
(121.42594564023214,31.239238688604658,36)
(121.38960318362822,31.251705800319733,36)
(121.40238723235625,31.23081437011339,29)
(121.46402587916971,31.255344091697832,1)
(121.40193617286872,31.231340516595342,2)
(121.35956902183025,31.27766703528404,10)
(121.41542425526106,31.244461314213076,34)
(121.40999617458941,31.262274647199884,30)
(121.42477981071995,31.250856835866657,3)
(121.42292057196231,31.274526401638578,8)
(121.34344068823292,31.301085200520124,24)
(121.41531166276663,31.25256109992356,30)
(121.41726931340901,31.253284883891673,4)
(121.40800430841881,31.249610297822585,36)
(121.45210884256407,31.24589065879639,2)
(121.39238856331814,31.24269065743612,25)
(121.39547248884443,31.24216612712367,6)
(121.37641018951426,31.236711449814536,36)
(121.36984166774036,31.25444397997376,37)
(121.42759184684657,31.238825043805797,24)
(121.39823957228114,31.303666068435984,36)
(121.40444305568326,31.22439527343207,25)
(121.3756953374047,31.274902191647158,4)
(121.42554965434867,31.241685930469426,16)
(121.38252567589558,31.281098255999677,14)
(121.41710329287218,31.23663441188981,7)
(121.45819002321788,31.247730953527377,3)
(121.43888431552908,31.254443763533107,5)
(121.39849283573594,31.286445353572635,9)
(121.40741501717717,31.2459176760044,36)
(121.40366736463032,31.299524165618248,29)
(121.38200986515129,31.23266768907006,23)
(121.42430687664476,31.246468262525596,25)
(121.40360842221142,31.24179057532508,24)
(121.3920987671184,31.24742459113222,24)
(121.44862938839101,31.242553715302556,36)
(121.41518559497612,31.296934654157827,34)
(121.36788292908713,31.23764061978351,7)
(121.45373075142285,31.25449725161409,4)
(121.44443025566734,31.27886365175062,6)
(121.4239337749684,31.241340252736883,36)
(121.41822216396645,31.23021077862747,36)
(121.37838396436572,31.26275818977023,71)
(121.34788296873813,31.296090429298143,36)
(121.38025767019677,31.243266684870047,6)
(121.43859502982254,31.2570262985508,5)
(121.38518903386846,31.251713245221783,36)
(121.43753462861,31.24373189403635,1)
(121.36190462351469,31.24463164787619,25)
(121.40999021051073,31.24290258198137,28)
(121.3724166046772,31.264779791269735,15)
(121.41365579131778,31.246246855373506,36)
(121.41106234692236,31.24377636461533,18)
(121.36532593209411,31.277144024113877,36)
(121.42596401200431,31.278095509289646,3)
(121.42476406178811,31.24209694818645,36)
(121.3912688915372,31.240253462673085,3)
(121.36579971866848,31.276594503565867,36)
(121.42373523775628,31.24457285241801,36)
(121.4390763479979,31.278384253139443,28)
(121.44932022306003,31.25302124179207,22)
(121.38296439285863,31.28357969953436,11)
(121.43793231952172,31.259147140568825,1)
(121.4054856327433,31.24180178412722,5)
(121.41126605181715,31.29820723189765,27)
(121.4363223143499,31.23773380117132,3)
(121.39489892771877,31.228052406383775,6)
(121.43519798947032,31.263140464248817,21)
(121.39001183287218,31.26912090303232,17)
(121.40486799633888,31.246532850395187,4)
(121.42598604777302,31.267309967138477,36)
(121.43836663381428,31.259558716935636,23)
(121.37474649642635,31.257904798199014,36)
(121.39099301128378,31.259773286417328,12)
(121.3578213071088,31.31163948987971,2)
(121.41162363763466,31.294485693161786,37)
(121.37916036753252,31.23273773102728,4)
(121.42063386066367,31.279763084441576,2)
(121.41815601320407,31.25095116035251,37)
(121.38097974683787,31.243878454599724,19)
(121.39726153956282,31.26645356573986,28)
(121.42920066605191,31.24657498047288,4)
(121.41008759513899,31.255817839321455,7)
(121.38654696998287,31.267985851183994,1)
(121.42514205460101,31.239624150209593,28)
(121.39773303764912,31.24669915850293,3)
(121.46140137327636,31.25790028600458,1)
(121.44736639437237,31.246000518956436,37)
(121.39151588447584,31.29961004190006,36)
(121.44818105679403,31.25059410505449,3)
(121.42295945450142,31.26211111216821,15)
(121.38459590684994,31.291871578291822,36)
(121.43090975203282,31.27108096759151,2)
(121.4139609146689,31.248969972875717,33)
(121.44421787906822,31.258260272778195,9)
(121.42637035596273,31.25630867188612,7)
(121.37050512000897,31.24771180483847,36)
(121.38351546470673,31.242824759918996,19)
(121.43060777475695,31.234354275904348,26)
(121.4118537089607,31.249463888372794,16)
(121.42382933415801,31.250335958525792,36)
(121.34395043184225,31.29192157610317,36)
(121.42437000600752,31.26009118958684,36)
(121.43991543976988,31.264800759821796,5)
(121.37947742345357,31.274736467035414,10)
(121.4550491197993,31.25312636633832,46)
(121.41055944308143,31.24363738638351,18)
(121.40612470639032,31.242304044223424,6)
(121.38255564157167,31.28030796061833,36)
(121.4244824686631,31.24368488279918,1)
(121.38235591924841,31.235088599285238,66)
(121.3563069203581,31.289097471012028,2)
(121.40943754538975,31.24259206456119,36)
(121.40521909410296,31.24730722534376,15)
(121.44116223284784,31.26496797760761,15)
(121.43295901249982,31.271979925784525,17)
(121.41077126395258,31.230619442590406,20)
(121.3668651545749,31.23718494036757,9)
(121.38936638892868,31.256366668560883,14)
(121.3694118858621,31.309351103420514,32)
(121.41202771345394,31.225971838417244,33)
(121.45191918048057,31.279205339147065,5)
(121.43308016274034,31.25013084155316,36)
(121.38500535606647,31.22948276004902,5)
(121.4375583812453,31.252814890650566,9)
(121.46301819335048,31.25357673472339,53)
(121.44369836064295,31.265279635404458,28)
(121.37256396884123,31.28939418955021,17)
(121.39269090435907,31.265639877465603,25)
(121.43032025120061,31.24609262461491,36)
(121.40088000594137,31.27858889413041,36)
(121.43514224465734,31.252512743841375,36)
(121.42628928667507,31.239254401452552,36)
(121.44462492337543,31.245016770535695,15)
(121.42902612641119,31.26093244524802,20)
(121.43892094237279,31.239394016692927,12)
(121.45390061392402,31.27362714929102,35)
(121.38302508728334,31.23329097222923,21)
(121.36819304810133,31.29064972335852,36)
(121.3939833829191,31.228260014839226,36)
(121.38076149592372,31.280119065526044,37)
(121.41674327231111,31.233243860963768,12)
(121.43471253850227,31.28402380982895,7)
(121.39816546193906,31.306668207322204,34)
(121.38929445728796,31.258675362662945,19)
(121.37903532051824,31.291571859266657,3)
(121.38433541841228,31.231736540376712,36)
(121.36115961785593,31.280142792322785,31)
(121.43509934307346,31.265489593320588,39)
(121.43649727325192,31.27563537538342,2)
(121.40798804438923,31.235102783828452,7)
(121.4506480027006,31.255128543185972,1)
(121.41234869314958,31.259453041611494,28)
(121.42925525092633,31.233685103563104,2)
(121.38938941428894,31.256432714168657,25)
(121.41710369909748,31.251835047658005,37)
(121.38304914860784,31.283960914280783,36)
(121.4367908670689,31.278605920170115,13)
(121.3846122560561,31.295680106394553,69)
(121.3802651022014,31.274802774241863,16)
(121.42748202749577,31.26908257537377,3)
(121.34503699284329,31.299330109209755,25)
(121.36411490084652,31.31152084632522,19)
(121.38163829033617,31.265606886669865,20)
(121.41878658876638,31.237113132254244,14)
(121.43209915542698,31.283017482715657,10)
(121.46017035080897,31.265484326927094,36)
(121.40999401135588,31.256551656320074,21)
(121.42520286944743,31.23949916299532,37)
(121.46191302337493,31.266227564607195,3)
(121.36711663335277,31.309259910194285,10)
(121.38882808498865,31.304118909895326,36)
(121.41334179390249,31.244988384262985,2)
(121.3897718339595,31.26903339966978,36)
(121.4066533639509,31.249744374511216,2)
(121.4089963458559,31.251104893618976,19)
(121.39392300166017,31.235810444203782,12)
(121.36432846503916,31.23454595511339,4)
(121.4057642840502,31.283466686413917,43)
(121.34279326547293,31.289626460343918,36)
(121.40903297488964,31.24502177908562,36)
(121.45412737203219,31.261138336674865,7)
(121.3849689313152,31.276150507607326,37)
(121.3754359099871,31.25786606009123,7)
(121.3849931528999,31.23323595054836,32)
(121.42776600313049,31.231375485927735,28)
(121.4410295768919,31.250253973579465,21)
(121.34911374118987,31.29759225063317,36)
(121.43821154650391,31.24562345053727,7)
(121.41474337550538,31.292217939429296,32)
(121.38150284921917,31.243353941415823,25)
(121.42749299560913,31.239274337969793,15)
(121.38742700515519,31.260430939420633,5)
(121.36272663259153,31.240137646500955,16)
(121.35038060334354,31.287072677538305,5)
(121.46064838165438,31.2575638435401,24)
(121.46051974951433,31.269343183664663,5)
(121.415523036435,31.23503217295885,36)
(121.35642376638643,31.307723974619588,21)
(121.44177809599677,31.253362012637503,1)
(121.37694754502509,31.268668061997683,18)
(121.43695966699835,31.273199057983255,3)
(121.44208829344821,31.239252248169304,5)
(121.38269777464699,31.245478159818905,12)
(121.41232210762625,31.23189942000765,10)
(121.34800568639649,31.30133770889139,7)
(121.43116806927232,31.267895208841928,36)
(121.40476782158525,31.233169808618044,11)
(121.45599240994572,31.268353584949498,3)
(121.4042432305973,31.250016327458095,13)
(121.42967333067239,31.24928270745379,32)
(121.42037744959148,31.284354120395147,2)
(121.46405485731647,31.256035325045122,4)
(121.42393364195198,31.23981356456912,1)
(121.46319709304981,31.254064475840604,12)
(121.42545573176496,31.24493160504214,22)
(121.39097071894793,31.29089730327588,33)
(121.44023882548137,31.241317978382966,1)
(121.44723129994622,31.253971982830738,7)
(121.4343816899338,31.24461255948774,2)
(121.40411009464357,31.260853665878898,10)
(121.37437321277916,31.27243753542423,4)
(121.37141090720417,31.31328356323143,36)
(121.43839708069542,31.265270129104376,36)
(121.42310435615954,31.2516121056527,36)
(121.38173861360906,31.279448792947747,37)
(121.37714712837568,31.27223479801319,36)
(121.39177870513029,31.234334469199123,20)
(121.41825649539197,31.268633753791132,32)
(121.42863937160736,31.235589584156582,1)
(121.3701142561957,31.233470853992586,37)
(121.42557274332643,31.236085571782976,37)
(121.37982062556422,31.231428992049597,37)
(121.44177856844642,31.25879638146488,4)
(121.46035494975335,31.27335710605056,36)
(121.4143497900265,31.29255179402878,11)
(121.3771621432275,31.272169788190357,33)
(121.43087754079929,31.257532070743732,32)
(121.41238132176618,31.258932766835525,1)
(121.45694989566113,31.25567911443213,3)
(121.4075358244093,31.301034726807895,23)
(121.44865328705684,31.24198541655896,36)
(121.43360008493352,31.25106064290864,17)
(121.41451648273234,31.235083554321523,1)
(121.39600950094157,31.2733209094929,37)
(121.4477547756699,31.248363881083883,17)
(121.41778563116848,31.23330927152658,8)
(121.39719869656464,31.24565647553288,21)
(121.42475598795586,31.26408560391878,29)
(121.43496724377502,31.239130170807083,6)
(121.40545304633268,31.246568914391226,19)
(121.43153329908205,31.262286309811234,6)
(121.41734335289007,31.247436441698454,32)
(121.44008742624229,31.256632983903902,10)
(121.43948516531641,31.25306029817114,31)
(121.45124940424228,31.252506248435413,27)
(121.45545042269876,31.252971074449363,2)
(121.39199795375868,31.234680909474754,6)
(121.39116873805976,31.266555311743538,13)
(121.41122211465031,31.297030030617556,17)
(121.4479104609192,31.252832434026097,3)
(121.39015564123238,31.2822377712071,36)
(121.40592861579464,31.230299766341375,13)
(121.43900902617592,31.245173503199773,33)
(121.41877682133489,31.241724734219,7)
(121.45597709996017,31.275853767824948,22)
(121.4437726720577,31.2458403850841,16)
(121.42446825190069,31.252509809409563,36)
(121.39073597156028,31.259424825456534,30)
(121.3823577199934,31.283832209113296,36)
(121.37717642139765,31.27199489335601,2)
(121.42515260770715,31.241216239586844,23)
(121.34877034961887,31.297086419399292,36)
(121.35696454759452,31.28119236831155,46)
(121.44163277878538,31.246649269289676,7)
(121.38089078131263,31.281584802377957,36)
(121.39984909450705,31.27197884318779,36)
(121.4498194947232,31.27387611711562,1)
(121.37884456133865,31.23276106531817,14)
(121.41222208296577,31.24367037677176,26)
(121.41384545564961,31.231739237794212,4)
(121.41212263719314,31.25945949437231,6)
(121.44410070946532,31.2536744644621,33)
(121.39195404400793,31.234636701352454,36)
(121.45940260937911,31.25989523000169,1)
(121.37161691538427,31.294170849401876,26)
(121.38734432683478,31.276501678446696,33)
(121.45390251427654,31.2736230495973,4)
(121.4030901197027,31.250819512803314,36)
(121.36435723502203,31.309471378875934,21)
(121.36460516887041,31.312332501096517,36)
(121.38928229279489,31.25608748523449,13)
(121.43378945086634,31.279018879260516,11)
(121.41843801116539,31.25291288152192,36)
(121.45066297408596,31.25518954149081,4)
(121.45753755888094,31.26907861989293,3)
(121.3909429784184,31.259843283131776,17)
(121.43724343289152,31.27872000202554,3)
(121.44556613664027,31.268419565263823,8)
(121.42934745791467,31.269135629875404,36)
(121.37891974406196,31.27517103684292,36)
(121.43982944209739,31.26310215782229,1)
(121.42876493282064,31.232131706760466,3)
(121.43810872743349,31.26716529043867,35)
(121.43721593866762,31.252835362947877,36)
(121.37129458804797,31.313359847097033,36)
(121.44406383548701,31.2509055283173,36)
(121.46207959279388,31.270280036229373,1)
(121.36847483981768,31.282809951549478,6)
(121.39713145447266,31.266196401594534,25)
(121.4228356912375,31.265047623988686,32)
(121.37902897476434,31.232740763314936,36)
(121.38041370828716,31.24147804698895,7)
(121.42588687403527,31.264156706594573,36)
(121.41146443823835,31.288671628857546,1)
(121.44983412836162,31.258545558855616,10)
(121.44161765799672,31.25642659875972,16)
(121.41235363170011,31.26238926455963,3)
(121.4213108189464,31.239332179939662,7)
(121.36403380589614,31.25248526707513,4)
(121.40987898298707,31.25915352728723,36)
(121.44791051706025,31.278803131428454,19)
(121.38605700267101,31.229691081549124,33)
(121.44129102769965,31.265297923322855,17)
(121.41926990948554,31.25403430132609,19)
(121.38296393830075,31.24707647692809,23)
(121.43627004843134,31.23683746824627,31)
(121.45092404825287,31.274359239629383,1)
(121.41007623171036,31.24249920064378,14)
(121.43342364424456,31.25525440008543,22)
(121.44361234177583,31.263501723193098,2)
(121.46050337182554,31.252956156489088,36)
(121.44975716520045,31.256999030238532,1)
(121.39027967136596,31.26067693879335,15)
(121.43058827518786,31.27005950480139,26)
(121.37947358205591,31.230589087114144,25)
(121.41581431946882,31.251322363936556,36)
(121.43762147675845,31.278032565730985,21)
(121.38393816833674,31.28004817745535,20)
(121.4367587212193,31.253409225549504,12)
(121.45552127356837,31.276295900685827,19)
(121.38889295048412,31.256023168045974,4)
(121.38441337363993,31.299465413630607,14)
(121.4225364174467,31.264059663665,1038)
(121.44085309015661,31.279873699663806,13)
(121.45397762997588,31.279378550367532,40)
(121.36496492593271,31.288615096476278,36)
(121.41370025338638,31.2287989277939,6)
(121.43679015669007,31.27044851469277,12)
(121.3898121679584,31.27054473268701,36)
(121.4076548364178,31.258763566917388,13)
(121.37930697440078,31.24907024576785,36)
(121.45255237338064,31.275443542088563,3)
(121.34943039903737,31.303237146738372,23)
(121.44590366192391,31.260102249471494,3)
(121.45928656545176,31.263968640523675,14)
(121.3841528798354,31.239440493842235,27)
(121.37784887689263,31.258422714199252,36)
(121.44207472528589,31.25540845010349,9)
(121.44131934247427,31.258600911867713,20)
(121.38934333616854,31.255986486025524,10)
(121.36879911235877,31.314272746476536,5)
(121.37618125122923,31.23146673450752,36)
(121.39073487520149,31.231437181096343,24)
(121.36216687928082,31.2448438070632,32)
(121.45049597822685,31.25214187187685,3)
(121.41924570349747,31.25416829600486,36)
(121.45752228483516,31.25394796941455,2)
(121.41182419143054,31.267085390093417,11)
(121.44345049830203,31.259722151854465,34)
(121.38646477272138,31.256892614203593,36)
(121.39740768233716,31.25696570169731,10)
(121.41222539280535,31.259220928025833,34)
(121.4107075204743,31.27924569257812,2)
(121.43729473684907,31.237823288970247,14)
(121.45667401202853,31.251768315406462,4)
(121.46098287445882,31.269681431886745,2)
(121.39329439669983,31.302424230473736,36)
(121.3893963941829,31.256133588970187,2)
(121.41632938132399,31.281642631077904,5)
(121.38270130578358,31.253906649887167,16)
(121.37745250369403,31.271774958634538,36)
(121.38654666051801,31.231689415143908,10)
(121.44497818332647,31.279049819713975,8)
(121.38853509479922,31.27278606428656,4)
(121.38836705422818,31.274044462060427,11)
(121.35153019494325,31.301480091035724,14)
(121.44118181042072,31.25024880190285,36)
(121.38326619895096,31.24731282737073,2)
(121.37413010913163,31.286876179868575,35)
(121.39739333480728,31.297770445788693,30)
(121.41296876829186,31.23177550268415,4)
(121.41585314642944,31.261012572054767,36)
(121.41565431214876,31.238870772985635,3)
(121.40646333552695,31.249435233836866,36)
(121.38654697199672,31.25566537660723,15)
(121.45465104883976,31.259906892269345,32)
(121.38208214630845,31.280925745780145,21)
(121.37593402520922,31.23646060976887,1)
(121.39064714712461,31.229992755290027,36)
(121.42999961507708,31.23420759413704,21)
(121.4174833871982,31.238002488933482,5)
(121.43566763042898,31.244279602027245,31)
(121.42625985798658,31.25691826394523,14)
(121.4522484979258,31.260219511554904,23)
(121.38250263935377,31.280983186093476,2)
(121.40244797421285,31.24462192967998,5)
(121.3923460268107,31.26929870508712,3)
(121.34359321193845,31.292369059527,52)
(121.42811160176919,31.254187397735578,7)
(121.45561502806305,31.270817319963342,21)
(121.41033523373675,31.29800330661254,9)
(121.41680322044279,31.284133256215537,1)
(121.41248622704941,31.246157196134583,21)
(121.43251772945376,31.24495203928255,5)
(121.38025560037576,31.274767772780727,8)
(121.41324510797506,31.25966386173571,24)
(121.43305593764865,31.24974222297258,14)
(121.38237007350612,31.25325027528434,37)
(121.39187448213094,31.303395745179145,21)
(121.41300136470413,31.27311565406138,6)
(121.36612085652006,31.271706938582867,11)
(121.38682187417328,31.242568582010396,25)
(121.3907501793057,31.275361738607675,70)
(121.42404748802913,31.25396749683814,1)
(121.44999495719436,31.252874355248117,37)
(121.381432501886,31.270857902280532,22)
(121.42798324914828,31.271395907076734,33)
(121.42326231787783,31.240649440361924,11)
(121.38496933221099,31.28074940888245,19)
(121.39471188544385,31.235590852635763,77)
(121.42118847114445,31.234259953319743,10)
(121.45585596606475,31.25275569036374,144)
(121.43443519310688,31.252434761716398,36)
(121.40212854206725,31.246520423324068,2)
(121.43038992463022,31.24767160739369,18)
(121.3860395299331,31.293393459962783,10)
(121.43737740598148,31.272663659587177,13)
(121.40655796956199,31.291055785212304,19)
(121.3915349370295,31.254161202444095,21)
(121.42791233051405,31.259951092550168,2)
(121.37834330884832,31.232804854148426,12)
(121.44293669618396,31.263331300661832,21)
(121.3864110436309,31.254846954341183,24)
(121.40369527454322,31.23604659908438,36)
(121.43421512887127,31.251720163168354,3)
(121.42089606522576,31.284345801207717,3)
(121.3750590136772,31.247126449901984,28)
(121.38729523048032,31.233417323605963,1)
(121.36649485646622,31.251548059909997,14)
(121.45462905234218,31.259986820022117,13)
(121.38321710328152,31.24249432728695,12)
(121.40785648611782,31.245631834253974,14)
(121.44707167849056,31.242130305249134,36)
(121.36903175271478,31.236537748892815,5)
(121.37136890276844,31.275484919792035,36)
(121.4297791815195,31.269693142001714,3)
(121.4308624323774,31.256066448913426,1)
(121.3853743230073,31.283055514174745,7)
(121.43273288097261,31.249995172751046,2)
(121.41545186385976,31.295093019815678,5)
(121.44301950930632,31.242300454813222,3)
(121.34246224753949,31.29794714553368,33)
(121.46019642350124,31.27327248415504,19)
(121.45472223720287,31.27624052304485,26)
(121.40943773243714,31.24473702515641,13)
(121.42188635851633,31.280475496029297,3)
(121.38252264214358,31.24626433857068,10)
(121.43436036025521,31.23689841915476,1)
(121.45211447084681,31.255277299098573,1)
(121.44316447213734,31.264602708901506,18)
(121.3984502552765,31.245595941834182,36)
(121.38785694414324,31.287110343739744,8)
(121.44118481705524,31.277880650101338,11)
(121.41029964440301,31.245364197355833,35)
(121.40057776573482,31.23102203087712,18)
(121.42683216881207,31.26099845777775,11)
(121.43192741144102,31.237445000391325,3)
(121.42340172791047,31.236602195555115,1)
(121.43086999227036,31.244249721088956,3)
(121.4076809644566,31.242484435069393,7)
(121.39025306565262,31.259940935406487,34)
(121.46162201732392,31.249195966051413,2)
(121.40975445229807,31.25952380066564,17)
(121.36850321762115,31.25203092965532,34)
(121.38194889646894,31.23385116936241,1)
(121.42320422818612,31.273414733024783,2)
(121.4105757450159,31.258597977031272,37)
(121.4157840811212,31.2484240948608,36)
(121.40989358658459,31.259383029872374,37)
(121.3805974747947,31.23284701454122,13)
(121.41014615741949,31.22798632287825,7)
(121.38830004154613,31.269433360513695,17)
(121.39861056223079,31.24835322633348,10)
(121.40809954483612,31.291577492591713,4)
(121.37123858610283,31.2511573201678,2)
(121.42607450289509,31.239181553052664,32)
(121.43059746793848,31.27551702320693,1)
(121.41209420467503,31.268090757977166,6)
(121.36975440609805,31.23039794874618,12)
(121.44779268638544,31.248266770460383,36)
(121.43899926062855,31.267532243911383,36)
(121.45815292712192,31.25703912636313,8)
(121.40734088153155,31.23146338592429,1)
(121.45050374851233,31.259952912697067,18)
(121.36033477334422,31.277326325920598,13)
(121.45532077245653,31.25330448901305,7)
(121.41939734095385,31.252460731000216,24)
(121.38931556594022,31.231022621776,5)
(121.38537322786367,31.25314677637558,32)
(121.41867368220589,31.23686574028577,1)
(121.4104142255691,31.237373184470307,2)
(121.41052731545587,31.230631487138783,10)
(121.40554602250158,31.237116074909906,32)
(121.40242557855957,31.234690152909135,1)
(121.39158225627042,31.274547551335026,9)
(121.39569514195196,31.248231942698318,36)
(121.37858953021534,31.25465490982309,49)
(121.41656163824759,31.263873415039214,57)
(121.43201374362985,31.254056311532423,30)
(121.39835546328074,31.29429745144649,3)
(121.42351450875762,31.238523294917663,2)
(121.42352241760237,31.24443895093352,35)
(121.36649248016008,31.242454309961133,29)
(121.3866926136095,31.24101277534553,6)
(121.42830062336388,31.25166527598247,27)
(121.41251245667056,31.24947259429033,13)
(121.3924257051657,31.232529072529108,6)
(121.43245421879472,31.27267897400096,36)
(121.44760972821729,31.244269314971234,37)
(121.41843797853575,31.252538717202935,37)
(121.40428071444117,31.24404267599198,13)
(121.44049795701525,31.248104628437464,2)
(121.40956150477105,31.259483060643362,28)
(121.36361167779742,31.25196265988029,2)
(121.4423232874729,31.27354840036532,17)
(121.3785318008616,31.293137924881712,36)
(121.4053810823746,31.238582438302053,16)
(121.43079264056018,31.234425244475826,1)
(121.40731375680139,31.288721851485636,36)
(121.40107093430233,31.230104541119665,2)
(121.38026370192894,31.274815473988586,17)
(121.45297180544686,31.24578591666311,2)
(121.43905062294094,31.249744460091257,5)
(121.44378057780946,31.263321653981084,20)
(121.42539631241424,31.24059075835234,21)
(121.41994564238183,31.237203046537008,1)
(121.42788882113916,31.22937983316653,33)
(121.42315077046567,31.283620252899347,53)
(121.39262044803104,31.27392033830467,15)
(121.38926024642078,31.282384607164595,32)
(121.42300540442965,31.26199302852903,12)
(121.4216847706974,31.242148206681208,32)
(121.40999831250994,31.24252978438023,36)
(121.378834871819,31.26640725229195,33)
(121.43099069102279,31.257441241339603,6)
(121.37081828031859,31.24378748117059,15)
(121.40662651976629,31.28590170933908,22)
(121.41363743335401,31.236660686006157,1)
(121.36499734525577,31.277093509293827,32)
(121.38598875772387,31.227659084982864,14)
(121.43550477344968,31.254535347559607,29)
(121.45209766745873,31.254689197469972,11)
(121.37295064791017,31.25586864001155,36)
(121.38190142370414,31.26410886453241,30)
(121.44694283749325,31.24177335509089,6)
(121.35541480213487,31.308462541971778,37)
(121.3403732661729,31.282645086198205,32)
(121.34188004589546,31.295761215185703,8)
(121.37458368954076,31.228295327430995,35)
(121.3998460438365,31.237001547217556,14)
(121.4580992898131,31.2596173611205,42)
(121.41788003900027,31.237887454301372,16)
(121.38263677066416,31.24623543764299,8)
(121.43828960947344,31.25780306321874,36)
(121.39016074235344,31.282192672239443,36)
(121.43170649027513,31.234967118405265,6)
(121.44332117997862,31.26695706381444,1)
(121.46154463932285,31.260151994020866,42)
(121.36763621484549,31.296298304285955,37)
(121.36782038929417,31.313331000222792,5)
(121.42861320056258,31.265596513106097,36)
(121.4478371248369,31.25742498104603,17)
(121.42357757547369,31.283812741154012,6)
(121.3927313764756,31.23777164727353,6)
(121.42881842322471,31.2500569014841,4)
(121.37677228382104,31.268438759456046,9)
(121.41534098351009,31.24492870774441,43)
(121.42819343887825,31.24192387847569,18)
(121.3991589153059,31.231839727089014,42)
(121.42406266819708,31.24147521540267,32)
(121.40777222489506,31.25433985268717,16)
(121.43494950490991,31.253296504246737,1)
(121.44387128458514,31.24364939511192,33)
(121.46293792870361,31.255379654546502,28)
(121.4225457535885,31.238570010888367,4)
(121.44088769783977,31.264614240177785,2)
(121.41617288416953,31.248350907388122,2)
(121.41045963811798,31.245645299104275,20)
(121.44626449779877,31.24484393094401,18)
(121.44635651692222,31.244839847094507,36)
(121.39985907706993,31.27234478556738,13)
(121.440767520532,31.257207511778354,36)
(121.436731713437,31.265881127972097,26)
(121.40390772270736,31.299549114511887,3)
(121.37205826185769,31.26720835505159,20)
(121.43833523427517,31.248632975846057,34)
(121.40128305033149,31.266304844260937,29)
(121.42723239478478,31.22909592638402,4)
(121.38793536667096,31.249577035733527,12)
(121.39018604784664,31.282466176313235,16)
(121.43737675182821,31.26514947983021,36)
(121.41616064227637,31.279874401623434,37)
(121.38279825681005,31.249705134476137,2)
(121.39285204161757,31.25628662688594,37)
(121.35613207729058,31.294958513687178,2)
(121.45767960318709,31.250754393772308,2)
(121.4124713233599,31.246158493018058,22)
(121.36457332710464,31.239435546712702,36)
(121.38871036409178,31.262613881733273,31)
(121.40699467545278,31.238174870678662,25)
(121.38739384564582,31.287111860994813,36)
(121.39728408836343,31.261155306314066,24)
(121.3826178876896,31.29379847708174,6)
(121.41921459196519,31.24236578814069,28)
(121.4385773312002,31.23718450063063,21)
(121.40377129308843,31.231936422384845,36)
(121.42793535718091,31.24909131991153,9)
(121.39432762909408,31.24008860343955,23)
(121.44190247043777,31.259252518556643,36)
(121.38274549640374,31.237414759736108,8)
(121.39107966028348,31.289395704229502,2)
(121.38316247135204,31.284135933011534,19)
(121.45389819738735,31.25275815223256,3)
(121.40788866585103,31.242156980308103,17)
(121.44677191266912,31.28327114729044,1)
(121.41673068751996,31.260851140208956,36)
(121.41204751848775,31.245632205504844,8)
(121.41563887319805,31.24524873842404,24)
(121.4070120795105,31.24493236127874,36)
(121.38969574262805,31.270531111420187,13)
(121.44365224915802,31.258409240002464,28)
(121.39906851222588,31.245675196803393,14)
(121.38524421086207,31.276068718855075,14)
(121.4246351747827,31.241977996864915,3)
(121.42789780332633,31.2537203943051,2)
(121.40846202663816,31.246798026403617,37)
(121.42891257307588,31.26451009336544,30)
(121.43921657947801,31.27833457981653,5)
(121.4126246089339,31.228682166681246,13)
(121.42224065327474,31.23450237183333,17)
(121.38606186592276,31.28325533376515,7)
(121.37429343807139,31.230301890399915,31)
(121.45143353861287,31.251768394901642,9)
(121.42909123529425,31.249942871457165,7)
(121.39238859691542,31.25455891538161,22)
(121.39527951681909,31.301088781127753,26)
(121.40405014356324,31.226366591965668,4)
(121.41807951475381,31.260322539993968,30)
(121.42593354774279,31.239628413382977,36)
(121.3730347891308,31.256023816277565,16)
(121.45843051895018,31.252695271952764,1)
(121.41155021251305,31.243586187180636,37)
(121.36275083427537,31.24554343786596,33)
(121.39610434986045,31.235682858211167,35)
(121.3779418086022,31.279215616902246,36)
(121.46034381240025,31.253101578193448,29)
(121.45668671972074,31.269322884582138,1)
(121.42634534942513,31.240644980684188,36)
(121.3773906679404,31.263123214773117,36)
(121.44140585211059,31.265683913425402,36)
(121.4390085469194,31.239475845184522,28)
(121.38863628720989,31.296909952222737,36)
(121.4151987993638,31.245548164916205,13)
(121.42778146699997,31.236895993498635,7)
(121.43765229241194,31.27649688671925,37)
(121.39896864810203,31.2467533293541,2)
(121.42741078815565,31.23585386156116,2)
(121.43951866539257,31.26002490351099,21)
(121.37318975197286,31.264412636895056,22)
(121.39803521357864,31.304477314505444,7)
(121.42183282340895,31.255572054846276,1)
(121.4037697608886,31.26716959887922,1)
(121.44398813317262,31.27897542244206,2)
(121.41013834701957,31.24245581364723,34)
(121.36317157430135,31.303570657647317,27)
(121.40387218974863,31.28450892785933,3)
(121.410367819243,31.236050990583887,13)
(121.40133425882983,31.23412465105356,12)
(121.43197989224541,31.232294592322017,15)
(121.43849620361281,31.26858640085732,34)
(121.36730998979598,31.23802696909278,3)
(121.43430984853474,31.237215308630454,28)
(121.39081216345059,31.286091190569223,18)
(121.42994969138579,31.280230650187725,6)
(121.4294759989091,31.26565502238832,7)
(121.39939304915583,31.23192924227216,12)
(121.42573257783565,31.23603541543372,28)
(121.42404325005319,31.25940214333395,34)
(121.42580381631504,31.24142258333606,15)
(121.45379840752538,31.252411200636168,23)
(121.43391625792094,31.244501874439365,11)
(121.44460491919367,31.27896640578095,1)
(121.45155542795573,31.27237119746506,60)
(121.45811542638084,31.273188105225312,36)
(121.4401722830761,31.268180822283316,36)
(121.44848863011886,31.241822641899976,18)
(121.39547159077631,31.23185944731155,3)
(121.37067523461441,31.268948241561787,7)
(121.37870108979348,31.224874594823216,36)
(121.421608488471,31.262440273552798,36)
(121.3741869465514,31.272530341032947,37)
(121.3917874249919,31.269076783692746,1)
(121.38972676970471,31.27654983530069,18)
(121.42322652995941,31.254183479828797,23)
(121.37759779971152,31.272921606937864,23)
(121.40990418919723,31.25956453172,16)
(121.39284074157464,31.23639656434536,4)
(121.42828023416278,31.240716252307603,1)
(121.4343900301369,31.26127366407316,3)
(121.42640566333694,31.2454634996336,13)
(121.43469488830725,31.264808806245647,24)
(121.41219514712104,31.290660044395807,16)
(121.35598748845821,31.303061441576794,36)
(121.3921018772591,31.231670734783627,70)
(121.3938423981588,31.275386660296192,10)
(121.37412886728013,31.272605299499393,6)
(121.37007414855172,31.244514791258236,35)
(121.4428509481097,31.240243500531108,9)
(121.3901575866986,31.22807753291947,6)
(121.43912770099779,31.25215241213308,22)
(121.42399470804244,31.241214149699555,7)
(121.45910297578567,31.2516026730226,3)
(121.37619763004491,31.247087811575604,11)
(121.44123222244241,31.254562503251154,1)
(121.4248752109992,31.24039402494723,19)
(121.40537427985407,31.260462894161407,29)
(121.38522761885233,31.257977016633657,12)
(121.39094956067505,31.289412624048254,29)
(121.45625233231131,31.250779837643258,1)
(121.44362903350394,31.258341266039412,36)
(121.43493845321913,31.26398315057759,21)
(121.43117673192262,31.23396732256986,14)
(121.4123812582212,31.25820445114318,13)
(121.41607418907259,31.251282243049886,8)
(121.35870816721373,31.29495181690329,6)
(121.3990984115392,31.244386631672334,1)
(121.43644621822897,31.25343765026772,53)
(121.36878140889185,31.283481659429558,36)
(121.37005086282446,31.251515648505205,1)
(121.44596005589082,31.241836114737755,6)
(121.38727681042663,31.230528089024595,2)
(121.36505043959352,31.277093589308155,26)
(121.42342883791231,31.27324463120077,2)
(121.41022025584711,31.29801032581927,8)
(121.46169021360377,31.253607754301164,1)
(121.39596817344896,31.229968105552906,12)
(121.3723016597466,31.255932823111994,19)
(121.41192279917892,31.228507249001925,4)
(121.43168450090013,31.246227219026064,3)
(121.42789092237479,31.23537892266153,2)
(121.41887641199811,31.254220318633134,29)
(121.3892969570212,31.252086744703817,36)
(121.41044680022537,31.27039203981953,5)
(121.36497363196897,31.270932336323074,15)
(121.40985149774845,31.23033490809276,22)
(121.44772480104993,31.254049667982713,37)
(121.44512796005493,31.24585662819363,14)
(121.44560326138986,31.28292436033084,1)
(121.38132935611105,31.224582267388257,13)
(121.41889701710281,31.254181523019973,36)
(121.4284555958162,31.27010591459158,33)
(121.42397872639621,31.24125618077418,50)
(121.37238848290541,31.286905957025155,36)
(121.40526605409129,31.24722099804773,36)
(121.41358241978303,31.240267667657164,68)
(121.40908748830306,31.244169492035677,36)
(121.40960221450229,31.302620181520933,30)
(121.42695965282394,31.240133209104798,36)
(121.4239039483123,31.254478106602562,1)
(121.43729186706477,31.25342151791402,36)
(121.40302525726544,31.2869147720594,26)
(121.4081288527084,31.254285373751433,17)
(121.40903457528417,31.244949079557607,36)
(121.40890207338207,31.22491603573541,7)
(121.39317705823468,31.265050921777824,1)
(121.38243053206816,31.24570489037869,19)
(121.4174620284865,31.25790853851535,36)
(121.44979471541684,31.245097336033304,36)
(121.45938798258331,31.255316404172657,15)
(121.4506610119974,31.257184889824057,1)
(121.44122904606644,31.265162214234643,13)
(121.41765225164689,31.25025909959985,31)
(121.40108314900465,31.234082675307818,10)
(121.4232787220012,31.24544858078538,24)
(121.36733368154438,31.249444267863552,9)
(121.39547443567483,31.260181719370905,22)
(121.40915257796448,31.242523061997066,36)
(121.43103802602036,31.26546631561172,2)
(121.41068828598763,31.242139694088653,5)
(121.45805295762888,31.254409194966104,8)
(121.43053389274174,31.245071945209876,33)
(121.38393374117564,31.229207959320252,36)
(121.41666089556544,31.251354030463286,17)
(121.37396899151169,31.276760831595126,36)
(121.42236067378303,31.259802335333898,4)
(121.35110776517946,31.283632230230698,9)
(121.4366603344826,31.25865264224507,3)
(121.42521347235872,31.24261955937889,27)
(121.37101065231694,31.26760512647531,22)
(121.39906325952113,31.240503676405986,22)
(121.3626663991007,31.280265241655506,36)
(121.42535180638052,31.244846083764344,23)
(121.42971712283902,31.236042719973867,6)
(121.42297402690541,31.25735604579261,26)
(121.43297426977739,31.275172244207454,30)
(121.42843145671164,31.26556827612883,18)
(121.35479011341486,31.292028057495624,3)
(121.40058445242818,31.30764137758344,36)
(121.40235746125374,31.244990788956645,3)
(121.45243135973843,31.27549214399025,9)
(121.39622287270042,31.264808408322697,22)
(121.45659367038454,31.277234046167557,36)
(121.4222305623069,31.249054459972353,2)
(121.439727171007,31.23498085546986,8)
(121.44132906578288,31.254527252906225,23)
(121.38731025885413,31.226467501133737,25)
(121.4201459711125,31.254060448254993,1)
(121.3867928140387,31.253693491526466,36)
(121.43240367026037,31.282194802127286,19)
(121.44921380042256,31.247910033242295,26)
(121.4180472328787,31.25271599079219,26)
(121.38162442189375,31.290290086197388,36)
(121.44791093837758,31.25160530453002,33)
(121.38525485791816,31.225904632137997,19)
(121.40231455490097,31.28056404638079,10)
(121.42479503261976,31.242103926667024,36)
(121.40346717760181,31.285098108139042,11)
(121.42806650638508,31.263967675525212,29)
(121.3887311994086,31.26969741389051,1)
(121.3962666155757,31.238641915093286,25)
(121.40096048753892,31.23797130593335,3)
(121.43306951723264,31.233661974638707,14)
(121.35556926865796,31.287027043836403,13)
(121.40943772397432,31.244639981790865,36)
(121.38749746980943,31.273227408796878,37)
(121.43868004493584,31.27031687425068,36)
(121.43732931295006,31.247757967798933,36)
(121.45027501907963,31.257137122432802,37)
(121.42716577079725,31.255815467317404,39)
(121.4373737219114,31.253277344114057,68)
(121.42279164871891,31.26268347730518,26)
(121.42270066640685,31.26199724644513,9)
(121.37901647241591,31.23267316147107,36)
(121.44946277546553,31.27949411251182,21)
(121.4078310004336,31.276231399173962,45)
(121.45516113539074,31.252946661367844,4)
(121.40908228702487,31.244153690986977,14)
(121.39201333915572,31.23173545252784,4)
(121.41973334059104,31.243512013604434,10)
(121.38380610732231,31.250968811426617,25)
(121.43815321197646,31.262110114189245,6)
(121.45470177911625,31.25427154267566,3)
(121.41345703975894,31.2368076665106,7)
(121.44087072010107,31.241557146075227,1)
(121.366089981879,31.309228884339987,36)
(121.44366636546432,31.251498214161032,5)
(121.43669081702325,31.264742223413364,4)
(121.44170138781399,31.255090887511397,13)
(121.36611689500097,31.274663264445184,7)
(121.41711758443758,31.23914538012679,10)
(121.36067015230738,31.29388291076447,1)
(121.39792802388902,31.30284964332551,36)
(121.42323423203503,31.26230599807633,12)
(121.44605665119242,31.25570926935148,20)
(121.41174114271844,31.24573144135694,37)
(121.39389105286884,31.225145520329665,1)
(121.45933397183906,31.25022660586513,14)
(121.39276215698872,31.23500440778617,15)
(121.41483273062973,31.271935867685407,1)
(121.40305898420269,31.237861713238,19)
(121.42080209021002,31.27548887973104,17)
(121.35453519914545,31.3105758361515,1)
(121.44209923108389,31.23923542353556,28)
(121.3727753785435,31.255840400747324,1)
(121.39208237322197,31.229379835577323,1)
(121.38742696224415,31.226678490332866,31)
(121.46263570063293,31.26614700135282,23)
(121.38314154613772,31.24856396151394,1)
(121.40206960583915,31.229197314073517,4)
(121.39803521611354,31.304506325702256,4)
(121.39946326127706,31.287118245553504,7)
(121.37960361004578,31.24052175042187,1)
(121.39111712686974,31.28294611471692,36)
(121.46073171688323,31.252486436524023,3)
(121.40163146609002,31.247062553441257,1)
(121.33694877857485,31.296894315522795,34)
(121.43801282566083,31.272214202908916,2)
(121.37408280097364,31.27262625033833,6)
(121.3642158147694,31.311704157498195,30)
(121.43062660732495,31.279266125705185,32)
(121.40345234755956,31.287072906644624,36)
(121.42309123959713,31.283864133567896,1)
(121.36522375172795,31.27714887282728,16)
(121.41072129986169,31.232303865377805,3)
(121.4170008843276,31.230383435123954,2)
(121.43769486320781,31.249430212515968,31)
(121.45661000045591,31.251099907057412,21)
(121.44523598711231,31.26364961432947,81)
(121.39101193345506,31.2507369941106,36)
(121.39184732069977,31.231706687128913,12)
(121.41783533185783,31.252404957385902,36)
(121.40296657788637,31.2746797331754,1)
(121.367142937349,31.30901281402308,18)
(121.40621900998154,31.24575559230723,32)
(121.42465002555575,31.24042928784561,1)
(121.45236805431111,31.255297304361974,5)
(121.3887062278475,31.275457721225496,3)
(121.34515328458116,31.29903357908411,32)
(121.36601392424748,31.274641008611354,28)
(121.37901807920576,31.266060307081297,9)
(121.42877633936412,31.2615739540527,8)
(121.42693649807637,31.238072297811858,13)
(121.34330099621057,31.29227874736039,11)
(121.38448200601148,31.294403482183323,26)
(121.3853412259082,31.252111555110073,21)
(121.43627437446172,31.286533844919795,10)
(121.4232147857099,31.278069877228862,1)
(121.4576390843815,31.260086942998814,5)
(121.33430301959949,31.299702374693037,19)
(121.41903838931147,31.22724298503769,36)
(121.34366965594688,31.29483917435769,14)
(121.3863176032345,31.233620106507708,36)
(121.38527429016416,31.276621975366876,37)
(121.36155846874767,31.280122734448973,24)
(121.41869736760853,31.25397128163795,37)
(121.40756936355747,31.249961467404688,12)
(121.37139012571997,31.231559708085758,18)
(121.37738915978073,31.24578563123873,19)
(121.3821637358454,31.252122575498785,19)
(121.40768611893682,31.247221250057454,16)
(121.45706609062866,31.27284121227235,24)
(121.44611966684047,31.241533911521387,4)
(121.45804669585151,31.274242695249594,3)
(121.45301647935182,31.266265758919207,2)
(121.40794330965959,31.24957828618491,20)
(121.40552543857264,31.241463993361574,28)
(121.42321823787816,31.262211969266687,33)
(121.38325560586257,31.247778722708876,9)
(121.38143390784305,31.286994565133426,7)
(121.39733416640537,31.24480511148211,7)
(121.45208129120867,31.270215097593404,15)
(121.40933444904546,31.24388354384154,6)
(121.40615237473263,31.246518729791386,3)
(121.45972913726837,31.272526289989173,4)
(121.41780515984185,31.250230013715697,36)
(121.45305656105693,31.279798351559045,18)
(121.35956902180997,31.277736735130052,9)
(121.4217684599399,31.239350890966353,8)
(121.45493315983428,31.25828446028006,9)
(121.40810904776342,31.258701860969722,35)
(121.4037911493399,31.238335042677818,7)
(121.38811470494628,31.249576067900755,24)
(121.4005217894925,31.288827973345988,27)
(121.40204545760099,31.257246124109564,39)
(121.43828406459713,31.25429504828712,36)
(121.37210067495248,31.23663296773579,9)
(121.42191156462877,31.279146803923624,3)
(121.41116133755806,31.243931416165612,34)
(121.39200273029665,31.282233396341045,2)
(121.45568914310734,31.276180821039002,15)
(121.39283155310973,31.23900226440624,3)
(121.45579253159677,31.25249715561003,36)
(121.41428755596368,31.234857526297574,4)
(121.4432050541036,31.2632420497355,36)
(121.4270445670473,31.240201163686784,37)
(121.40978315937204,31.25950670666746,6)
(121.42801905528314,31.251139519517974,44)
(121.44029244336517,31.262584781352,12)
(121.38936612486026,31.25333634410652,36)
(121.45659171609266,31.254678435794165,18)
(121.44869866221241,31.247434770002037,3)
(121.39503320216727,31.27620163389929,15)
(121.40136781524522,31.25648418864799,36)
(121.45468986576356,31.259549506691446,1)
(121.43603764907817,31.23874344403279,21)
(121.42399470202784,31.2411451186223,69)
(121.44618010287836,31.24638714513371,12)
(121.43067699128275,31.234502489581416,20)
(121.39918480025361,31.271400385074777,15)
(121.41170272922997,31.23849686427703,2)
(121.40224878531914,31.23751840345333,36)
(121.42538921511994,31.24105459855754,7)
(121.45391584105147,31.2606555555875,3)
(121.42499919453545,31.28059834039023,5)
(121.36585646691321,31.238678809456925,9)
(121.41785348066877,31.27249349967931,1)
(121.41911450073421,31.229093799601475,28)
(121.43685053901689,31.257134067538964,20)
(121.43640090067407,31.26044876069557,43)
(121.44623467707635,31.27956090048544,8)
(121.3988247336258,31.249320731267122,36)
(121.39209706351575,31.227867723406256,1)
(121.38063223019813,31.290377097873602,36)
(121.35459567554693,31.30310107629254,37)
(121.40448721304496,31.23800698193169,24)
(121.33500657974147,31.299262545060277,36)
(121.38179338831898,31.29908874433801,52)
(121.41801009754218,31.260460625186607,117)
(121.3929198871766,31.288038316863595,36)
(121.4230574834816,31.251957625006042,16)
(121.37233172303745,31.256127947551924,29)
(121.40635271789614,31.265882684263477,36)
(121.38298824518014,31.247091160196206,19)
(121.4044197493154,31.239722139577896,4)
(121.38737710953595,31.296603844623295,36)
(121.43574819112939,31.25213398327253,40)
(121.40053923902971,31.26112194413225,87)
(121.37712194781595,31.247533098746118,14)
(121.41666303703629,31.27589754485764,2)
(121.43247101806259,31.24256513438567,70)
(121.40215962616004,31.247929295941695,32)
(121.37404475089726,31.27269823260389,25)
(121.44638992386014,31.244840652949012,14)
(121.40586326262058,31.28316856997026,5)
(121.36866888860432,31.314190531825098,36)
(121.41027318034041,31.228276668486068,11)
(121.35776841070367,31.279243158178314,28)
(121.36941245484023,31.248946846773354,12)
(121.43819048544054,31.254484754302226,19)
(121.37862871502044,31.26769657093439,14)
(121.43466494172701,31.264911887304415,22)
(121.38144994467335,31.29868223666111,24)
(121.40929098898721,31.22450580945443,11)
(121.38874817185912,31.26002379490944,9)
(121.44997355438535,31.25814454189901,8)
(121.36823273997582,31.247251517109575,3)
(121.41050165791434,31.238035028759207,25)
(121.40479911895294,31.248015502649377,23)
(121.38872633491482,31.257154762717498,1)
(121.38916533331249,31.232048292467383,3)
(121.42585377949808,31.239760001916004,36)
(121.41799510664566,31.250911222122447,33)
(121.36441474303858,31.309448885572884,9)
(121.41057444972927,31.24374843376977,36)
(121.38993969692089,31.262244273175657,27)
(121.46408418444497,31.260765307760117,26)
(121.39436198188643,31.259920606242133,4)
(121.3914329232917,31.231914162704125,1)
(121.45660049875153,31.251047305731493,19)
(121.45721845289455,31.269970679615234,5)
(121.37761379873955,31.287097828323727,21)
(121.40982576987182,31.259441615654982,1)
(121.44687232294646,31.241763242832352,25)
(121.43133605229384,31.26280136924418,16)
(121.43675451642699,31.253866655109217,36)
(121.36437623766237,31.30948958102944,8)
(121.42027565501263,31.251503248746598,26)
(121.3803035117827,31.286789306356035,36)
(121.41347357187102,31.26134617312286,16)
(121.38949647946257,31.25613766370572,36)
(121.36421851575165,31.309471162889622,36)
(121.42618939582243,31.239315515159536,19)
(121.42589971946354,31.239608894825135,25)
(121.40331458179084,31.255426083983906,14)
(121.42588546681306,31.248011669442903,55)
(121.36419301221059,31.309493059907492,29)
(121.43955605355599,31.268690062601493,36)
(121.37240350438725,31.286886969003056,5)
(121.45255070209586,31.25617632968154,36)
(121.43865787238737,31.244956888194544,36)
