(121.41989209313206,31.23721808988939,4)
(121.45087633143491,31.270618260307558,2)
(121.40261638499045,31.243471160377066,35)
(121.37792682042374,31.279581750817798,36)
(121.36897512276757,31.287855294264148,36)
(121.43327820953567,31.251732177868153,3)
(121.4391809789996,31.25639019127593,36)
(121.38203517518545,31.244543558023455,46)
(121.38879803548194,31.303853784808545,9)
(121.3669406946552,31.299583453293575,37)
(121.43266414247657,31.26795272201767,69)
(121.45045264913159,31.258929120163383,178)
(121.39971672748564,31.245371274320714,20)
(121.42941254077904,31.236589276338073,3)
(121.3942282529401,31.247725505197245,36)
(121.40183955032937,31.237152252446062,19)
(121.36584979352831,31.27644551614486,6)
(121.45661020050608,31.251147107000744,36)
(121.4486706196725,31.27070853034941,1)
(121.43960249368757,31.282103458925178,5)
(121.3827753220057,31.24627367793119,2)
(121.45262681154402,31.247988577853047,8)
(121.40544999969752,31.224195879649525,28)
(121.40954900169079,31.259569657874774,30)
(121.38312630674396,31.246007811228136,11)
(121.39451556943786,31.295431166986322,10)
(121.37792653130464,31.276261376346074,9)
(121.4428511440206,31.2539856110951,2)
(121.40133516943041,31.244570371309607,1)
(121.37628646701947,31.23732612986722,15)
(121.44834154132596,31.26013998510234,19)
(121.38931464804995,31.28280579657699,36)
(121.42650202087154,31.238761993917308,14)
(121.42879694485491,31.265603650499724,36)
(121.39231392251236,31.25890876234133,20)
(121.45884535269242,31.25967976393681,12)
(121.34112226951802,31.28644404290337,22)
(121.40349549531766,31.25430811132851,10)
(121.40980946585444,31.25934941244658,29)
(121.38928525184399,31.28232571184014,28)
(121.3871191938762,31.246991195415728,6)
(121.448570171781,31.261580192859807,11)
(121.45480399948995,31.252792327235586,12)
(121.36142004293157,31.308573455881486,9)
(121.38510357588204,31.231811872448,1)
(121.41360630362266,31.286270908078663,36)
(121.41560798864282,31.2464052658507,20)
(121.44938598208917,31.279918429238823,36)
(121.42692469128095,31.26092167691071,36)
(121.3960933775672,31.26315033307497,19)
(121.39613839150695,31.22865580996271,6)
(121.37127638499521,31.31362024401531,11)
(121.38941241094116,31.256169616370236,34)
(121.40191624735112,31.255195202150386,13)
(121.3655254331577,31.290392724671495,4)
(121.43505493660757,31.282989961511003,19)
(121.4232791868471,31.250781946689795,16)
(121.39198851784504,31.291383090261657,5)
(121.38252173006207,31.235782618804226,25)
(121.44004179411678,31.2599344832511,2)
(121.46017598719367,31.249939560772802,2)
(121.39823823638952,31.269353183639872,36)
(121.37714713499376,31.27231082992512,10)
(121.41340415466416,31.261445158403262,36)
(121.44932982673475,31.242222285324676,36)
(121.45282415974646,31.2458432342644,3)
(121.45435799429362,31.258260249782452,5)
(121.43461482678785,31.279499088697683,17)
(121.4158742930334,31.251351353158324,19)
(121.37947962347282,31.299986670791565,24)
(121.425326460179,31.241490220903906,18)
(121.46030591607223,31.25312667407878,19)
(121.36429902976803,31.241682141898426,26)
(121.45913944014616,31.253836071582292,3)
(121.3771818839999,31.26887742377669,57)
(121.41988521587449,31.24329282855054,36)
(121.42262599016595,31.264980577581447,6)
(121.36662097496922,31.25175077490848,36)
(121.42142618597354,31.244570460553543,36)
(121.4219994847965,31.260529558727256,20)
(121.45182126586398,31.26607802161636,2)
(121.37168149874225,31.24212489381694,17)
(121.38158591207554,31.270021105765146,2)
(121.43955366952736,31.24178494413145,6)
(121.46313688444528,31.26125774192688,4)
(121.42084922081504,31.24098218730249,4)
(121.43777838113647,31.245469338203954,5)
(121.36495761824855,31.313230140236502,4)
(121.4466616813284,31.25756807378928,8)
(121.42025645392208,31.257045001794413,18)
(121.42479502529798,31.24201988890369,36)
(121.41843593782069,31.229127171269567,5)
(121.40312342547023,31.23131273594989,7)
(121.44852956601505,31.25987499503711,16)
(121.42237295713724,31.26216854782663,23)
(121.45282563078564,31.262810658775507,23)
(121.44109089376546,31.265894355632046,12)
(121.38487047860977,31.231014807206655,3)
(121.44256444539205,31.274186711292252,6)
(121.4125101327579,31.22606363898141,25)
(121.36676514790769,31.30828655939716,2)
(121.44393983549554,31.25151277694718,19)
(121.42474606789834,31.241968904941274,13)
(121.44968962451946,31.260553696347575,36)
(121.44489791585926,31.264118053220287,20)
(121.40123713671504,31.255977382930293,36)
(121.45371177877561,31.27400151887172,23)
(121.43442291055317,31.28338190433442,1)
(121.3676891216642,31.300890800685064,2)
(121.42445177575969,31.24687333006599,4)
(121.43769032669644,31.236986766527163,5)
(121.36902284015915,31.24925543858538,16)
(121.3710495388075,31.26558632026795,27)
(121.39280353071396,31.256549217208363,36)
(121.41879434757402,31.236421326759665,36)
(121.41170431408537,31.256668934075755,24)
(121.38004096014147,31.26932884967757,9)
(121.40891743069398,31.22903594319439,1)
(121.39579813416762,31.231999068726218,10)
(121.40877268426748,31.231759207956724,6)
(121.40226321036498,31.299654696116345,7)
(121.454326711797,31.26058047261409,1)
(121.42291601279862,31.2850715012048,5)
(121.40727254233359,31.2633452985847,37)
(121.41805560792083,31.242925968331956,36)
(121.4274454190593,31.27268316086752,17)
(121.36702201928512,31.309052098920375,33)
(121.38022674412271,31.290555741656956,37)
(121.42003266233024,31.23584177725099,7)
(121.416935864656,31.2526824950381,36)
(121.40094933831203,31.235537076737202,18)
(121.43477953692263,31.27368745647065,26)
(121.42927335518189,31.232973308534334,11)
(121.45636085700886,31.25409636416936,22)
(121.45913594157602,31.26010775947278,6)
(121.40667419652104,31.260562661038875,32)
(121.3901473571634,31.28295545579547,14)
(121.44164938037689,31.26538741476421,12)
(121.40211509602484,31.264375213226696,3)
(121.39077694005427,31.2379264678652,1)
(121.39206183115986,31.242142716817586,7)
(121.44938269749282,31.24207712260983,36)
(121.40317264909456,31.229095006205068,1)
(121.44923610488067,31.247896437031642,10)
(121.44511195667735,31.245844725366815,5)
(121.43570055569445,31.266945451684297,39)
(121.43310727258077,31.27168280592709,20)
(121.3893813848913,31.25617359542784,13)
(121.40046430126013,31.244841830583024,35)
(121.38610533473513,31.255947898109113,18)
(121.37930994870067,31.283235792688153,17)
(121.40459962830465,31.231153866948922,36)
(121.38589099338391,31.254494079365763,36)
(121.41121529353657,31.243572245418285,33)
(121.45778771266478,31.267710650496745,15)
(121.44058180384971,31.23640143784208,47)
(121.37629540622243,31.23141184536313,6)
(121.40104232614912,31.238139903661914,1)
(121.37385413320668,31.255552433157888,35)
(121.42693750987739,31.249687497118135,36)
(121.42878584154899,31.26077615751423,25)
(121.39447406483268,31.255533536180835,37)
(121.44938076460129,31.279493633696426,43)
(121.42381312959621,31.244069466977525,33)
(121.4534732592911,31.276247051256604,1)
(121.38134281574446,31.25414979305977,13)
(121.39479088001765,31.29707996216742,20)
(121.4467548091276,31.283259444328902,36)
(121.45917414699878,31.256877170910975,36)
(121.39116874704503,31.26665835558397,3)
(121.45759786145956,31.26282982659411,17)
(121.37961716934991,31.269770534682767,11)
(121.44841478947886,31.24181777324459,28)
(121.40050310753114,31.246690096683263,13)
(121.44384838783006,31.24396380220018,36)
(121.4359389308925,31.264059377583212,37)
(121.45550466373102,31.268804791462497,5)
(121.43502397343936,31.28287895486372,28)
(121.42343211966246,31.263023161464922,4)
(121.42892581447877,31.244528338962297,21)
(121.44690052875863,31.241737247791605,8)
(121.45586306727539,31.25253049185563,32)
(121.39437288578023,31.247554933163045,25)
(121.3642066140364,31.309712260972933,4)
(121.41428857212092,31.24651277860049,20)
(121.36552282379583,31.248804165964227,36)
(121.39141414738761,31.269101553186143,41)
(121.412602177334,31.27010740440517,7)
(121.43787797242169,31.254136033122617,79)
(121.40214709921092,31.293090970870747,36)
(121.44164881419866,31.258876615526418,1)
(121.3725487244921,31.28685114422304,36)
(121.35604811177066,31.297303296735265,36)
(121.45699497986244,31.246448948695885,2)
(121.4342974736489,31.274113867967056,2)
(121.37711531409853,31.253955921910233,34)
(121.43501611303496,31.23880614448486,4)
(121.3920750743513,31.250816290429814,18)
(121.44585173325221,31.252809360761685,2)
(121.4279362332962,31.235125532380142,24)
(121.4413733257086,31.24747903455858,9)
(121.42200818848067,31.27921302392521,33)
(121.42250691024034,31.26480235608301,37)
(121.39011523562884,31.259309211377754,37)
(121.40608716762712,31.224663975733844,13)
(121.37610241789777,31.292215745033563,35)
(121.44259190002582,31.245556293120867,12)
(121.44387961859665,31.25227672425452,37)
(121.40349476384844,31.24592140720242,9)
(121.4277784688406,31.248347136723854,15)
(121.4099785076281,31.24275817982447,34)
(121.45745196104583,31.248146728343055,1)
(121.42839994794207,31.25644558717962,27)
(121.42710336558737,31.238621396870204,34)
(121.44069005806216,31.264678563600235,10)
(121.40708096274346,31.245185352475072,23)
(121.4382211598833,31.25133432835314,36)
(121.40424240615579,31.240562108201576,26)
(121.45431854117201,31.279919868831715,2)
(121.34370109339713,31.299105912942107,1)
(121.37764852699036,31.245979015963265,36)
(121.38675722841027,31.281817390690158,23)
(121.35095532043664,31.28219937374743,37)
(121.45663922518588,31.273435366557987,36)
(121.43336913073921,31.25085519754094,16)
(121.44882690561695,31.24194608294509,1)
(121.434891870714,31.245030916868433,5)
(121.41251215458999,31.225109472370935,43)
(121.45927056744586,31.251981470859562,3)
(121.43988404606439,31.282595251192955,1)
(121.40600311794111,31.22412672194745,1)
(121.41031339017103,31.242484850011515,24)
(121.44511715777311,31.245838426304267,36)
(121.43326063152124,31.23805475096944,36)
(121.38561447111364,31.29315083436699,17)
(121.41672804060877,31.241960821292633,19)
(121.42494522954168,31.25455801264678,22)
(121.36713844581368,31.292806066364786,36)
(121.432568663681,31.250321041108162,8)
(121.36576174933872,31.253090367987383,29)
(121.40261538081737,31.23195193743293,3)
(121.41842324942519,31.255538038203817,11)
(121.39231345099499,31.276451205243827,22)
(121.34198613203424,31.285552910943043,36)
(121.39339169812428,31.270741459474998,36)
(121.45236982728362,31.275736022011937,19)
(121.43861845907286,31.23909577173592,4)
(121.42162209184666,31.262660275961803,31)
(121.37247511034145,31.23499271249454,5)
(121.40208360820584,31.244244287837816,79)
(121.36876506002514,31.31432171682348,4)
(121.44398505608969,31.243571174918923,17)
(121.38011017848501,31.24428171273666,36)
(121.3837045186825,31.22953789664498,36)
(121.41226537252346,31.259483424143117,36)
(121.4289370677705,31.24758569044722,27)
(121.43502382629359,31.281190262906087,36)
(121.45678303763309,31.271985093920687,30)
(121.39583080981579,31.232078721556597,3)
(121.45248456374334,31.271363878221873,1)
(121.38254150562999,31.290419053470103,28)
(121.40989418673298,31.25938282999767,8)
(121.3776673334293,31.277982794103,23)
(121.4426602339378,31.252756669948806,37)
(121.41849689127783,31.229029094861502,36)
(121.38293095986715,31.290526476460677,21)
(121.40776476364651,31.245621215314934,20)
(121.38568308591444,31.28988615335192,36)
(121.42233326744737,31.26479041996945,37)
(121.38316033123967,31.29181621372694,36)
(121.44608785210069,31.255132774883535,6)
(121.38282801460399,31.246529755209544,41)
(121.45308350894601,31.256931606420185,10)
(121.3871157587374,31.283947556791734,7)
(121.41032938818714,31.231022696720313,6)
(121.43027790238683,31.279720623310563,33)
(121.41115181837282,31.245455149990995,49)
(121.44506394634834,31.24499751836713,36)
(121.4564180929453,31.26392478658358,26)
(121.4486706152209,31.253726562358693,2)
(121.34086371755475,31.29835430356377,18)
(121.37360663515133,31.244321382974896,15)
(121.42769062220628,31.23751035679828,31)
(121.40844564936543,31.242455086440177,3)
(121.44177882680343,31.26176766437932,35)
(121.36170959618967,31.25206921132693,82)
(121.4236429913323,31.281488259357555,37)
(121.40248728072831,31.242591740905088,1)
(121.43787787302796,31.25299353230616,14)
(121.43594390198918,31.252282796933216,42)
(121.45238342660377,31.270301214320018,1)
(121.38936636050654,31.256040526445034,34)
(121.39499832731154,31.231968260414778,16)
(121.37705168489158,31.268634169272215,14)
(121.4324187103986,31.272632067008306,5)
(121.38462166497341,31.30015984717452,37)
(121.34361576106635,31.289744111656532,64)
(121.38375858160337,31.229577965934762,29)
(121.45905254714769,31.250335197915675,46)
(121.42521887389297,31.24469855660802,36)
(121.39436527207052,31.235720644128047,5)
(121.43604222442983,31.246258003185858,14)
(121.45586246563397,31.247492300987606,22)
(121.42343016717227,31.24062430625258,11)
(121.38814455938342,31.259185969683127,36)
(121.34947315338994,31.29348127308937,36)
(121.44395534686217,31.246246418633163,37)
(121.40478500542952,31.2581949676668,9)
(121.40997800741684,31.255548454955697,1)
(121.42320170768504,31.244508216724338,36)
(121.41363941244656,31.2335019612206,15)
(121.4008957703991,31.28729245611126,10)
(121.36974004293805,31.238017407143637,3)
(121.43806167176122,31.254168794349372,20)
(121.4037921783112,31.25013532068588,36)
(121.44511145657361,31.245849025269933,3)
(121.37614403949514,31.24559809153043,25)
(121.45260138695058,31.257262205824397,22)
(121.36587584254717,31.276484571065126,2)
(121.44756038752169,31.24527738764923,27)
(121.37758579356033,31.28710262397967,34)
(121.39187071184098,31.260186037105555,21)
(121.42551676758548,31.247894387556517,62)
(121.34067929063717,31.286582264723474,33)
(121.40257519785749,31.287272833987803,32)
(121.42073894585371,31.23439702033404,24)
(121.44780765722633,31.24829875795972,23)
(121.4207674559164,31.25106355803408,4)
(121.34387392758133,31.291872972845464,34)
(121.4112152951069,31.243590253484438,36)
(121.45291090339192,31.279764626214146,6)
(121.38601715490566,31.293489704031696,36)
(121.41106392433818,31.261859303676474,11)
(121.39635826200458,31.24192915786265,1)
(121.42720556146453,31.277600602092757,5)
(121.42547043510788,31.242584912459698,23)
(121.38929733563285,31.25643164621713,21)
(121.44186272370031,31.27383765767647,15)
(121.38235636023875,31.279717521166557,29)
(121.4116501573249,31.243248015435977,5)
(121.43347529056484,31.24910244756585,17)
(121.38811642792784,31.240804616831085,23)
(121.38780321660238,31.281799231495135,8)
(121.44051977085802,31.281487519060157,5)
(121.42791053164088,31.272047957244858,14)
(121.45098107553535,31.26056693629035,14)
(121.44134400783764,31.25469826193079,1)
(121.41441840556952,31.23625711907821,23)
(121.37969432589983,31.27044590297378,15)
(121.42520907318354,31.260913723797614,36)
(121.43037932210711,31.24774020512584,37)
(121.39660845384014,31.223265002238932,6)
(121.39954311282507,31.261980496633257,13)
(121.40790702026149,31.224904515185845,4)
(121.44659765380322,31.253459162811755,10)
(121.43617035960916,31.23862140719861,3)
(121.42310435639061,31.262428144525103,20)
(121.43343646877788,31.239040990416658,2)
(121.44509165239607,31.245846021749546,1)
(121.38281211297469,31.236365167683676,6)
(121.46070080270974,31.261430876373428,2)
(121.37821312743337,31.23269665797314,33)
(121.43588841524146,31.241743009505953,11)
(121.38271770387193,31.29037520844291,36)
(121.41707146431871,31.25328784243477,22)
(121.4173613758079,31.238311891870385,3)
(121.39822323489948,31.269410202076685,14)
(121.44174788565056,31.26178872102985,6)
(121.34750012206361,31.295858640462786,61)
(121.45942976835829,31.247613187997906,28)
(121.38372283861588,31.255989777652037,12)
(121.40230990010606,31.22719968650124,10)
(121.41348715282773,31.238227301900373,13)
(121.43784802113913,31.254129071206908,22)
(121.42222636660865,31.24254702364588,1)
(121.41370012804137,31.261271620682415,21)
(121.44624339259826,31.24155833321677,19)
(121.4203509131446,31.24362270362504,36)
(121.41468263102902,31.294848006236947,24)
(121.43603787106143,31.239009275157265,7)
(121.41213737229576,31.235769531971016,36)
(121.43973209477562,31.277743578384285,5)
(121.37957469810019,31.24046516569357,44)
(121.42726943864372,31.234652842921793,10)
(121.45405778784908,31.252477706979494,2)
(121.41412569708122,31.2930164610299,16)
(121.44238617487193,31.254698116101643,7)
(121.40109105012692,31.244836756066313,15)
(121.38797479014342,31.240634641986517,6)
(121.4087497046285,31.291052428424944,45)
(121.4210815635461,31.234380075701637,33)
(121.37816822013694,31.245965601647892,9)
(121.39786698721709,31.302742577920817,31)
(121.42411657900004,31.24102397101331,10)
(121.45447915047741,31.279919542170127,9)
(121.42061926343793,31.261347330538165,36)
(121.38558762742666,31.276798324038204,36)
(121.44413835271992,31.25042297238354,9)
(121.36658897026096,31.251728471036166,30)
(121.36356494144658,31.244437251804275,8)
(121.41225118670037,31.23401770697364,36)
(121.44996283657504,31.258492295778936,2)
(121.38397096606214,31.300276321775254,36)
(121.3773504169727,31.23783601358308,2)
(121.42661766904598,31.259058881683053,36)
(121.43285630712053,31.231389031512393,1)
(121.37410369362007,31.273615261938073,265)
(121.38944748699235,31.282462441109363,23)
(121.42572541961405,31.24939118348847,39)
(121.38173851502191,31.278317325685652,35)
(121.42772302270414,31.262685963820417,7)
(121.3559137983347,31.30884692397912,36)
(121.41567782479082,31.290717999491438,12)
(121.41243625923504,31.24694449137968,15)
(121.43503401821735,31.244773437032563,10)
(121.43825261115809,31.268586740843794,36)
(121.44610275559224,31.254375418100565,24)
(121.38211003368185,31.244766261994823,44)
(121.43100896472842,31.275792699621704,1)
(121.41661454204973,31.247023133423642,24)
(121.41904955489528,31.254073355148172,28)
(121.39910890248309,31.244292692936153,10)
(121.3647656539378,31.25079290628723,3)
(121.45176860916337,31.280118007388985,14)
(121.41073771613657,31.24192407048285,2)
(121.38307185316356,31.283986418051576,27)
(121.39934395577136,31.268744690503055,3)
(121.42369274091186,31.284265856234544,3)
(121.37388119738603,31.23455532045777,36)
(121.38740875149384,31.269987099751052,8)
(121.37864246765507,31.287641845184268,36)
(121.41327282160397,31.231201088844983,31)
(121.45559931963426,31.252440351902873,9)
(121.38013480456577,31.244247247861125,20)
(121.45193535081255,31.27009950604516,15)
(121.37976964820884,31.296041434999825,36)
(121.45769555054505,31.250620300308682,36)
(121.44163361493415,31.256268505416806,2)
(121.43148498746619,31.261336601934527,1)
(121.37748347378188,31.27094864684008,9)
(121.42213682571199,31.246966059159316,17)
(121.37415702865646,31.239427879945847,2)
(121.38885147948724,31.262514945704034,11)
(121.39441519537343,31.247685940990543,8)
(121.44696184141019,31.241770358403084,2)
(121.44318795476106,31.282122210426742,2)
(121.42511814877045,31.23972864508012,22)
(121.41701899122715,31.243189244989154,1)
(121.38530115949784,31.228824024274815,37)
(121.44936478016862,31.242573378607318,7)
(121.4024720836516,31.24036873782266,19)
(121.4262882699394,31.239050310046935,36)
(121.4159168868198,31.27484736918878,1)
(121.35841076498812,31.297002135937895,36)
(121.42331626751205,31.240617386588184,35)
(121.42752588279005,31.272785916072497,15)
(121.40836369332168,31.26579931022181,43)
(121.44371248845651,31.253937211032767,18)
(121.36384496427969,31.30925922063212,36)
(121.41763742941154,31.25219796098619,37)
(121.3877857493861,31.253654279102307,22)
(121.38405331901164,31.280338404092173,16)
(121.42657060347433,31.245656633162533,32)
(121.40462903373947,31.304514954549855,18)
(121.44819051856098,31.25552947705623,39)
(121.3959281622432,31.248769060897594,1)
(121.41846633167262,31.233861329800185,8)
(121.45837111111369,31.260127449612856,37)
(121.3955683585979,31.247164463582802,4)
(121.4384441181451,31.27376703846298,2)
(121.43667485191352,31.253380323925256,29)
(121.38264529603238,31.246330656036054,23)
(121.39914719034553,31.243443671211416,32)
(121.40738778097926,31.266122483921496,36)
(121.42250230872864,31.260358963732685,36)
(121.40610057911708,31.224891142954682,28)
(121.40029516637337,31.305430446813663,15)
(121.39633366771778,31.22735277835898,31)
(121.41864335485451,31.26512544869605,277)
(121.40163989908594,31.240532632095192,6)
(121.38640513687866,31.288577382728185,26)
(121.45933120686048,31.249668316615868,3)
(121.4414230835245,31.24093829549651,2)
(121.39250504465156,31.25874981078921,22)
(121.39169648779003,31.22769546676361,36)
(121.45242140638537,31.249280553979634,1)
(121.4414701756035,31.25857563988966,12)
(121.36396358084421,31.308312836304548,18)
(121.38868110392113,31.282881354699825,36)
(121.39055695473647,31.250458041534376,3)
(121.37846976020204,31.277311982847337,36)
(121.39480088197604,31.239682669897693,20)
(121.44885793254161,31.24303451519046,22)
(121.45243733247152,31.254829451993317,36)
(121.40666973644865,31.254014253401476,15)
(121.42121939256037,31.26476278789408,21)
(121.443673724379,31.267267026601736,10)
(121.42081004161452,31.260431818885866,2)
(121.4547999785965,31.267877300376078,6)
(121.40827268787994,31.2606031910874,37)
(121.40326509004116,31.23864410229455,4)
(121.37635410194855,31.23151168302658,24)
(121.38694084910126,31.28690661504758,72)
(121.45997466420063,31.25155172134728,21)
(121.41958936120757,31.25407577462521,5)
(121.43033567881733,31.251218880350503,37)
(121.41733467430237,31.27593326110111,3)
(121.46208692947866,31.27026324798788,39)
(121.42541323072226,31.25131252347204,35)
(121.42547502874659,31.26116476611748,22)
(121.43587701130444,31.234394420675176,13)
(121.4429201443447,31.25549316108194,34)
(121.42328049975885,31.254842136077933,8)
(121.39586872835109,31.239523236684896,6)
(121.34693971692224,31.29644211404787,10)
(121.34683551270184,31.293896649001866,11)
(121.40848149258139,31.297970487399464,54)
(121.42068736191516,31.276631153508347,6)
(121.41884660363378,31.23712774478449,10)
(121.42257215279727,31.27777499803942,36)
(121.40994329258925,31.229129878035124,7)
(121.44148997222787,31.26882612048003,7)
(121.38572869341395,31.229934910848062,37)
(121.44725186878655,31.24867591012753,36)
(121.37264473161058,31.250685970937237,33)
(121.36525679948222,31.277024871017844,19)
(121.35091192567796,31.288464679314608,35)
(121.42677579895641,31.239547108083592,37)
(121.39281624151106,31.24702985463418,7)
(121.35424095780496,31.278736982923952,38)
(121.38385893737258,31.243909569382193,2)
(121.38116808176972,31.253085866592404,37)
(121.37974599754611,31.299382737589838,36)
(121.38001895343032,31.281736819725783,4)
(121.42273468937015,31.282801498955134,3)
(121.40992509456474,31.231106190808074,7)
(121.44156550439754,31.265044396748273,36)
(121.42950633667115,31.262206932356413,3)
(121.46016143885019,31.254698686043216,5)
(121.38809788169057,31.249205248203943,15)
(121.33610014625262,31.3002590190152,36)
(121.42684559194699,31.24949649454027,19)
(121.41783617761051,31.26210117272552,28)
(121.42519656790712,31.239488861713763,23)
(121.42517083801413,31.266984507012182,36)
(121.40008049380724,31.229761306944145,6)
(121.3884020693526,31.230599857277774,7)
(121.3977985953355,31.248530426106566,27)
(121.35217922967547,31.286180161522584,23)
(121.41645193141005,31.296319916148445,15)
(121.41074734231918,31.242928038374327,37)
(121.40218581105742,31.25044246533538,37)
(121.44665724622439,31.26168963612624,5)
(121.40178525316198,31.244167297757908,23)
(121.39719015864743,31.23149256198133,3)
(121.44642363210971,31.26055555204942,15)
(121.36617523942769,31.286560146425018,1)
(121.40990939047862,31.25959063275027,22)
(121.3349969972251,31.30161450418394,27)
(121.41077238123506,31.243435261642517,14)
(121.36431892968596,31.309500474389058,35)
(121.40256972488831,31.24034139361283,48)
(121.43117731449045,31.262470737989535,4)
(121.44313946642741,31.282332532654692,43)
(121.3792628157719,31.27090562760784,37)
(121.43185537664186,31.266453161180213,2)
(121.39878059665935,31.25942413596531,13)
(121.36864310930973,31.248090687875095,1)
(121.4250312491721,31.240545056902878,1)
(121.37317775675238,31.23010038210621,36)
(121.39206707855502,31.2282909002205,30)
(121.35932509113745,31.282458100501298,11)
(121.43594385465067,31.268397201588545,14)
(121.36872298195773,31.314228622522844,34)
(121.43628646319547,31.25336982964009,31)
(121.41272038502638,31.246880443681814,5)
(121.38869611875339,31.282899373446497,17)
(121.421868433346,31.251430215139983,29)
(121.38026859862788,31.296261028580645,6)
(121.41132209937062,31.241639357807152,3)
(121.43701826653549,31.264420650389734,37)
(121.41075940022863,31.22795887028265,22)
(121.45564953595532,31.27621481494187,36)
(121.40608900948345,31.245792603788043,36)
(121.43337893382174,31.25568619040874,13)
(121.41893884377377,31.231712098835143,2)
(121.3476159517709,31.302568477632317,36)
(121.37310410085219,31.258404940485335,2)
(121.38894066170641,31.27519237658598,2)
(121.43271406005354,31.257163873435985,20)
(121.39030837808592,31.25754165047155,36)
(121.43704237870598,31.234739445924856,34)
(121.36964467246074,31.28165712034221,36)
(121.36480231318735,31.23455067624576,4)
(121.38248450735237,31.245218835035814,24)
(121.39573039577189,31.24716179488869,39)
(121.41055945677836,31.243794456718174,36)
(121.34971312658227,31.28760110074659,4)
(121.41173516453011,31.25504822083469,1)
(121.42863550457517,31.25503013785876,17)
(121.41046532763966,31.242532081545306,13)
(121.43510088528788,31.283193987334126,20)
(121.42468014004184,31.24207200356814,15)
(121.45876786203539,31.251688445641108,3)
(121.3982887108273,31.236911545348296,35)
(121.46269314476788,31.260074679959146,11)
(121.40749719797671,31.251896447841414,26)
(121.38477207762342,31.29168866488752,6)
(121.37321009574062,31.244975168008814,35)
(121.44788405787642,31.25478047655278,4)
(121.40481361485634,31.2307457010723,36)
(121.37027903834253,31.285533575826335,37)
(121.39827360676082,31.239012919876295,25)
(121.39205328461094,31.253746351451493,9)
(121.40764095446494,31.25015141190621,44)
(121.39075154663708,31.29103314040959,17)
(121.3755854366005,31.257964482157906,36)
(121.42773657188985,31.23752231959141,16)
(121.42061693668126,31.23465748981409,1)
(121.41960137197307,31.270331456090585,1)
(121.4104578322599,31.22492986035623,14)
(121.44416911811024,31.25990706587291,1)
(121.4001757934998,31.255781007189384,24)
(121.45565195304683,31.25646868460252,30)
(121.42697695879137,31.266780877639277,4)
(121.4117947058194,31.238507850037198,8)
(121.43756045592313,31.276651075891035,37)
(121.4610024214479,31.251625986765752,3)
(121.39132206420703,31.26895042897941,15)
(121.43281555222542,31.252950915460758,2)
(121.4022746995098,31.259405108868773,37)
(121.42690656515799,31.249939636190827,37)
(121.36567510938154,31.237460309629462,36)
(121.42833874989337,31.247402188762294,36)
(121.4156901231024,31.296239967418877,164)
(121.43076240620545,31.242827698628563,7)
(121.34699626556491,31.29857678976647,23)
(121.3967097323383,31.2488356779796,8)
(121.4475501794496,31.25949812293063,36)
(121.41474159499559,31.271827584873154,3)
(121.43207192368843,31.24205205566489,17)
(121.41014544877041,31.242454715126584,3)
(121.36389627138122,31.30905602693729,24)
(121.42136477482651,31.239307134044136,7)
(121.43093918192045,31.265790560038166,3)
(121.41229804817402,31.24405323422159,17)
(121.40610275820262,31.23143510670551,1)
(121.40386921670554,31.23194944227986,23)
(121.41606303540848,31.25287716296274,3)
(121.39193788234334,31.238610537982005,26)
(121.36861077528843,31.252304623711208,2)
(121.42427666328585,31.243698048826097,36)
(121.36548647341888,31.280118493100453,25)
(121.36518335690441,31.288615422187004,36)
(121.40538645734885,31.23986490462841,13)
(121.44901132239315,31.25137494328672,12)
(121.42471980313063,31.250109553703968,3)
(121.448013838007,31.255446535485763,3)
(121.35430424225454,31.281845102305244,14)
(121.4153303318209,31.294671706583433,10)
(121.4126454668509,31.274832873151627,36)
(121.44851457582436,31.24184460480623,18)
(121.41225609130643,31.233299403587463,3)
(121.42241984357976,31.28421975166213,16)
(121.38603404407624,31.23043140271895,7)
(121.40424630633245,31.261688461118602,12)
(121.42282959047071,31.262388323672862,17)
(121.38115152024446,31.286441051473414,36)
(121.369496798882,31.251321012301343,36)
(121.38058334099819,31.257856464028908,36)
(121.37910831569506,31.244426962882336,3)
(121.39961169963745,31.24477946078336,1)
(121.40997530675119,31.25556525436116,28)
(121.44586404318758,31.271944041447938,3)
(121.43986874268171,31.255632977816166,6)
(121.40108454917335,31.236397371139233,1)
(121.3888405162947,31.27452802438798,29)
(121.42525181380972,31.23323053353687,4)
(121.44338481670617,31.26192720857005,30)
(121.39908355940393,31.246149413290517,14)
(121.4097308580495,31.291859758285252,1)
(121.39167858035232,31.237343798759557,30)
(121.36877872521173,31.252594566789128,6)
(121.36767341486866,31.293462101237157,36)
(121.38853129762961,31.229200859972018,6)
(121.42464143419448,31.259950608344276,32)
(121.40559045510604,31.223626040651993,4)
(121.43922088169906,31.284464968682666,2)
(121.43753456352859,31.24298355867884,2)
(121.4430262321325,31.247333397693772,5)
(121.37397545404092,31.256167149397765,53)
(121.37363629994364,31.22841619190645,28)
(121.42627330079677,31.239225402148232,28)
(121.4129039725965,31.27970941976845,22)
(121.40370414974578,31.238492101333033,7)
(121.36081170666358,31.242274669098148,28)
(121.33522780148488,31.30161610694499,6)
(121.45978843559412,31.25473253184101,3)
(121.43763512563432,31.23984100733118,36)
(121.38742255644975,31.25714802872731,15)
(121.42512657652951,31.240565967762016,2)
(121.43346842393133,31.239046955335112,27)
(121.43975349477634,31.254639826413488,17)
(121.38730491286783,31.24455899697018,4)
(121.43780212819289,31.25449129271963,36)
(121.42664895590815,31.2627264357884,33)
(121.39274462006262,31.23632904636773,15)
(121.41667580469088,31.250402604490077,23)
(121.43273710370035,31.249816605319115,51)
(121.36488620841294,31.312281834019487,36)
(121.42965602295277,31.234039868728114,1)
(121.40260178016109,31.2480391941282,29)
(121.40523734339953,31.238681358477123,21)
(121.38576720346211,31.28956576872581,36)
(121.41752339718187,31.239353494768515,19)
(121.3518882358494,31.281708826274294,6)
(121.45064100912364,31.26101687933892,5)
(121.41009903725106,31.25588597947172,11)
(121.43147038278691,31.25321051441117,26)
(121.38777223051842,31.282287406934525,37)
(121.38429928352919,31.299837454374973,36)
(121.39773499499184,31.269140898861444,7)
(121.43500763544185,31.253541046968756,19)
(121.43105616328928,31.278766882418203,4)
(121.37657688588693,31.301471956275016,36)
(121.36426852259503,31.30981916785447,13)
(121.43813606741512,31.237168108520642,6)
(121.46000114030058,31.257853418842416,2)
(121.43272898150512,31.256499567124603,7)
(121.39282983665541,31.256169722935297,36)
(121.4469945785177,31.26211022873866,1)
(121.41106579712768,31.243755135331174,1)
(121.38546034078094,31.28331872857232,3)
(121.44525854471884,31.26669617017358,5)
(121.44130886382517,31.286733814526155,35)
(121.44030127515984,31.259229796626055,36)
(121.40092433050167,31.261349020772663,28)
(121.41840000778333,31.252603765103125,30)
(121.38195299858786,31.280967633762238,36)
(121.44480188121047,31.26006008793049,15)
(121.38244148662251,31.280038737508832,13)
(121.43904987692342,31.241164632282054,32)
(121.44008720734196,31.254115884967597,6)
(121.41586729527579,31.239875237408405,6)
(121.4078132402061,31.24869089822651,7)
(121.38229324970874,31.244798458495726,36)
(121.38566518227691,31.28938475130311,36)
(121.45000195583081,31.27236314280018,15)
(121.40950551798569,31.23092175525332,30)
(121.39541341883486,31.287115552028304,20)
(121.40484318174077,31.22574239176433,8)
(121.37667823193216,31.264850732342882,36)
(121.38149242246932,31.257624303416662,24)
(121.4148449123522,31.272098139036306,5)
(121.40948226195658,31.23105264519863,7)
(121.39857745761427,31.231977980770605,27)
(121.39840338182529,31.23579750950894,15)
(121.40990118846034,31.259083632042636,18)
(121.41093585615732,31.272202722668137,3)
(121.4135438975536,31.26991415739733,5)
(121.38574819946557,31.28981826486502,18)
(121.42553905157958,31.239967131477975,26)
(121.38879259075914,31.241994720802605,17)
(121.42508073964248,31.239868637095963,36)
(121.41841519864832,31.271802887789494,26)
(121.44156556208472,31.265707679779737,28)
(121.35433443966988,31.28341479628928,6)
(121.39251126763152,31.238413098381685,18)
(121.39640044896366,31.281812607844223,36)
(121.38526010444386,31.253368056290984,6)
(121.36940899818106,31.23220429871114,4)
(121.38558836771513,31.28105495567644,22)
(121.42249410671263,31.260417061913966,6)
(121.45187394192307,31.27525578837754,5)
(121.45169209252929,31.26570911109055,1)
(121.38772990166008,31.233010986337412,36)
(121.37126570154251,31.275041596860255,37)
(121.45597078658727,31.252303708602785,36)
(121.39406250969925,31.297043371803394,34)
(121.41265781133315,31.254052574198347,34)
(121.44038410954629,31.25901358052041,3)
(121.45186895784698,31.263807959147016,2)
(121.36492672053471,31.2886148919953,36)
(121.45745261904372,31.2557470717578,5)
(121.35298126334351,31.278861575840534,28)
(121.43731542317738,31.260239453836803,10)
(121.42386609045127,31.25571067375601,32)
(121.42658492367757,31.238650871050947,36)
(121.37228209585365,31.307351866517948,26)
(121.37130999053184,31.313560048756848,6)
(121.41952735452493,31.242052474765313,18)
(121.39123533433283,31.238365973449348,6)
(121.43426137632203,31.244728958331752,1)
(121.38127697367352,31.243926043620426,17)
(121.4129548285107,31.25534206197404,36)
(121.39784112378916,31.24712639126688,8)
(121.39017357318906,31.227772403053354,10)
(121.39624881227061,31.27419904062427,36)
(121.4553892795136,31.24566253220639,15)
(121.35097837514296,31.2822704438478,21)
(121.4154961748844,31.295491228290008,60)
(121.38407758426092,31.23710770751775,18)
(121.43111898539455,31.23179630944901,18)
(121.42398030485433,31.25936617569782,16)
(121.37563758217159,31.244124817383767,2)
(121.4442797071937,31.26587177077227,5)
(121.38665880681961,31.301025988375365,19)
(121.41498360534878,31.250227190404253,26)
(121.44052216744139,31.262910055188012,30)
(121.41262190172121,31.243497907628893,37)
(121.45269539433848,31.256554209641525,28)
(121.43509746158682,31.24387414264364,26)
(121.41202536020654,31.258194528381622,56)
(121.40449176632279,31.30162982175642,36)
(121.42692046212626,31.2374620353933,34)
(121.43641627703548,31.25357174834997,31)
(121.44911470179528,31.243467656563034,23)
(121.35509531463086,31.30319636688766,24)
(121.36797178582286,31.291919915167256,36)
(121.41393250703922,31.264174694544682,7)
(121.41746141734839,31.250901472739113,6)
(121.43771923012882,31.265572194563028,21)
(121.36451008599134,31.295664293200648,14)
(121.40969123695199,31.234516035789444,37)
(121.40981091979965,31.23607207534495,36)
(121.39076657297328,31.29119921706504,37)
(121.43495593563316,31.28127638308783,33)
(121.43765069722247,31.25817110335956,36)
(121.42907991139835,31.25358523098943,23)
(121.42261672755554,31.26188225576481,37)
(121.45022830550018,31.26096107910217,14)
(121.38049355476078,31.232497098386194,3)
(121.36548381736422,31.249523425867263,19)
(121.44179299438461,31.25251061586677,22)
(121.4333700254416,31.27989183752892,1)
(121.43611114122845,31.258007081539045,8)
(121.40852985127576,31.24555927374783,34)
(121.45751565856264,31.246444849962476,26)
(121.43253008287958,31.243050849449073,18)
(121.44216324555278,31.241598431006665,10)
(121.38951305583846,31.27407433217228,12)
(121.45058041752979,31.269636907213833,4)
(121.38814407653474,31.253644556196,36)
(121.41126027832692,31.23205301490804,5)
(121.3614435230538,31.28486719686459,33)
(121.41455083937838,31.27281067600889,2)
(121.35992737401106,31.24703365393556,3)
(121.46321797969962,31.261540608846367,14)
(121.43722772149329,31.23739657683975,34)
(121.41229137882516,31.246068955596776,20)
(121.4083058620322,31.302021080862364,36)
(121.40701237057229,31.249847423253343,1)
(121.40775993780711,31.24518934276245,36)
(121.44589422691952,31.270439518012644,38)
(121.41199720703185,31.290704106427032,15)
(121.40909919118081,31.24414639450824,16)
(121.39274714873456,31.235029410179898,3)
(121.44902606578292,31.25911958077734,8)
(121.42408021566379,31.25939911379331,36)
(121.4071708394253,31.249896315347264,26)
(121.40560683721647,31.238806884139986,18)
(121.40211323320985,31.243018855687925,26)
(121.44052596658351,31.254865671028195,5)
(121.4260160803496,31.246442855989137,7)
(121.44625939673594,31.24483603006307,37)
(121.4579391010407,31.252671678981958,36)
(121.40988106917077,31.249383039500625,36)
(121.44578992589562,31.248977575957866,26)
(121.41284074163613,31.25392046995606,1)
(121.40911299457564,31.2441040974537,34)
(121.3726151494568,31.25602327218694,7)
(121.39772857967536,31.241572426107847,28)
(121.40710482328382,31.249901301720495,7)
(121.43921314736433,31.258955259701683,19)
(121.3687491134715,31.26917066869089,36)
(121.38351663170708,31.25622968749172,38)
(121.43925949249905,31.26382829263818,7)
(121.44829575817019,31.261496652916566,32)
(121.41176397114114,31.241456187166904,6)
(121.4205957357037,31.255101635158265,5)
(121.40563215519694,31.259157452444462,27)
(121.41984925353267,31.26635493014564,16)
(121.42549668844268,31.246050122546926,33)
(121.4413591723491,31.25690420132771,35)
(121.40234271760768,31.247969111722217,44)
(121.46058379873153,31.260369204217977,36)
(121.38883376171336,31.232763530963123,37)
(121.42409360401427,31.241067007988633,7)
(121.43466467619645,31.26186258007783,37)
(121.38299201370631,31.29035046498466,46)
(121.44847367902103,31.242012754439276,1)
(121.39015981767908,31.230711748886385,33)
(121.42809451978748,31.241557807520824,4)
(121.37833111779317,31.27682706903098,3)
(121.36200154041428,31.284570959800263,4)
(121.43198174598048,31.2535901430393,22)
(121.36390472528987,31.281009464098723,12)
(121.45108913950813,31.256744409137436,29)
(121.40209961179124,31.2480242836468,21)
(121.3649337149122,31.31307063779404,28)
(121.43154682452095,31.26579133705084,16)
(121.44763967761313,31.244419328893095,11)
(121.4378168159366,31.23970569775649,1)
(121.36413640420834,31.310099652026977,1)
(121.37261514441353,31.255965246892345,4)
(121.40556136175927,31.238640363097918,8)
(121.41023819543233,31.240084837089032,36)
(121.428132324687,31.262744088639597,8)
(121.43644652051104,31.25691116744386,3)
(121.40393671327615,31.2445588629543,26)
(121.40733545856278,31.245351027172422,36)
(121.38614548681268,31.262510791936364,20)
(121.38289703528507,31.245865526432326,4)
(121.36444784766172,31.309425289457078,36)
(121.44660780681612,31.278432789749733,3)
(121.33158117514813,31.30372274053625,6)
(121.41103466906135,31.27031391058307,3)
(121.39469875874684,31.257558475491226,36)
(121.44091345483494,31.266870920732657,24)
(121.40116383179004,31.23780428273175,2)
(121.40186673472017,31.25065690057306,1)
(121.37817086108642,31.27631367516394,20)
(121.3718801489341,31.246047911942156,28)
(121.40565214703898,31.27075803052191,2)
(121.385680385341,31.28996205271795,25)
(121.4318195646697,31.246866996263574,16)
(121.37601668412137,31.273661060302715,35)
(121.41594370980714,31.24505353229394,10)
(121.43926894471593,31.269202566900137,1)
(121.43962847170398,31.278151558048027,36)
(121.37926279260145,31.27063951551043,16)
(121.4302443516832,31.24615373095738,36)
(121.45952960691407,31.256904921281482,25)
(121.421596129796,31.27982750422461,4)
(121.39192846992131,31.302800548831467,11)
(121.40060170433095,31.24170789575151,3)
(121.3641559067183,31.310792452689356,36)
(121.39424778139188,31.223944786426625,6)
(121.40821864601998,31.265120028427603,36)
(121.42221523798015,31.260324504052406,28)
(121.42026131374558,31.270388399252553,3)
(121.4122992784937,31.258158450470866,49)
(121.3612502000886,31.250680394768285,24)
(121.37209023752202,31.28938656554874,16)
(121.38092639976323,31.253705011876104,12)
(121.3631838695807,31.251633854280215,10)
(121.4386191457312,31.281765759661074,36)
(121.34726036461619,31.286171486826348,15)
(121.39659019104444,31.274906605546043,18)
(121.42304240794891,31.262401177482786,11)
(121.38424961737805,31.25868890219665,27)
(121.42519196678641,31.2395235606996,4)
(121.40699590378344,31.233022853658024,4)
(121.37307859899471,31.23001121344999,69)
(121.42674827972347,31.267647449324855,8)
(121.40438499521377,31.30439288043686,28)
(121.37875454443616,31.232553051540826,9)
(121.43004642750216,31.255661128867946,19)
(121.42488589245923,31.244387088422478,12)
(121.37218600742015,31.25047327712011,7)
(121.37013051223416,31.247658268672968,26)
(121.44346151014999,31.266851589499314,7)
(121.4530854763011,31.27961321784618,21)
(121.44365957443634,31.265213660113805,1)
(121.39645046255167,31.237116154191217,36)
(121.35528295987204,31.290255193552063,2)
(121.42240108354054,31.24096319172244,30)
(121.45040622685893,31.27441724453919,1)
(121.41790447097277,31.25330051690981,36)
(121.45280921877219,31.246116385546518,2)
(121.44054717211183,31.258802567615625,2)
(121.41444969621347,31.248681689299815,1)
(121.4402352038382,31.285749922255114,3)
(121.44199549053519,31.25824453760387,18)
(121.42590155625572,31.260687203227388,2)
(121.41386159551318,31.24487918379309,35)
(121.39965903227592,31.24158980742232,35)
(121.36682110968943,31.23754203799627,27)
(121.41822414441563,31.252929997009705,26)
(121.37611473335615,31.249467979151735,19)
(121.45219293482315,31.24920996961256,4)
(121.41342539046671,31.229232207492366,72)
(121.40989424939085,31.22853961180872,1)
(121.4236597765059,31.24996730652856,13)
(121.34604205452455,31.303809649080627,26)
(121.36762819396313,31.29180137437688,36)
(121.36205351006319,31.283104443875906,37)
(121.39123878108691,31.268471100027035,143)
(121.41236752647855,31.2497717613215,2)
(121.44323947831404,31.239777631232734,13)
(121.42439009123898,31.22978494424553,47)
(121.42281793475146,31.234776950735256,2)
(121.43844902008557,31.242620134663262,2)
(121.43396482561229,31.27475189716359,36)
(121.44620618566869,31.244845020702726,3)
(121.40453887865473,31.22871448486701,37)
(121.43849364871197,31.239215538238117,11)
(121.36578469135583,31.276583476635317,4)
(121.4521055689845,31.254726898677944,22)
(121.4136212992142,31.28628290856178,22)
(121.37182651078565,31.239652973189376,12)
(121.38342016820202,31.286605366638558,37)
(121.40464022297837,31.259895775967014,1)
(121.36914746423497,31.231037437117006,14)
(121.44066819888025,31.258679690469158,7)
(121.4254744360146,31.24191051454152,6)
(121.44666729446227,31.262483960332254,7)
(121.39217132640992,31.287663710196178,2)
(121.34429475325452,31.28627620443342,29)
(121.37846675968353,31.27710088282784,36)
(121.41236029240683,31.25852459494278,36)
(121.3945253567182,31.235562657417702,7)
(121.41873887789887,31.253999490272385,8)
(121.40033631216114,31.261121369342746,3)
(121.43843919963491,31.254212878045124,36)
(121.44048616352671,31.28205421166657,7)
(121.42406263725245,31.24112005555189,8)
(121.43797081869744,31.2541299026854,32)
(121.3694692003071,31.28785425885143,36)
(121.39091181140654,31.25079807545097,22)
(121.41194738208983,31.2467365106476,8)
(121.42564867853234,31.241908950466414,26)
(121.40300868236643,31.268909315727235,7)
(121.40566147986719,31.239929952166424,9)
(121.44072220242566,31.250390788526744,12)
(121.41981824448185,31.241743039342605,23)
(121.37038755062649,31.272155915041267,7)
(121.42272905947733,31.243857263082297,4)
(121.37885791124735,31.266516324225176,12)
(121.33244491293543,31.301078363928617,26)
(121.40922692259667,31.243816021650357,14)
(121.38942543724998,31.233365440344336,31)
(121.43970330164642,31.236004356468328,40)
(121.4432234810552,31.267035577477124,33)
(121.40382187723833,31.258097810704598,19)
(121.44059024888534,31.264821773636122,14)
(121.45541078546962,31.252463423065905,15)
(121.42882038340075,31.249626709408236,36)
(121.42687849117452,31.2716660316004,33)
(121.3884679195711,31.282939215837068,22)
(121.39659542947545,31.246026379498616,36)
(121.40542389335218,31.22434177402926,16)
(121.44279315978184,31.239632818347307,20)
(121.40790725654601,31.27186189820868,18)
(121.4108016669695,31.223845300655196,12)
(121.37580636185946,31.227302365247088,36)
(121.38872639934793,31.274336858497122,5)
(121.44119219550252,31.265163015569744,20)
(121.4589625348215,31.25955916796828,4)
(121.42162149169876,31.2626626758321,36)
(121.405691931608,31.24509227143454,36)
(121.4100965578757,31.260215901363615,6)
(121.37207305618223,31.235246165058626,4)
(121.40195322574222,31.24337398017966,26)
(121.4108035488246,31.24543314977242,32)
(121.38616744717957,31.268017140471574,22)
(121.37595424791232,31.258143374750347,6)
(121.41023086976038,31.255520007619467,36)
(121.45607644893084,31.271222621183814,3)
(121.41119252946577,31.246215430302076,33)
(121.42419454631094,31.264402178595144,21)
(121.36878845127147,31.237708938196228,3)
(121.44703969662945,31.253063218176266,58)
(121.40740278175181,31.266137490077607,46)
(121.40597399908735,31.245719566167526,27)
(121.37181855386312,31.23606298653849,7)
(121.42762290746158,31.25138362311464,40)
(121.40987628231733,31.259832325389073,7)
(121.36898241452836,31.314251996648533,4)
(121.41717808533855,31.279637866909447,2)
(121.444084941779,31.258535217920873,6)
(121.40465597269498,31.257971857806474,38)
(121.43379592390457,31.250153530784335,25)
(121.43311684831154,31.249696131560295,11)
(121.45395139089086,31.256461665292697,1)
(121.40359450929519,31.254283115437772,18)
(121.45667213513795,31.25409784301199,16)
(121.43544774118159,31.274883092245418,1)
(121.41039845860604,31.243450327098852,8)
(121.36680616692409,31.250044611184936,6)
(121.3937859497343,31.273909167717456,36)
(121.39158665638156,31.281148338358598,36)
(121.41671568630137,31.260746101390104,13)
(121.43924036696046,31.239052406965012,16)
(121.43727605024557,31.24375325365572,6)
(121.38913676420405,31.251452347392966,3)
(121.41581212957384,31.226200999296378,9)
(121.44761214700712,31.272126397850464,36)
(121.42649088484715,31.25237830412841,36)
(121.43523769245192,31.274511051881586,80)
(121.38633440655914,31.25416031204988,30)
(121.39178469716751,31.237780064550854,24)
(121.37869452902994,31.252067002308163,81)
(121.39566635230614,31.273772935271282,36)
(121.42235897328747,31.258893036732847,36)
(121.43921046826192,31.239626709372605,1)
(121.40919381617083,31.2453153079308,16)
(121.41142079014836,31.238370863768388,1)
(121.37217615838459,31.28694369371205,36)
(121.42014707040958,31.26666388887234,36)
(121.42715018633373,31.248616832201794,26)
(121.45289953530093,31.252216908118648,31)
(121.3961882982961,31.274389728482422,25)
(121.40454020228691,31.249284037959942,22)
(121.4133575760624,31.23108708067629,28)
(121.45873597046044,31.25031902031958,4)
(121.43334740206225,31.271235158540787,22)
(121.39758906229117,31.259212592555397,11)
(121.45155371311732,31.252604706860183,31)
(121.43147308471164,31.261823198617616,3)
(121.37998835513507,31.244042993614052,10)
(121.41171667893327,31.22649236016206,9)
(121.4478246461588,31.271572786992444,15)
(121.40675629621192,31.283340668822213,6)
(121.42690571872494,31.240223297909388,21)
(121.42274336386691,31.236020715501233,13)
(121.42389393286372,31.2324112266648,24)
(121.37029013931544,31.254751139046743,18)
(121.43498603604824,31.282944028894335,8)
(121.42829518560534,31.263286166535515,6)
(121.37320854416154,31.254199174546457,3)
(121.3771645303509,31.29957990699663,36)
(121.41094675268972,31.2251929033327,36)
(121.40198458414268,31.250074256407196,2)
(121.39451126955579,31.246143415716816,12)
(121.4050014882594,31.287090863830958,4)
(121.42860129338875,31.231960573768863,23)
(121.46349154564346,31.259650152625824,9)
(121.44477043717171,31.254240608771852,36)
