(121.42625832748263,31.245464569340392,36)
(121.38741955271577,31.276789087432846,6)
(121.4079048621964,31.24441999396802,36)
(121.34911197415687,31.302803927524195,27)
(121.39469179162688,31.2967497804678,17)
(121.3758024735817,31.266062697549994,27)
(121.43648418073803,31.253693712687053,36)
(121.38442062668955,31.283420248670453,6)
(121.4175987454516,31.2326361955529,5)
(121.41239712184182,31.24523473892927,14)
(121.40068046402342,31.261610677039076,6)
(121.38606598797945,31.28333216506241,75)
(121.38505944489435,31.25798687132092,1)
(121.43696637472215,31.276174678421484,16)
(121.4573988496592,31.256817653513977,3)
(121.44252467555987,31.264492674502552,27)
(121.40151334780076,31.280453823096487,22)
(121.36495243484637,31.249439579793645,8)
(121.39003272565132,31.276787834606598,31)
(121.36939588874709,31.28785394922182,36)
(121.37755999304876,31.267140662747426,36)
(121.40461399563326,31.25495274953068,37)
(121.45932117068207,31.248946019036072,30)
(121.4128905270489,31.238818394610828,5)
(121.41760534625487,31.239569346807734,4)
(121.41742371475623,31.26552083256626,17)
(121.38629092078973,31.24095156129898,3)
(121.40989958806196,31.25969933049771,15)
(121.38610115008127,31.230879666266514,6)
(121.36492291441618,31.309246345223386,25)
(121.42596066131212,31.23965686482397,36)
(121.46013176005208,31.269011912413596,1)
(121.45003112537384,31.25206936244007,6)
(121.44545057360054,31.282956631897086,3)
(121.3692306627636,31.2878537275782,32)
(121.39520805315071,31.273324521999726,16)
(121.40106546141006,31.248793182138918,6)
(121.36898983410735,31.252458272400162,2)
(121.36744900318878,31.233074416123785,30)
(121.42708941212784,31.250448697253514,11)
(121.40755041115905,31.245511371241122,14)
(121.39744451306782,31.24680636009241,3)
(121.374575626454,31.296794697702392,36)
(121.38921324527686,31.258518690994695,3)
(121.40405326758265,31.26219261042439,28)
(121.36790567224958,31.232942073822485,22)
(121.42788452904638,31.273324809315564,18)
(121.3549233647984,31.28024050973779,13)
(121.41856564409153,31.226687976659367,27)
(121.42397871489,31.241124121323345,40)
(121.39446272735658,31.29761199918074,35)
(121.37397104113197,31.308700934847902,18)
(121.42702179559429,31.254005321933683,11)
(121.41303498488091,31.23070812625895,12)
(121.40660872593634,31.253896200636724,36)
(121.4522077616273,31.247615233428373,2)
(121.41049193413441,31.268257436821493,6)
(121.4323296865266,31.25443328405282,34)
(121.37853187724127,31.251548646749107,14)
(121.43189837934642,31.259570840677863,1)
(121.3745707075949,31.251771900319213,4)
(121.39294964563378,31.27471326660329,1)
(121.44098578674439,31.236132427223698,49)
(121.3742403556651,31.23025280131147,15)
(121.44658952340049,31.251766433095323,36)
(121.42338142625361,31.273233021379664,36)
(121.38063326863607,31.29916688137173,36)
(121.3702178866139,31.284922243695593,36)
(121.43765228988566,31.276467874665364,36)
(121.37073853462553,31.29427270942711,25)
(121.39124644181521,31.273946480148027,36)
(121.34611478379523,31.28044489042129,18)
(121.40090799723976,31.255468075905288,26)
(121.3738816711545,31.24000879513169,12)
(121.38924694810028,31.25125346910228,37)
(121.3853987280341,31.283217218072668,17)
(121.37735331396385,31.271139576933592,10)
(121.41746338230716,31.239558481811525,32)
(121.44256933464017,31.24517549900987,86)
(121.43337512141416,31.245531978889556,4)
(121.42409360828546,31.241116030062056,11)
(121.38103755224444,31.299878281166595,35)
(121.4063866258469,31.276355770130184,3)
(121.42375090394818,31.240908196036838,6)
(121.3903899682604,31.264759018201293,22)
(121.41442440746407,31.252556789278298,4)
(121.42572539723942,31.24185306637984,36)
(121.41700386769882,31.230211354585123,20)
(121.42690555412794,31.238333443739258,35)
(121.40937485913929,31.23135917602921,29)
(121.3893172587684,31.28238971753228,3)
(121.45185231665644,31.278986378447144,5)
(121.44317927425995,31.262655850864725,21)
(121.4091191961006,31.24410109874621,9)
(121.35221924397956,31.308514016869385,28)
(121.38304101754925,31.232281525399937,14)
(121.45546610281853,31.276556286296262,3)
(121.43095406090914,31.259554798659813,14)
(121.41893722705355,31.25395153187684,36)
(121.39819045484606,31.249156426569314,36)
(121.4607929334576,31.25688622318512,5)
(121.36409289797616,31.31089444522878,36)
(121.42376559386575,31.248970786545435,29)
(121.38597757839722,31.28318529172215,11)
(121.38278196747102,31.246590737543837,14)
(121.41687261497731,31.25329730075344,13)
(121.35623020296103,31.28258069822709,31)
(121.42179919276771,31.248034759889993,5)
(121.41877878681753,31.236816931174438,36)
(121.44035484917728,31.247740083852204,1)
(121.41402952356508,31.244789091944973,6)
(121.44190716140773,31.256849337610767,12)
(121.39925381189208,31.28711790395765,15)
(121.43361438835493,31.25148784494022,82)
(121.40946866342077,31.243996690791768,34)
(121.40903484101183,31.256833399080794,3)
(121.42319480182327,31.2733146134628,2)
(121.413189801261,31.245208745028656,6)
(121.36959433743418,31.232618746273705,8)
(121.4557789520963,31.252471879189418,3)
(121.34916764677966,31.295165390688805,36)
(121.42297289782032,31.244403334519827,37)
(121.42361170243014,31.260082762617834,24)
(121.3964135502901,31.274222172587823,22)
(121.36438863935068,31.309633082136347,19)
(121.38991543724752,31.25162698950789,7)
(121.36411330062508,31.3115208461416,27)
(121.3830611113198,31.290574621535914,36)
(121.44866901921284,31.262294320741226,30)
(121.4377522624097,31.235410612908122,11)
(121.39007692398602,31.28258655601488,12)
(121.40962632073371,31.259576973927633,1)
(121.3795083028025,31.284392480419204,1)
(121.39925293741233,31.23190674559463,28)
(121.46146250508458,31.261338634330787,5)
(121.37073372976745,31.238992209641502,25)
(121.43371988163432,31.25988587503396,4)
(121.3858095116381,31.293364567957806,8)
(121.39136807997848,31.268729365603036,3)
(121.36689399426652,31.29243956426941,16)
(121.42698944719449,31.23814328263017,36)
(121.42561009510968,31.24055056307759,36)
(121.4390220379574,31.265423313671505,37)
(121.37257899972093,31.28948424533378,30)
(121.42498141753931,31.261184476255767,1)
(121.39921590296055,31.287116796437385,22)
(121.42853272443544,31.272603891456725,1)
(121.42530329429407,31.24255937802834,37)
(121.40767135459632,31.249914444006478,4)
(121.43342881616772,31.24290273913741,36)
(121.4129030302539,31.246777382060106,10)
(121.43129555931367,31.2410203126651,29)
(121.37388455712816,31.273204242394154,36)
(121.42692052886757,31.23822838279076,36)
(121.37866049209984,31.287651869318157,22)
(121.37885793580605,31.266798444234283,33)
(121.3801430459706,31.28373289422341,11)
(121.41487745761657,31.259465265884426,36)
(121.40126567907296,31.272914806172306,3)
(121.4504061613696,31.27366292926061,3)
(121.38211432308712,31.294010063337982,4)
(121.44090024667636,31.23672891826821,23)
(121.41083340424667,31.243849436969995,18)
(121.38984387922538,31.24015960018483,8)
(121.39306152332236,31.259811603487787,12)
(121.3991268857102,31.24177297045357,36)
(121.37618287691399,31.250169158874012,16)
(121.42954457937677,31.26180030172654,28)
(121.37979522567562,31.24481688424848,20)
(121.41882676903515,31.252954698317602,36)
(121.41977231033344,31.254936047458628,3)
(121.43759152073763,31.2779755829461,20)
(121.44057279643295,31.236306215665,2)
(121.44866739374368,31.259530219149347,36)
(121.4431415128796,31.264566730147006,37)
(121.42519496751645,31.239493461374867,26)
(121.4557019684438,31.277407652605852,1)
(121.38768544703967,31.25124714196041,21)
(121.42273089959309,31.2649634967176,4)
(121.44626619815477,31.24485343122518,36)
(121.42360603305765,31.240889295663994,36)
(121.44511245678281,31.2458425254599,3)
(121.40993997163312,31.22544117051873,15)
(121.43419294699596,31.268478983233223,31)
(121.45592200631121,31.27138869756115,2)
(121.35997299802683,31.2416753329226,2)
(121.4601609631343,31.24919926684039,9)
(121.40730864594998,31.230148532457097,36)
(121.41038244371062,31.231776034920397,1)
(121.44336994253679,31.263043712234047,25)
(121.41289292754583,31.23132680919016,58)
(121.42346684332502,31.23015822091726,34)
(121.3800427344976,31.281594912887098,27)
(121.37870366693092,31.254510974087186,10)
(121.40257299024589,31.261984281068944,21)
(121.41442060610335,31.235771020451406,11)
(121.43479374817848,31.253418751665066,15)
(121.36534879403534,31.23866684895218,1)
(121.38753891688681,31.235227846394185,3)
(121.44590473375978,31.249462594910927,20)
(121.38040375806627,31.29967754023203,37)
(121.40254239738346,31.235782965857304,67)
(121.42378192283286,31.25366984235994,17)
(121.40749815957375,31.22464698268632,36)
(121.44481703044265,31.24603700695635,3)
(121.45027581073141,31.245771215065595,26)
(121.37398085503962,31.255896950744596,36)
(121.42718242858267,31.263258188140707,37)
(121.35055220367494,31.302268658647442,36)
(121.39888885170274,31.233703670031474,6)
(121.38841906005825,31.250608434013483,19)
(121.38613672344773,31.26005470687737,29)
(121.42243469115047,31.249430770575056,22)
(121.42815929254321,31.277885596624653,1)
(121.337690616219,31.298757457680786,36)
(121.39223394482305,31.305695858345644,11)
(121.36434983343523,31.31151917336343,36)
(121.37954070452535,31.300023751612944,59)
(121.44904046920091,31.242296850374622,36)
(121.38599455869931,31.24230490663018,5)
(121.38468978559868,31.26175634048783,44)
(121.4105434860891,31.24409359309135,36)
(121.38045600585077,31.290294879662497,36)
(121.43116484632377,31.23088384068791,3)
(121.43885379173383,31.259313926450915,22)
(121.43393109280748,31.242853118050604,23)
(121.38982517376911,31.24976107758206,36)
(121.41842362022183,31.236503688625277,1)
(121.37434148526023,31.253081189604405,35)
(121.3444001833085,31.28096735290622,3)
(121.40962342037419,31.224051341271167,20)
(121.43243909116075,31.253187450699603,24)
(121.43797969578799,31.275830160461943,6)
(121.46128072946469,31.26975363851517,8)
(121.39218255162974,31.24425322996264,36)
(121.39547473369346,31.26791137336281,30)
(121.38941351958474,31.26888807897826,16)
(121.41926800783035,31.23432593814987,11)
(121.43358809184846,31.237190972393158,8)
(121.4336196857036,31.244523238711658,2)
(121.44301701353587,31.263302815367535,8)
(121.45504261841826,31.252483466520605,2)
(121.3808949555542,31.224388410870077,11)
(121.40257276364656,31.259387160776633,19)
(121.38346101046295,31.2382946667678,36)
(121.43047164691583,31.26716618686767,33)
(121.39236094262776,31.270229630170878,16)
(121.40882087711068,31.256962473079174,8)
(121.40991289158539,31.228183593738176,1)
(121.39796300037035,31.25655858867998,26)
(121.42319980304869,31.273258614612267,11)
(121.40315732560482,31.23009518176118,1)
(121.4340770845337,31.256656044487,36)
(121.43360354587956,31.242654420632288,18)
(121.4202213552897,31.2476205636799,16)
(121.34379997514482,31.295201560414316,32)
(121.36505043759524,31.277070579764096,22)
(121.43851180945123,31.26436558205309,6)
(121.3776670923308,31.275213644052673,24)
(121.37628541360365,31.289215761870434,36)
(121.40779834124118,31.24983940694353,33)
(121.38833896643823,31.296274473969486,11)
(121.43348917241308,31.23649877521603,32)
(121.44104098037333,31.25477786728949,36)
(121.38026430204924,31.274791874135715,36)
(121.4022219191009,31.260244653176336,23)
(121.38232715242185,31.27771866663556,5)
(121.38250018124187,31.252762189405058,19)
(121.44080387586061,31.26492850021131,23)
(121.41830805782601,31.252526777795595,28)
(121.45197127285887,31.280068060861126,10)
(121.41032509292077,31.287863962458612,1)
(121.42414655461882,31.241062965587652,3)
(121.38944243513868,31.256154631749894,11)
(121.37986841789461,31.291963922205003,24)
(121.3869853764576,31.28099124020965,32)
(121.36478997757742,31.277111203595453,36)
(121.37577058052784,31.253449106883515,37)
(121.46303785468878,31.257732447055442,25)
(121.43750551032169,31.253307178604373,5)
(121.42838420733351,31.2417806321577,36)
(121.38940598236219,31.25238879575024,36)
(121.37397025323808,31.255749149520522,29)
(121.39123460043116,31.229939124869933,4)
(121.43850161080853,31.23937971732218,3)
(121.44403592785628,31.24372863647072,1)
(121.4003887587303,31.2431084644965,36)
(121.40586086679012,31.25572097202814,22)
(121.41235102106882,31.232454968543497,8)
(121.41261216222179,31.257910267537923,20)
(121.41050709310765,31.29677679816617,8)
(121.40247232605243,31.24314898791039,36)
(121.37936942687229,31.293356990540833,13)
(121.42397587059001,31.255331079395457,36)
(121.45496537637128,31.273194753349618,7)
(121.38254150815926,31.29044806510202,36)
(121.41830805573213,31.25250276724615,10)
(121.37942043614972,31.295508193984563,36)
(121.42520987148067,31.242630358615433,1)
(121.44923660790604,31.258884916799552,9)
(121.39083111717046,31.23947220385424,8)
(121.44049892365396,31.259221500325022,36)
(121.43605910697276,31.268154503322297,21)
(121.4030769248667,31.250595345298766,37)
(121.4465066512896,31.251260353806018,1)
(121.37862932140324,31.2746615019469,24)
(121.40921391962293,31.227108650581357,23)
(121.38819215722395,31.277036572527567,14)
(121.43325460387862,31.25102877450242,6)
(121.41665867132738,31.225837483132445,4)
(121.39284964108059,31.25627442645797,21)
(121.40106094006575,31.287118064654212,30)
(121.42207562638976,31.25556889113224,1)
(121.36427902366974,31.311230065854488,6)
(121.3649728203981,31.31323644200758,9)
(121.38814241092929,31.24916857369844,23)
(121.43743907016558,31.24016921246847,19)
(121.41126098032703,31.24010567841853,5)
(121.45334817233358,31.2487985078461,13)
(121.42876413638288,31.261263052164903,36)
(121.38671001343737,31.268393756980597,37)
(121.44056557532758,31.254727878693444,28)
(121.38099497338328,31.23255641099336,10)
(121.42662095345769,31.258920118695347,1)
(121.43609789524355,31.277883530629246,10)
(121.43786185562013,31.241012225298537,44)
(121.45344125451342,31.252302868960417,1)
(121.40141396574082,31.276383116064054,33)
(121.46308048241653,31.26066359730854,9)
(121.45653947548497,31.261904681536016,2)
(121.42872921709326,31.257957448918667,4)
(121.42659540989149,31.2787322274702,1)
(121.39004811418802,31.28110062604399,36)
(121.4278835322516,31.26189095602075,23)
(121.441280032883,31.254215012778502,37)
(121.46388134749674,31.25604873978605,9)
(121.43624056198516,31.253679025104624,6)
(121.38267030294737,31.23615268078342,48)
(121.39625823931763,31.238364145447086,17)
(121.38904005323921,31.27869390359475,34)
(121.39139713721036,31.26897015923533,7)
(121.42240868565709,31.26031394433851,37)
(121.3891991375078,31.240187873052285,1)
(121.3838203095505,31.23717449795126,22)
(121.42326330801977,31.252010499445635,12)
(121.4289244755848,31.265686376284265,37)
(121.42349105150375,31.254829679808708,16)
(121.44751330615472,31.271544328453,25)
(121.40916210645996,31.259453677752468,37)
(121.37885483996308,31.23121069391408,2)
(121.42633594757315,31.25618876504004,6)
(121.44843389442758,31.254998383823548,19)
(121.43349664945295,31.253567389593208,13)
(121.39285644258783,31.256413627459015,6)
(121.400447397252,31.244852627184336,69)
(121.38322541134725,31.25104374388681,33)
(121.410497349521,31.230953639884245,5)
(121.42169150775008,31.247003520422307,45)
(121.46159046761416,31.253697229987658,2)
(121.37781047838222,31.254427931009598,16)
(121.39815931988542,31.2362856400238,7)
(121.37966029306345,31.24052704812772,34)
(121.4585703581655,31.25146177710344,2)
(121.3554749757621,31.297510402605123,36)
(121.40306122109806,31.250461042378866,9)
(121.39822269399798,31.252252502094787,1)
(121.40990258880596,31.25909393231357,23)
(121.44885587926991,31.242370220726446,36)
(121.388475321431,31.253033544069456,8)
(121.3992803345545,31.231225727371374,2)
(121.409561426086,31.251981806286324,50)
(121.42954484607138,31.264860613844256,37)
(121.40738089119473,31.235789385955375,1)
(121.38449745906318,31.299413470205423,36)
(121.40763014902674,31.247534390719782,33)
(121.45950862661675,31.258043248466617,7)
(121.38350143982235,31.283395091923136,27)
(121.44366774128115,31.26732806221071,36)
(121.44145702693325,31.245802160578005,37)
(121.37033143852494,31.284509380677708,23)
(121.41906585080316,31.244208694759884,37)
(121.40912109656752,31.244093999154266,34)
(121.41431397967855,31.236117197480944,2)
(121.38900859914911,31.273795844409467,36)
(121.41064352363924,31.244757874371153,14)
(121.42168556312505,31.2512392518104,36)
(121.46323322835201,31.25830675402167,42)
(121.41915655060168,31.275823302753352,20)
(121.41955728291995,31.24146519391937,17)
(121.4199648545167,31.27416515831073,2)
(121.40206963785475,31.270708892174728,2)
(121.42515376736935,31.254524145960414,17)
(121.44878345629198,31.258687555461673,23)
(121.4100556415767,31.244822989590027,14)
(121.39136987764122,31.289334871429972,30)
(121.4589665355325,31.25965816835567,26)
(121.45248288750642,31.25647659371549,7)
(121.39976539136423,31.26425654351272,36)
(121.4350214064306,31.253403461349194,17)
(121.43362113011887,31.261114523080803,16)
(121.38476170113462,31.25729026209115,67)
(121.3903883988733,31.24675216441796,16)
(121.44148707063736,31.265068046670873,72)
(121.38955221721848,31.23090006511581,9)
(121.44463999196044,31.24614825041166,5)
(121.41339415218532,31.261504056194738,6)
(121.39421837861005,31.29535297681822,36)
(121.42397871924841,31.241174143844532,23)
(121.43586561031788,31.23606864286099,1)
(121.38900817616995,31.268944803815952,20)
(121.45308333573661,31.254933735274573,16)
(121.43099173586162,31.261454645492837,2)
(121.38074596576351,31.285736345058908,11)
(121.42278911649325,31.23363159336313,35)
(121.4523524264287,31.2476509664904,4)
(121.38594294927958,31.230391306064867,36)
(121.37936832748706,31.289287199208914,36)
(121.45280617190903,31.24549411404281,1)
(121.44825630244254,31.243782941134825,36)
(121.42593132091926,31.246876126062013,15)
(121.37598473958381,31.26330863847679,25)
(121.42536781059104,31.24773968163401,14)
(121.43090514576703,31.235355333961813,5)
(121.41393128012271,31.253028771322217,22)
(121.41835198122526,31.2398227362234,17)
(121.38213519493524,31.244779574145635,15)
(121.42390466417245,31.26268866538643,37)
(121.41917328557187,31.254410480388845,6)
(121.43900355006842,31.260957804207933,111)
(121.45361158288696,31.275084332900672,11)
(121.39262119254562,31.235636124493027,18)
(121.4368520581001,31.24002643115216,13)
(121.37867402711693,31.270604850988146,36)
(121.42580544041249,31.261361177082893,28)
(121.42066683694351,31.279771067630893,26)
(121.41417375519903,31.236624367159582,4)
(121.4336590795247,31.26115649599742,5)
(121.45957601468488,31.25684802794235,35)
(121.39014853965442,31.282421669514733,36)
(121.3902868956825,31.2499449928494,4)
(121.42635855706042,31.254649188669852,17)
(121.3721804411262,31.28752772707317,125)
(121.40548567688396,31.242308011603654,18)
(121.42383965603439,31.26191538208707,2)
(121.40834676061024,31.24363061951265,29)
(121.37488928506227,31.230034507922486,17)
(121.41893282450022,31.228471678847075,18)
(121.40922342186559,31.23384693991278,12)
(121.42888211994229,31.247439679496146,36)
(121.43578443527456,31.267044386220384,4)
(121.46202623550924,31.26447169082467,2)
(121.45080858359947,31.265997930367256,10)
(121.46402652597774,31.25537692928884,3)
(121.44854746965335,31.25995849793177,3)
(121.42287524715334,31.258903787810553,9)
(121.38144417309228,31.23240599760698,8)
(121.4531308692832,31.273873743694267,6)
(121.38239576149257,31.28380323488712,1)
(121.39752041125956,31.263580445582207,17)
(121.44322165295837,31.2425617911478,36)
(121.3674980939916,31.29627708698022,36)
(121.41092176154083,31.27503004364391,16)
(121.41285371856213,31.230774072644426,12)
(121.4462772996642,31.241616939062276,36)
(121.36410649969118,31.31149744541507,36)
(121.434391582753,31.279098183404788,1)
(121.36509652783373,31.27716768940196,36)
(121.43341466591876,31.25242098324471,25)
(121.45436477837065,31.260932766685492,13)
(121.41341554340987,31.288232756198155,36)
(121.39644906294686,31.23010796747288,36)
(121.45673566113277,31.24671861886022,1)
(121.38525796316337,31.26157259737172,30)
(121.40747152732584,31.263252255763025,13)
(121.36715517377222,31.30086226473102,3)
(121.4403297150571,31.241896104326372,1)
(121.39645844296686,31.224025289605397,20)
(121.4108032464465,31.24196559698322,2)
(121.44878201315717,31.242057214709245,25)
(121.37418994654726,31.272479323403896,9)
(121.39098083666325,31.292297800387498,31)
(121.36975440080207,31.230336920664065,2)
(121.40877373234206,31.243780658017094,36)
(121.42843981759403,31.2609790359982,7)
(121.37513887971778,31.253373456498156,12)
(121.42258372158085,31.23856998444215,6)
(121.39593716082094,31.223958017901104,4)
(121.40910159177213,31.244116295064213,36)
(121.34613646761258,31.282499202810072,37)
(121.4348951667909,31.282883117307076,36)
(121.36406469444681,31.30955004505612,7)
(121.43064941455904,31.264203190532672,9)
(121.42747584290346,31.229633579704107,13)
(121.37537089823113,31.286679636765733,6)
(121.40727927493079,31.24882096782989,1)
(121.43209916362528,31.28311152114841,18)
(121.42881282293418,31.266025838112842,3)
(121.44462978033826,31.26037884400062,11)
(121.37401995442849,31.287755088227886,15)
(121.365814714258,31.2762403787833,6)
(121.38613414931399,31.23049251642372,36)
(121.39431219570528,31.2352213882591,18)
(121.38547411964467,31.283783098511684,7)
(121.44520443129689,31.252656188878863,36)
(121.4145174804814,31.246527710208298,18)
(121.41942798235108,31.23701325345866,10)
(121.37212807584594,31.286850592782915,36)
(121.42316879542597,31.273325608037798,11)
(121.43682805249308,31.239398427663758,2)
(121.41674359973298,31.2370005734231,2)
(121.41749491313263,31.279707750030028,6)
(121.44543722423545,31.242121389946696,37)
(121.44543418321231,31.266613839201796,2)
(121.33394321726679,31.299880757642914,36)
(121.39287104568848,31.25781092738393,28)
(121.4083467298139,31.243277461284695,6)
(121.40362475460432,31.294054268395982,15)
(121.418369010645,31.252416698627414,15)
(121.4392124596205,31.262524800741968,8)
(121.42262353717729,31.24377052053486,2)
(121.42762980642678,31.26263638692624,2)
(121.37820075407747,31.263124140454575,46)
(121.40576367463429,31.258157678594465,9)
(121.44065239470741,31.255494793487834,18)
(121.37998158462406,31.2807535021032,22)
(121.42340063098386,31.27332602518441,21)
(121.37842475906726,31.242535248397086,4)
(121.42486520932884,31.248215008178423,25)
(121.40399834786702,31.2319632685355,1)
(121.39379767776464,31.23876067190141,1)
(121.4541409786831,31.245478438472123,2)
(121.41411197481942,31.25032852654118,1)
(121.37090691665001,31.295580455323055,11)
(121.38957366327077,31.268981234849814,37)
(121.40295829368299,31.29942962175446,37)
(121.39942808291337,31.2621235207576,36)
(121.4376401185018,31.253837525835305,37)
(121.38131336521509,31.26747935206449,2)
(121.42941591138514,31.275277140227445,25)
(121.45341035026402,31.252555041550817,36)
(121.41302728244109,31.25387052534195,8)
(121.4129390731313,31.246625223208486,31)
(121.37459233924763,31.23869143952931,11)
(121.44731701753602,31.253917397786786,5)
(121.39047190671192,31.24032734463812,15)
(121.38898698474138,31.300162519550902,24)
(121.45193480962863,31.26386185443639,2)
(121.40843097588277,31.246183754885948,36)
(121.35353993636996,31.284875013887028,1)
(121.41249564935421,31.228690202015233,3)
(121.42158408119138,31.246315299334576,36)
(121.40595042918888,31.227721388263756,36)
(121.37494505681346,31.249521371223736,8)
(121.45587630757038,31.252322904343885,3)
(121.3470002259144,31.281560351283616,7)
(121.39990426444751,31.300917904338895,13)
(121.38527230165079,31.28452419332625,132)
(121.4002976617694,31.244864497257144,15)
(121.39925016782836,31.229442896840748,6)
(121.36497282811051,31.28470650605914,17)
(121.39701747303172,31.267046714851652,1)
(121.44455413802802,31.24315013065941,36)
(121.38445748006569,31.277184473943592,36)
(121.35660499883927,31.28312155278056,4)
(121.45207128934756,31.2704240955766,26)
(121.39896886850096,31.25682264029032,10)
(121.40114538108074,31.29094000428257,1)
(121.40134926365472,31.234132658406057,26)
(121.4520112759471,31.26380009841883,54)
(121.39507234594508,31.23954448305335,9)
(121.38896703936483,31.233321081561147,37)
(121.45562262943962,31.27082032111628,3)
(121.39096007484817,31.23782754647089,36)
(121.44166071392506,31.242688704590474,16)
(121.39021357632531,31.250415665902647,4)
(121.4528121369919,31.279764821510224,17)
(121.45342586575876,31.24740473422682,1)
(121.41486454042372,31.237426901507558,5)
(121.39540620257539,31.262264928978812,36)
(121.39811233673066,31.305499738146775,57)
(121.40030336744695,31.261878685842362,23)
(121.37510720360697,31.271543068922007,3)
(121.44269017159863,31.239316335780234,13)
(121.43248621868392,31.25538936091407,22)
(121.43527770268163,31.279933049124082,21)
(121.42637557762953,31.27800311772953,5)
(121.38365007820818,31.23733301243772,8)
(121.38566578240149,31.289382651412296,13)
(121.33960897555558,31.287572644690965,6)
(121.4292991273512,31.24175072370109,11)
(121.4110773153965,31.24345421765201,12)
(121.42197747795916,31.243002987529977,37)
(121.3863015399466,31.233074843517716,6)
(121.4581969976734,31.24764490018609,30)
(121.41079070934389,31.270158887014667,5)
(121.40978886098931,31.234156856753195,31)
(121.37047416457119,31.272202526575228,18)
(121.38138117216319,31.29075602519228,22)
(121.40759501273496,31.245952687893297,24)
(121.42456519979163,31.230031615442886,36)
(121.42981358488515,31.23400071614832,4)
(121.36509650602632,31.27691658523694,15)
(121.4558543714117,31.271206955631673,6)
(121.38120658822741,31.25855976159447,25)
(121.40855986724864,31.233608070208078,12)
(121.39812716889968,31.303503973643117,3)
(121.41369392650225,31.26120731951055,14)
(121.42282833436639,31.24798103123948,3)
(121.367755470256,31.269446370128605,21)
(121.44332264849663,31.24713883798556,1)
(121.37861430392269,31.27468649562451,23)
(121.38258756040298,31.290440107115764,28)
(121.38795861330286,31.22727452635268,23)
(121.40565454914359,31.230355510007445,24)
(121.41220770597496,31.251291469194516,36)
(121.43891462826203,31.23566333291498,3)
(121.45384467219232,31.256739001107917,14)
(121.41823775864931,31.237139938953437,2)
(121.3895135151364,31.27934051877043,7)
(121.38239239609256,31.245161718746434,5)
(121.39006326353636,31.28267128042287,36)
(121.38239195853325,31.240133462248313,36)
(121.44868718156144,31.24507003728506,4)
(121.41271134934371,31.260410325039395,36)
(121.3633043082786,31.245886398533823,1)
(121.39079719991577,31.286644404583942,17)
(121.44637852149098,31.244835250960435,4)
(121.37391554331208,31.27251499276338,36)
(121.41163481662795,31.277709656205126,36)
(121.44105648397051,31.255613668613368,36)
(121.4563879661833,31.274668412005646,26)
(121.3877835315308,31.262662184556866,37)
(121.41697003809875,31.2288661672319,16)
(121.37867581104275,31.279592598525817,12)
(121.39217265481993,31.302879732896876,36)
(121.42658935200835,31.27799592823377,13)
(121.39225711137139,31.235077257219455,8)
(121.42693651454404,31.238261383470675,29)
(121.43390335969141,31.26839329681135,20)
(121.3943527811968,31.24772112899019,6)
(121.44606045763933,31.25428557770071,25)
(121.36498233121624,31.278219621448606,37)
(121.42123518104161,31.242812795669217,16)
(121.44201380971292,31.255079400758426,1)
(121.42632044893911,31.252953478623958,2)
(121.42570198030286,31.240296371670183,15)
(121.39762271860864,31.30093977988486,2)
(121.43388040137081,31.268491365949767,7)
(121.40650797603534,31.245307400896348,1)
(121.39130082833051,31.289372841393856,36)
(121.38538728683866,31.25226666389125,25)
(121.42247840282411,31.260184859094775,36)
(121.41625826381173,31.264650971031553,12)
(121.4276714718088,31.256102839088896,36)
(121.40185914092316,31.22674329371865,2)
(121.4375723001536,31.24066646534837,4)
(121.38848078722012,31.25832785757241,36)
(121.39194221377441,31.288285817378345,36)
(121.45097707363665,31.256511943217802,9)
(121.37306239557417,31.26369600265016,25)
(121.4051081151602,31.261680237223192,9)
(121.39824777420093,31.303686970008812,36)
(121.43465503201419,31.255486542680767,2)
(121.37625935422018,31.25443212329251,13)
(121.45399076065337,31.273314787883987,2)
(121.45866248374139,31.259742124580278,45)
(121.36437591140236,31.25027108478413,15)
(121.41477621634048,31.233276641031885,12)
(121.43753714328997,31.27263042906117,1)
(121.40443165122625,31.260648501005743,17)
(121.41232828809787,31.259457637338876,6)
(121.40578070121383,31.29968016853143,4)
(121.36436963669235,31.3096775798396,37)
(121.39983270660392,31.256132056271294,6)
(121.41466246144917,31.247000871984568,13)
(121.37448823613629,31.287154557694492,13)
(121.39741418512425,31.243503529703883,36)
(121.45322743662467,31.248528628776363,36)
(121.4309832601532,31.244407170216338,3)
(121.39305836790464,31.223597323894673,9)
(121.38410437335311,31.257346724453743,4)
(121.40563039730476,31.239002531283962,2)
(121.44065159442297,31.254984994291224,36)
(121.44699450144583,31.261222846809055,36)
(121.37641008126731,31.23734669011971,35)
(121.45891317037339,31.25962659235456,10)
(121.33409677176685,31.302269980943173,36)
(121.3935865243586,31.262681943009216,1)
(121.40701182420236,31.243582635847236,1)
(121.40797282658954,31.244061831061945,1)
(121.36954002585419,31.231265588035825,36)
(121.44885177023586,31.264008723682608,1)
(121.4257169951861,31.2418164647168,57)
(121.37250413862327,31.303909833495634,21)
(121.38645048496076,31.276720031534765,36)
(121.386018798601,31.227783168146406,26)
(121.36131453123552,31.287758162753605,11)
(121.36386316702912,31.30834262478727,36)
(121.3885961097188,31.27233492161702,37)
(121.43485480087165,31.255067397606663,36)
(121.44057463133896,31.26889052756977,4)
(121.4559231692004,31.263590699250802,10)
(121.3882616339147,31.281786585151792,30)
(121.40184028214448,31.267274388673997,36)
(121.4024552318237,31.23063630183906,30)
(121.43751922253674,31.238781686210228,8)
(121.39605542663475,31.226278152060882,34)
(121.37409957937274,31.28129986936845,37)
(121.38568849033196,31.270177196052217,22)
(121.36875459476862,31.240013932716952,4)
(121.36873214345938,31.246775929786253,3)
(121.41068268123786,31.25546510180052,61)
(121.39554929921141,31.239491960106758,34)
(121.39136111275529,31.233948092196506,36)
(121.45535689852599,31.253071645825113,5)
(121.39963845260405,31.249003213130116,1)
(121.37493372105274,31.257885185702616,36)
(121.364252519921,31.311482562226832,5)
(121.36832531881241,31.31424006328477,6)
(121.40813615462883,31.24777488795038,18)
(121.38903039465775,31.29646083539974,17)
(121.39378414078243,31.226946296484375,6)
(121.40585998761337,31.245641525784592,11)
(121.4097764789754,31.260264834692364,25)
(121.40992969562214,31.24026417444192,2)
(121.3607135616765,31.280160145851795,9)
(121.38942976500338,31.283021969197723,4)
(121.36685253500107,31.23600036747667,4)
(121.43195291844121,31.249836448779142,1)
(121.3833857595315,31.24787388920609,2)
(121.43553976100712,31.25500550863552,8)
(121.43940871767884,31.254471561652565,31)
(121.43539584375515,31.264907971225274,8)
(121.41156833989028,31.268017838773748,6)
(121.44998337633587,31.242225074095472,1)
(121.42369492075038,31.2290528015842,8)
(121.39464154040832,31.30557046433483,36)
(121.38609269112314,31.283156378571036,19)
(121.35638474978242,31.30529847349279,4)
(121.41664409252684,31.24204789658091,1)
(121.44490981392585,31.245530289914072,7)
(121.4051874449603,31.22841766125821,7)
(121.44490235202616,31.279247027657963,23)
(121.41304296490945,31.24657101171405,2)
(121.44105048329271,31.258618461865066,36)
(121.42052414092734,31.247684106750054,2)
(121.39719874584085,31.24622172744625,2)
(121.36497282038079,31.313299841863113,94)
(121.43052475685131,31.247835134289048,33)
(121.43066556650635,31.25471706908681,11)
(121.45219265295391,31.2459585256165,2)
(121.41659827765571,31.23242854990948,20)
(121.42307434620997,31.26201198721304,38)
(121.39034988713293,31.257788457605407,12)
(121.41773526548744,31.239508257487085,9)
(121.36174198362315,31.28373220808127,37)
(121.4110323647479,31.24390242637591,32)
(121.35923911796962,31.247816880791216,4)
(121.40989738752441,31.25907163127576,6)
(121.38268696789882,31.293810549473797,2)
(121.39648229155883,31.232873199666106,15)
(121.41264223015378,31.24733561495777,36)
(121.34190416533255,31.299800825723235,36)
(121.41936236191346,31.275231943931573,3)
(121.40047560073093,31.289116043222354,35)
(121.42515425758218,31.239614652746457,17)
(121.37799577632352,31.255321055110304,8)
(121.41829112594114,31.230258766128312,1)
(121.42505486506009,31.25453423054807,37)
(121.42385704096918,31.250455364043333,5)
(121.44220604244009,31.285002925114576,1)
(121.45240111162846,31.279847664169086,1)
(121.41521476200943,31.229694602336888,3)
(121.40991529193386,31.25954093407555,14)
(121.42320327048729,31.262435076017123,36)
(121.43263795562947,31.230937288875655,11)
(121.46131289435954,31.266108012413323,5)
(121.44628810191206,31.241628040937833,28)
(121.42144128098079,31.24579499752411,29)
(121.44704096619823,31.267681528309158,16)
(121.42111428953427,31.284975156895875,26)
(121.41830975570814,31.271989142312638,4)
(121.4043469220509,31.303608572876715,36)
(121.38255268800152,31.246394425998,3)
(121.40991177745018,31.257559620547365,12)
(121.40776036134342,31.250045499246543,5)
(121.42651615425906,31.22899151585461,8)
(121.43912770595733,31.25220943720658,17)
(121.41259507385904,31.233909575353543,34)
(121.44743545985689,31.259926511331514,13)
(121.43748007948143,31.240076420522826,9)
(121.42746012318837,31.27730015483378,15)
(121.44227034780984,31.246306110357004,30)
(121.45433248290017,31.25662896694061,1)
(121.40797136353585,31.22727918997056,1)
(121.43156746316421,31.24401636070277,11)
(121.43630364092762,31.27865258099936,33)
(121.40440844141222,31.28657483458587,2)
(121.41055944177282,31.243622379662416,20)
(121.36422321629156,31.309881562497367,17)
(121.41061106789746,31.227986254099395,35)
(121.40903407516093,31.244942279466954,16)
(121.4189882170148,31.270739264225437,1)
(121.38566518227593,31.28939345128453,35)
(121.37306519601862,31.263829502764878,15)
(121.43815339419598,31.264204012314227,36)
(121.42001401388592,31.234232025507932,1)
(121.41785026979365,31.251794681767944,36)
(121.37675127681962,31.29169530691357,12)
(121.41330167211561,31.28924919756982,11)
(121.37671607834432,31.23242180639315,9)
(121.40895235524707,31.233396584532088,34)
(121.39332263863116,31.270587354758966,37)
(121.43197989276771,31.23230059507398,35)
(121.38499124222368,31.292821326838162,19)
(121.38390212195308,31.278046071415098,2)
(121.42595285266358,31.2416350136317,14)
(121.43989543030649,31.241331488224816,4)
(121.43803210874486,31.23566356806527,2)
(121.38847017744467,31.273274183162545,4)
(121.4185820977434,31.243476622016836,31)
(121.357904272231,31.27966831223181,17)
(121.40608715603236,31.224530913802855,33)
(121.36915696571691,31.231054438320566,10)
(121.38939639488036,31.25614159245821,12)
(121.41496730286683,31.24667862305488,9)
(121.42887509277686,31.281413214720367,4)
(121.38560533739584,31.296219204099057,36)
(121.37038075582035,31.247004267377342,8)
(121.39551224597957,31.24490455722665,2)
(121.4569950637861,31.247418379829625,11)
(121.38466914100964,31.247716012172223,13)
(121.39390696552648,31.235513300043873,35)
(121.44891994464615,31.25977086158477,18)
(121.43565310228381,31.237961775330994,7)
(121.44901297295982,31.27038914107573,5)
(121.45600781587723,31.27346870783103,14)
(121.44911070827123,31.27099460445562,1)
(121.38890597684221,31.23321398687475,29)
(121.39656276625016,31.22712177469402,29)
(121.35422213598304,31.305680426871586,3)
(121.42333315329638,31.26240296768102,36)
(121.44253961380929,31.25262450510388,30)
(121.37849476490315,31.277257186891333,58)
(121.33435613745804,31.29966946320217,36)
(121.40926683241274,31.243775830011575,6)
(121.40506391220252,31.30264327202732,11)
(121.42888786462338,31.24458940349728,36)
(121.34773167741258,31.2817971921116,29)
(121.42142969874092,31.28484166547082,11)
(121.42249820772803,31.26047346265834,16)
(121.45628487085042,31.26359732215112,2)
(121.43734698757422,31.278766241688853,36)
(121.4192825828314,31.231312729756706,1)
(121.43228837964469,31.277065817915478,1)
(121.42520066891117,31.239513262514937,13)
(121.36326804029913,31.25182907054045,32)
(121.41701154888361,31.240326954568072,34)
(121.38921552820597,31.282405559895192,20)
(121.37006390362814,31.25257961340527,33)
(121.43945773092007,31.28194960492527,9)
(121.39310908495989,31.277357059992912,19)
(121.43784887260428,31.263914308275506,5)
(121.42079279168485,31.245959479915005,2)
(121.41998268515812,31.24157867401862,34)
(121.3839637339666,31.280893575871623,9)
(121.37146709725144,31.241370268983506,9)
(121.43933919325106,31.239008245257665,20)
(121.36211870135088,31.30698499921962,33)
(121.36734018248546,31.249574968400562,8)
(121.4149686748728,31.262407502407452,23)
(121.39188862948897,31.234579189242332,27)
(121.4108254165261,31.223790891758156,36)
(121.44076205065227,31.277545873902366,17)
(121.41875675946747,31.240868359267,24)
(121.45786985050063,31.2477256433281,9)
(121.4249238577734,31.241525563578097,35)
(121.41007213069976,31.2424977997935,13)
(121.39084397766847,31.23775343477711,25)
(121.44998577930167,31.258423222976216,4)
(121.3642915254205,31.311178767412006,36)
(121.44307945339426,31.282019522329495,4)
(121.45381759097103,31.248220783687533,2)
(121.45608203504321,31.271250722055537,95)
(121.42281998748815,31.266381218129276,26)
(121.39899495303307,31.261689904801507,24)
(121.42128083851749,31.239290180110352,36)
(121.40781323052042,31.24857984902067,26)
(121.43731434216076,31.247815013342432,14)
(121.426189386324,31.239206465869994,13)
(121.44129306019371,31.26535322576183,65)
(121.40105159749577,31.238927762673093,5)
(121.41139036315766,31.244854786063417,35)
(121.42513787334983,31.24409654444302,10)
(121.46276315567704,31.2598876895325,10)
(121.37642889002515,31.2496709261763,29)
(121.41083337694019,31.243536296741752,5)
(121.42842488911144,31.27305918608478,11)
(121.3698547703189,31.25248358582701,27)
(121.40214532160694,31.266879287469074,22)
(121.40350875950378,31.234373199715105,43)
(121.38431030040145,31.25395243398399,7)
(121.37809441811025,31.245612921583014,12)
(121.44470257970124,31.26581372279312,7)
(121.39283120519147,31.23500845093851,36)
(121.37325063545605,31.27352757006558,10)
(121.34859425997321,31.30490215670837,68)
(121.44018611754623,31.255085163612367,2)
(121.42477866833921,31.237745972352606,22)
(121.45054456396501,31.26170611406607,14)
(121.42373608705762,31.254317162538133,37)
(121.37755172527157,31.272780494849044,70)
(121.40828111121783,31.259044526815035,38)
(121.44272299972017,31.261025873570173,17)
(121.39095356825727,31.266519152914103,18)
(121.3767520448336,31.26729463841765,1)
(121.43820505342077,31.24980467557104,22)
(121.42643273986194,31.234703209913814,20)
(121.41008552460652,31.232074213713926,1)
(121.35705756936747,31.302416998550754,26)
(121.35597540497875,31.30849943014638,6)
(121.38212907167988,31.24862523425237,27)
(121.44233136344823,31.256929001870407,179)
(121.43423745833377,31.26636287113857,14)
(121.45821240657735,31.260109058837372,9)
(121.42796664060758,31.234817139154213,2)
(121.45808238020629,31.247674062930056,62)
(121.42272316290088,31.2577975146038,36)
(121.42749383445695,31.248904646910574,32)
(121.40673817898595,31.25908646297376,1)
(121.40366056291536,31.301046761034694,27)
(121.4277676971379,31.250826243197107,28)
(121.36086147629385,31.293850130653638,30)
(121.41804907280597,31.25089418811809,36)
(121.40717271877291,31.244991294290404,2)
(121.4279673139503,31.260473266522066,36)
(121.42778390922174,31.264927350853135,3)
(121.42268219696332,31.233509612844088,12)
(121.39886662123335,31.28149803889889,2)
(121.38717970889995,31.23310483380984,21)
(121.42219562127316,31.245176221699218,18)
(121.40027435223861,31.299499581196685,17)
(121.43095493039615,31.27460026050081,51)
(121.41090234128964,31.243300179245672,32)
(121.3759666157598,31.227619704844265,37)
(121.38096029384535,31.286501878429522,13)
(121.41226768928212,31.23983634586328,8)
(121.37558107589287,31.273763577908397,12)
(121.4329807894291,31.281230743726333,7)
(121.45802675409014,31.26757658565692,6)
(121.41257216949288,31.23137147323529,36)
(121.4398497873856,31.23867894028961,9)
(121.4283378139632,31.236655359336634,37)
(121.41791947466385,31.252711321184467,405)
(121.42287607917572,31.268443874805538,2)
(121.3863941151635,31.296066821033946,19)
(121.441633611455,31.256228487979815,2)
(121.40271469954129,31.22389523084283,14)
(121.44719191171781,31.247717590463576,17)
(121.39691166838087,31.24503912847556,141)
(121.3735387934488,31.247316631335444,71)
(121.43947227040738,31.25401073353715,4)
(121.42368639885657,31.248034233241057,36)
(121.39434746936294,31.29547109315191,16)
(121.42401173924324,31.26467443495918,3)
(121.3783996262853,31.270135346264833,36)
(121.38216550089274,31.27239128569408,36)
(121.43736115218044,31.257980413796705,37)
(121.38380529909657,31.237243515201904,24)
(121.37458615497059,31.256665060520064,36)
(121.38660813623605,31.236469649709925,36)
(121.45142376711935,31.24978271307435,6)
(121.41110035268089,31.24394243215256,36)
(121.42465014322464,31.24177989597427,36)
(121.40952079474543,31.259495552160026,37)
(121.41762842382413,31.2520904924796,45)
(121.40989388680045,31.240294566939173,9)
(121.45430340916286,31.277979097792844,25)
(121.39223118722727,31.274103176046403,11)
(121.34669990329985,31.287998020264492,15)
(121.3749755695587,31.254918780906944,17)
(121.38655707726926,31.236508016965598,16)
(121.42346227414394,31.25364207023896,6)
(121.38560013888646,31.236561830482938,11)
(121.38376292822966,31.27949478542833,30)
(121.41067247915574,31.244316672502958,36)
(121.4285559868088,31.26595430076142,20)
(121.4582823948006,31.25682124290321,3)
(121.41482541887545,31.27021987902672,4)
(121.42393264561566,31.22837533981298,1)
(121.41164594042927,31.225969289947376,3)
(121.39117109238273,31.231651192489423,32)
(121.42297443404007,31.262025064462225,16)
(121.39283224482966,31.24694082460821,3)
(121.37719301117602,31.27016598099066,14)
(121.376879428691,31.268406871674973,36)
(121.39840605978546,31.26650803970482,37)
(121.45561951241586,31.270344203807095,36)
(121.44181675089177,31.255593209590383,18)
(121.43985818025155,31.249195053262437,2)
(121.38026730445058,31.26563939395445,37)
(121.42843892756306,31.26222757441238,36)
(121.37127778529825,31.31331774488947,9)
(121.42863680266223,31.237632170623936,35)
(121.44094858844755,31.264617149922547,36)
(121.4149061657899,31.244802808135343,36)
(121.41042842319234,31.23164296699006,3)
(121.391049339263,31.268663664478158,4)
(121.39713046963755,31.25490552987178,2)
(121.4180543072571,31.236211280665074,22)
(121.38902964330798,31.27409298429207,36)
(121.39283064397158,31.2641621374604,1)
(121.38288170170495,31.2537299865483,2)
(121.4207879838489,31.235676853212656,36)
(121.38252717702052,31.298317172465804,23)
(121.45459152549289,31.264377784980805,5)
(121.43790891426598,31.254053954642174,21)
(121.44531941954094,31.266667055356667,4)
(121.43480873552932,31.25352978175566,64)
(121.36827925432438,31.314387052862788,3)
(121.43565778256216,31.234052210167697,5)
(121.38931231289824,31.256023479394113,21)
(121.44239516030244,31.255786115847187,4)
(121.40016106049632,31.258899358134382,28)
(121.40998831004518,31.242541182278334,36)
(121.4188897143086,31.23705455394107,6)
(121.45967217943878,31.271270888678572,6)
(121.44477050609396,31.25503395570703,37)
(121.36997294210627,31.27860831934446,15)
(121.38397673661532,31.280868378143524,37)
(121.35162768748721,31.281672350823307,28)
(121.39306215381829,31.26704170249785,17)
(121.44933284972599,31.242563432999738,25)
(121.38047270371821,31.298073984565917,6)
(121.36813401121833,31.314397849858803,36)
(121.45267140401359,31.270344192391512,9)
(121.38665585475364,31.267176195380042,36)
(121.39579277552401,31.231924632743837,1)
(121.42577543029752,31.235042220628262,4)
(121.43813891574781,31.26991045846106,5)
(121.40908988889365,31.244136592597048,6)
(121.42510026657612,31.245830061244952,67)
(121.36761410673957,31.31410499428879,36)
(121.37795784706725,31.27941171601808,5)
(121.41117730004835,31.24354423987197,1)
(121.44587004054078,31.25601507268172,20)
(121.38945744386542,31.256108622640202,6)
(121.33399598371713,31.29462661073665,17)
(121.4227239623951,31.249627230367132,138)
(121.46293893751911,31.25551371074462,36)
(121.45129113793229,31.267852973440526,1)
(121.40911819585472,31.244102198536595,25)
(121.44368132334851,31.251347123409925,37)
(121.43795284185592,31.254054894599154,12)
(121.4004043173257,31.249459297053388,11)
(121.41191253897776,31.248425268237245,1)
(121.38673733122882,31.23726711951689,1)
(121.33264126884859,31.295069002306313,28)
