(121.38019452949011,31.265561368112632,11)
(121.39060451141926,31.269021978143765,1)
(121.40726064025502,31.245633411186983,36)
(121.41759841665653,31.257933474878183,7)
(121.41291110101488,31.258300360849606,33)
(121.42874102940755,31.25039826808891,36)
(121.39647850280542,31.224593563242692,9)
(121.422559019924,31.227323637530606,5)
(121.3793887351143,31.270865141943535,28)
(121.44044641176082,31.263751529376318,36)
(121.3916872785734,31.282102955120862,36)
(121.42923626940036,31.244085911906684,27)
(121.43468703946128,31.25549004896352,16)
(121.39061753281734,31.246185069709654,1)
(121.37450363686078,31.27511681830261,15)
(121.42417640072992,31.22814604773154,4)
(121.43574168468635,31.260158546568636,1)
(121.42445401524749,31.27255943331057,4)
(121.39815355557715,31.264173933629362,36)
(121.3824099378548,31.274152265160158,23)
(121.38716971180273,31.28281914014255,36)
(121.42806598823297,31.251018660597932,38)
(121.36963824103533,31.23257909830056,46)
(121.39980654235704,31.287118313850137,26)
(121.4393717653304,31.257700487864682,19)
(121.4028458064813,31.247767119087555,13)
(121.39638774429645,31.274569666854088,3)
(121.42424883607859,31.240212664446116,36)
(121.40186854742973,31.23583055452203,9)
(121.4267418291854,31.239478106971863,28)
(121.4521898040099,31.25912631826573,36)
(121.46045750026491,31.253017286296995,13)
(121.39015994215232,31.282379571698524,14)
(121.41734553186708,31.24354911844394,5)
(121.41452425478532,31.240533122408333,1)
(121.44132593991692,31.265019751494087,36)
(121.44780743747005,31.245766632076492,36)
(121.41271818482761,31.271954394113745,32)
(121.39511561862298,31.257484718283752,5)
(121.42526749991667,31.24127717332807,35)
(121.39962716082871,31.262180609626686,15)
(121.39162719047653,31.251528237770955,43)
(121.39019807251329,31.281509799413914,1)
(121.4347567556466,31.25533216295477,22)
(121.40544779626926,31.300175028081313,24)
(121.40913329956848,31.24407940171441,23)
(121.44807287855834,31.2794109798277,6)
(121.45542037019705,31.25150949386311,20)
(121.35956922173759,31.27806633442184,36)
(121.41536684834904,31.277883888156133,3)
(121.4367029201059,31.266144805967368,6)
(121.42288920254146,31.243636576013138,37)
(121.34426245260268,31.28261951128024,28)
(121.42602146880957,31.23636133751742,8)
(121.42126799687686,31.261680658088242,5)
(121.44915071563092,31.268510615957066,1)
(121.42524488003782,31.24267376576023,36)
(121.42772358611477,31.26985092330565,15)
(121.38924394032163,31.300162566255757,9)
(121.36562649247945,31.277494618832815,20)
(121.45566604830303,31.277841241498102,9)
(121.39552874415601,31.297997151296048,36)
(121.41813402792083,31.25363366434387,22)
(121.41271221264945,31.270302546238504,5)
(121.4208078707474,31.23552977054893,1)
(121.45451626274779,31.270748644042925,5)
(121.38540713484302,31.253356981836617,36)
(121.428714421954,31.242277077844587,21)
(121.42705038629433,31.238200253794428,36)
(121.4360278759545,31.27910019716342,36)
(121.37257899719616,31.289455233672975,36)
(121.44956479557418,31.258033705510286,50)
(121.4232327561699,31.245376582090735,1)
(121.33503664490375,31.299226588335205,28)
(121.44047956192678,31.281419911666234,4)
(121.42246241900764,31.24539713740494,6)
(121.39584612660354,31.235620347208247,4)
(121.45386139188292,31.265483737414268,4)
(121.41083379232988,31.248299419652735,8)
(121.3685193520135,31.287852735355543,36)
(121.3919648472163,31.22850851528413,37)
(121.38077251790861,31.234208128936135,10)
(121.46289306361828,31.255497810393692,4)
(121.44008763089263,31.258986005599667,9)
(121.36483465323082,31.24936437988009,12)
(121.36819511676129,31.314429949071737,3)
(121.42057876437431,31.232358461455682,2)
(121.41599662463456,31.244374207636245,36)
(121.35057662113377,31.282636700856774,2)
(121.41861096774139,31.230727818717398,37)
(121.36398596328313,31.24742923143001,6)
(121.41609652206834,31.24376389438468,36)
(121.45569426030531,31.258070794989198,9)
(121.41853972757195,31.23648748176165,36)
(121.40553208760052,31.246985104876664,5)
(121.36414010452958,31.31079765086353,36)
(121.41317089430063,31.279831398939717,36)
(121.44571108758163,31.26633789347067,22)
(121.43018964379166,31.237248782515284,36)
(121.37638911156903,31.249551131350017,15)
(121.46000108768102,31.262949676342817,107)
(121.42365936600623,31.245257214839594,37)
(121.3940420529527,31.29289490479503,19)
(121.41026077713698,31.2553825141125,35)
(121.40891764652275,31.24629365271114,10)
(121.36413349881666,31.238988675196858,16)
(121.39859365888238,31.261041426747475,36)
(121.4002935812852,31.287286286065196,22)
(121.37662342613811,31.245873763500736,36)
(121.38190873208123,31.301473791484447,18)
(121.38975021659805,31.23918031922214,2)
(121.39551201495496,31.270895652807155,31)
(121.38416458593731,31.247544474009242,4)
(121.41438529736739,31.236502411686505,32)
(121.39892083709293,31.238592964181645,22)
(121.40096489543146,31.28848995769234,15)
(121.43178467356451,31.26120267161265,37)
(121.4406599965377,31.25619439359913,20)
(121.40588817522607,31.22483604668559,4)
(121.38293125015942,31.293855805142474,4)
(121.41627288599982,31.231750775501897,4)
(121.42761195512891,31.228851466313195,2)
(121.44848546588669,31.251354891492753,9)
(121.43217245050191,31.253149735938543,35)
(121.41124528545366,31.24356123491573,3)
(121.38561907298656,31.287652246971287,32)
(121.42868973013206,31.26330779603691,37)
(121.36432953111779,31.309654775261432,9)
(121.38850716468333,31.29682081864398,17)
(121.4221588559341,31.258980318123644,41)
(121.38571969297999,31.29317275267946,36)
(121.4098461748992,31.259629619527654,37)
(121.39664060522449,31.236300021354307,19)
(121.36108098222779,31.240284489421892,36)
(121.42561562931425,31.235272165641963,33)
(121.39426720179137,31.247095708963585,23)
(121.39212812469108,31.228311948151813,33)
(121.42292994038371,31.267385387445668,20)
(121.37848447301722,31.229442584081518,3)
(121.3498105566181,31.28710363963743,17)
(121.37764925279038,31.254323700925823,4)
(121.39016180531641,31.27648880132129,6)
(121.42495706984076,31.278701592276747,36)
(121.44145938223414,31.272888878934946,29)
(121.4377030611643,31.251856271927025,37)
(121.40582177443095,31.243216439516583,11)
(121.42417639262739,31.228053004719612,14)
(121.39898347536047,31.23415696917945,1)
(121.37736855441771,31.273667655044402,22)
(121.40727267687608,31.264886958355152,4)
(121.40140332090459,31.299568407377745,8)
(121.39011163487014,31.259111411120685,36)
(121.36823317723122,31.314389988338505,21)
(121.37204194397697,31.263837896405768,30)
(121.42614344523665,31.239336564121164,37)
(121.38227877858981,31.251075228814045,12)
(121.40426489546157,31.246141611194723,36)
(121.41113133390468,31.243809366989197,31)
(121.44002672200318,31.258803015640165,28)
(121.41286907995325,31.234975992867046,16)
(121.38848412092025,31.29655469608766,18)
(121.4568129364985,31.2512733370572,11)
(121.37923006513348,31.239738990635384,7)
(121.38775043195149,31.29630302477587,7)
(121.37921485271427,31.24903012722423,70)
(121.46392112892494,31.25481910911842,8)
(121.37704453919683,31.232527239485822,10)
(121.41239832768461,31.259058817384258,15)
(121.43843270805664,31.23872340085803,34)
(121.39386806577288,31.259912108085643,2)
(121.36856467117352,31.24068794196531,9)
(121.43534081814923,31.240710414854725,36)
(121.43420630177684,31.24983489496176,36)
(121.36014151053662,31.2438775933384,35)
(121.4270353957132,31.2381222319014,7)
(121.41095264797042,31.28977218933974,17)
(121.43615710752134,31.25844221063898,11)
(121.43022186224586,31.25168620481728,21)
(121.43908118574456,31.245324452804667,33)
(121.45944716017962,31.264184378401286,5)
(121.40066784332915,31.30037159129157,54)
(121.45542827419507,31.273650989943043,36)
(121.42368933677774,31.245232181298064,36)
(121.36142559728849,31.239902866378443,27)
(121.4232182300263,31.262121930558326,37)
(121.42403263482618,31.240774922972957,37)
(121.40428223209888,31.26144131583881,1)
(121.37039895871304,31.247147269521488,36)
(121.38134606470572,31.24401915608441,8)
(121.4017654049692,31.280356842134402,60)
(121.38567048400084,31.262695442129417,36)
(121.42913624567201,31.246503887069647,2)
(121.40826468747824,31.2656372466879,13)
(121.43337813504833,31.264377873737956,26)
(121.412626193525,31.24685840677646,4)
(121.45221955103769,31.257015343796343,1)
(121.38655026657929,31.293282498217515,3)
(121.34376761114005,31.28020945027031,12)
(121.44624770686943,31.257241419506375,4)
(121.447792689164,31.248298784656885,33)
(121.41131023636795,31.28346017681921,3)
(121.38274268844246,31.23239028591962,1)
(121.43786296027442,31.25371286834662,21)
(121.38065927368919,31.29914468565042,26)
(121.41764342695699,31.239539519557294,8)
(121.45548998380973,31.272069198808083,9)
(121.43479373093629,31.25322066478621,34)
(121.422034492333,31.246990591893887,36)
(121.45433308847943,31.254183353452717,16)
(121.3686063297629,31.297445007826415,37)
(121.39206386341834,31.273205444097602,20)
(121.40629519698807,31.247879539710702,26)
(121.41783505290277,31.23615753485844,1)
(121.39034625919162,31.29144802807769,4)
(121.44062890863292,31.241642146373238,9)
(121.46151183733026,31.269953371193083,39)
(121.38857834437127,31.2407531621594,36)
(121.418308072047,31.252689849429117,18)
(121.39908448199905,31.256729072361225,5)
(121.38936640026274,31.256496725203828,37)
(121.37764998343029,31.26272134086929,36)
(121.350804218222,31.28303878412279,36)
(121.38341638054612,31.24312279946297,36)
(121.4355547428179,31.255059513157207,41)
(121.42090910704,31.262034448105222,37)
(121.42872912446778,31.234238695633707,37)
(121.38751369442541,31.24443698267019,1)
(121.38932806110823,31.282395419487337,32)
(121.37950483104794,31.244511433843737,7)
(121.39174573526233,31.240847125533104,3)
(121.40523674745562,31.235619114412987,3)
(121.44085714246792,31.257609266343078,8)
(121.38537306821678,31.261414631040914,16)
(121.42325481276231,31.229946708633523,1)
(121.39571624601442,31.251587435376283,11)
(121.4296421229345,31.2464634875856,4)
(121.45468035405551,31.259322597900397,48)
(121.36493401493023,31.31315993762575,27)
(121.42870703903382,31.232681189793635,6)
(121.3928002031535,31.23523153408862,36)
(121.35476402341443,31.303159388604946,36)
(121.38576020697785,31.25981623007775,36)
(121.44033392480404,31.25869942788443,30)
(121.44492584751491,31.27900086131078,24)
(121.41471067089752,31.272546897483018,2)
(121.38050255889303,31.29598719413189,36)
(121.36571673431503,31.284760494140244,11)
(121.43186602189198,31.232031598662783,11)
(121.38281173175189,31.231983166523747,36)
(121.40912384656866,31.234093247006548,29)
(121.34748205067157,31.30932481465333,11)
(121.38553906585128,31.23179154803699,26)
(121.42142657796822,31.249067461018615,36)
(121.37050446782229,31.240201443951896,15)
(121.34960241901044,31.293367460324614,36)
(121.39646495275471,31.241324215595736,8)
(121.41091622088192,31.230486356929603,40)
(121.41077172459124,31.226006107656882,312)
(121.42531531961075,31.250522096767295,20)
(121.40080258199873,31.238514810555,19)
(121.43518219350426,31.25373740610736,17)
(121.42881154839834,31.265794053104173,18)
(121.38925184461382,31.282298005818518,36)
(121.37936752748547,31.2885407006989,31)
(121.40511132084387,31.238537283023664,27)
(121.40881986978854,31.245414384645905,18)
(121.416937569406,31.272221888877162,10)
(121.39407029213359,31.261029701892443,26)
(121.40765183485757,31.297899786845704,15)
(121.36509651514892,31.277021628819817,16)
(121.38265281530957,31.246537587840475,4)
(121.39586011886486,31.223957981417882,15)
(121.43687252426572,31.253229995747226,34)
(121.45788480914132,31.24769359683465,22)
(121.38708682053043,31.296447547016744,20)
(121.37877499484898,31.280217966347223,36)
(121.4123301070491,31.244836576964765,13)
(121.44500816128475,31.28063292213796,1)
(121.44057374541207,31.247225125115513,4)
(121.38449702056951,31.294386489155343,21)
(121.38530594296618,31.283741933617105,36)
(121.41038398308692,31.24943099189926,37)
(121.43547902982456,31.279957181801773,7)
(121.42343985189775,31.237107708133536,6)
(121.37263016568151,31.255945257737057,3)
(121.42807817168773,31.268061699234057,4)
(121.41251206212709,31.244948583524504,36)
(121.42031993800015,31.243650734625948,36)
(121.4158892713414,31.26401787384651,6)
(121.41404489117718,31.24907099158507,37)
(121.44080115223436,31.251974786404993,1)
(121.392112114132,31.228323943687442,3)
(121.44990083032569,31.245327617768258,10)
(121.40603500235581,31.245731574275922,4)
(121.41555688872245,31.26092341025311,241)
(121.4556169512686,31.271510650942197,3)
(121.38464081896149,31.278833323262106,4)
(121.44153394372285,31.246462337333003,1)
(121.43997383138272,31.25899317546786,8)
(121.38309112854346,31.29038357388714,7)
(121.41623005549835,31.252724767218098,25)
(121.38099019381549,31.28493527370507,24)
(121.39272241102054,31.26879607691202,19)
(121.40468434341653,31.239254567608928,10)
(121.38596256192535,31.283169272272858,4)
(121.4585572602865,31.249940134157995,6)
(121.45311148353244,31.256846288119508,18)
(121.43773306349506,31.25244749095158,36)
(121.42588623924176,31.24541151165887,2)
(121.43183504984903,31.231877562417104,32)
(121.40364998524464,31.22912663415325,2)
(121.42661674279853,31.2484302245726,36)
(121.3894647968921,31.240232230822034,8)
(121.3847372977261,31.248143176567506,17)
(121.40642511634661,31.246928120865366,6)
(121.40138211831781,31.255306125985662,3)
(121.37861555864545,31.28909239976254,36)
(121.41338901289534,31.24768857344393,7)
(121.39176722146935,31.251924263086934,3)
(121.41271180501005,31.228352523425304,5)
(121.4397812494164,31.23696367939901,36)
(121.37652410728495,31.249635940681223,5)
(121.44259507641118,31.25913525811923,29)
(121.38297359709419,31.251329020990614,22)
(121.39708390665704,31.283109438649063,9)
(121.4220311925857,31.26015656605204,36)
(121.38613741474562,31.26798810255223,7)
(121.43548472601475,31.264136288858662,18)
(121.39275712450998,31.2233344738621,4)
(121.38452655766616,31.277228555296603,37)
(121.39061949858365,31.268737868187035,3)
(121.39708527980413,31.264450637088817,36)
(121.40938577747121,31.238111812122693,1)
(121.3606297473931,31.293426407621414,30)
(121.388547324878,31.252336292954112,1)
(121.37534771047221,31.227322818591226,28)
(121.42443338171066,31.244523894593698,52)
(121.40824969305696,31.265687268823616,23)
(121.43870856326096,31.253869760542393,36)
(121.41224446734816,31.259472219797544,17)
(121.4088795688113,31.230570653391393,8)
(121.37127288442153,31.3136139435499,36)
(121.40821627429364,31.247109205820607,23)
(121.42070856320186,31.242620037901478,12)
(121.39824177279503,31.303691568815616,11)
(121.36834679278063,31.296256171343938,25)
(121.36497222029753,31.31329254180925,1)
(121.43450199717972,31.260132503807682,36)
(121.40817196345294,31.245686699400906,36)
(121.45020763255671,31.27394442029402,4)
(121.37549692082813,31.257945469005428,11)
(121.39710044935836,31.266310437015456,36)
(121.39905375358751,31.248510452121312,4)
(121.44869890020843,31.25995772370813,37)
(121.39978712779144,31.26114621494456,16)
(121.36308728073593,31.240016686603553,35)
(121.38249987295154,31.249220628290203,15)
(121.41043164070096,31.229361030583693,46)
(121.41860504471094,31.253749062739708,36)
(121.36741579455317,31.314396817446497,36)
(121.44247931438045,31.241934488454397,21)
(121.39865607355242,31.260638339888402,10)
(121.37578267432599,31.24691063457098,9)
(121.3981486778935,31.239190513331373,26)
(121.4458331102185,31.25450693722186,37)
(121.42936297670983,31.233047326583154,5)
(121.4138225584025,31.261323146207825,32)
(121.3671841645157,31.288662473424957,4)
(121.4433698454826,31.26192723260519,37)
(121.44324109995111,31.28496608438415,29)
(121.3876757117905,31.247036294405696,37)
(121.41735313373557,31.243180220734367,36)
(121.44576083200549,31.258707889468088,35)
(121.40993889798766,31.22840679872757,1)
(121.38481848465825,31.29579833979606,7)
(121.39016704369432,31.28245337284787,23)
(121.39918710070364,31.23181910164311,16)
(121.37234608308397,31.236967441974556,32)
(121.459289769241,31.265246071749907,3)
(121.45938440084613,31.253522896907462,3)
(121.45446095925264,31.254197643939257,2)
(121.4251068105212,31.254491169653885,36)
(121.36415780724818,31.309813155135384,2)
(121.37155874493925,31.235647801745728,6)
(121.38609238162765,31.279606921881268,17)
(121.42669188341583,31.23949015652773,24)
(121.37607132169991,31.291612466949918,18)
(121.40201959161597,31.264112235424985,39)
(121.38929954287929,31.28174735214209,36)
(121.38576592523204,31.284594109860024,2)
(121.44793737999423,31.24829852621541,3)
(121.38392554633101,31.28710378682314,5)
(121.41029442933345,31.231418883809845,5)
(121.40251565826652,31.223902195907964,36)
(121.41983366810236,31.25952400734383,36)
(121.38011201146678,31.2837818811424,9)
(121.39543921486582,31.29658409450318,36)
(121.43934211774099,31.272630906164583,1)
(121.42951421047253,31.268610239995677,2)
(121.40302210132074,31.250755472792832,27)
(121.35228014223257,31.305870112040026,23)
(121.41191014202198,31.25532930649213,8)
(121.45423415043194,31.273070193111863,6)
(121.41261118117652,31.246663323699806,5)
(121.37512421858345,31.271433043544658,1)
(121.37981601098659,31.299245449126484,16)
(121.41101916439032,31.28284271735228,10)
(121.4234311218913,31.25157918685897,7)
(121.42317312471967,31.260462248188528,19)
(121.41911927115925,31.23698680209092,37)
(121.44123013743156,31.2652870110353,36)
(121.40715941552084,31.24498259156324,3)
(121.37317776144386,31.23015440697799,36)
(121.3929074774875,31.238523503784375,6)
(121.42520096898338,31.239497762605655,22)
(121.41466234716346,31.24569028838894,18)
(121.41508277204126,31.252637216566807,6)
(121.3486995495568,31.280442852862915,30)
(121.40570194809541,31.233805172657885,3)
(121.45242404574498,31.279708561876962,3)
(121.40493033051665,31.261761522434025,26)
(121.43741061295707,31.275654864882824,6)
(121.44643720413767,31.244467457972394,36)
(121.44776153689864,31.280256513674093,1)
(121.40074598668517,31.232960966526292,13)
(121.44794046772577,31.255539434145497,16)
(121.45168621213475,31.259537053643044,32)
(121.40285005012204,31.239081228264663,25)
(121.42582698388115,31.264715996392457,8)
(121.39721551251097,31.266396522198544,5)
(121.41094722743762,31.23064042245856,5)
(121.3817087712156,31.281665674266794,28)
(121.38378861709576,31.22960700750856,6)
(121.35696454100339,31.281116337095078,36)
(121.37927450764077,31.299182462690155,24)
(121.36497012000171,31.31329014156797,36)
(121.42536533295063,31.26132708638995,40)
(121.42482494247774,31.241400586506998,37)
(121.45287093029673,31.255983614478165,29)
(121.42874533048257,31.250694268407152,36)
(121.43674600208907,31.27933528092724,7)
(121.42214297383889,31.24872183443029,1)
(121.37402798379505,31.252633599607993,36)
(121.38744345525795,31.276904925821537,33)
(121.37845645768077,31.27744158048169,36)
(121.40186797299701,31.22923953445021,32)
(121.43279081764139,31.26706704392135,24)
(121.38258427959734,31.252781280385026,36)
(121.42051878729376,31.243582584933097,20)
(121.39440169062519,31.297621970559273,36)
(121.41845300750848,31.252977902417072,37)
(121.41050443724684,31.255438464728588,16)
(121.39560809056579,31.232037031937423,2)
(121.41068170231284,31.242222058244096,6)
(121.4432894900747,31.24415863231911,21)
(121.37769868805196,31.293071955571488,17)
(121.42986308917332,31.24918246963037,5)
(121.41191162306494,31.27230057422048,16)
(121.44497062684367,31.24581780023579,8)
(121.42223394258232,31.26022440813978,34)
(121.42874615350509,31.259937782259936,1)
(121.39500893152955,31.239022271889286,178)
(121.45195126294892,31.258612098436323,11)
(121.42274977818099,31.263756967286593,11)
(121.37266021662818,31.25600232171228,36)
(121.45913256057194,31.249918210094883,18)
(121.45040096116954,31.258130844973348,21)
(121.44639102408804,31.24483965314364,10)
(121.45165120154802,31.245830073314423,18)
(121.40710017547623,31.26252994982,1)
(121.34133071900135,31.286256358964117,11)
(121.3861665912241,31.26249529567095,32)
(121.38910025483088,31.268931866851364,42)
(121.37306519602927,31.263785002859194,25)
(121.36641913000351,31.309298324191655,36)
(121.40105353517724,31.261146576625887,19)
(121.41015275049652,31.255478491444634,1)
(121.38245647518605,31.279708616315688,36)
(121.3777775571146,31.232812216252736,5)
(121.3740146985464,31.272608156972126,8)
(121.40570644430781,31.239494758311327,3)
(121.42336311725902,31.262293898886057,36)
(121.40580804131174,31.257748851870094,2)
(121.3671318356856,31.30902851260724,13)
(121.39121957019634,31.22972401586661,2)
(121.41463453595968,31.27063511947813,3)
(121.40974925674655,31.22835254324103,3)
(121.37936832747957,31.28932429912844,12)
(121.39251965485826,31.2541568196625,24)
(121.3986519004753,31.286432406107156,12)
(121.36367807974902,31.312893671006396,8)
(121.42113618144246,31.241944468446228,10)
(121.42413502859831,31.22814089445124,3)
(121.4004383120589,31.295117461190408,18)
(121.41669186948896,31.237937292093484,29)
(121.39395305178333,31.236165622408866,14)
(121.41440920369308,31.25256438608003,17)
(121.42398670449448,31.241089099478437,36)
(121.3838837172924,31.28323565723741,9)
(121.3621892685044,31.28779136042923,1)
(121.45049097966887,31.261037854456138,20)
(121.45714074067104,31.259487363460796,39)
(121.3719099072847,31.23119423163312,9)
(121.43640093454869,31.260837928589115,21)
(121.41583114866826,31.260916539286708,36)
(121.42565873227173,31.24841804032317,30)
(121.41321580749536,31.231942375540303,4)
(121.40530817559652,31.259336005345798,8)
(121.38615111222697,31.2528665893542,13)
(121.45287282108352,31.274965383924815,2)
(121.41265802350034,31.25648463624682,23)
(121.4266639193295,31.262489320762665,15)
(121.40109196965807,31.254534716106114,36)
(121.44593112755155,31.24165757810499,29)
(121.39053372472705,31.249156331334884,1)
(121.38533940914688,31.231242171376074,36)
(121.41115529342024,31.243409183386614,18)
(121.45536145724358,31.27385421322655,26)
(121.42800597599732,31.269445612939375,19)
(121.42518526515032,31.23953875928816,25)
(121.38188065362122,31.24348746036306,5)
(121.37606942520296,31.2494657723362,35)
(121.43732944475194,31.237787995715838,36)
(121.42500258779889,31.239306499497495,26)
(121.4022901411257,31.264427272195363,4)
(121.38219719768388,31.279973468768986,34)
(121.40936697890295,31.224509803617135,35)
(121.41944515290677,31.25426543753883,37)
(121.41193329023359,31.245694281536295,28)
(121.42321667387051,31.244271099825546,11)
(121.42657562583179,31.241585373095678,33)
(121.4597515451083,31.260007146818207,9)
(121.3657846817106,31.276472430511603,15)
(121.41537354249812,31.238686814520257,2)
(121.43086417512298,31.27606596844457,2)
(121.3804720341052,31.290391935468296,7)
(121.45461532396733,31.27423290443891,17)
(121.35534274319849,31.293196910580292,4)
(121.4382887602743,31.248040777913065,27)
(121.43276218582655,31.236914202756015,36)
(121.41697266374283,31.239145444915806,16)
(121.37659559577862,31.26333337620584,3)
(121.41076002581467,31.27370838330389,6)
(121.43661666227288,31.284549589675958,11)
(121.37487159827124,31.310128763228217,4)
(121.45114110669144,31.260429962851358,18)
(121.44228276765925,31.283295916927553,7)
(121.37546876802062,31.306567596257956,36)
(121.39812728428052,31.304824483759106,37)
(121.41267878848896,31.230936191693786,3)
(121.41337236793122,31.252417600351507,5)
(121.37428070423246,31.245112587479372,4)
(121.45268182499785,31.272642116031275,1)
(121.38393856748807,31.284627052062394,32)
(121.42261634849852,31.25753537645098,36)
(121.38440833453912,31.241637058639437,9)
(121.41119103920624,31.229121679275508,6)
(121.41106957683336,31.277566638546567,24)
(121.41842215132667,31.24294446543509,33)
(121.389320350952,31.25638164133954,15)
(121.39096282486501,31.269381372837117,8)
(121.41468068223112,31.272531901413508,1)
(121.3947452200604,31.301289586978942,17)
(121.39473843764767,31.223522220011155,19)
(121.37647672760218,31.301252752471804,36)
(121.43913895724695,31.254634310287816,36)
(121.4015845645787,31.293430456739394,1)
(121.4311167210334,31.257456266658544,36)
(121.41036898492473,31.249418988804482,19)
(121.44990197498794,31.2585214219671,27)
(121.37052436972047,31.296320228414142,36)
(121.40221105375953,31.22922260091586,10)
(121.42885733508929,31.249571648914877,15)
(121.37408201868743,31.26363243795972,21)
(121.43058497435425,31.269746504741814,34)
(121.39647845026025,31.22399028229862,12)
(121.4137152489863,31.228811929347543,4)
(121.35170569653265,31.291459450343968,1)
(121.40478873852385,31.242382509787983,11)
(121.42333212693566,31.25063084139926,28)
(121.4186336725295,31.241290723586726,87)
(121.40764551898604,31.25178426925351,36)
(121.42250090838633,31.26039316337528,36)
(121.38628475783247,31.293206594663275,8)
(121.39197206561727,31.286336048177265,21)
(121.37147301560303,31.30942858779811,1)
(121.38958866780867,31.268888206355548,11)
(121.42924845178416,31.252549267176875,37)
(121.40978024623232,31.23975875007356,36)
(121.43063258245205,31.242949891167253,29)
(121.40641313706779,31.292992555024078,37)
(121.43464970624161,31.261952637312483,21)
(121.39374964529398,31.242087925201965,2)
(121.37197381629065,31.263585698493884,27)
(121.4544146993087,31.261419875179584,25)
(121.43154032199041,31.253455573038124,33)
(121.37644629597783,31.23702585464564,29)
(121.42340283152586,31.273333925625725,19)
(121.44511955827619,31.245828126750325,4)
(121.3894424201429,31.25598255674579,36)
(121.4264182012691,31.239820545487976,24)
(121.391657546306,31.26010086408412,18)
(121.3999538783302,31.27217967402564,37)
(121.40493158200137,31.2760995891206,9)
(121.43506735588144,31.253615496813953,34)
(121.39706867365119,31.24611662564553,16)
(121.4182241383956,31.252860966705537,36)
(121.3739836550341,31.27263712997069,36)
(121.39193793797492,31.25335786115801,3)
(121.46064799638422,31.253109898900238,36)
(121.38584152692799,31.24178948090656,11)
(121.38912672500162,31.231874385797894,6)
(121.42181412780505,31.270343406498807,9)
(121.4389399919334,31.28622808990937,7)
(121.44857407326569,31.253250114943068,24)
(121.35870816105039,31.294880788765894,36)
(121.43724832545912,31.280809216897435,37)
(121.41363676421584,31.291669072151688,36)
(121.35211463215215,31.286023570774283,36)
(121.43489516897031,31.28290812753293,36)
(121.43617958172938,31.238728771646805,1)
(121.42564742348164,31.276284578488134,23)
(121.42492375109074,31.240301011987594,8)
(121.45009254917545,31.258524067061753,2)
(121.4028610549204,31.23911124383344,2)
(121.39947686811468,31.241500440405815,21)
(121.42404761098493,31.24065985969119,25)
(121.41214018059354,31.267964694162327,11)
(121.46184938865576,31.24911340977464,1)
(121.40611315892039,31.283237499835796,17)
(121.41241020854692,31.273250727137892,20)
(121.40702178188047,31.244976063194496,36)
(121.43802477852414,31.277633847431456,36)
(121.40984127386294,31.23781166072799,29)
(121.38915012629313,31.257166539501938,28)
(121.45018757485734,31.26126907569749,2)
(121.37904815005659,31.25492353570358,37)
(121.42851609820242,31.261270732845205,2)
(121.43640795534657,31.23458835510155,15)
(121.40813375414457,31.242676497293925,25)
(121.40368251642353,31.24273701134669,2)
(121.39013253614836,31.28248676643766,22)
(121.42231666292368,31.259650926465767,36)
(121.42830784712082,31.236640381150053,3)
(121.44755873534814,31.261498271243152,1)
(121.39908507672094,31.23182018142985,3)
(121.43229168591569,31.25770358974837,23)
(121.37667002309837,31.232518796599738,4)
(121.42294457362735,31.26332864562216,16)
(121.41344517317738,31.272666343801458,2)
(121.37306079536101,31.26344510295472,5)
(121.36431572925963,31.309431574176493,37)
(121.37355872346657,31.303727123396875,36)
(121.4077158513669,31.2587174796184,16)
(121.45553435311702,31.254565599413816,4)
(121.40235682338358,31.237674496421242,1)
(121.38642624984057,31.236558393831324,14)
(121.37045955521069,31.25357332760678,36)
(121.46147522226633,31.27000530251069,2)
(121.41697281156553,31.240841210220125,18)
(121.43945461054071,31.246085256958622,9)
(121.43331594549099,31.26549176139642,1)
(121.38835975237895,31.28240284406513,11)
(121.4229047312914,31.28314653363104,16)
(121.42916964923151,31.245956735884423,16)
(121.33449459116339,31.294402515653694,52)
(121.37274772215608,31.294825595961953,23)
(121.41308516202395,31.25965990355844,30)
(121.38908687369845,31.24171597804195,7)
(121.39779377154609,31.264475262264334,36)
(121.4416490511625,31.261601792295007,15)
(121.40221523801699,31.242800779421263,12)
(121.43789978106493,31.272348540490317,13)
(121.3669096430653,31.299604416189165,36)
(121.40527305492775,31.268971656394502,15)
(121.39455711211244,31.24401448953312,36)
(121.44723781749326,31.259239562885682,36)
(121.41301603807307,31.25797519214363,37)
(121.40026006817449,31.258610262030146,37)
(121.42677568228333,31.238207502110026,18)
(121.39890885640428,31.233642674106186,75)
(121.39524273539998,31.235020779702698,15)
(121.44360556693238,31.28287261629132,5)
(121.36579743359475,31.250273224684108,13)
(121.41321255758459,31.230298758368043,18)
(121.43221020946885,31.25097173527342,2)
(121.35619973115378,31.301076266800532,36)
(121.45483586587444,31.2751698445885,27)
(121.44512005838199,31.245828426838866,7)
(121.40437269758307,31.243719542218095,23)
(121.41114633189869,31.24382637187806,32)
(121.45260066381674,31.255614576777784,6)
(121.43536405066176,31.243783766309267,25)
(121.38933109891435,31.237124486431718,14)
(121.38470638902422,31.26164704357309,36)
(121.37779472968195,31.257563279509768,36)
(121.41952651856302,31.232460121253133,17)
(121.42482532880953,31.24583457244253,9)
(121.42425391176104,31.246303230004823,12)
(121.44415968106546,31.26358675351405,18)
(121.40408688096663,31.30352250754252,14)
(121.38926510425163,31.231109288625294,36)
(121.42554314246101,31.263248605590476,44)
(121.45077982329882,31.279495646321454,6)
(121.45039009239818,31.260958561200255,5)
(121.42245669449957,31.259960538318936,2)
(121.4497308315368,31.2689297128064,11)
(121.42786791683172,31.235526217692136,42)
(121.37660544020058,31.2843961911252,24)
(121.40993239631972,31.23616178279897,18)
(121.41487840858342,31.270362920927536,1)
(121.44398657869016,31.261095877242493,33)
(121.42923229752854,31.265712290755154,2)
(121.41440822241144,31.2315899917462,1)
(121.4226806723094,31.23861757329469,2)
(121.43800783186612,31.25498322498826,36)
(121.3842840797378,31.297686597214618,36)
(121.3837045197269,31.229549902178658,6)
(121.36897182225297,31.287853393839367,33)
(121.3856374758859,31.293194238285434,37)
(121.4520055071077,31.264743896166888,10)
(121.36763007059433,31.313376743703596,35)
(121.42196527652537,31.262578947634985,25)
(121.37612914120919,31.254080814200538,12)
(121.45753646912455,31.268503712135505,31)
(121.41271002025965,31.245173635038796,21)
(121.40814720653754,31.225620412745478,36)
(121.3655473411023,31.24949018126126,65)
(121.4328902461863,31.273560668393298,21)
(121.38803358902197,31.24059107135837,24)
(121.40691077586108,31.249827261857707,2)
(121.40648364824598,31.234669299489845,1)
(121.43717807002088,31.2536417677112,3)
(121.39044692801383,31.269002983255042,19)
(121.36857335780688,31.297834320170107,37)
(121.35266801412416,31.283490927107703,36)
(121.42460757008334,31.280580645236913,1)
(121.39170548429054,31.269218785363396,36)
(121.42292781337291,31.242988733122846,24)
(121.38864653950642,31.253711686238244,78)
(121.37868169543468,31.299486968111083,27)
(121.43521223394711,31.254721799287612,20)
(121.44557816364728,31.25825200191404,36)
(121.43808463613625,31.254196774857164,36)
(121.39309379427311,31.26926954602827,16)
(121.42697724699451,31.270086277967234,36)
(121.45033587190713,31.257018956608686,26)
(121.40466370824751,31.242164684665347,36)
(121.36414420511649,31.310726251496607,19)
(121.44965856288951,31.25905210470297,18)
(121.36909613624282,31.309352962086216,151)
(121.43003724016526,31.246685137992927,36)
(121.41431977467767,31.248977862970627,25)
(121.3895145845928,31.29159849727067,4)
(121.42739576060406,31.269739753267565,24)
(121.38915282002223,31.274898411962933,3)
(121.42850063621805,31.259707428439384,7)
(121.41280222668448,31.253472479057177,31)
(121.38437903491361,31.25005178181091,6)
(121.37034934431436,31.272814808495834,27)
(121.41084659120382,31.291841784915306,32)
(121.3719103636086,31.23644963325591,8)
(121.46387410279969,31.255443109669848,1)
(121.39590613176532,31.223817937964082,12)
(121.41268136543044,31.260486365391504,34)
(121.38327154733457,31.246900347764814,3)
(121.40359321316996,31.239420504849228,29)
(121.40729204794374,31.245355318205554,20)
(121.41665318111222,31.233674323146907,3)
(121.45126670902617,31.279462704008534,16)
(121.41571552242011,31.253106186705786,16)
(121.44257933645859,31.243590503754657,1)
(121.3894029810098,31.257185585461517,11)
(121.34745563066919,31.302863299602713,36)
(121.4005844602972,31.30773141202022,27)
(121.36122694220573,31.248205263421255,8)
(121.38648485909967,31.25486086730756,11)
(121.42155614338209,31.256713734234573,3)
(121.37539520455766,31.24986717068615,36)
(121.37448677515098,31.2539647581896,34)
(121.43774916401055,31.253904108157226,36)
(121.44786963795482,31.26109324349073,36)
(121.42409404642838,31.24614428209926,7)
(121.39296374934325,31.274644846406236,36)
(121.38616761153543,31.269902938319223,22)
(121.43786298934445,31.25404701471776,25)
(121.38585914345886,31.233594702972667,35)
(121.41406050276257,31.24468803713129,19)
(121.44166404052828,31.2617958528521,36)
(121.4385358184115,31.23880522488542,2)
(121.4548884665092,31.272059434830098,25)
(121.44174636192034,31.244260028672244,36)
(121.46319709728654,31.254113497303464,2)
(121.38100497512633,31.233583410573946,1)
(121.39320712246449,31.265555154457502,24)
(121.33986851392044,31.287055926476867,15)
(121.39230229277997,31.297660775705584,22)
(121.44240929957651,31.243777472231937,22)
(121.44062726023361,31.242750046305524,16)
(121.3848549040269,31.277211845837613,11)
(121.43507203155475,31.27072799547016,26)
(121.42274417940742,31.24537993307637,33)
(121.4063785248388,31.2456991293322,16)
(121.38924754155805,31.296992873733274,36)
(121.43825002856549,31.23889873482541,26)
(121.46066602810512,31.250575942870576,24)
(121.44241246436596,31.238975717950712,1)
(121.38281517711609,31.271559575750125,13)
(121.40079308653715,31.24541760971465,8)
(121.36208786524692,31.251823225056572,1)
(121.4510891429795,31.256784426554027,17)
(121.3779926042883,31.248470915845648,1)
(121.42263087431336,31.25224205247925,28)
(121.43361953438087,31.24278445998597,8)
(121.40377006212181,31.292382386881382,1)
(121.38348244075851,31.257004344111667,12)
(121.36218244468334,31.29753786251482,36)
(121.40883272598434,31.22579297397932,24)
(121.4025553369842,31.243068968326217,36)
(121.40823555489732,31.275546424556087,15)
(121.36751385484152,31.301653092066264,27)
(121.41034446730242,31.231963126355904,31)
(121.4358378282048,31.257268202191693,25)
(121.42315768356133,31.273743954412108,1)
(121.36434963395885,31.30949067795451,2)
(121.41382983826706,31.265858352339546,2)
(121.39429636839525,31.247696218261986,60)
(121.43466234182081,31.235039691818024,30)
(121.37306729634791,31.263947502812975,16)
(121.37479203551526,31.251833201789513,36)
(121.42604798009373,31.278717695146884,2)
(121.44494824118615,31.27902686021641,1)
(121.36482791793765,31.247101570139264,2)
(121.43121882845769,31.24295926756976,6)
(121.38361571798214,31.255960664007226,6)
(121.41923460074132,31.254069593871712,5)
(121.40860096873845,31.24549858859914,82)
(121.3733242842235,31.24516239806708,36)
(121.45851463564993,31.259821470920233,79)
(121.4071719908504,31.24553050612847,37)
(121.38307565781652,31.262738863531634,4)
(121.38247285357374,31.28383832521613,22)
(121.4440012409889,31.25754631688328,37)
(121.42703555734377,31.239978071093937,36)
(121.41136187025707,31.231985219447402,12)
(121.38590551943011,31.23738146743373,3)
(121.44308944703246,31.244492595297768,62)
(121.38925945025457,31.254985863813012,19)
(121.4514185401656,31.267702562709893,2)
(121.43911430115402,31.258777323828436,7)
(121.39214306177011,31.227464565657115,36)
(121.42281459676936,31.26231330204119,14)
(121.39916891762553,31.23220972835824,7)
(121.41226667284516,31.259491224399415,14)
(121.40609151212445,31.274473989231044,37)
(121.39192725474142,31.269118257796734,26)
(121.45926916215222,31.25408538957991,1)
(121.42549624722781,31.240985853839156,5)
(121.41345665003381,31.23233662616992,1)
(121.38504457780783,31.259692596759972,14)
(121.409161000463,31.224440791758095,36)
(121.42310498018058,31.23519608227889,1)
(121.44422862217647,31.24406299703082,34)
(121.39838635931855,31.304408420788256,27)
(121.36223091536215,31.283978079502436,9)
(121.44059168109327,31.254660583700037,36)
(121.37230415573487,31.313197987334604,36)
(121.44405546320581,31.26131485926621,13)
(121.42934608074653,31.25333182145054,36)
(121.37648160359007,31.231536471037895,19)
(121.41800789575197,31.236209670951073,7)
(121.43316751064165,31.281032444639898,67)
(121.44142246178227,31.243123259681735,9)
(121.42011021674136,31.242102299683225,20)
(121.4453749163814,31.26374533882751,36)
(121.45939260595014,31.25448423864458,6)
(121.45926258248377,31.249696229009388,3)
(121.40543669648495,31.223766477725626,34)
(121.38064320024802,31.243885368317038,32)
(121.41110034142675,31.243813374381418,15)
(121.4257914133395,31.241872279944523,10)
(121.42870982385686,31.265583532806176,2)
(121.41494283586955,31.245615411175358,37)
(121.41268017445134,31.24683338218698,36)
(121.41866687311986,31.252977792184314,17)
(121.43948445597537,31.244902686223938,4)
(121.36535128083598,31.288615742056667,26)
(121.36407559568579,31.31052524408648,25)
(121.34702082525548,31.287973437886745,36)
(121.4204501972112,31.247706465557137,6)
(121.38148026066985,31.2904109880996,36)
(121.39269335884553,31.272311708593097,7)
(121.36496463656846,31.249442881216723,9)
(121.46308356137139,31.267351474052965,21)
(121.43912886677974,31.265553216877038,34)
(121.44732146631986,31.25723154412249,14)
(121.42617540576542,31.25072962495396,11)
(121.38234234574657,31.279737515543662,36)
(121.41991494198423,31.228923273893816,9)
(121.39963750465871,31.258190939339542,9)
(121.40327607359563,31.235775014461204,5)
(121.37631957022647,31.24979890937217,17)
(121.42097759030104,31.245246047047047,32)
(121.35446505760497,31.28075766532614,189)
(121.39804274060424,31.287568638765016,13)
(121.43948466115161,31.27655086538269,11)
(121.38654886010215,31.25694970963521,2)
(121.37063045011747,31.236347708359343,22)
(121.44294984716225,31.241240793279925,27)
(121.42749362449888,31.246494576825786,15)
(121.4079420824733,31.23550496897448,3)
(121.40421203178542,31.247782334354866,3)
(121.44458778827743,31.2541088538946,7)
(121.37716348995883,31.28763715902428,29)
(121.43891404184068,31.28629415350972,1)
(121.42333290667398,31.259574748509838,36)
(121.44358843660275,31.26332291919988,36)
(121.43033608951949,31.255933947144968,33)
(121.44302901882804,31.279387136641333,5)
(121.39517801106783,31.22942818335263,1)
(121.37414392098732,31.272967470199738,27)
(121.42521285787615,31.233295595118904,36)
(121.38278586559426,31.291338660676125,36)
(121.42343019375963,31.24092944373861,22)
(121.34831068134433,31.278633324052816,1)
(121.45831169356,31.247569617900936,18)
(121.441218130905,31.264961890373254,36)
(121.45772231778444,31.247757010183054,28)
(121.42308937407711,31.262481178102263,11)
(121.42001929477259,31.250058765625603,14)
(121.41926672372473,31.244273614799837,22)
(121.39914128864747,31.247168762728077,8)
(121.44224835176442,31.285452432018104,4)
(121.45994498168128,31.2731327492838,5)
(121.45145034012354,31.245517509088927,18)
(121.39928912272491,31.255803174917975,36)
(121.37188056491411,31.25083603418306,9)
(121.45517609702962,31.252929623050342,36)
(121.34747285796783,31.284693770705157,36)
(121.3767641760893,31.23248774328066,22)
(121.45713964668543,31.246852820585445,2)
(121.43355830283706,31.23912488407857,30)
(121.36517566054368,31.277079771938638,14)
(121.43463299663256,31.253529999352303,20)
(121.44868479115601,31.2600673321652,36)
(121.37936166947591,31.267766408981647,20)
(121.42343354845784,31.279402054017332,10)
(121.39675677285393,31.260501799119346,8)
(121.364972520346,31.313271641892126,9)
(121.40253477969682,31.25966427323161,7)
(121.42337762489286,31.245337458931413,16)
(121.37875879286877,31.266638266159177,11)
(121.36416000758605,31.3096908556661,9)
(121.43519963760612,31.28206240017346,8)
(121.4326973686856,31.24897029622867,3)
(121.39075150743463,31.290583960487034,32)
(121.40841741800516,31.262698980593896,30)
(121.42762176289982,31.23824375300999,28)
(121.42333221126394,31.251598267766266,10)
(121.46401895937012,31.256044413682094,22)
(121.42485681864108,31.251798189178402,18)
(121.40774436788816,31.250110528474913,2)
(121.42981900273514,31.25903482909182,33)
(121.42603080079162,31.253546987773362,25)
(121.39892228065462,31.23219905201689,2)
(121.37827302339075,31.277215352215844,8)
(121.46095674459379,31.267876877847538,2)
(121.43605718122134,31.24602888171386,2)
(121.38984515130394,31.278888578906862,72)
(121.36028560972329,31.241845915171005,11)
(121.4265774249029,31.278686224234303,36)
(121.43707160173751,31.257776714956957,30)
(121.4441094230519,31.27042476513312,16)
(121.44045005252238,31.267960532090697,37)
(121.34333709811771,31.292339748732186,36)
(121.4101545099236,31.243515391196386,14)
(121.3747612075582,31.254331259429126,2)
(121.40334161762092,31.233069577566873,7)
(121.44482649855368,31.254953257651742,31)
(121.39336819816167,31.26518508981649,33)
(121.39678646622212,31.24533815688246,12)
(121.37140826955637,31.26747660586415,18)
(121.449087972953,31.260785906498082,3)
(121.38814777554389,31.29606624360529,36)
(121.37659153020564,31.297150282122857,34)
(121.4241469970305,31.246140239717793,37)
(121.43616955756443,31.24087942807233,36)
(121.437828460298,31.248693271549143,4)
(121.42643315400086,31.239458368876925,36)
(121.41491953029261,31.252671892750843,35)
(121.3723030658523,31.272106745230456,35)
(121.43045297959519,31.279281736317326,43)
(121.38646436669875,31.2522315757311,36)
(121.45201127156244,31.248225127409412,10)
(121.4121128192896,31.229346594407446,1)
(121.4595488096143,31.255291126977685,35)
(121.40901887081014,31.296308273426185,22)
(121.396525513164,31.23591879668926,21)
(121.40982877061218,31.259282116592985,30)
(121.39698742158504,31.278091334093364,27)
(121.45558884333985,31.273275499833694,7)
(121.43146218272686,31.26586618868339,11)
(121.43609788612862,31.246037273864612,170)
(121.36757070543821,31.252704892481436,10)
(121.41238990320758,31.246119476081773,36)
(121.35800410024004,31.286970458699816,9)
(121.43128675840856,31.236269340454943,19)
(121.437505480119,31.252960026284413,5)
(121.42542908487884,31.261282854965952,13)
(121.44253998876752,31.256938390981528,10)
(121.44947077607613,31.255187695015206,19)
(121.38326589701606,31.25752490641633,36)
(121.3781224204088,31.248970884437107,51)
(121.3802605013138,31.274805473492606,17)
(121.38986528524397,31.230770522555463,1)
(121.45626573258816,31.268442049762104,2)
(121.38536034496488,31.23025573632224,3)
(121.41756029774669,31.25017910768879,7)
(121.38301814914051,31.24722378574606,33)
(121.4363438260558,31.23561181425974,7)
(121.42847004501822,31.263986299109824,3)
(121.39638826483704,31.28197608230095,17)
(121.42334531738786,31.273387313578358,10)
(121.42477919635392,31.24380670312299,36)
(121.42638716558265,31.23903821891834,2)
(121.44537150619722,31.245892914098114,27)
(121.44742880244107,31.2801375460523,11)
(121.43428784328623,31.236500805597647,2)
(121.43557050044708,31.25255539570876,5)
(121.4189255226953,31.228524877221943,36)
(121.40635241749897,31.276360063081796,4)
(121.38493846586117,31.282037501738536,19)
(121.42881074818307,31.265623453270397,6)
(121.38303604597135,31.28399241200626,36)
(121.41582797701845,31.25134311667293,24)
(121.4274469775469,31.238484022602826,8)
(121.45391473570828,31.270917934306905,2)
(121.43602494708941,31.243963631993637,36)
(121.38406504580952,31.242573162585963,26)
(121.43432163698805,31.25561429323009,1)
(121.39363744383152,31.28890108025052,36)
(121.45183882324196,31.274239118758743,18)
(121.4524013471609,31.251431184493466,36)
(121.45162857461001,31.245577238053325,36)
(121.43073150472755,31.237669994772087,36)
(121.41769189229638,31.269319319790384,1)
(121.37580217357278,31.26586249792882,37)
(121.37701878804923,31.293340276063322,36)
(121.40891749460864,31.229769281326842,18)
(121.39443960091702,31.247687045655216,2)
(121.4094083385122,31.251637088672197,9)
(121.43617266451234,31.26510905985861,1)
(121.37710889412337,31.27014087257076,33)
(121.3917236781917,31.238082162430295,36)
(121.43915278342166,31.276536808211922,28)
(121.45060260745767,31.2609011353228,5)
(121.4436695733995,31.25139768790542,106)
(121.43175715278626,31.26612964731143,34)
(121.37516670768778,31.253332321380284,37)
(121.41114634009938,31.24392041397527,33)
(121.4371171005169,31.26433748245154,21)
