(121.37558353435028,31.26647606394505,28)
(121.44926945980636,31.270965913502693,24)
(121.38412436556376,31.287105590036397,36)
(121.39892241578691,31.23374976194317,27)
(121.39917295597294,31.307600926586993,5)
(121.42442136519207,31.241837101313536,28)
(121.4435296201914,31.246927039087456,191)
(121.43114260398372,31.247134059982546,49)
(121.40391004780042,31.23202768152206,3)
(121.45618004683793,31.246553716098646,2)
(121.41991398995324,31.24709398039127,1)
(121.38216520084966,31.244936578811565,9)
(121.43552478188414,31.254982517653797,4)
(121.44840880155607,31.241807779569214,36)
(121.4100858812114,31.236165082265348,2)
(121.45226345094994,31.245537199422696,12)
(121.42568098673898,31.24496665141605,36)
(121.43734575026076,31.247312681384802,18)
(121.37381404057624,31.256948214759642,27)
(121.44241021833626,31.256776523946055,37)
(121.41733962974212,31.228987044412715,15)
(121.4135764188505,31.270716607003006,3)
(121.45137872065844,31.259560076520685,11)
(121.38834772778942,31.224534557276403,27)
(121.37894902530414,31.266468404609828,36)
(121.40734088147201,31.23356138194303,7)
(121.44439100341177,31.24331260110445,25)
(121.42410858099582,31.24096194920337,22)
(121.35847959432971,31.305025374486416,36)
(121.36710583174526,31.309236808904352,36)
(121.36242466617863,31.311565222881754,27)
(121.40519274948754,31.28921397652197,23)
(121.42870252394302,31.238183701346717,37)
(121.42002529652483,31.25408955917241,5)
(121.43734072999241,31.248165833417996,5)
(121.40749971538688,31.242495143452512,31)
(121.44067403755555,31.264114346131525,36)
(121.41308573704177,31.289148215965618,1)
(121.4469528500534,31.283253578855817,2)
(121.4131670256887,31.235489147577972,17)
(121.4064097324495,31.24568633577629,37)
(121.42381921935977,31.245236085645587,36)
(121.38695775229839,31.29387096901687,13)
(121.4623830927197,31.262618075053105,18)
(121.4157861915371,31.27261353208692,3)
(121.4316850219128,31.25221086706627,36)
(121.45261343403774,31.277792397985714,13)
(121.38880744867235,31.281994425792575,27)
(121.36586081839707,31.276509559122303,4)
(121.35953371666236,31.28079962484156,93)
(121.41166393161929,31.229232638439363,31)
(121.45935677828909,31.258290594243892,15)
(121.42039911001002,31.24769008062444,59)
(121.42178973321116,31.262524111166552,19)
(121.43644516820744,31.24136828814953,8)
(121.383104759768,31.284027423510263,21)
(121.4004733490563,31.249569365378324,2)
(121.41040211211923,31.22820619544358,20)
(121.36430162667615,31.311722667338113,36)
(121.38654733309252,31.2394159338317,3)
(121.38045601082047,31.290351902531633,73)
(121.43155741894071,31.270026240099945,6)
(121.41342205909983,31.261304962424703,27)
(121.38698786239162,31.27039312410945,14)
(121.44595605814355,31.254493090692915,23)
(121.42637557797859,31.278007119385887,2)
(121.39555227421086,31.273608811254277,37)
(121.38557259639899,31.276618236145133,27)
(121.41054024605903,31.269539944326144,1)
(121.36511561560367,31.31237066131363,36)
(121.4529830421163,31.27549960049548,1)
(121.45962848923145,31.250458008228673,9)
(121.45479487766067,31.267880199581697,5)
(121.39063394916538,31.25937300672339,33)
(121.41941364510375,31.25427873092314,3)
(121.44763440578184,31.25753737771636,10)
(121.4388222609795,31.252609046832134,19)
(121.394512440729,31.259577313092016,9)
(121.38602763529686,31.28326236616224,4)
(121.43105008203726,31.24761014049542,17)
(121.38294697183782,31.29045546350558,10)
(121.41244984362059,31.23075916648165,4)
(121.42538281323077,31.25764231801727,16)
(121.38312916465625,31.284123127420557,37)
(121.39294529404548,31.235126572621244,36)
(121.40722453017314,31.22879190788091,8)
(121.38398784249601,31.26050542278458,34)
(121.44065938729136,31.267826950479567,3)
(121.35072983834276,31.28212294094949,6)
(121.437424192456,31.260082504037392,3)
(121.42247350163228,31.26037525770748,36)
(121.4293297876497,31.249746258666608,26)
(121.40934338017757,31.29781935688917,7)
(121.4366898182268,31.25326625408774,36)
(121.43342105170832,31.2454789010148,17)
(121.39900762838656,31.24728089061713,37)
(121.45043237097947,31.265257326268976,19)
(121.44606488434941,31.254961739505283,6)
(121.39104263676084,31.27627354742798,28)
(121.38833702830013,31.27405644392647,2)
(121.43087564077472,31.23571136079321,3)
(121.41113135239988,31.244021461923385,16)
(121.37521389659369,31.237675499973786,9)
(121.37800910183296,31.258548951225496,36)
(121.3690785389259,31.287853707724242,34)
(121.4091034922153,31.24585589210833,29)
(121.39678878209699,31.27189166318399,8)
(121.44685271890293,31.24177603939401,6)
(121.38627930518257,31.230627702055315,9)
(121.39919736250376,31.231909013243445,5)
(121.37274433853666,31.25592539751161,13)
(121.39895231972478,31.232511205537076,4)
(121.45186750592724,31.27007162594161,10)
(121.42671478490193,31.238639751716825,71)
(121.40158348337668,31.293247017110836,30)
(121.40494147455202,31.265768494948638,27)
(121.38855122977769,31.262689793368907,18)
(121.44148881547152,31.255524402313796,17)
(121.40451493192201,31.30349454789113,21)
(121.40962306759218,31.225956448297612,26)
(121.45431615882673,31.252442168053847,36)
(121.3899331595013,31.282707203011547,13)
(121.42525088203034,31.247758657469312,6)
(121.45243062908774,31.247441764491338,6)
(121.43811827575675,31.262176190991127,1)
(121.3964678662202,31.24053215090639,8)
(121.39919892142903,31.27096565718173,23)
(121.389612839143,31.282096723615815,36)
(121.40987438185405,31.259066226502195,27)
(121.41107729280144,31.243195101526098,16)
(121.40242524154519,31.2308233818895,23)
(121.36864722638528,31.245666644961368,2)
(121.4221413368259,31.229935344973352,9)
(121.43992013371644,31.263237641609287,37)
(121.37413185737489,31.306953090503566,11)
(121.44730647811234,31.25700347133595,8)
(121.43931276816564,31.2795108104767,37)
(121.42548743951073,31.244982011486982,22)
(121.35094028876323,31.282199346992392,36)
(121.45186146330614,31.269420362509376,4)
(121.42388010529059,31.244564739809746,13)
(121.36762351736134,31.23795739051352,26)
(121.37159634570233,31.230362433157175,17)
(121.3867957921592,31.287858879974564,36)
(121.43223999250483,31.23747366265246,19)
(121.41077496550237,31.273054106925475,9)
(121.42397872805242,31.241275189330143,33)
(121.44387147967349,31.245895398614167,36)
(121.42519936859176,31.239494262281827,36)
(121.45282507331206,31.25638187872487,3)
(121.45325989133697,31.26615722906389,19)
(121.3821293415876,31.294021082687255,36)
(121.45522355140055,31.252396394497346,1)
(121.44729831065408,31.24193071652539,6)
(121.42095562738324,31.264832732715785,17)
(121.39170864393303,31.237817032655354,20)
(121.4364445885654,31.23470326800258,1)
(121.43890684478193,31.260956560976155,12)
(121.3696265382116,31.23639498898489,3)
(121.36663232452207,31.266862644712386,36)
(121.37644659603164,31.237030154682373,16)
(121.38938141366236,31.256503739243833,17)
(121.35410122012601,31.285136125957404,17)
(121.44502818537065,31.24576743459358,16)
(121.38297732651594,31.29413295979586,37)
(121.45142643663776,31.249620197688312,5)
(121.42330219165076,31.262529044458365,15)
(121.42873973106848,31.265613338836783,9)
(121.43207219851209,31.283094544464262,33)
(121.3824568378847,31.283870322486873,18)
(121.40574603898226,31.24629180943211,36)
(121.38484441405208,31.28081672715576,35)
(121.37353909950052,31.25083819006484,34)
(121.42401096359423,31.255778593555387,36)
(121.42799616676061,31.247696644374983,36)
(121.36405459875499,31.241786815783534,10)
(121.34744375606616,31.28419307018331,14)
(121.37644493644827,31.281167681345643,15)
(121.36704940749071,31.236450875655652,36)
(121.45878250295534,31.25573914928138,11)
(121.4324708198995,31.262041261477762,6)
(121.37759779344111,31.272849576750282,5)
(121.39369348614015,31.231589386778133,1)
(121.4081889170373,31.26819833954465,26)
(121.39187228068876,31.278174643387135,36)
(121.38944245780691,31.256414745073222,15)
(121.4429956132348,31.282186975250692,3)
(121.4100865643982,31.244000617725185,4)
(121.3433555001573,31.289493456723097,23)
(121.4193040179503,31.254284407980876,32)
(121.3701170986878,31.26619931284598,15)
(121.39926666691555,31.246576665380196,3)
(121.40506033707413,31.26170450949804,36)
(121.45000018743227,31.25198738419406,36)
(121.44077181235025,31.24057685275653,33)
(121.43383395068139,31.2625568896338,13)
(121.35166576604104,31.28165841247411,37)
(121.37955351078277,31.274626503771238,1)
(121.39237381213493,31.24566898050306,15)
(121.41038880884042,31.228143292792517,17)
(121.40159334863974,31.23435581907195,14)
(121.39654256696268,31.25938922359882,8)
(121.42977159469623,31.24222145851637,13)
(121.41984724274374,31.24329685216123,36)
(121.40992079340806,31.242838267670532,49)
(121.37847576136384,31.277139484158667,37)
(121.44856196123838,31.268149415253415,1)
(121.37388192767804,31.242961123225875,20)
(121.4385647867438,31.26512683318024,11)
(121.38468504032859,31.257860479762932,29)
(121.35314682480663,31.29517942789736,11)
(121.4526437154753,31.27035022683273,11)
(121.40465359818586,31.230741683154015,36)
(121.39859987706915,31.29786394978299,36)
(121.46375928568398,31.25665219270233,18)
(121.43619068979856,31.269109616886045,17)
(121.42864558319728,31.249568853963666,32)
(121.40804773281621,31.254134457261948,7)
(121.44622628904264,31.241565630200274,27)
(121.43791139262161,31.282526018723274,27)
(121.33360741987393,31.299484961911382,46)
(121.38518658953447,31.251809146728142,37)
(121.45699501866268,31.246897148134558,30)
(121.46295492400259,31.267404796026806,36)
(121.4173775417489,31.251781899497278,29)
(121.43884115108884,31.286127189048777,2)
(121.40014914656753,31.261083866292143,8)
(121.45391466291515,31.27007858047065,36)
(121.36850659988205,31.2909552914677,18)
(121.3642986268794,31.30944457217493,34)
(121.38679614534124,31.257279348210528,25)
(121.39250288028505,31.233912752775648,8)
(121.37707803103565,31.272201703677027,11)
(121.40991045245656,31.242368909277054,36)
(121.38892498355706,31.279042961798236,10)
(121.37643918863854,31.264412096968123,80)
(121.42295948678226,31.262481271255083,20)
(121.40597348708953,31.239847931769877,36)
(121.42274563440024,31.262069245787252,8)
(121.41595864281412,31.24436922054926,17)
(121.42526448535295,31.247753260287148,33)
(121.4323544652032,31.24468277998434,21)
(121.45270358773162,31.27072306493519,2)
(121.40350752939865,31.23424266438088,61)
(121.44501924408416,31.252445706999147,1)
(121.45028931654421,31.257342196002003,11)
(121.45246894316682,31.27974048699229,1)
(121.41403253258107,31.295090653068662,3)
(121.43707715715854,31.264250498772345,20)
(121.41596589873522,31.23992983325353,1)
(121.41965392603942,31.25450191182289,2)
(121.44179273681316,31.249547309628397,36)
(121.43898452617665,31.258817526034942,11)
(121.41296882654117,31.232443809179635,5)
(121.4295324342529,31.240896463900803,1)
(121.41129027740979,31.232125042309814,7)
(121.44759621889897,31.261074722227193,31)
(121.4063101066892,31.29247122131462,34)
(121.40234413482005,31.26421519253899,10)
(121.38060172525954,31.29649449857868,34)
(121.43556929974392,31.238755241694896,18)
(121.43786947419831,31.272417434549215,1)
(121.38372549490296,31.229437740886674,37)
(121.36657644302008,31.24626559921845,2)
(121.41340225419084,31.261333358225055,19)
(121.43555719852206,31.283258436899153,36)
(121.45175049870404,31.243862448306967,5)
(121.43736172395688,31.264550244062136,14)
(121.39017354725549,31.26717100593847,36)
(121.37240145978902,31.263379172226614,18)
(121.40637919947065,31.24788954672345,17)
(121.44457210437155,31.245894249543436,16)
(121.37760930524995,31.232515887831592,18)
(121.36497252034958,31.31325704192536,36)
(121.42645023718326,31.263544960948717,19)
(121.399963139471,31.272039903873267,23)
(121.40231028145381,31.231575704247966,11)
(121.41825341920865,31.2333572070604,3)
(121.44288940887695,31.266958516720784,4)
(121.40987818279038,31.259135427156444,17)
(121.41121530819298,31.243740320690435,33)
(121.4089797617933,31.246092665982374,18)
(121.44380798741778,31.27929632838895,9)
(121.45197972159433,31.25254685682794,11)
(121.3875753042238,31.296705043818758,37)
(121.43170889162278,31.26254633368482,6)
(121.41049493497538,31.234418503117546,1)
(121.42635157137727,31.241979326316784,24)
(121.4239787064347,31.241027077625528,36)
(121.35431265614358,31.309552063497502,36)
(121.42768717499321,31.251034451901337,36)
(121.44393410918376,31.256954993676917,16)
(121.36487510668745,31.312869331380696,26)
(121.36523356404889,31.28861542811848,22)
(121.41114630092827,31.243471212818342,30)
(121.38392172720803,31.2708941898506,36)
(121.3856151638607,31.24817105551756,7)
(121.44119619339128,31.265222034718832,36)
(121.44194483761002,31.242446909952513,7)
(121.4541040256107,31.256501374336686,27)
(121.41187869250997,31.23861488061128,9)
(121.41498876824552,31.232119977413237,1)
(121.41454245504987,31.257814664909915,1)
(121.4405188877316,31.258181095048357,6)
(121.44302609323273,31.245734686078226,12)
(121.46157296414306,31.25206354518821,29)
(121.36155886250276,31.28628895705088,31)
(121.44233423082105,31.255285992741772,36)
(121.3931891776218,31.23188323285754,2)
(121.37927817313383,31.274788271397536,24)
(121.42240268448727,31.263965436020282,37)
(121.3793955164084,31.299990580773354,16)
(121.43773826013347,31.24018760150549,32)
(121.40506000955604,31.257950887151736,32)
(121.36853283921421,31.247094789735666,9)
(121.38945844724257,31.256137636014174,36)
(121.4087725739574,31.230493626405778,34)
(121.41189265340655,31.22674043797022,32)
(121.45788462322157,31.24783760152098,2)
(121.45965302545838,31.250271650906956,2)
(121.43491774622882,31.25746103521005,2)
(121.36415260663829,31.309410655453338,21)
(121.3829882501438,31.24714818554503,3)
(121.41932412282445,31.252548015518016,36)
(121.35563647116129,31.301983315714455,36)
(121.34695822123915,31.287051036528375,11)
(121.36189883467209,31.24397844710753,5)
(121.40399683956014,31.234438299184255,2)
(121.41586840893373,31.252646925396956,36)
(121.41979395928601,31.231643984324442,6)
(121.37476007864927,31.310028647034642,19)
(121.4147433771658,31.29223694701494,14)
(121.45377000778497,31.270038854854022,36)
(121.435836406307,31.25883096754181,1)
(121.43587841623481,31.26015557321825,1)
(121.40337939847959,31.23545433604531,31)
(121.44236097548102,31.28184565974754,2)
(121.3744862832545,31.24830626481418,12)
(121.39682699677878,31.27413361914516,36)
(121.41122112690569,31.29779988018539,29)
(121.4226496429886,31.236476939564042,2)
(121.36487351578016,31.278481408121284,36)
(121.40793430518806,31.245615850374918,36)
(121.42038410548317,31.235417100614686,5)
(121.36157526610607,31.29701539854374,32)
(121.40525545093845,31.261658267436708,28)
(121.34635888257584,31.28148491678024,3)
(121.36832721690155,31.309344662736173,10)
(121.37127288443065,31.31357494363785,35)
(121.42217361366255,31.256343162510056,8)
(121.4351576702579,31.25361207623244,33)
(121.43489259754875,31.25338261294759,33)
(121.39104644434832,31.22675104780069,15)
(121.39251805332717,31.2357776124394,1)
(121.4201815339004,31.234841028138224,7)
(121.42258430326015,31.245244984866414,22)
(121.37700877919683,31.293396286654644,36)
(121.42326419929697,31.262232944886218,4)
(121.42797484258895,31.234814440833855,36)
(121.43719890597464,31.240666970749178,20)
(121.44316054894078,31.28252690465024,1)
(121.40328733360126,31.229919122233564,45)
(121.41468071951972,31.272959080523776,18)
(121.4404638494289,31.23870658916471,3)
(121.4047341577295,31.282913379749488,36)
(121.37763583793637,31.272771587744316,27)
(121.44309553001527,31.25227247106211,14)
(121.44234006204486,31.24210583084879,8)
(121.39151436243843,31.282172058932584,13)
(121.3973504702902,31.243792416664494,18)
(121.44270675516297,31.25786553161196,36)
(121.39279733194915,31.23563435765579,12)
(121.42807910026818,31.236544554743684,2)
(121.39734440822619,31.253023795384742,2)
(121.39789505659682,31.269018910438856,26)
(121.44630030524026,31.244832237249355,21)
(121.38423335004754,31.243977947787595,20)
(121.39945898580672,31.23322878392518,2)
(121.4359956420191,31.25329930895269,8)
(121.3740988380842,31.272780335104965,3)
(121.38271358520889,31.24309110793004,3)
(121.40927705266802,31.23668641380564,10)
(121.37506804563462,31.25404001355327,16)
(121.44225067102556,31.25854754257007,9)
(121.380861075862,31.285385322544652,36)
(121.4075810611919,31.246500932422865,19)
(121.36724921954679,31.241877618214524,2)
(121.37893314732976,31.27775015494593,14)
(121.42350664044254,31.246832030000775,3)
(121.41021486581423,31.255401204521224,14)
(121.42286829927583,31.265173830522517,7)
(121.44780811904505,31.25790297516407,5)
(121.43752459180664,31.241973618680337,4)
(121.40843652836435,31.24571145412393,35)
(121.43666270845428,31.28591508400533,9)
(121.36636192166367,31.309085117695933,3)
(121.40989008572183,31.25943302904597,19)
(121.40134150736215,31.280778034126033,36)
(121.38137829130893,31.257685213383798,7)
(121.36220494346567,31.25021470057996,14)
(121.38667069180893,31.29382911830244,35)
(121.38794637997107,31.25920082109725,36)
(121.4246993296457,31.27883085139642,15)
(121.38060116613771,31.29007994611985,54)
(121.40976035375428,31.259260702410593,1361)
(121.4478554523242,31.26301940548896,1)
(121.41020151683061,31.2551555345903,35)
(121.42634222724621,31.239206333918222,22)
(121.4260313436101,31.25977469887677,36)
(121.45003167735776,31.258431140638297,10)
(121.38596228924376,31.280041989567238,13)
(121.40598980967194,31.24354059307982,36)
(121.42394970241016,31.252140046314235,4)
(121.45944640593204,31.255469611862804,2)
(121.36443724559872,31.311577283335502,29)
(121.43257706842607,31.265652543323373,19)
(121.39047328965519,31.256199382460615,37)
(121.44524288575863,31.258765790511344,10)
(121.40729086948319,31.22528938723241,4)
(121.43576688964916,31.255378260503903,9)
(121.44336782799476,31.284635746953494,31)
(121.45490182085678,31.271094541997012,6)
(121.37308106482497,31.258391905162085,3)
(121.45513185932938,31.259055600164317,4)
(121.45496519039824,31.271049852679766,1)
(121.38380863992379,31.229617030902823,36)
(121.37888820370151,31.269427592040405,5)
(121.45957660207782,31.27322091944762,36)
(121.44152988876196,31.258825250483802,5)
(121.45149185004583,31.252271603498077,36)
(121.34034358493159,31.29872746946326,36)
(121.39324755007003,31.2689215066315,8)
(121.39670821689687,31.267022570371026,2)
(121.4256868151069,31.249692581178827,2)
(121.40109483484072,31.28736253644529,29)
(121.38186514315628,31.23650954609172,5)
(121.39020395901221,31.23111908395525,2)
(121.39073649741535,31.290604958708002,31)
(121.43380250658919,31.24547444539231,36)
(121.41124414306094,31.230457284822158,4)
(121.37182857464803,31.26340642954126,18)
(121.40236895510202,31.24750170808865,36)
(121.39015184037069,31.282458270044028,37)
(121.40174194402057,31.24074675220816,3)
(121.40935015290815,31.24392124702961,25)
(121.40535589853474,31.244949185322344,37)
(121.39749038329221,31.263420364747486,29)
(121.42667881759309,31.261504884177363,36)
(121.41097133661961,31.24342222202613,36)
(121.37719424599074,31.27209972678938,9)
(121.42208452876673,31.279424370348412,1)
(121.42456519290862,31.229952579042003,8)
(121.45527718078665,31.268276038068496,6)
(121.42237168477189,31.24757516968041,36)
(121.42744758986322,31.245514182070064,2)
(121.40565915049518,31.22442842208035,5)
(121.41081837485955,31.243475271918285,70)
(121.43331731842981,31.249944588969772,3)
(121.37846515933614,31.277328282090135,28)
(121.37127308445281,31.313621343560637,36)
(121.41469207918546,31.231294761210567,37)
(121.41765225243205,31.25026810357548,22)
(121.40673918585051,31.27062339168285,8)
(121.3928995756476,31.23872217823768,37)
(121.34860850760512,31.28425600074201,30)
(121.38026859860267,31.2963931282924,20)
(121.41713557914098,31.228758302100974,19)
(121.43868141216649,31.286020371194002,30)
(121.38841751972569,31.23292148238889,44)
(121.39721550535393,31.26631448727512,9)
(121.44457284468491,31.254503413109735,22)
(121.4309087906822,31.26085747702059,8)
(121.37412886754124,31.27260830075804,18)
(121.41326712069481,31.261415529790685,37)
(121.43063248181477,31.242595165749485,8)
(121.38514807554277,31.287124466225755,35)
(121.42817119199849,31.250785251239297,22)
(121.42418381259326,31.25588050572975,37)
(121.40264627440504,31.23065634823947,15)
(121.39991867989812,31.2784095446185,36)
(121.42327871633397,31.24538355177047,12)
(121.39733446448746,31.265772069567358,6)
(121.38268163460002,31.232573310176377,8)
(121.36256390909203,31.24703401422808,1)
(121.3712768850798,31.313609144108863,36)
(121.43576724510001,31.24161427865928,5)
(121.36436563619307,31.309467579854807,24)
(121.37049383905027,31.290774982557476,19)
(121.44993291801511,31.258660424521747,12)
(121.44048381039272,31.257612825021013,2)
(121.39216079044637,31.2310622469949,1)
(121.3893951061251,31.241349040099934,36)
(121.4109057576145,31.241985105375406,1)
(121.41054166782015,31.231171050085713,77)
(121.38376489792815,31.25675299256312,1)
(121.41124778543613,31.272214671717304,14)
(121.3486090694292,31.29074962378177,1)
(121.37765131246879,31.277989778621794,36)
(121.40533245302251,31.22838565771678,2)
(121.36497173169623,31.27094673606892,25)
(121.4044172478582,31.258046203240127,22)
(121.42153439180294,31.26477328460635,2)
(121.40188362920102,31.236725965070242,37)
(121.42284676370312,31.27599506620121,5)
(121.40897626093304,31.246075365289613,14)
(121.3820681768703,31.292950596002516,22)
(121.45118849744395,31.274699311737137,1)
(121.38270530990427,31.236307686333355,1)
(121.38242680774138,31.283922314079092,16)
(121.38576040204245,31.289589867486075,4)
(121.40402007462609,31.22687071371231,37)
(121.4421252422284,31.26415538192556,18)
(121.45253345234188,31.260235557395593,1)
(121.41142123171305,31.243435144938843,36)
(121.42271359223308,31.238348793375014,2)
(121.39277612422372,31.259370106322557,6)
(121.3472503639154,31.286172486262675,3)
(121.44269049612068,31.24305201753238,2)
(121.38708555384017,31.28192670613805,10)
(121.40582218928844,31.247973561194836,36)
(121.45410528145129,31.27098657853458,10)
(121.42286453219118,31.262064159542064,36)
(121.45586263217044,31.267180357916473,4)
(121.43780209668498,31.254129134229462,12)
(121.43922037552824,31.254714625561828,37)
(121.39021520669863,31.269119750109954,8)
(121.45054892579098,31.251665211311252,7)
(121.44110534418704,31.265063104245392,6)
(121.41724744034923,31.238318947313132,27)
(121.45045096608372,31.261084500786307,3)
(121.33512084276691,31.29930477951535,19)
(121.42836978934702,31.24826454192614,24)
(121.34866041523642,31.28189613091031,5)
(121.38441565092464,31.26064392659265,3)
(121.41244237905455,31.248339109228503,2)
(121.44234785684608,31.239797090244867,24)
(121.3942977879058,31.26506671432086,1)
(121.44167212000302,31.259103876284296,12)
(121.44630220484481,31.241635343399103,13)
(121.39159718535181,31.240221254810447,7)
(121.40230966222796,31.2456703306655,46)
(121.40484430192652,31.23859428482973,1)
(121.3946413309324,31.245939393377764,34)
(121.3483344704891,31.302222649778408,14)
(121.44930323657478,31.280744921990415,36)
(121.36245669537365,31.245541805655602,3)
(121.42254101891344,31.267938457069903,3)
(121.4184624080995,31.23061407647574,36)
(121.4479391450986,31.255393202364353,15)
(121.43612852297046,31.2741629428844,4)
(121.3962356824733,31.23959733280424,3)
(121.37737775864163,31.270895026666043,17)
(121.44639692531284,31.24483525418589,36)
(121.3928037044137,31.275395063941414,36)
(121.40112479296117,31.286784310249033,3)
(121.39654950403131,31.233375947313647,1)
(121.41129130602002,31.243923388456444,31)
(121.45353968944607,31.248508996836737,13)
(121.42411032419075,31.260961765726453,1)
(121.4371047971299,31.257058716771283,4)
(121.40593728084036,31.26043001922226,4)
(121.38308576272175,31.24713729730265,4)
(121.40727253552373,31.263267265126508,28)
(121.37579269605038,31.254418558018166,33)
(121.40053893085258,31.237648345107747,6)
(121.41087293054328,31.2614411569218,36)
(121.34906662159578,31.285794453950363,8)
(121.36497222030331,31.31327224185551,36)
(121.38449715014372,31.239042953595703,6)
(121.41553904127358,31.23517323120639,16)
(121.35473500660099,31.28087501861625,2)
(121.39513295752751,31.284192973581032,37)
(121.43318409268024,31.23063345166638,12)
(121.41938903862025,31.238049371359754,1)
(121.38274583671699,31.26855624116002,2)
(121.39004750615432,31.274129738125637,8)
(121.38613460636847,31.23574391975369,30)
(121.44445151899525,31.25484309072521,537)
(121.39762215121341,31.294444225468634,9)
(121.4549308039058,31.27226311227454,1)
(121.44402992665466,31.244071234763574,37)
(121.43202581108908,31.2320714386096,5)
(121.4109713146352,31.24317010903198,32)
(121.37277539628248,31.256044489724914,36)
(121.4259627118656,31.263187226910766,36)
(121.45873749665158,31.260046134798376,9)
(121.3886635317217,31.25352890478337,13)
(121.39916637520031,31.232191132172908,33)
(121.4309521834565,31.243067603599126,24)
(121.38002776675278,31.28218113711416,6)
(121.4066199638324,31.242864510177075,1)
(121.39923921296786,31.231733412136226,2)
(121.36846957058799,31.314358312544137,20)
(121.34493962500382,31.296823315828526,4)
(121.42673683825673,31.239521130824983,36)
(121.41323443346236,31.24042936814681,7)
(121.36496191885402,31.313242940712325,36)
(121.39765162679532,31.276821083461865,36)
(121.43713125159167,31.24338328265674,12)
(121.38021414404474,31.28384101392939,23)
(121.41944325233568,31.252649740240855,21)
(121.35688132093435,31.292040619093562,20)
(121.4418207525406,31.259111803737238,2)
(121.36374865135886,31.308240312002134,20)
(121.40038259991817,31.287167263678207,37)
(121.37148558322869,31.281207441349682,37)
(121.448426762542,31.24180574619768,8)
(121.43496848615524,31.253407529261025,10)
(121.4400793657882,31.246936702023234,2)
(121.43046794714796,31.279126656586392,39)
(121.4073720671807,31.258701408633087,36)
(121.41830608726728,31.229920602867498,20)
(121.42786882744329,31.276540165264958,2)
(121.45599099867174,31.25206455119081,22)
(121.38927515628491,31.23717910234234,23)
(121.37210495545395,31.28587716802527,14)
(121.4428075682817,31.263494576770327,34)
(121.36377685494749,31.3092364129403,19)
(121.43506732714566,31.253285352057787,13)
(121.42658470694326,31.246005535406127,3)
(121.40738494931752,31.233658141616242,1)
(121.46338325260126,31.261377767786705,1)
(121.38306675222456,31.283514718201047,23)
(121.40924134745192,31.241427760268916,14)
(121.45724223349762,31.24662094155909,28)
(121.40893495077732,31.246174056530858,36)
(121.37176636464267,31.250579769851907,22)
(121.3949839452018,31.239161528610328,2)
(121.43578669507282,31.26014445536927,36)
(121.3797134913426,31.299292632574858,58)
(121.45891317314457,31.259658606197075,4)
(121.4331998454494,31.239527488708255,27)
(121.41258020247068,31.246797390996097,23)
(121.4302767639174,31.274270839757044,8)
(121.44168431857787,31.24031621327699,36)
(121.39076463641035,31.269001078399427,7)
(121.42883650872092,31.262744411207606,7)
(121.41688823958921,31.238031364212425,20)
(121.38712138686638,31.293919297951934,36)
(121.41509921882074,31.269295391963954,43)
(121.41479139376827,31.2353855987482,27)
(121.37803840915366,31.238784926791375,13)
(121.39866542520679,31.269461386654886,34)
(121.45274089284027,31.252018134004217,32)
(121.39579411063681,31.244947511588627,11)
(121.37047018894262,31.28372610159791,1)
(121.38541586965893,31.235634247150042,30)
(121.41232417942864,31.280014688987848,14)
(121.45968979098313,31.255810221637113,36)
(121.45986406814457,31.272990338207784,2)
(121.42666853833606,31.28109113511824,2)
(121.45165308354865,31.25950452400971,31)
(121.37081835816635,31.244683882078554,9)
(121.34704532730558,31.286872341746804,29)
(121.43390433259016,31.279559964778983,36)
(121.38734122527892,31.240906259617493,36)
(121.3997590543349,31.26087578898299,40)
(121.4233315726424,31.244271016116667,7)
(121.43020687783917,31.251650204540432,15)
(121.43576449065144,31.264065843588106,2)
(121.4191545178924,31.252523333627575,14)
(121.46267590199055,31.269752438124346,30)
(121.44834100808637,31.253997313498665,1)
(121.4151064764691,31.245821645056413,23)
(121.38332006304512,31.286680301554743,37)
(121.44682781376233,31.24177573505477,17)
(121.43150795588753,31.23729539638575,19)
(121.38857000527653,31.231132386503642,37)
(121.37855070013138,31.245685906826893,7)
(121.44434571594404,31.24321282494702,8)
(121.38974295122175,31.28227669546558,5)
(121.37586973366511,31.253596290869677,36)
(121.44374173287807,31.245908615005682,34)
(121.41208533504941,31.25809947379387,36)
(121.40635051800996,31.24572622351942,37)
(121.40270164972871,31.257771485134608,20)
(121.39038691618795,31.259642991516547,1)
(121.3499611100801,31.280957088787446,36)
(121.40816608315238,31.25121151842494,28)
(121.39312125422501,31.23329083802132,30)
(121.46341038783251,31.26433942681069,22)
(121.41151970700298,31.24452903704738,2)
(121.37474823636995,31.277906280527382,25)
(121.44015891136968,31.28658547347004,36)
(121.42956256256936,31.248100495749597,7)
(121.4368725479434,31.253502115083627,21)
(121.39064571766944,31.236562759786146,5)
(121.44635131584006,31.244833346194405,26)
(121.43651642846807,31.268589090452448,36)
(121.36995424226501,31.23629992357911,14)
(121.4379733135475,31.240625645753376,20)
(121.41121833094672,31.278381246778466,1)
(121.39751300760747,31.248741738728402,19)
(121.42102104569886,31.239380385162846,11)
(121.39238183480465,31.2692903118283,36)
(121.40624054341504,31.246630556587757,2)
(121.4045552605925,31.249933326679454,37)
(121.42159978504662,31.246057403094646,36)
(121.45210906960213,31.254537299594666,12)
(121.39286864520541,31.25736362783751,34)
(121.4366289243661,31.25337638288162,1)
(121.4489433758708,31.261776598089806,29)
(121.39224438352868,31.253294272539936,5)
(121.389311943706,31.251786623706632,16)
(121.4521399114039,31.259022370563926,36)
(121.40014463972672,31.242665194414517,1)
(121.39016164578682,31.259142920238627,13)
(121.453956716784,31.24785060621602,12)
(121.42599862142228,31.23964582756924,7)
(121.43682973728383,31.273325432631754,11)
(121.42095611704134,31.27400949749701,36)
(121.42159371692196,31.252166720194992,37)
(121.40475462459091,31.253864076707025,23)
(121.38948270877852,31.281861532879415,26)
(121.41058445699431,31.255471781327962,36)
(121.39554094696457,31.29792175381374,27)
(121.44062723623475,31.242473922369413,16)
(121.37758277666393,31.272889576257658,20)
(121.44865827829567,31.242009418283565,26)
(121.44969919694145,31.24692621669601,11)
(121.4085058085668,31.232875738678906,20)
(121.3685665715318,31.24043834272423,1)
(121.39128299240352,31.256990272259458,12)
(121.45808382662234,31.253819870071837,24)
(121.43061984796266,31.26873915281504,6)
(121.45602298206856,31.27581765686736,11)
(121.41374193779846,31.230855787607656,36)
(121.3973314638338,31.265300669938394,24)
(121.3798578250492,31.26906572078591,36)
(121.37644059412926,31.23124394071073,2)
(121.44266863819281,31.26355395124825,11)
(121.364175709232,31.311629053058994,3)
(121.44224921013698,31.241738119011924,31)
(121.41107703502371,31.240238772127974,30)
(121.40989198619901,31.25819333187958,36)
(121.425346404653,31.24092548996598,36)
(121.37867651304312,31.287651887170192,22)
(121.42785187574542,31.25395754115718,45)
(121.38884087705473,31.278664742484477,34)
(121.40641563412157,31.2385970506444,36)
(121.45287066211192,31.252890261151066,10)
(121.38957674067562,31.25200785859329,22)
(121.44416795554736,31.24652619609761,10)
(121.41094990736435,31.261370113128915,36)
(121.43356729726835,31.240103788210792,36)
(121.38941241216175,31.25618362247374,35)
(121.41424972730515,31.23664935426035,12)
(121.39656928618736,31.2751364010019,37)
(121.41194201402205,31.289856226409583,33)
(121.42864531060323,31.25790450742998,14)
(121.43232785825214,31.283164284827812,26)
(121.36715057274348,31.247902164881125,36)
(121.42892607235163,31.23796232886435,23)
(121.34584168737616,31.297827376265708,9)
(121.44684651762267,31.241774938315608,64)
(121.4320570247534,31.272022995947637,23)
(121.39016544548431,31.26717620443942,36)
(121.42594525059307,31.23961841581088,26)
(121.44166373693233,31.258304344521104,31)
(121.39576541879232,31.273906038577127,36)
(121.38683905149685,31.25590849786365,36)
(121.4338317611105,31.237402777706663,18)
(121.37356856957187,31.244222290200856,41)
(121.42550341954542,31.240750641920304,2)
(121.3958761113126,31.22377090182189,2)
(121.42052094350004,31.268308364629423,36)
(121.43545462409355,31.240469161878256,12)
(121.36398658403145,31.308240939095395,7)
(121.40650067459498,31.28588110484686,2)
(121.43657676973442,31.273595118932842,1)
(121.42468011955816,31.241836897896896,9)
(121.43241692718829,31.262426488425834,2)
(121.38782144083395,31.259579694966433,36)
(121.45152279978258,31.252781844258493,1)
(121.45136511583678,31.275241764594764,7)
(121.36473300395691,31.24944255415147,34)
(121.40455378007185,31.277145592683866,17)
(121.42420748238068,31.240883838048703,12)
(121.43985902922765,31.258957327617146,29)
(121.44359823605143,31.251842142455796,15)
(121.44897296926094,31.257846844804632,1)
(121.36493751549104,31.312916338591503,23)
(121.42878043957772,31.23826366169968,28)
(121.44636411850094,31.244838248430113,36)
(121.39162730708115,31.269091687295038,4)
(121.38128043614876,31.283690065827933,28)
(121.41081831477138,31.224487788991645,9)
(121.40953653595689,31.242649079440028,20)
(121.40554511546944,31.22435180153854,5)
(121.3895993409832,31.230569284182604,36)
(121.41746042367396,31.23950438541086,4)
(121.43856844850956,31.242737755533945,10)
(121.43700168527259,31.245972613609368,36)
(121.34688901268544,31.298781205880136,37)
(121.43638655807723,31.267729896592083,25)
(121.45883868077219,31.274776194754775,1)
(121.43846842649705,31.24558273122401,6)
(121.40240258159113,31.23478319073929,1)
(121.41244391652405,31.241136296882882,42)
(121.38299202408575,31.290469512718673,19)
(121.4575138384669,31.260081823053483,2)
(121.43156910634825,31.254038732649615,28)
(121.38597859947859,31.252402938104666,36)
(121.45528188282104,31.24619164696857,8)
(121.46221334817272,31.266188372546747,21)
(121.43242469833542,31.259924401217663,29)
(121.40600486466211,31.244164873225237,15)
(121.36024805956252,31.247875546677005,30)
(121.40728560323609,31.229650303222687,32)
(121.44153910934384,31.242627313904656,2)
(121.38899767377715,31.246052452391723,4)
(121.45452978904743,31.25416849099251,3)
(121.45477326545505,31.25671163122716,3)
(121.43789349642186,31.24896673513239,36)
(121.43791067994702,31.253850077703593,2)
(121.3806011872375,31.29032204324466,36)
(121.46306757820528,31.255497404361627,36)
(121.41117588988662,31.227367871524354,15)
(121.41286038898733,31.227018337379253,11)
(121.33255986817893,31.295164301850818,21)
(121.44935513156875,31.2587688370017,22)
(121.42872614745667,31.25034679644744,8)
(121.41228303094246,31.243805126666366,12)
(121.39242694186449,31.246724483204193,37)
(121.3766704253346,31.237146907285712,31)
(121.37206019152238,31.28939352874472,30)
(121.42466546094523,31.245590590654242,36)
(121.37955793642615,31.244946685891097,14)
(121.42320558386825,31.28266896618461,7)
(121.40670584957194,31.232375554821154,18)
(121.39036200588899,31.253968331014153,20)
(121.41930001696647,31.254410506901568,26)
(121.43761812745534,31.239542895844643,8)
(121.36681211221536,31.237750119170833,17)
(121.40161147516687,31.258694654864783,20)
(121.39731291429398,31.27046928804853,1)
(121.42963454835761,31.280843290913754,14)
(121.37182860865104,31.2637975971254,17)
(121.41832092523903,31.22816678606425,36)
(121.38903762255103,31.25080999073358,19)
(121.38250259244863,31.280444964839763,36)
(121.39242694881693,31.238346382674138,15)
(121.42416253699348,31.241030938889892,14)
(121.45452174748411,31.259404505181195,1)
(121.39789800968941,31.302840628101734,6)
(121.41778946275782,31.23081756645916,1)
(121.44640626734976,31.244458507432697,18)
(121.37858934203227,31.252491961818784,4)
(121.40445448492848,31.22969618033074,1)
(121.33507544477932,31.29587634532335,36)
(121.40843222730943,31.24564495336154,20)
(121.42032731821044,31.236605551269566,20)
(121.40186243485414,31.232745434474285,10)
(121.42266074296164,31.2395623794142,36)
(121.38926731027789,31.2564356258738,16)
(121.38767521117009,31.250304587720574,4)
(121.38200014690653,31.24475512072442,4)
(121.44158912325894,31.256287297812598,1)
(121.39783697843356,31.302796587061625,36)
(121.43331363431308,31.23894509184341,36)
(121.41863525219777,31.25373146909688,27)
(121.3887940207899,31.2578258777886,9)
(121.36506646605828,31.277070603905823,36)
(121.42312123056853,31.284060191916886,1)
(121.43335232567189,31.243894007153823,2)
(121.39893743577574,31.307553998080323,171)
(121.45210129750235,31.278860084250763,2)
(121.36570853536311,31.27646221137762,33)
(121.42845008424165,31.276740689282583,2)
(121.40167251032312,31.27037866407535,18)
(121.35957283986394,31.30648372818056,12)
(121.41970337939098,31.255181193756144,8)
(121.37838447498524,31.23273799303695,1)
(121.43775038860791,31.267976174678534,32)
(121.38459031847016,31.239219134781706,12)
(121.38939439247963,31.25613358750644,15)
(121.4490584014567,31.24196967047693,18)
(121.39624531581755,31.231625924988553,17)
(121.38259688468499,31.22505875929755,24)
(121.43957153325239,31.281941437300027,1)
(121.41693962092505,31.295716467605924,17)
(121.44229456101637,31.28183044757483,1)
(121.42396546704137,31.2534883656058,9)
(121.36755988789915,31.30113195571633,36)
(121.42888870497164,31.254236671001827,11)
(121.45516271981694,31.271228521565778,2)
(121.41152058843619,31.287519712454422,5)
(121.44602007227397,31.257621096122815,5)
(121.37362329296549,31.257512595817104,36)
(121.37594020051509,31.280842945585558,28)
(121.38319396104582,31.229650463423916,3)
(121.36054605112041,31.241221053850083,6)
(121.36612213060181,31.286372992112334,37)
(121.43773518006488,31.276765885248125,37)
(121.42397499022758,31.237513844024,37)
(121.40524076339298,31.232024325751404,11)
(121.4110312171048,31.23073845284382,41)
(121.37400825971464,31.25619835407891,22)
(121.3614594377353,31.283537680664022,36)
(121.3848168022271,31.276503517578398,6)
(121.38513049976814,31.280741549574046,4)
(121.3555119059792,31.284283171704693,9)
(121.38657852813459,31.25280192204247,37)
(121.37489140125732,31.254384443590528,13)
(121.37202956382282,31.294225417965773,21)
(121.39695609476922,31.274521837155014,1)
(121.37624369325496,31.247072859859184,8)
(121.43866247425001,31.286365537837586,4)
(121.42723320258418,31.238373167177176,26)
(121.42459713403622,31.252559730182632,8)
(121.4193006462874,31.243645314976714,6)
(121.40701710171945,31.304032895671867,29)
(121.40507534864993,31.261822561586364,61)
(121.36450345542589,31.309426395896896,36)
(121.40350402798484,31.244874143172876,36)
(121.42024335980003,31.2363885024031,8)
(121.39916489094598,31.28711088632985,1)
(121.43202854435386,31.263465372494554,11)
(121.39184652005159,31.235265180036627,36)
(121.45802354967736,31.26035384327637,16)
(121.42962077819084,31.26514165711918,28)
(121.3942077695345,31.247482732724244,24)
(121.36699350024692,31.296298239806923,14)
(121.38255663218816,31.291672569993903,35)
(121.38041183665523,31.24405796190547,25)
(121.42812461731508,31.23159825177198,26)
(121.43341394206439,31.255847597043875,34)
(121.36832613541662,31.236975619029252,14)
(121.43024532352796,31.257311641717,1)
(121.43820575854076,31.257910226290182,25)
(121.44401122262728,31.243929331650516,24)
(121.42211072180469,31.23406325948113,37)
(121.42592104633562,31.25472928244223,20)
(121.37568007194056,31.272096999600194,7)
(121.44514293166098,31.245495120973953,32)
(121.44839056239789,31.268159487468182,21)
(121.36524484255064,31.31234584614696,30)
(121.44848512138971,31.247385135278815,18)
(121.39863226493773,31.29667186079568,21)
(121.44429911954435,31.262855122797323,33)
(121.40045749822845,31.264123390898988,18)
(121.38874002199536,31.25838507961717,27)
(121.42419649783821,31.240943873554183,28)
(121.45490425473123,31.270068563966706,36)
(121.44381104860969,31.251081796321813,9)
(121.43215704009425,31.248203570827073,37)
(121.36423641824132,31.309446765004775,13)
(121.45445173853435,31.272799468969012,19)
(121.40887955930654,31.230461603220565,13)
(121.41383555183955,31.290081377048963,36)
(121.36508914352434,31.288615111079086,26)
(121.38253765541215,31.24621833283719,17)
(121.4534412741977,31.252529968761145,4)
(121.40387105483397,31.27151054803576,4)
(121.44044012763663,31.283306724222193,22)
(121.41298227128998,31.253922515827533,8)
(121.41887132939702,31.236780449371,9)
(121.41659992696518,31.251347053490278,37)
(121.43714703266991,31.25263936947123,34)
(121.45948262173732,31.256467247718383,12)
(121.3831237635943,31.28399482678427,36)
(121.42525336717517,31.25106054366187,18)
(121.45901348798522,31.266318244886403,10)
(121.40913499998652,31.244078002070037,21)
(121.35347265761926,31.28953196607172,18)
(121.36968157634176,31.268332617903,46)
(121.35321071389471,31.27858586282805,3)
(121.45593772823355,31.258932661355427,34)
(121.3824104203448,31.279689563050034,9)
(121.42539636871614,31.24123704946933,30)
(121.43342644899361,31.238650825709797,36)
(121.42321823159666,31.262139938300642,33)
(121.45464724395163,31.245840817576468,72)
(121.4243088511594,31.244095569622154,26)
(121.42400967542741,31.240998040988604,31)
(121.36377547577102,31.292365861544074,35)
(121.40726586280016,31.24507234435077,24)
(121.4396671321792,31.24482038525542,2)
(121.40979497620295,31.225218084980547,36)
(121.44729691429248,31.25738798785251,19)
(121.43594777631166,31.239433062749395,9)
(121.42048806960334,31.246560933475603,2)
(121.36372504790371,31.309063907452483,36)
(121.40950658198993,31.243126296798735,36)
(121.33438688938729,31.2946844139728,36)
(121.42471109061576,31.241844876945926,36)
(121.41062947985515,31.267142636011425,6)
(121.4257431018957,31.245023364109322,36)
(121.38853149711318,31.23049138081096,1)
(121.43522746112743,31.233660795221162,15)
(121.37758247831701,31.269462133890336,6)
(121.41715918499617,31.22882610691988,6)
(121.42300012593013,31.25874963198425,37)
(121.37686442473408,31.26859893541585,4)
(121.37045907674735,31.248064898716862,10)
(121.4155690301329,31.235206234864414,37)
(121.4467950174431,31.283252151357836,34)
(121.39672546804714,31.24571129657517,36)
(121.43821974745819,31.240990160605264,8)
(121.39511180379864,31.26719825835173,4)
(121.42621678355277,31.27846544624188,43)
(121.44629389681522,31.260517759604724,24)
(121.42562570097932,31.2476777393954,8)
(121.3928537419863,31.256387827001898,31)
(121.38611688042013,31.239098426223652,36)
(121.38616415726585,31.2302404260208,37)
(121.42471109941934,31.241945922367705,23)
(121.39533215476106,31.239246742462765,5)
(121.41002001785756,31.242520288912193,36)
(121.39994625098178,31.250452600400536,31)
(121.41087136056298,31.243443248639444,14)
(121.40161797656484,31.231766187144448,36)
(121.42679286183838,31.25194362097654,36)
(121.41510137592988,31.26931119830383,1)
(121.45731824815988,31.250878944992536,62)
(121.39814438001501,31.24852713037485,2)
(121.44721169303683,31.24260260029316,2)
(121.36462307217299,31.309402309843563,16)
(121.41622626860902,31.253063964718116,2)
(121.36064524914563,31.294063107789093,31)
(121.40842514685241,31.244739584654326,6)
(121.38218377416513,31.29825880996256,36)
(121.39662950014734,31.27479541343022,25)
(121.42278888641901,31.230990382540014,1)
(121.42317516846042,31.283889083174255,3)
(121.43381603569377,31.252222483449316,3)
(121.36425872133029,31.309468967521713,4)
(121.42661749621857,31.2570760212134,6)
(121.3794402143987,31.28437439903485,36)
(121.39262741483856,31.23820845165172,10)
(121.42902621472804,31.261945881664168,8)
(121.39071898604823,31.273426909578518,23)
(121.36839444523707,31.314362207359196,23)
(121.41268011058655,31.246101056172094,36)
(121.37698045926034,31.290164962966017,36)
(121.38100525182305,31.243797358929623,27)
(121.40078929840199,31.26129999381689,6)
(121.40536539862417,31.267624908846948,11)
(121.41319680326754,31.261467914977512,36)
(121.37489288553917,31.27144976596362,37)
(121.40875983609877,31.23348499960497,5)
(121.39954311561803,31.26201251040108,10)
(121.37044268625446,31.23232778037328,6)
(121.43116788202015,31.26574629497559,4)
(121.45197644992625,31.27492463977465,12)
(121.38312539125751,31.250982727146653,21)
(121.42967607402935,31.280761147914763,2)
(121.384143074199,31.259825650694697,21)
(121.45823756308249,31.26689218243034,27)
(121.36958279294456,31.27268831623852,3)
(121.3957346389341,31.265157327733615,36)
(121.37304833283491,31.239002276471915,10)
(121.45401188381263,31.252305724084934,36)
(121.462275556721,31.262328488063662,18)
(121.41177197168568,31.255142260554972,4)
(121.42651990504817,31.27203650366528,3)
(121.42568540907816,31.242035189086966,19)
(121.36044531997501,31.30900005336103,37)
(121.45398928387898,31.256282510772394,33)
(121.38597857038827,31.29455887046789,36)
(121.3900770935403,31.26911565140042,5)
(121.42318828013937,31.262395069687503,20)
(121.3442618525582,31.28264941118524,5)
(121.40935356750269,31.24271012629439,36)
(121.36466837780505,31.312072909044236,36)
(121.38988919042414,31.230921326636054,34)
(121.40106896450558,31.254551717618472,17)
(121.43100681852039,31.25116014333766,11)
(121.41758709224936,31.25332705038168,1)
(121.44269078913317,31.246424524458853,15)
(121.44715030498631,31.251604304985936,8)
(121.39555075297793,31.261997130421168,6)
(121.4582807545344,31.247346585950908,36)
