(121.37707461613135,31.232939463304106,9)
(121.46235240166848,31.25367126243203,16)
(121.41720279602183,31.253573766580992,36)
(121.40457308661482,31.235479579006125,5)
(121.39535850190192,31.266896604334992,2)
(121.44575271612256,31.254645285662555,1)
(121.36303727404879,31.239969781149956,35)
(121.38681494862729,31.243067313866504,1)
(121.37314769760015,31.22994227066452,28)
(121.43877838571204,31.26466233398684,25)
(121.41840361525222,31.236261684890962,26)
(121.42786543257021,31.237583227155937,1)
(121.41238200139591,31.259465248547514,26)
(121.39181720560589,31.296237849429552,1)
(121.41908426417113,31.26531514061565,32)
(121.37267963987908,31.295076606898753,36)
(121.38416427197085,31.243937866060516,28)
(121.40149454347498,31.28711375179149,1)
(121.44774220546157,31.257384864781972,11)
(121.45514618032956,31.253039733047228,23)
(121.44138386387975,31.27683263960054,14)
(121.42876543733615,31.266165643003447,6)
(121.4528705777251,31.25191683335841,30)
(121.37837315221108,31.229318566881883,24)
(121.42313387073466,31.245696796553283,5)
(121.38455955606364,31.27805058395077,37)
(121.41926982978431,31.235413867727324,2)
(121.39947409427653,31.262058507821678,10)
(121.39374804493245,31.242083624906325,2)
(121.43126678159489,31.266072326776477,2)
(121.43384638782628,31.233359917799675,34)
(121.43059730756377,31.2736772552768,5)
(121.4022313989114,31.290448043165156,37)
(121.42272768127756,31.228038064511917,1)
(121.38185021730725,31.238879355850187,36)
(121.41074085529657,31.22585724670806,36)
(121.43719951281862,31.247644092155273,9)
(121.42712299197936,31.2804264568957,16)
(121.39818286243181,31.264138739471868,18)
(121.40496298065014,31.244872240587792,36)
(121.44696490353239,31.276615414070168,20)
(121.36504542939404,31.27707857553825,10)
(121.3715696908589,31.28092643815809,36)
(121.3966296035781,31.293690506047337,10)
(121.38667615680174,31.235944467654022,36)
(121.39103712131087,31.237673528192783,25)
(121.4411867114989,31.250244202822177,28)
(121.39597634775453,31.23734619321595,31)
(121.4373903697314,31.249545677595822,13)
(121.42885588837763,31.232958171450644,8)
(121.4299364367156,31.239308062684373,7)
(121.41087852964496,31.288608476267257,8)
(121.34453318237557,31.29045603311676,9)
(121.4212659870785,31.252325001143113,8)
(121.40354713089098,31.238562109717364,5)
(121.41970463309727,31.269553369307445,3)
(121.42601365518361,31.24021006949423,36)
(121.45155119182346,31.28018999230548,1)
(121.4113433444241,31.25495924050587,1)
(121.44507700079093,31.279225727124228,23)
(121.40078927586002,31.28052642382858,84)
(121.44446021880813,31.246220608210344,23)
(121.42584452666705,31.245389584317202,28)
(121.45936910717549,31.249672234707464,1)
(121.4096898365268,31.24268381996029,31)
(121.44129100612025,31.26504981740271,37)
(121.42978586114253,31.234006721478792,3)
(121.41292258834282,31.229537485388388,37)
(121.4126951644094,31.24677235127543,27)
(121.43893724185367,31.254630770303876,9)
(121.44508607158173,31.245792348845317,13)
(121.36974663172506,31.31381089670642,36)
(121.39368121348788,31.274466186200435,24)
(121.43540172461726,31.24112314723911,1)
(121.37995101326601,31.274626932380954,2)
(121.39083216060723,31.251448546478557,20)
(121.43300226325321,31.241144448646946,24)
(121.43318721241899,31.267300661529916,19)
(121.39552926135413,31.27360980043418,36)
(121.42417798562138,31.246339304586915,36)
(121.44820778504642,31.248130966895346,7)
(121.37349264298554,31.246380156068223,17)
(121.43365771574382,31.24549162599745,11)
(121.44384649657141,31.283140927889068,21)
(121.39515798472799,31.257481894725714,16)
(121.38148026162906,31.290421992511884,17)
(121.41836388400176,31.236550444839487,14)
(121.43058587463207,31.270185104074017,21)
(121.38733603099912,31.30240891780284,42)
(121.39887309277236,31.287609961040207,5)
(121.46196447094025,31.25370016711597,1)
(121.40896305686258,31.224807980361742,4)
(121.43818914160836,31.23903288006053,11)
(121.3830416341796,31.239368751128836,24)
(121.4134716615242,31.23252971037978,19)
(121.43673881370336,31.258567143233897,11)
(121.43740507773582,31.24646829185776,3)
(121.39481648529066,31.260068792993117,3)
(121.43438190449717,31.236749814998333,9)
(121.3902614508638,31.271490782210513,2)
(121.3864165416743,31.231790352110085,2)
(121.43199584536268,31.232002440482876,10)
(121.43721693839751,31.2643233422738,4)
(121.443210407362,31.264867748848946,24)
(121.42905468290375,31.233300132507594,13)
(121.4241639543974,31.25729413659111,36)
(121.37812478261152,31.276114540295264,2)
(121.40672380462013,31.26625554112381,36)
(121.38479931866537,31.25967136745737,15)
(121.4082210752081,31.260904779804708,29)
(121.45493428352847,31.27124799956783,7)
(121.42724738451066,31.22916594510147,11)
(121.44650954791108,31.241752079517138,9)
(121.41209332993976,31.25946648823698,28)
(121.36969814954134,31.236408798400404,4)
(121.44350124066474,31.28084398110294,25)
(121.42859909576106,31.254743430988007,15)
(121.39149449161164,31.237909936546103,36)
(121.41000956801753,31.243887577378285,36)
(121.40445489537842,31.234405340232428,10)
(121.44388289682595,31.25091909565142,36)
(121.40747332660615,31.283861879164167,71)
(121.38631391772641,31.28879296621406,3)
(121.39072098817218,31.2688200341972,2)
(121.36027057267295,31.24174884727774,3)
(121.37637202605008,31.237321633579906,35)
(121.38608808781743,31.23031339467724,1)
(121.45019133826969,31.25864593478565,10)
(121.4087971167091,31.259270002389343,36)
(121.43240113969034,31.253149477180898,17)
(121.3814494696747,31.293234084195618,27)
(121.42461432700458,31.254436913292306,31)
(121.44062820264509,31.253590854665177,15)
(121.3803148415882,31.232636300365883,9)
(121.43090362613722,31.247373360081465,1)
(121.42341883587899,31.277824720092884,19)
(121.38230826399135,31.244762457288093,37)
(121.34695931815803,31.29679171432421,10)
(121.44318395038579,31.26687083901864,1)
(121.44785355479048,31.248247653407343,15)
(121.40864119913974,31.290971536764822,18)
(121.44460311091119,31.258163596352244,36)
(121.40481366455884,31.231315963162942,36)
(121.40939300532158,31.259254415349606,27)
(121.3749929477208,31.282005270375784,28)
(121.43609577221035,31.253499134524002,14)
(121.34597265834996,31.278273403863103,2)
(121.38465669608519,31.277228673711033,12)
(121.39566547114046,31.263672659563774,7)
(121.3857061918373,31.28316787173544,131)
(121.4329433609721,31.264261670942016,36)
(121.36022869265364,31.244059815750603,6)
(121.41902244884507,31.26524702781212,2)
(121.34132170948182,31.286379391853178,36)
(121.38301504298097,31.290387502083764,10)
(121.43899805322393,31.253654256297683,22)
(121.39130086028655,31.289738988540385,36)
(121.385645979667,31.281116565589027,36)
(121.45269108679814,31.27572115340473,5)
(121.40820235768992,31.23887448657743,2)
(121.45438496946308,31.252186916032443,16)
(121.4193150908067,31.260310638239634,36)
(121.42208178288945,31.24595864780193,6)
(121.38830796147539,31.296537553835904,7)
(121.39823661497681,31.25076515472718,36)
(121.42986180404687,31.28027876012072,2)
(121.39528978927424,31.24681011262786,33)
(121.3979926496787,31.252384774495308,4)
(121.39286223923851,31.246638708113924,19)
(121.39323597460432,31.25215836930726,32)
(121.42838203285176,31.235162037269628,3)
(121.36423321726213,31.311412360164905,36)
(121.39271645858133,31.23883411940247,16)
(121.37937655508618,31.2547278100141,26)
(121.39043890746433,31.251767486197643,16)
(121.4211442965372,31.279471174188675,6)
(121.3854044130467,31.27649203623345,20)
(121.37732108120163,31.25745768900886,15)
(121.37663484872084,31.265618399274405,7)
(121.40188634066502,31.231224242191463,4)
(121.4500006954045,31.257841942807897,31)
(121.38395786742423,31.23841158720409,19)
(121.41068704651428,31.227921211873323,2)
(121.43955282530898,31.239018942302717,21)
(121.35167542427142,31.30061201001435,11)
(121.38888497302355,31.23088234391238,33)
(121.4218114363898,31.234962867928193,10)
(121.39578357890562,31.28021296350763,1)
(121.40076214938243,31.234771798395254,9)
(121.39209583193829,31.225216493506586,4)
(121.39943505788615,31.246140123022524,5)
(121.3957986569691,31.29934735460994,36)
(121.35815334691637,31.305434635379054,22)
(121.44194587880659,31.254186436044048,47)
(121.44823916998641,31.24183509777084,36)
(121.43163832170174,31.246875959946227,3)
(121.39029300665551,31.2890460276243,2)
(121.42129554924492,31.23610372563717,21)
(121.38566518227607,31.289392351286867,22)
(121.40436015575932,31.24753674323836,28)
(121.36957913273126,31.230542772464858,15)
(121.41037850622781,31.242493263547356,36)
(121.44224945987173,31.24461240758029,5)
(121.40107289627281,31.299589393611676,3)
(121.36455576216484,31.311544497149672,9)
(121.409858390914,31.255241504668632,39)
(121.38772042753256,31.29657110671429,36)
(121.43771946498553,31.26827034172628,33)
(121.35897104699076,31.289435050199923,36)
(121.38975677533905,31.2827718276653,105)
(121.45670757765357,31.26797191902787,17)
(121.37844803289748,31.262576183527152,36)
(121.4271185000013,31.228879929626636,13)
(121.36571322241039,31.249540775844785,1)
(121.42275469055615,31.238981588003465,49)
(121.36395437806753,31.241327455830497,2)
(121.39917240317557,31.255435538454346,7)
(121.406900773396,31.250539258401993,7)
(121.45399012309369,31.248173910865297,4)
(121.39956205608307,31.24978118341431,14)
(121.39197219212862,31.287785634531037,26)
(121.41509649001095,31.238010684159935,1)
(121.41111503601866,31.22888158233756,36)
(121.39064975135214,31.268671990537296,1)
(121.43827016225778,31.258400937924044,12)
(121.38309035687831,31.284000221140474,6)
(121.42481507508495,31.243880574735478,13)
(121.45438499061581,31.252431023332473,21)
(121.4369033140565,31.251382142272746,36)
(121.42830993819643,31.26064501626088,28)
(121.38687178791366,31.28696758274227,36)
(121.43285979900404,31.267950339391042,33)
(121.38131883025828,31.287687727541467,31)
(121.4224887044449,31.249316582028737,12)
(121.37867651408895,31.287663892018347,24)
(121.3925190656747,31.24739683839126,1)
(121.45920136755979,31.247575675117965,10)
(121.45402673306215,31.258915596796708,36)
(121.39193825660166,31.242906473552818,10)
(121.36388677811513,31.247361049161604,1)
(121.38768601385314,31.247848794609574,11)
(121.37363361958205,31.24310425840447,49)
(121.37247692742102,31.255908041696518,36)
(121.35537144146028,31.30873837753985,35)
(121.40836165707364,31.242458092851937,9)
(121.37860041190405,31.287633795025222,4)
(121.38719789507955,31.261652280213774,32)
(121.42562907374838,31.241895346451056,27)
(121.40232724389381,31.267601459662135,15)
(121.39062137956893,31.290299757892065,34)
(121.43281256509049,31.253050962829235,31)
(121.41119481109064,31.272364744522914,9)
(121.41536286185247,31.259616003125632,10)
(121.43756069784541,31.240204235782407,10)
(121.45948397469785,31.251643851072025,4)
(121.38934511634959,31.276406181194723,30)
(121.4073137621321,31.288782876062793,16)
(121.42463543585679,31.24497433929938,22)
(121.41093421817227,31.253432666153387,36)
(121.36141335158415,31.283541609014822,22)
(121.38462565529561,31.277138608188825,35)
(121.42685940672702,31.23607445928188,36)
(121.46193596747476,31.27005527091328,1)
(121.43131974838418,31.262573566406218,2)
(121.44598643986544,31.244793682143232,12)
(121.39337956142137,31.245644747931237,5)
(121.45123112180481,31.25175999376825,2)
(121.44346769383706,31.25086325464004,7)
(121.44597295053445,31.253557281994027,21)
(121.38362915172787,31.237777591715894,1)
(121.42067798666605,31.235748950107578,1)
(121.40634511669315,31.245720222420182,36)
(121.44322947772582,31.246706616717567,45)
(121.45730856685621,31.273932152082157,34)
(121.43334124466735,31.242689738643772,39)
(121.39783123250669,31.236947813939047,36)
(121.40804197432425,31.245809608723246,33)
(121.45907943000861,31.253913362885143,2)
(121.38017308406776,31.283739929059678,18)
(121.37867451905393,31.28775092493191,24)
(121.35476444547814,31.308026260738174,43)
(121.36496112539565,31.28861509603026,36)
(121.42962140655631,31.27235070892909,15)
(121.41258089331735,31.254717884374266,11)
(121.43163342055152,31.246957358812498,37)
(121.44678031440407,31.283258348781057,19)
(121.38613385670331,31.2271299642824,12)
(121.37758277039354,31.27281754606773,14)
(121.40781499746419,31.23522947668125,1)
(121.37545219324554,31.300233124774635,30)
(121.38647979312591,31.25695765512387,8)
(121.37129919856866,31.27322343632435,20)
(121.41575457040959,31.265326460983776,3)
(121.46063253974015,31.24736439561286,58)
(121.44114330892316,31.282538233337377,6)
(121.41998400666009,31.237362013397085,21)
(121.41965980497267,31.236985015126848,14)
(121.41072868753047,31.258301824167884,32)
(121.44311946023734,31.274155544876415,2)
(121.44322688370823,31.282172966676182,10)
(121.41376424360728,31.24526066510247,22)
(121.41307191357367,31.27966935889415,1)
(121.38486746112434,31.24898975586294,7)
(121.43903710555834,31.266493748508534,36)
(121.37624554248832,31.268333091327058,20)
(121.37560870495892,31.24601262504011,8)
(121.45534544754423,31.27328700888465,21)
(121.40848974142723,31.24568186520258,30)
(121.42231886349323,31.259970226307836,36)
(121.43117673378882,31.24692629860386,1)
(121.39283223717838,31.256288523147653,36)
(121.38460900387706,31.25836863119459,21)
(121.43762039891692,31.265652363669627,33)
(121.39800710266461,31.246034970299494,36)
(121.44324153921278,31.26706563595682,8)
(121.36488461727122,31.27875350882395,10)
(121.37906420499874,31.266821681854754,33)
(121.42157309258283,31.26774146393738,13)
(121.41450472761366,31.26112478943325,11)
(121.42845360007158,31.247203990604998,1)
(121.3809150828343,31.24446431080595,1)
(121.38664087901583,31.267622372322304,30)
(121.42308936762097,31.262407146295757,11)
(121.40699520628544,31.305225355699232,1)
(121.40891126623436,31.245448684029572,28)
(121.4520256998433,31.253527197816272,7)
(121.37971934931038,31.27035088993132,31)
(121.44857075996025,31.26835408608013,12)
(121.4582975538219,31.268578768251288,36)
(121.41872697865504,31.243163406359955,36)
(121.40263560646281,31.280353023175238,37)
(121.4147106141362,31.27189662448686,2)
(121.40477253422756,31.28718011846627,1)
(121.37238847559325,31.286821923019218,36)
(121.38932833869765,31.25616255176054,15)
(121.44238152652633,31.282649498377538,10)
(121.4080886488266,31.253580041760824,7)
(121.39685585254587,31.274851857437305,19)
(121.43529448042474,31.25532956835084,18)
(121.42200107886133,31.282962523231948,31)
(121.4606096903778,31.269332048966763,36)
(121.4430671990061,31.282289269053393,4)
(121.40993509681509,31.2595664381442,4)
(121.4404150584508,31.259057553733122,36)
(121.38234240642393,31.280433802227027,36)
(121.41070443888532,31.24393149500334,3)
(121.424162534117,31.240997924021723,36)
(121.38850481431511,31.26987581702088,25)
(121.42251451211362,31.264797257674594,14)
(121.40914370212667,31.24406750389593,24)
(121.3891126179754,31.25860262975738,19)
(121.34789018929438,31.298464376447857,39)
(121.41032920019045,31.228865703222446,33)
(121.4317820123324,31.23063505035212,4)
(121.40804233078848,31.291621380655574,37)
(121.3950760853455,31.240150021844297,37)
(121.4338228404452,31.271263848543832,2)
(121.41775911863748,31.271257277034607,11)
(121.41750297137582,31.253233132940867,20)
(121.45876855510507,31.259695938999947,16)
(121.36208343669806,31.27999909091698,36)
(121.45235256623432,31.249263681364333,3)
(121.33414195027551,31.291523835366686,6)
(121.41884808308757,31.233784096107783,9)
(121.38297380447649,31.253711067476114,3)
(121.4393590215629,31.283329311624623,5)
(121.4184858628519,31.22977104265227,1)
(121.44457414502088,31.254756512871936,37)
(121.34107715912475,31.286332913018654,36)
(121.36383686344945,31.308232222044214,23)
(121.38755578887549,31.23093850497363,43)
(121.42297442871816,31.26196403821613,30)
(121.43939683073638,31.281888667626607,5)
(121.42190286112694,31.262560234668417,22)
(121.45500141965654,31.251693438958085,21)
(121.44268844243608,31.263333355289767,37)
(121.452926331372,31.275478991487393,1)
(121.37012711779327,31.236483155143922,37)
(121.40952141635654,31.241714817871113,27)
(121.38472487563351,31.278461245719072,29)
(121.41778814128645,31.236428224530002,2)
(121.41830708324,31.241348806742657,36)
(121.44194857981498,31.256084732999444,37)
(121.43163684307926,31.246853391079707,12)
(121.43841897107852,31.252958767333332,5)
(121.42959635617618,31.24649498044485,36)
(121.40258572110199,31.235928748741948,41)
(121.42420747950422,31.240850823175965,37)
(121.44603480473889,31.253338079992698,25)
(121.38239546069637,31.28035182094244,36)
(121.40055572390716,31.23182477404045,3)
(121.44072301110717,31.259161499799895,11)
(121.44267541269984,31.241766463874693,32)
(121.41845101139317,31.230078602148282,6)
(121.36490311063307,31.31290003459292,25)
(121.46282325641906,31.267019938265296,2)
(121.45268783027974,31.24985828598056,12)
(121.44908070211135,31.270465600390718,2)
(121.41856983635189,31.26031754267716,27)
(121.42599959494471,31.250819815036497,4)
(121.3826166566983,31.279676760567703,9)
(121.42715576947303,31.265229447147966,3)
(121.44546436862068,31.269443988763136,2)
(121.37433933350087,31.228318033241035,24)
(121.40569197348586,31.245572485731355,27)
(121.42605952783094,31.23929061514748,4)
(121.4276370379449,31.230122028995922,2)
(121.433931325618,31.245528314796225,5)
(121.41409267236462,31.26969089769457,8)
(121.42539781228595,31.257802375188508,17)
(121.36881411824838,31.31405368543192,36)
(121.37808452309982,31.250732619850933,36)
(121.39158718313416,31.240246252897837,8)
(121.40922367895266,31.232318425404657,17)
(121.4386100106033,31.257095307527738,25)
(121.37762049722298,31.300113400918324,23)
(121.43365950777577,31.266073602821944,10)
(121.38892092295742,31.232444645820085,18)
(121.36815839279052,31.23763701209889,3)
(121.43844868241533,31.23873638440147,36)
(121.37950746408852,31.274763510954585,23)
(121.36545282183292,31.238657519993723,13)
(121.39128597489811,31.291183557830532,26)
(121.41077490404417,31.231310167253117,36)
(121.39197727104313,31.22985834609161,22)
(121.36168974382971,31.293632111001617,36)
(121.40617059530214,31.248508112090143,1)
(121.43673041090493,31.25385795046264,3)
(121.41739143517428,31.227719028427902,2)
(121.42311934331606,31.262428133717595,12)
(121.40059181598556,31.243024484194905,1)
(121.40499722308851,31.23752781573988,36)
(121.37036855722573,31.23360859326528,37)
(121.38152135180806,31.248732833526205,6)
(121.38001262277547,31.280744531615902,25)
(121.39066903971022,31.274496322542813,10)
(121.43618758338799,31.252974785158326,24)
(121.45144926227645,31.279149224090126,1)
(121.37864273990175,31.25626667248028,36)
(121.43502225446946,31.263144686527472,36)
(121.46216236476879,31.258743911466343,33)
(121.34882575581153,31.290995936743716,26)
(121.46119290741412,31.266071467438888,4)
(121.37513724344407,31.27150308896899,1)
(121.45259626341698,31.252361569901552,13)
(121.40755801265286,31.2609081426693,10)
(121.42307339091272,31.251055216144984,18)
(121.3412525640932,31.28648430430494,36)
(121.44641402886019,31.244824457202512,15)
(121.37781074932943,31.257542288687183,31)
(121.40403941911686,31.286862905900925,3)
(121.44158149921832,31.25486906744757,2)
(121.43958602359317,31.276385122430995,8)
(121.40554632955053,31.238281199522298,37)
(121.413915570887,31.244831145885932,3)
(121.4351469489314,31.270694710211437,34)
(121.37965341814702,31.28359831397681,21)
(121.41123028867227,31.24355723591473,9)
(121.38954152503057,31.256223733919235,14)
(121.45066325391068,31.258414945146257,1)
(121.41458266768504,31.237711881863266,13)
(121.43246704006916,31.250267550660364,3)
(121.36705618608974,31.314474324722255,5)
(121.40856347394846,31.285256199875292,1)
(121.41752253163237,31.25261119671993,37)
(121.42300544770313,31.26248924181854,36)
(121.42095424941068,31.2776531381417,1)
(121.35094023672202,31.28159810060806,8)
(121.42713528778835,31.249594278395275,14)
(121.43049524836194,31.237577247326943,2)
(121.42753781985239,31.23782764180428,4)
(121.40388461976208,31.244870720571406,29)
(121.36681990425603,31.252137898526072,36)
(121.41034159712564,31.242623255616856,16)
(121.36504226918782,31.249401121719476,8)
(121.3837070312147,31.25840381212391,6)
(121.4403017185284,31.26432698989844,33)
(121.38612304459205,31.286865912630223,11)
(121.3802685986026,31.296390428298277,27)
(121.42565818080847,31.241512353162907,36)
(121.3901673470051,31.25933302089762,17)
(121.44697564425367,31.241768460807844,28)
(121.431562304694,31.2537685317953,36)
(121.41535285968655,31.26955498142147,9)
(121.45023012903722,31.268738186934332,15)
(121.37391563182207,31.273532419012728,2)
(121.3668534047298,31.251850476024448,40)
(121.43789497816296,31.263032957388624,25)
(121.40330469740302,31.256998254819237,29)
(121.43270437497088,31.254548958528154,29)
(121.35434905316559,31.27859884424109,1)
(121.441975084935,31.245931422441508,26)
(121.40186733488079,31.250379701240096,36)
(121.42798154360048,31.251827484398216,8)
(121.44484442559535,31.24431009019989,4)
(121.4099415609032,31.243672489907695,36)
(121.37824241767439,31.277201547457146,36)
(121.40764943509575,31.25872346588036,36)
(121.4016098196267,31.25118237181258,37)
(121.36206413415779,31.2800839886472,18)
(121.38659018152484,31.25286318994215,6)
(121.3857408979912,31.289554864154574,1)
(121.41357121064408,31.239236734416476,9)
(121.41036854927454,31.24442376723186,14)
(121.44572868834234,31.254398918981675,16)
(121.41526696501118,31.267248463536855,4)
(121.39449783393523,31.260050762821802,4)
(121.38581605593173,31.26757064938112,33)
(121.41083424750235,31.25351772046601,24)
(121.4308315893299,31.257412067648144,3)
(121.45920155251515,31.259610769739616,1)
(121.45761229958948,31.250872988322286,21)
(121.4091281983139,31.24408560064404,35)
(121.40832690143417,31.247154528633494,37)
(121.38131502746849,31.244019124283952,5)
(121.38968624247761,31.25722413706281,37)
(121.44732033859556,31.24424081432388,6)
(121.40542909460493,31.224585974638515,36)
(121.41089513369701,31.242158671774114,36)
(121.40445125693363,31.239792645870576,11)
(121.44431971067803,31.244362818167385,22)
(121.37714713151057,31.2722708131301,5)
(121.42254951943315,31.249452194422123,15)
(121.37562853723725,31.289797206629487,7)
(121.4387382018959,31.238816013790668,25)
(121.38551615306656,31.237711278744626,16)
(121.41241212999614,31.243778416264934,16)
(121.36787458352715,31.314511521256723,36)
(121.39703039143663,31.243092257749495,36)
(121.44260934261582,31.242005512154666,5)
(121.42878231460882,31.25978919078016,5)
(121.40402575305562,31.26083451786726,29)
(121.39522808095136,31.244763702739675,118)
(121.45818240016561,31.256201061760503,36)
(121.43644624634861,31.253760791906526,25)
(121.40261693950261,31.249829989988637,36)
(121.42357622488888,31.25424525022357,27)
(121.38454512904383,31.237593357703705,30)
(121.41232005553371,31.23274510876298,1)
(121.43344702289478,31.27996767790665,4)
(121.41292173507323,31.25952316125991,24)
(121.39675546808303,31.245538232569604,7)
(121.44298183824864,31.2648070870693,20)
(121.44050996889754,31.282482215287903,34)
(121.42802606971365,31.235503130808716,1)
(121.45417306273106,31.270358176464384,9)
(121.40214225801898,31.231750749556603,2)
(121.38410506683566,31.257719848545896,4)
(121.43975809575385,31.254402227724448,499)
(121.40924006010935,31.248181578724953,36)
(121.37127288442021,31.313619943536384,27)
(121.3929457150117,31.239958764350718,18)
(121.41420913764007,31.286990015222887,7)
(121.41633310159109,31.23010726274441,17)
(121.39110982643076,31.291033381219194,24)
(121.37149725377891,31.23109463766526,36)
(121.3861546133903,31.293032414668236,17)
(121.40499630267456,31.22696797437301,10)
(121.45167529194623,31.27513289045975,13)
(121.39845262865067,31.229049061755248,9)
(121.3817204716644,31.243569335578417,2)
(121.40639092738837,31.26045090294816,16)
(121.42137572987424,31.247700153280245,21)
(121.39737947747561,31.239126431474514,1)
(121.46264850551708,31.25277118330605,1)
(121.38744375989066,31.2803983693713,11)
(121.4099571024721,31.228206702885284,4)
(121.41753851086192,31.252478130763937,36)
(121.43543483291482,31.251699991973663,2)
(121.38553905708173,31.28344514200578,36)
(121.43576879164308,31.26405984443795,18)
(121.43391575308131,31.238700264914158,30)
(121.3767703059199,31.245700872383004,2)
(121.38587460227093,31.23869203449713,36)
(121.45284110952788,31.255767814994822,2)
(121.37490822173946,31.235274828503094,24)
(121.44439930295907,31.278705637432676,6)
(121.41945765691595,31.268760311989904,2)
(121.42586975640891,31.23968195316934,44)
(121.44376653136241,31.26711681252184,36)
(121.42099523458663,31.22936080810172,3)
(121.37510895198588,31.257906611520617,27)
(121.38941239751473,31.256015549219015,1)
(121.42551440295348,31.277357580858215,66)
(121.4337483615136,31.24291736601125,31)
(121.40384222492786,31.296411695730225,20)
(121.38521161262483,31.258096054087122,29)
(121.44130821766923,31.279309780108317,24)
(121.43591415924128,31.26617584967518,22)
(121.43221697831113,31.232567533496717,19)
(121.44852420176034,31.26077893078646,3)
(121.38622255630938,31.280124245943227,14)
(121.38297733096489,31.29418398005093,23)
(121.39728965414179,31.265040762283487,20)
(121.42832507878329,31.262455781525915,37)
(121.41927771142927,31.25421220261647,36)
(121.3897369572759,31.23121589822251,13)
(121.46269517000437,31.261927056530016,3)
(121.40006222879919,31.261211327292965,3)
(121.34885505465299,31.301641814161105,14)
(121.40133585167578,31.25239383893508,28)
(121.36892799494152,31.310460489988223,36)
(121.46034380677517,31.253036549657676,36)
(121.4255765017599,31.24482651027104,18)
(121.3893813991896,31.256337666913357,1)
(121.37492281453181,31.27809294113647,18)
(121.3803423609848,31.29599102658168,36)
(121.39570698489,31.300025781435263,37)
(121.42961916662973,31.246643591029155,11)
(121.38508197345926,31.2522984072875,13)
(121.38152530755251,31.290332002310112,14)
(121.38566469118955,31.235919761751955,12)
(121.40828643288813,31.251280021001673,3)
(121.3730047353632,31.25592973649776,1)
(121.4192818124268,31.253914104046956,3)
(121.41135308127852,31.241518297448145,4)
(121.42244529467052,31.260232052114638,2)
(121.44046284002708,31.280471528002632,15)
(121.46379949294723,31.25988509187315,28)
(121.43708713101022,31.26413443573297,24)
(121.43601104266374,31.23712504180568,21)
(121.34426545283995,31.282423111861586,32)
(121.38656296924543,31.29330210041648,14)
(121.42251601539951,31.24128525728383,2)
(121.43057962767168,31.265628873444548,21)
(121.38310210484957,31.232493681475486,1)
(121.42698945913132,31.23828034471573,13)
(121.36896193995534,31.251568373558683,5)
(121.40095151619056,31.25542890720195,6)
(121.46376068552556,31.255572494876382,36)
(121.42250097501827,31.252141098523968,13)
(121.45389600947425,31.26145107155824,36)
(121.4274249730695,31.249622027519806,17)
(121.40926443172908,31.251477414619306,532)
(121.4560420974684,31.245979130954648,53)
(121.39322416739138,31.277410149178753,25)
(121.42693078328203,31.252738847871473,14)
(121.42583079792631,31.2397029955648,8)
(121.4056140331879,31.223361344280686,36)
(121.41261273697287,31.264497105494005,1)
(121.45537444277487,31.251036380375236,2)
(121.42656547251654,31.267632603961466,37)
(121.43042873769794,31.27440416417314,35)
(121.44746924961349,31.25728551786766,5)
(121.43539358302692,31.238931544764522,36)
(121.37557872088524,31.246687889280196,3)
(121.36442554398162,31.31152168210801,7)
(121.34499298582324,31.299647522815494,36)
(121.36795333575078,31.252503353828903,18)
(121.43774998022131,31.2632841737365,10)
(121.40137644263851,31.259042749246696,27)
(121.44661995831713,31.24599782468624,1)
(121.40984177382583,31.258017821783103,36)
(121.45439995882303,31.252484016199165,5)
(121.40890216422687,31.225958520154002,1)
(121.3781858863193,31.27637471750145,37)
(121.35337128062491,31.281309263947964,11)
(121.39285644258908,31.256409027468326,36)
(121.40338505052209,31.306697629781247,35)
(121.36772444041037,31.249499916728865,37)
(121.4017447064987,31.23641050374407,13)
(121.38690281563979,31.28694259825249,25)
(121.40446616033552,31.244166840458,2)
(121.45470178358448,31.26929051448573,63)
(121.38955717134388,31.252009900791595,33)
(121.35565759315163,31.288830260818603,11)
(121.37662737429552,31.271571893154952,2)
(121.4390185579208,31.283237764049986,46)
(121.38566548336043,31.283266064423373,5)
(121.42113553447257,31.23452010560141,5)
(121.39628160150704,31.238389807846847,29)
(121.42214522246445,31.281270348380048,2)
(121.39457716097219,31.301777688839174,18)
(121.42535130657,31.247831978055153,25)
(121.42518317674467,31.23661813461072,36)
(121.38655916844114,31.293337299670192,36)
(121.3641445049153,31.311616349504447,2)
(121.42100631778813,31.242371742081612,36)
(121.42849877294832,31.265507289966337,7)
(121.39147857058192,31.227464142089023,14)
(121.40275030727362,31.29955675367861,4)
(121.43672388671472,31.26614377777101,17)
(121.41072171218667,31.242134066746555,4)
(121.44125182856077,31.262918091193587,8)
(121.41838368982513,31.253580816722074,1)
(121.4030975308795,31.231831285782494,36)
(121.40771332134318,31.238091151814515,36)
(121.39759922803414,31.24486396328385,23)
(121.38081813293833,31.229134448250502,18)
(121.40165078438876,31.23180059367772,11)
(121.40797245251882,31.239771902796342,36)
(121.39412458331034,31.27544784129192,37)
(121.45241938132877,31.26044343880885,1)
(121.43226187006098,31.251584175873052,24)
(121.39872355615167,31.236276843923136,36)
(121.41085527218918,31.23092156747749,1)
(121.41358295689139,31.293649877514937,12)
(121.43984171421621,31.2534826451914,36)
(121.45800060828708,31.260345889421973,1)
(121.44506201139963,31.279002660103178,5)
(121.40098172296493,31.261315101496866,12)
(121.38254150632773,31.290427056678997,36)
(121.41968851205417,31.23661582181555,3)
(121.33364570824727,31.301825947479685,36)
(121.44521879724515,31.24570208598867,36)
(121.43386975141775,31.271211757917243,34)
(121.41901994755283,31.253962849165273,16)
(121.40981846807152,31.259610113804925,37)
(121.45949744331583,31.262065457923825,9)
(121.39068528258642,31.252569082416795,30)
(121.41425556515013,31.23405528911862,36)
(121.40258230439028,31.279487087024137,1)
(121.41014214795612,31.242452814443595,18)
(121.46003303727854,31.269170199686034,29)
(121.43423593780781,31.23467905000706,23)
(121.4423692943224,31.259335435930257,21)
(121.4237675605931,31.26007064097107,9)
(121.4348075926974,31.275223966163292,6)
(121.35618102876902,31.302342262265945,4)
(121.45923258079155,31.26020120528699,34)
(121.36605652855711,31.234588570125087,2)
(121.41017555622224,31.237488130852967,1)
(121.4409525592631,31.24722496483436,6)
(121.4531912141936,31.267990145052554,5)
(121.34844696186666,31.281950766729853,10)
(121.42598548319175,31.250913234173176,49)
(121.44666701935306,31.259316594697104,36)
(121.41090239851965,31.2439564731827,37)
(121.41042946409772,31.24358238162703,36)
(121.40775990020387,31.244758150193878,21)
(121.39688404279454,31.228436523997736,1)
(121.40090597383771,31.232260688619586,33)
(121.44998578711501,31.258513262013057,35)
(121.44078688316847,31.264662411926242,23)
(121.40998434053405,31.24122938742908,10)
(121.43748798130012,31.240182721847837,2)
(121.45334178060821,31.244113434059436,31)
(121.38294696407509,31.290366427805445,25)
(121.37806899013255,31.254440868340946,7)
(121.39243725111083,31.238384384533965,3)
(121.44483382221806,31.254635891273566,90)
(121.4252364785331,31.24796975409893,33)
(121.37759119179773,31.300136796329994,36)
(121.41750800329243,31.25792052226458,4)
(121.40562902548665,31.223263299461273,5)
(121.39333757493378,31.231560598702764,74)
(121.41038222484161,31.229264879619024,33)
(121.38241079533493,31.283992326820297,33)
(121.42358363792484,31.281961995861284,3)
(121.43423181076487,31.279029349855396,1)
(121.45146117407012,31.27907597976093,45)
(121.45017636031257,31.25851290519385,1)
(121.41002699410265,31.26026777859294,6)
(121.4512642096109,31.26556574149004,2)
(121.43527988359575,31.240401352481854,3)
(121.40218010897458,31.262106341008973,22)
(121.37619406973812,31.246367628615573,36)
(121.34425215204297,31.282526511024898,22)
(121.36084297613726,31.28628264566565,13)
(121.41271923021183,31.22467828688851,10)
(121.40395333582914,31.25536221398525,16)
(121.41476058539547,31.237432540062397,28)
(121.39636984532811,31.223793964147763,3)
(121.40543289553234,31.22448747560106,2)
(121.42564155534376,31.24619106487735,23)
(121.38824633449487,31.240455009828995,33)
(121.42200138526154,31.260486659206055,28)
(121.42795584231,31.269707671056764,37)
(121.35581478788389,31.30875821558339,7)
(121.39886826083236,31.23221804184365,3)
(121.43292668304878,31.256222217973573,36)
(121.42964344578078,31.246365558887685,33)
(121.40725383738705,31.29456011154036,35)
(121.42693650835776,31.238190351295884,11)
(121.37850696712673,31.277573188132102,18)
(121.45329849145885,31.274117512126843,10)
(121.4228475293708,31.284768676207023,3)
(121.42220963027475,31.233945138449894,13)
(121.43761410962584,31.238288749531584,23)
(121.37391415979027,31.256606192621053,24)
(121.38801837781129,31.304324367270176,35)
(121.40532218745,31.294115945747983,2)
(121.42551354547285,31.241082024148092,7)
(121.39797796889775,31.256121404055676,6)
(121.43435748708647,31.2707588863065,1)
(121.39297248879626,31.2645724635854,14)
(121.40223964538306,31.246899314117076,3)
(121.43188545014546,31.28310375688277,17)
(121.45321244363214,31.248198512192342,3)
(121.44051344172814,31.253986198711328,2)
(121.36399908540518,31.309518337621483,27)
(121.41706906393472,31.257974532873554,37)
(121.44843104655364,31.261616474972573,10)
(121.44394015538138,31.25519439153017,33)
(121.37424115638707,31.239470004541932,37)
(121.36417160912612,31.30993365644646,36)
(121.44387434365751,31.278845553968793,1)
(121.3638156602639,31.309241817338037,37)
(121.44681232102168,31.28325165437645,3)
(121.4009342103155,31.280847152216563,18)
(121.43228606396316,31.250483434175084,5)
(121.4046862341247,31.2599247853097,1)
(121.39373773604231,31.29795310798276,82)
(121.43496847805686,31.253314488458024,36)
(121.44757039257269,31.257089367506225,25)
(121.34073242534399,31.286765438960384,36)
(121.3762890993997,31.22797725563719,4)
(121.40663978634437,31.266047451181446,18)
(121.3735077397682,31.247234555272602,12)
(121.38934334305605,31.256065520478362,52)
(121.43331662886236,31.238931081983043,23)
(121.3504662643539,31.281925389809878,13)
(121.38655706801404,31.293246999493803,4)
(121.39850269810158,31.257664391616352,13)
(121.39699840970013,31.244904276636174,1)
(121.36727751482887,31.313894428689906,36)
(121.44605645447585,31.244825694411745,36)
(121.41031679158428,31.25854999526703,36)
(121.43962867408978,31.261752869578686,18)
(121.39535755118042,31.300969773566866,32)
(121.40615005243515,31.24626381620343,36)
(121.41389767652595,31.23776040725906,36)
(121.33533465147273,31.29144007729879,7)
(121.44042424239892,31.247062066470967,3)
(121.40633241311723,31.260397991015296,7)
(121.42518926647469,31.242911453837692,18)
(121.41222596276742,31.25946681594225,36)
(121.45176480104637,31.246126559220254,1)
(121.40634431649754,31.245744422208713,27)
(121.39996442299638,31.286741967807522,2)
(121.39338905766981,31.294837848382457,1)
(121.41249162838585,31.24616069725654,30)
(121.3867339887584,31.233366339718536,22)
(121.37073661539016,31.272205697237617,26)
(121.44465695984132,31.243169149037893,14)
(121.4279956014851,31.241206742758497,3)
(121.42410857349951,31.240875910448292,28)
(121.40905598054317,31.24515388360381,23)
(121.45038095400294,31.24623686366772,28)
(121.43896374901469,31.26096848536944,36)
(121.4558758478275,31.24701455749714,17)
(121.42766874530146,31.25011001886316,17)
(121.39173877782787,31.227607376217517,35)
(121.3789754533928,31.287164741387855,34)
(121.36719314486346,31.309003020292785,18)
(121.42120430860015,31.242077259329157,10)
(121.39560066056683,31.29898136309879,33)
(121.41261103739662,31.245014588733646,36)
(121.43383327607856,31.254809532367712,8)
(121.4607326048825,31.2522419977567,12)
(121.45901290061502,31.259533333223587,7)
(121.4092646316872,31.259452399039674,17)
(121.42897198029505,31.247056420883403,24)
(121.40229012191998,31.264207178048753,36)
(121.45420126989173,31.273828796007557,11)
(121.41721627501488,31.236224010640214,37)
(121.4388525128106,31.244609458203975,28)
(121.43542821131874,31.281149736930928,5)
(121.39857845697145,31.241968961610166,14)
(121.4039739413336,31.244691939102374,22)
(121.38662458466072,31.25293501896642,30)
(121.39654229256445,31.256242857516103,12)
(121.34778667250842,31.309335732173345,36)
(121.42305731848408,31.250064790602337,2)
(121.40628009414003,31.246704016834805,21)
(121.46185800874248,31.248781589651433,18)
(121.3814976502243,31.232945361444497,7)
(121.45290989767226,31.268172780533074,24)
(121.44052936780881,31.26494091511956,59)
(121.39976905839305,31.239720832955356,486)
(121.3933523496889,31.267044872767944,10)
(121.40460069241277,31.254914446889227,36)
(121.37551011510884,31.252355311552883,13)
(121.43818921458785,31.239872259303887,1)
(121.44988313940398,31.268961506451344,2)
(121.41739350635812,31.251479759097908,35)
(121.41502127820013,31.246666598574766,37)
(121.43740820218723,31.2479549485812,1)
(121.36129528850924,31.250722485146984,36)
(121.36496728235053,31.276984418736845,36)
(121.4470661170074,31.280355583594957,1)
(121.42846724441404,31.2318350336337,15)
(121.42106723730042,31.241980528098523,36)
(121.3794624028177,31.274719443603328,6)
(121.4355084346574,31.239236536906432,4)
(121.42973687132796,31.279291480714207,21)
(121.41097447675443,31.27940771451717,2)
(121.45258138838194,31.275590167916604,2)
(121.44712314391874,31.24872415788717,17)
(121.44758917332977,31.25403274462752,19)
(121.44043887104267,31.263198070568677,37)
(121.38450846243022,31.241877258149103,16)
(121.38669242992592,31.29632717392158,37)
(121.38573280484938,31.238741468017864,22)
(121.38012702962347,31.283774894295203,8)
(121.34126759387412,31.286440314761414,11)
(121.42952826838763,31.24654263797328,16)
(121.39005771980885,31.28246935273684,37)
(121.44975731357268,31.258708772536714,9)
(121.38698044572192,31.22438739999954,2)
(121.38827471561476,31.25962826199102,11)
(121.39278802986682,31.23563535590126,34)
(121.45524476003825,31.250999632099777,25)
(121.44864649000166,31.261331912219692,32)
(121.42120030921653,31.26391821659119,17)
(121.42336315486071,31.26272508410953,36)
(121.41345816801616,31.259464073587445,24)
(121.45715221782316,31.24709792735914,43)
(121.44867852011178,31.256794924159387,5)
(121.40589580735195,31.24273163587714,14)
(121.41061588552407,31.225905289161357,18)
(121.36461276988551,31.312517201559782,32)
(121.43343349131007,31.239251088942005,36)
(121.43883934064542,31.265330533283816,36)
(121.3738969432235,31.242883107228327,20)
(121.4280198530195,31.231182456649737,1)
(121.43224134947259,31.25306161958347,7)
(121.40041900766794,31.245852699907978,20)
(121.42958635213127,31.23409900138824,24)
(121.40760682488472,31.24908227597035,1)
(121.4294597504062,31.25111773379723,36)
(121.42789532794367,31.271900854424715,8)
(121.4162412038484,31.240945569696553,36)
(121.45360087408432,31.252321557781368,6)
(121.39307673978293,31.227727252643675,2)
(121.3972384649434,31.249394314626194,2)
(121.45818703963185,31.247831004426796,16)
(121.44838999394192,31.278032468198113,27)
(121.41295458877794,31.252593858390213,35)
(121.40966810786132,31.260895093812078,36)
(121.38521181101125,31.280747021631328,1)
(121.40157512208498,31.23181064987516,7)
(121.33795823544703,31.298930033530784,36)
(121.41933784783654,31.25587084306793,3)
(121.37756759292552,31.274286948742642,25)
(121.39244125839718,31.23875791790995,36)
(121.36378445607336,31.308927714505568,37)
(121.41579792651457,31.235263172578705,5)
(121.42269973462439,31.251310594252033,36)
(121.43071662335687,31.240944217162813,11)
(121.41796512019206,31.250861214734012,37)
(121.37559352685814,31.244209802021242,25)
(121.38883947725071,31.262609977487525,36)
(121.41933398050784,31.247732119249914,21)
(121.39482084852514,31.296513754513654,13)
(121.39332233469939,31.26710288010138,11)
(121.44779269003232,31.248308789093088,3)
(121.43405741567155,31.262736842579937,45)
(121.38881823295459,31.28297649721232,14)
(121.43794685601239,31.254103924315526,83)
(121.43358980921344,31.256921744334996,7)
(121.4279459623731,31.27665558655225,3)
(121.35062064070026,31.305651087301595,36)
(121.38517488007348,31.293053058141716,9)
(121.43422033183194,31.262103444589428,27)
(121.3886968739751,31.291555873367482,9)
(121.38889329469247,31.259972882174726,6)
(121.43170938531689,31.268212751593513,11)
(121.41519199853045,31.272467411029435,10)
(121.4352833449233,31.280159512932247,26)
(121.38630441581587,31.288301765593555,5)
(121.43753750766699,31.27681517525324,21)
(121.43665987566476,31.253380343732385,20)
(121.43911027962345,31.235489975649077,34)
(121.41093984480833,31.290410285361325,28)
(121.37027439536193,31.232094443431095,11)
(121.42302140586641,31.273622951959542,19)
(121.35490019865848,31.29013218024144,36)
(121.37642841139548,31.26388541481853,1)
(121.44111475897223,31.247060240469292,27)
(121.40502742354015,31.239796845217022,1)
(121.38176512402211,31.233532535519824,1)
(121.45699500844292,31.246779095622447,36)
(121.37944453470733,31.25317458116838,30)
(121.4280814736515,31.263787584266566,36)
(121.44732336066488,31.2790387882081,3)
(121.41560729822224,31.281637679357555,1)
(121.42687692408282,31.253689312922667,30)
(121.38472471927983,31.2766675025166,34)
(121.44234929592146,31.28599638092169,3)
(121.40288704487683,31.238937169818517,3)
(121.34492284725415,31.288233862082883,13)
(121.42195034962775,31.262688057557828,27)
(121.37951596070778,31.26415787637498,191)
(121.37243354419346,31.286812978362708,27)
(121.42408979805862,31.25032631252248,5)
(121.39878266834172,31.294618734146916,31)
(121.4368950470785,31.24573409739505,12)
(121.43314374013404,31.26035675905655,13)
(121.44102907759309,31.254046266439033,4)
(121.41140189699708,31.25882083275428,2)
(121.40866000143667,31.246728982382717,25)
(121.42541379053817,31.257735332901373,36)
(121.38004291787547,31.283699773936835,17)
(121.42737797124255,31.237539657675793,62)
(121.43622599643484,31.260971639276693,36)
(121.39879882603806,31.286536545673552,29)
(121.44357303469783,31.26936600493854,36)
(121.4413902919903,31.258929033218045,41)
(121.44015464267996,31.237512382304352,20)
(121.4365025678403,31.28140045228981,36)
(121.34967591863574,31.303180762702876,30)
(121.40196665798587,31.26052050112444,36)
(121.43197800686717,31.277395169686773,2)
(121.41748465885267,31.23907484054796,17)
(121.41060046097543,31.24230101012248,12)
(121.40994301070373,31.260292800333456,26)
(121.36392607568646,31.308299732053946,28)
(121.41526681619438,31.24416148180402,37)
(121.38939638258738,31.256000530972635,37)
(121.42204559392302,31.23262922099542,32)
(121.33818627879329,31.293703577930017,27)
(121.45191135875079,31.258049393249486,15)
(121.3645424600554,31.312461293517476,36)
(121.45730862272653,31.247718717122606,5)
(121.44902560153818,31.243444392561745,2)
(121.42272905886702,31.243850259947223,20)
(121.46139544060077,31.270018489661254,21)
(121.41758459335288,31.287705181969123,63)
(121.42025818155423,31.23446661800029,15)
(121.37591859467032,31.264860417505343,18)
(121.38925104445599,31.282195805888726,2)
(121.38111609713266,31.236069333475093,6)
(121.44704448178364,31.26220118042834,36)
(121.40539138273465,31.294739027861674,11)
(121.42440775485511,31.257620089607705,19)
(121.42065855181934,31.234939827564453,26)
(121.44431858385518,31.280104347332465,17)
(121.41788126063862,31.25189971299247,7)
(121.42978629391018,31.238977981278456,28)
(121.4237542557465,31.279348793919667,9)
(121.44540213031183,31.25377534723572,36)
(121.44044214881457,31.258699148157394,36)
(121.42390045160819,31.250308073320927,36)
(121.3428060188222,31.298036823846697,17)
(121.40649675411012,31.232256179398615,26)
(121.41214270029272,31.296817503909065,36)
(121.40814945763555,31.260877665033398,36)
(121.40466610894781,31.239556990183647,11)
(121.42449299731447,31.25471218766634,72)
(121.40543909517861,31.271774984769163,30)
(121.3964512634705,31.229947368209146,1)
(121.46375265808477,31.255455783678592,8)
(121.38290091112859,31.290358379955165,27)
(121.41041163575812,31.230925023482584,1)
(121.461792999967,31.253631571989413,6)
(121.43641624595595,31.25321459173032,6)
(121.43723212783601,31.26677736885704,36)
(121.43364049581648,31.25967873466489,36)
(121.42848609024422,31.25558873760949,2)
(121.43513693538672,31.261463820233804,11)
(121.34886784836455,31.281764452075087,4)
(121.42862250280793,31.26561501496501,28)
(121.39416813736032,31.247067642837898,36)
(121.40446936168686,31.231898264657023,2)
(121.41805010256556,31.262700325945822,17)
(121.41674568078406,31.26086513975526,36)
(121.37098641614715,31.26532712462829,10)
(121.43344334612493,31.237745395504376,2)
(121.38353008841948,31.23830973911425,25)
(121.40811808701451,31.24716420823646,11)
(121.43806331216389,31.238592855162967,26)
(121.36777542570192,31.314626421964174,57)
(121.43651986249303,31.253062911185616,6)
(121.43770963178667,31.24069306348361,1)
(121.37449821301865,31.23461852372821,4)
(121.41734760909586,31.252360167643555,15)
(121.43515105552143,31.251615513053714,1)
(121.42642559037682,31.25092532469243,72)
(121.39784706604455,31.246433085200653,36)
(121.42986029778197,31.246563102428652,21)
(121.39918288827977,31.249482926586154,25)
(121.3704607308366,31.23118072841276,8)
(121.46287002329974,31.254294337697182,35)
(121.3496599173515,31.303179361667592,36)
(121.3787576833942,31.2538897622997,17)
(121.4396837790885,31.2540313144085,24)
(121.42161468976887,31.25947478058326,5)
(121.380143047801,31.283753902793624,9)
(121.34433534896124,31.297437437486305,36)
(121.42529859369829,31.247874567097945,36)
