(121.37847306080354,31.277396283185237,17)
(121.43223726583322,31.263505154912107,12)
(121.39665659967417,31.24762211639159,24)
(121.45671442463369,31.269307688751056,24)
(121.43007659007769,31.24648805382666,6)
(121.39376321129586,31.25088110769939,17)
(121.39121982293396,31.23262634933689,12)
(121.36785855642306,31.314511498256653,34)
(121.44228060518957,31.258433446426405,30)
(121.38154421560546,31.243030915656416,14)
(121.42955634658509,31.24655597222089,6)
(121.40673824556086,31.226592989468735,2)
(121.44764828938476,31.269459425861307,6)
(121.39645885798609,31.302486522083687,36)
(121.40538712394705,31.247509327859316,36)
(121.42941639214207,31.25265370106028,24)
(121.39129510416893,31.22370327534844,6)
(121.38636314984885,31.23938876658961,15)
(121.41330159268409,31.288339831366017,36)
(121.46153295956901,31.257656529422214,1)
(121.41524914771259,31.234868200094088,17)
(121.38991359279999,31.251286090693796,16)
(121.37986540966845,31.24591645020656,26)
(121.39250466674987,31.254414923463763,30)
(121.4024046859923,31.22980738052966,41)
(121.46156197356596,31.269864045174945,23)
(121.41635954906475,31.291403000812746,36)
(121.3726451939848,31.256006303902215,5)
(121.40686779629159,31.25470755909272,8)
(121.3747775421141,31.2579108392495,35)
(121.45220367608584,31.25917771344692,9)
(121.35351675701499,31.283352353305666,4)
(121.42301857449878,31.241149841833618,5)
(121.3844301331453,31.25769470424753,31)
(121.45512423327739,31.25234127934053,36)
(121.43875322335809,31.23935423602219,12)
(121.42757592349959,31.239501364296366,18)
(121.4184843147746,31.253615337722767,37)
(121.43357328679242,31.239185893877536,26)
(121.43783303577614,31.25401404139184,11)
(121.45910963705433,31.2598983561136,3)
(121.3972995577218,31.266453581591893,37)
(121.39907239404576,31.290161057079327,32)
(121.45307015585044,31.275510547554934,3)
(121.45659197274583,31.2576417272306,5)
(121.39336779492722,31.260561105295785,16)
(121.4432252644169,31.263553162443465,32)
(121.39765856392607,31.235747423757175,3)
(121.42356170497257,31.259597590001313,17)
(121.41639262400714,31.23976597501103,1)
(121.40337895940162,31.236917337861815,3)
(121.4351550357483,31.273246603168044,2)
(121.4109189235794,31.26147716457434,1)
(121.36416782563045,31.248002891868207,30)
(121.3915204455453,31.252114085774597,5)
(121.37645629791494,31.236456157311522,36)
(121.43022168310112,31.238160691045376,3)
(121.45245387558182,31.27855702789671,2)
(121.44083313074148,31.23700116123706,3)
(121.42735509366365,31.26158531249685,1)
(121.42726336877708,31.229185939823086,13)
(121.39276772224163,31.2601677031173,4)
(121.38457260036277,31.27715556698035,34)
(121.44093210406214,31.24723559373124,33)
(121.35600360925187,31.304270942308282,27)
(121.45830460232615,31.268444724387926,2)
(121.42575524674614,31.243969977785223,26)
(121.4246962010208,31.242947383900958,19)
(121.3403895641294,31.2972899917895,15)
(121.4284004074353,31.25575580828059,1)
(121.44725274450239,31.25876232987093,10)
(121.38037363164372,31.232286079393212,432)
(121.35588762806077,31.295439288909407,2)
(121.46076683593394,31.25989342063368,12)
(121.3740951741879,31.230630792863195,26)
(121.42674571644217,31.23823253997761,36)
(121.43883934343124,31.265362546945436,36)
(121.42531449352727,31.253201435204673,37)
(121.38344635152477,31.24240550620023,25)
(121.37253104446972,31.256299282807316,26)
(121.39636518465467,31.233100438224703,2)
(121.40636382125349,31.24572432625915,24)
(121.39069996365309,31.25941101883341,26)
(121.45691305991413,31.269634617753677,7)
(121.45433659191666,31.26358923649525,35)
(121.34021417739002,31.297364690261027,36)
(121.39921362013261,31.24627151175583,21)
(121.45538940540467,31.251032347644628,8)
(121.38688679890005,31.286927578957144,37)
(121.4256859614178,31.2398942035897,36)
(121.41113130590044,31.243488223163368,37)
(121.42838547615708,31.25634607995319,7)
(121.42103573596768,31.235956823259297,7)
(121.42459698536517,31.250853979394805,36)
(121.43985872502935,31.25545980691418,4)
(121.45297386314742,31.246506233600016,9)
(121.45189312838433,31.25546176290905,4)
(121.39470228452677,31.24498399909797,35)
(121.36838882638786,31.309335970650526,25)
(121.42988643018917,31.279208976257692,48)
(121.42782770655111,31.23091241790115,20)
(121.43640125215799,31.264486495341906,7)
(121.38395753570467,31.264048210265535,36)
(121.463824995874,31.25708320034301,36)
(121.39376644525343,31.274520562740324,32)
(121.42409360235811,31.241047999428947,13)
(121.38656276921131,31.29325270048746,44)
(121.42893119680849,31.250112838605776,27)
(121.3953155786942,31.267172981300266,1)
(121.45988708138313,31.25367284847908,8)
(121.45280898059296,31.24336815758817,10)
(121.44286925241947,31.27858205766581,4)
(121.38475157573221,31.228709480301898,36)
(121.39076907884467,31.259356731713034,5)
(121.40783240054876,31.239075593525897,3)
(121.39439694853006,31.2432640684311,9)
(121.4494442700516,31.26172465545408,29)
(121.42232156418417,31.26027872627455,36)
(121.4528860001164,31.257197113240206,37)
(121.40499838532936,31.22791441262336,36)
(121.41921229536091,31.2564764845725,59)
(121.40112938123461,31.23408111563882,6)
(121.45136943265629,31.274881941025544,6)
(121.37496164248432,31.26750518440901,27)
(121.42394874353514,31.241137149948475,27)
(121.40521867446269,31.242495075951208,2)
(121.42519746812829,31.239502161874885,19)
(121.41186686302152,31.28635738298164,1)
(121.38459462632387,31.27718459905839,35)
(121.39789800584364,31.302796611033873,36)
(121.42558106207504,31.242282135833968,22)
(121.40791069921569,31.254258928673174,36)
(121.448910730766,31.24203997220099,12)
(121.40439970534803,31.301055587755997,4)
(121.4561509879807,31.256554181842922,4)
(121.44692084344558,31.283254073282535,9)
(121.36769009349776,31.30095307364458,28)
(121.4258274213537,31.234735600558082,6)
(121.39270800423996,31.297664913581958,36)
(121.3621007341651,31.296971754950967,37)
(121.43858603165015,31.248546116572506,36)
(121.42165079880415,31.261029385105658,36)
(121.38602230724011,31.268074040527964,27)
(121.42463594719325,31.250841943356836,2)
(121.42534043420258,31.24135114684242,6)
(121.39892713959732,31.23213884955752,3)
(121.41871188825863,31.25347898861442,24)
(121.40980516497561,31.237209154366507,6)
(121.43720119965359,31.267028517287567,37)
(121.39235282455569,31.29940114302891,36)
(121.44991086358004,31.25520976878027,1)
(121.45003169654369,31.258652236479456,14)
(121.40940755401523,31.242642090174126,13)
(121.42548663959006,31.24759000642689,13)
(121.40294835856432,31.240451765755733,14)
(121.35832751265755,31.281764294533236,1)
(121.44678022727048,31.245983250953568,42)
(121.37838947584831,31.233075993141565,34)
(121.36783651417949,31.314454445238177,24)
(121.43300523859178,31.27531026576131,4)
(121.4130977487862,31.232044591787975,1)
(121.44634635857274,31.2555775245165,3)
(121.40307023868135,31.24075702362133,4)
(121.44329240574616,31.243683344154665,1)
(121.37794144109405,31.274994866185406,36)
(121.42403500653529,31.254534824327653,7)
(121.42321823892507,31.262223974427197,68)
(121.41072171223334,31.230455088920014,59)
(121.43071610060439,31.234486497488813,29)
(121.42406123546586,31.259425139557,36)
(121.37878883809758,31.266708329313516,14)
(121.40572847729712,31.228387684693374,10)
(121.40210259149103,31.24483075954252,36)
(121.40834696215602,31.268862612337113,36)
(121.39304404082947,31.23144194534389,3)
(121.39520378662418,31.22438085790843,22)
(121.3999735080445,31.29798755631915,1)
(121.40467131020733,31.23955619124751,8)
(121.3910546627809,31.266702298443086,15)
(121.4246200265659,31.235904449229984,36)
(121.38721393505101,31.273420287983097,19)
(121.40271636392127,31.242990964108646,37)
(121.4036442617909,31.244718771974618,14)
(121.42690554105828,31.2381833757689,36)
(121.3917768026264,31.25007063767177,13)
(121.39908340257718,31.24435061044257,5)
(121.3758387744085,31.25456967963554,35)
(121.35461099258363,31.285768997377733,24)
(121.42484528459875,31.264813941111584,2)
(121.38909801893969,31.23097058235416,1)
(121.41447312649724,31.231768820624,3)
(121.39066285872734,31.238027436062282,11)
(121.3963183985121,31.224352378464978,23)
(121.43279081912301,31.26708405114966,36)
(121.42584832836214,31.252493471712288,31)
(121.42396374390647,31.241299211526947,71)
(121.40516722807338,31.298988973043944,37)
(121.39955811446553,31.26193648253712,35)
(121.40533039156747,31.23258097045339,12)
(121.38962713459595,31.273874331213072,37)
(121.4007706637821,31.22916823031377,21)
(121.42601365919235,31.240256090253375,16)
(121.42696562963415,31.246821700859474,5)
(121.39023486065891,31.26715231724449,21)
(121.38278941727364,31.25216548896613,1)
(121.37008295087357,31.230531463167086,35)
(121.44199358999579,31.286553691713035,4)
(121.38237237634287,31.27968952546337,36)
(121.43766972664612,31.26120271765634,43)
(121.43933862614965,31.26530485943074,27)
(121.4312353286132,31.248942916992696,3)
(121.41996479357806,31.273466866284917,16)
(121.37780554309325,31.24556064566214,5)
(121.37195672324242,31.2512953372625,1)
(121.43783307398567,31.254453233626737,18)
(121.396917987005,31.250562532083404,29)
(121.41814015289151,31.252441824421943,34)
(121.3768486449835,31.271383091616904,11)
(121.44726187059631,31.277662827347182,4)
(121.37396865963848,31.272946240590404,36)
(121.39862642010597,31.2581195156497,7)
(121.4250872421184,31.248536622219344,25)
(121.40823114649726,31.225006122957247,37)
(121.43240125747234,31.254502069749165,5)
(121.44039312754089,31.270878636609897,2)
(121.4608869943743,31.272040493682113,2)
(121.45312866388399,31.25566806102724,36)
(121.4063462169604,31.24574112260594,36)
(121.43428054412188,31.2516553761813,22)
(121.41644865946074,31.258840391295067,11)
(121.38356525710984,31.285776168223475,36)
(121.41044433117878,31.242091710623797,25)
(121.4256174708454,31.241210345334213,10)
(121.4637340829191,31.259807283613437,3)
(121.4306821954151,31.254818752902104,22)
(121.39208223835766,31.230000698361412,4)
(121.43659968147662,31.261530965981493,2)
(121.36393933070107,31.241094327879768,36)
(121.38460568975064,31.260990958512163,4)
(121.43545774560464,31.28674707092025,5)
(121.40766137185125,31.250106529142666,3)
(121.38310715654255,31.290497635040133,36)
(121.3899709008536,31.282521436699298,24)
(121.43928182461144,31.279547870146057,19)
(121.41411827196077,31.25834553293321,1)
(121.37300539643729,31.26353402345218,18)
(121.43006754563474,31.233730568005544,36)
(121.44775681701243,31.27187303413698,7)
(121.42006210888836,31.254955889052663,9)
(121.42391595733373,31.270478337687702,73)
(121.38609182153458,31.273182252248347,29)
(121.4397981659354,31.25930656751988,37)
(121.42352284937137,31.24939315432482,20)
(121.41960339194733,31.268285489889426,7)
(121.36501514333713,31.250788084307956,103)
(121.4496569132326,31.251539826275824,5)
(121.4063100873641,31.246618979968012,28)
(121.38633805085125,31.29596373294694,36)
(121.40627049702371,31.29241091328859,30)
(121.38998602015553,31.269132594215208,6)
(121.39609321050226,31.26947433076756,3)
(121.44126044312509,31.257949805844632,37)
(121.42416061390055,31.23499361514053,10)
(121.39198856098332,31.291877287788708,37)
(121.37880088300089,31.232514232048317,6)
(121.43661800470258,31.241103383898146,25)
(121.41090239782172,31.243948469600557,36)
(121.42577347025743,31.281117916550443,53)
(121.40901893017995,31.24637079441414,37)
(121.36643014113824,31.234157925049075,6)
(121.39285964581822,31.23631926806021,6)
(121.39201304136516,31.228315877817842,13)
(121.4133726468516,31.261368951960243,19)
(121.38645235102186,31.262550945784714,34)
(121.40990959053241,31.258996833960715,36)
(121.44066409642593,31.25137960334156,7)
(121.39797764373115,31.252392772194554,37)
(121.45086175820629,31.257897343810335,23)
(121.39576541564966,31.27387002351902,3)
(121.4274690056217,31.2505523982243,36)
(121.44399464304246,31.25163374621315,59)
(121.39238768761207,31.2326380991436,23)
(121.3922158385297,31.27022954037912,23)
(121.34722133936893,31.28741755031557,10)
(121.42677802845296,31.26513235212155,16)
(121.41179524971719,31.244745655558592,32)
(121.41146314802249,31.288416297918168,2)
(121.41114630415615,31.243508229401975,36)
(121.43419530810283,31.244609306987172,14)
(121.42495519069635,31.24569140457365,19)
(121.35507103843746,31.28860702924407,39)
(121.36049186816781,31.24029554985208,36)
(121.4405294530964,31.265921333423126,1)
(121.39341758812118,31.2708805347958,19)
(121.4101877592908,31.228278350714078,36)
(121.44004721908952,31.235835021121957,6)
(121.45556081061473,31.245665258412114,36)
(121.41284811144077,31.258185327287162,35)
(121.39960406504599,31.2611781708539,9)
(121.40224249232638,31.23417287946403,36)
(121.43686038136364,31.285770763322578,28)
(121.34272212664364,31.301446999647975,11)
(121.4075506111203,31.249132264261437,22)
(121.42461219790556,31.241992021299293,72)
(121.41933222372569,31.23428585165345,4)
(121.3925373961848,31.226932456746333,1)
(121.4091248111494,31.24515624339526,2)
(121.40815107990264,31.231717552845193,10)
(121.3848952104771,31.291724790247486,16)
(121.42879707923682,31.25729009282597,9)
(121.41042962331845,31.245408197860993,35)
(121.38470148869214,31.257788850693572,36)
(121.38464017463674,31.266274622562246,108)
(121.40748677599446,31.26610847621574,26)
(121.4368329344152,31.25405546991799,36)
(121.38934338342249,31.256528722275355,36)
(121.44977084008826,31.271159715257763,1)
(121.36497142018806,31.313280341743074,36)
(121.40872095497751,31.246268773075613,14)
(121.41407566767187,31.246645905534308,36)
(121.42396498940873,31.255102808728346,43)
(121.40844609545844,31.247570370701904,1)
(121.39105475150045,31.26771973069737,2)
(121.39983688127846,31.30394973789993,14)
(121.44032986479901,31.243618877342662,17)
(121.37875878503102,31.266548227852624,26)
(121.42515645812408,31.239652953129628,22)
(121.41243213492459,31.241188425400793,42)
(121.39043050446612,31.260050867831147,31)
(121.41135885835993,31.227508902506795,21)
(121.44553336395288,31.270994526404245,36)
(121.39150825899594,31.223625378257637,5)
(121.38921286734309,31.251884593887127,8)
(121.43230209938447,31.251139705525226,12)
(121.36204361888639,31.23836815099851,35)
(121.40478843845314,31.24233450981935,36)
(121.39926091720491,31.24217739623126,68)
(121.3820939142827,31.232101513605635,33)
(121.3992337552796,31.30503696266742,36)
(121.40245773917415,31.259391139921224,12)
(121.4089434528669,31.24621805820926,36)
(121.38923624939169,31.27900217625244,20)
(121.3607051606262,31.280159844984272,36)
(121.4151953331438,31.236717061416737,9)
(121.41334302335594,31.247623557506806,36)
(121.39285644258946,31.256404727477072,23)
(121.4488144342233,31.27070263587082,9)
(121.40532191293046,31.290973692802904,13)
(121.44311793729518,31.268921820743397,4)
(121.37489355150183,31.279102954665166,23)
(121.40437994558401,31.24655380834994,37)
(121.42272919470882,31.245408956577172,13)
(121.44541992085857,31.243187684938775,11)
(121.42625831787403,31.239242422772474,121)
(121.42439579239405,31.257921229715564,32)
(121.43326066268676,31.238412913200467,27)
(121.43673281145198,31.253845750949925,2)
(121.37397325368742,31.25605264931928,8)
(121.39063180718955,31.237718274754098,12)
(121.4047863379425,31.24237680930843,24)
(121.40837659100595,31.230245539110705,12)
(121.4395836757952,31.23961695376489,43)
(121.39016644570074,31.267194104586242,36)
(121.38692616898247,31.280391322919243,1)
(121.3839248295813,31.299287892346285,37)
(121.3763608163749,31.2811355683228,32)
(121.43662892410495,31.25337338156543,6)
(121.41090239668758,31.243935463779454,3)
(121.37543652222348,31.281273513285523,36)
(121.41331863346328,31.261401240595898,30)
(121.3911904700874,31.25180694376351,6)
(121.45966033427115,31.272692512371822,1)
(121.4255128821208,31.25991819676275,4)
(121.4501757718961,31.25173094265613,20)
(121.41634054515656,31.24543554165682,36)
(121.43807532675561,31.238989017841067,21)
(121.44846256307417,31.25190217394212,35)
(121.45857082081922,31.256807117202715,8)
(121.43786182969596,31.240714090991798,4)
(121.38871492736048,31.291352589164468,32)
(121.3640325057169,31.252486066924895,36)
(121.4424833051247,31.25934752551932,36)
(121.41975795276916,31.269756903808574,24)
(121.43629540807581,31.237211296900238,2)
(121.44202455487938,31.286809747491823,1)
(121.45484024645691,31.25665794376715,1)
(121.44124452602671,31.25862989792156,30)
(121.38551465207203,31.28313313841999,15)
(121.41685825660403,31.233768050595884,4)
(121.38633280755614,31.235797112342464,35)
(121.44649674602465,31.244841771655697,13)
(121.33090756137173,31.294842803021368,36)
(121.3786040793653,31.24924654764647,6)
(121.45944660799897,31.25780462839525,4)
(121.45609141492281,31.271262606683415,5)
(121.43445124000704,31.264712064863996,36)
(121.44008537043912,31.262880673353244,37)
(121.4237357656994,31.250630542609883,12)
(121.41578223357202,31.23869773850989,12)
(121.37650766340951,31.300020308492545,36)
(121.43745898047419,31.246357169336427,13)
(121.38892354892607,31.26258903159485,20)
(121.40929373903268,31.24373873566828,7)
(121.39177561373432,31.305741587230074,36)
(121.41769088992352,31.25783039684784,22)
(121.43638530410897,31.25332368014216,16)
(121.43180976234176,31.246834494361817,10)
(121.39066379285892,31.248750240590507,30)
(121.4252139725079,31.24287835899923,28)
(121.42752402337605,31.251453745127957,2)
(121.41111530205845,31.23193398696514,2)
(121.38843297862286,31.238037824297,6)
(121.44061448665173,31.25706918345613,36)
(121.43186774217304,31.25179448133083,37)
(121.37886456100966,31.252245028754857,13)
(121.39651287667377,31.23991476086557,14)
(121.36412310197255,31.311550947197365,5)
(121.41395937901889,31.231356027048932,2)
(121.35376344242809,31.308534724992676,37)
(121.4261744078657,31.239275509952936,46)
(121.39221233718625,31.230054804445363,12)
(121.39517380619081,31.224805040256673,4)
(121.39675799938169,31.230585334566307,1)
(121.40733815888237,31.258692401650723,5)
(121.44869975824598,31.260063303217567,20)
(121.38523030205276,31.23157149486232,4)
(121.40263123394797,31.23022814834745,3)
(121.4108057083093,31.270183895070623,8)
(121.40374218269858,31.299592780704064,36)
(121.38467191144595,31.279516633400277,13)
(121.44760712266915,31.24508311178092,2)
(121.40478525857806,31.249851825497903,75)
(121.44417968084328,31.244338793026873,91)
(121.41763697524509,31.246989657962747,26)
(121.42895458124863,31.2536237054436,7)
(121.42407858213002,31.240656834671412,22)
(121.36496031862546,31.313250540507067,14)
(121.4422656161957,31.258238385174582,37)
(121.39952107931848,31.231867667806505,34)
(121.40356093890541,31.30015074264769,23)
(121.35418452725457,31.28869952466345,28)
(121.41555488039803,31.29069203607796,3)
(121.38264061631953,31.290383136263664,64)
(121.43870848005707,31.2426757823059,33)
(121.38428440674932,31.238783517648656,36)
(121.43567406813733,31.2549116432819,23)
(121.42508834098119,31.234768548090067,18)
(121.38199809192514,31.28143186951334,9)
(121.44322948577589,31.281994549704567,9)
(121.43151619737725,31.277938976103613,27)
(121.4151699447512,31.29134229463181,32)
(121.46058825329247,31.26574650214712,43)
(121.4279007247766,31.23563872418731,14)
(121.38820782811021,31.228540126360834,36)
(121.45170779990808,31.28069236143276,26)
(121.42577400906217,31.241559576941146,19)
(121.4545915410168,31.264556861556102,24)
(121.37223255305452,31.25593273238107,19)
(121.37256841600032,31.246833968175572,46)
(121.40153947769919,31.251886163195437,46)
(121.44104654887853,31.254713719137918,23)
(121.45453348361693,31.250181207458695,19)
(121.45551192784426,31.25697466229866,47)
(121.46257450524257,31.26630642026435,30)
(121.42308933612581,31.2620459910536,32)
(121.37203909870675,31.231087353165726,11)
(121.38951260613854,31.268917163458358,37)
(121.4224857853507,31.249821086129614,5)
(121.43739676325725,31.25456887769108,4)
(121.36941282225713,31.25317771133699,14)
(121.45501651158608,31.253179061042697,36)
(121.39194133565631,31.27822270702243,36)
(121.39783165410373,31.241784999725464,29)
(121.434939374024,31.274555620589137,5)
(121.45324318350796,31.24604649396211,9)
(121.36497252033635,31.313306941811636,4)
(121.44114427416274,31.24210598078163,6)
(121.44732918184334,31.242653087099498,14)
(121.39426092007957,31.30125231562754,36)
(121.38944066481962,31.23583257704032,5)
(121.42565327964475,31.241816651586483,31)
(121.36975295923709,31.23244511371093,28)
(121.43671106955252,31.23358140418659,2)
(121.42588474260452,31.239698948174855,35)
(121.42592104529527,31.245173700479267,21)
(121.34530420930751,31.29903612288528,20)
(121.42636059331006,31.278003130731875,2)
(121.38421961319506,31.247904919208057,80)
(121.42502839650534,31.26032877049706,36)
(121.44526688860519,31.242878658334863,31)
(121.45606160750762,31.267348994326454,43)
(121.42842321885475,31.253895973269415,20)
(121.42324929153108,31.26313934498864,22)
(121.39250655660794,31.27608617205307,37)
(121.40751576540404,31.243076403913186,18)
(121.42627316070248,31.23302868285404,2)
(121.41232103223811,31.243948181829342,2)
(121.41412833366117,31.23617355851713,10)
(121.38609240892929,31.27992005091253,36)
(121.34474937556593,31.299320895532176,36)
(121.40934137219884,31.231201800498628,6)
(121.41501156628412,31.249919744675783,2)
(121.42686159544887,31.261195589087627,12)
(121.44145870319386,31.265082576197,36)
(121.36482059902525,31.312776325211487,34)
(121.38265247269376,31.242600828323557,1)
(121.38186642313424,31.25253245813738,34)
(121.38211504692693,31.244851304976528,4)
(121.40213649952338,31.246120563863897,7)
(121.36451185656897,31.309538196617126,36)
(121.4021758080516,31.26034884365973,3)
(121.37936862677344,31.29309359098687,37)
(121.40528684068862,31.23287171766972,3)
(121.42704957273396,31.2288569810453,3)
(121.40658067302219,31.283297495925126,6)
(121.44917261872827,31.270343829278314,9)
(121.42874643075052,31.250718668585193,18)
(121.44072681173388,31.258155902399672,13)
(121.38190370013001,31.243710583428864,14)
(121.45543648802914,31.245485639749273,36)
(121.38010497753365,31.244040312389398,25)
(121.45231466791218,31.249412821538304,70)
(121.37804387397105,31.27840239702646,30)
(121.3712730844747,31.313527743771754,36)
(121.38095705866311,31.249352127604613,16)
(121.37228775689154,31.268820340177577,32)
(121.34499298236297,31.299607507166215,28)
(121.41154926336235,31.23269925519789,9)
(121.40736936685269,31.24556533375661,22)
(121.41121529606654,31.2436012584136,31)
(121.40730865166219,31.25869599555258,27)
(121.46109274069909,31.269933648267006,2)
(121.3768023199532,31.26837776890657,36)
(121.3772292580998,31.246015786881657,7)
(121.41161032141783,31.248031283960078,3)
(121.45997509817052,31.269472368075753,4)
(121.39336563642499,31.23579512259805,27)
(121.41939886171633,31.235179895149447,18)
(121.46152295557054,31.250482541326797,1)
(121.44307832818836,31.269467914836337,9)
(121.42558727813575,31.24238640820056,28)
(121.37648920099336,31.249471835726,1)
(121.38525925980515,31.27645189142625,36)
(121.354886304222,31.280410516020137,1)
(121.46089574198622,31.269404362747327,5)
(121.45951550363112,31.254085924492852,28)
(121.38392223248353,31.242060649238024,24)
(121.41579149115977,31.253164182635935,37)
(121.37758102674967,31.252779946108863,35)
(121.44176247175733,31.257345776544128,36)
(121.44367871982982,31.26042393520809,9)
(121.37590437249952,31.306398058066,5)
(121.3621929026236,31.28464529140746,36)
(121.42667799169485,31.252028759975076,13)
(121.3884691289024,31.29679978123042,26)
(121.4372917412182,31.264576638566297,26)
(121.40199046358967,31.261966603027897,15)
(121.40242276722988,31.26028049367634,3)
(121.4199465770668,31.254466541995733,4)
(121.4158303032999,31.2512253149164,22)
(121.40233967057056,31.22748037182668,33)
(121.38465669460278,31.277211666658484,37)
(121.37356948358229,31.258088186883242,26)
(121.37703387809789,31.294137610482494,36)
(121.42520856535471,31.241361259311457,1)
(121.43838418436643,31.239694894359353,37)
(121.41054104631789,31.242337897680603,36)
(121.44051244971622,31.24257513864038,6)
(121.44984910282058,31.25863556999679,21)
(121.38229164295839,31.226329048320924,29)
(121.3729774694552,31.313290582070973,36)
(121.43248429353132,31.24474766138682,25)
(121.41211073412786,31.245982118034252,17)
(121.38526550345597,31.265645931918254,4)
(121.34969552523044,31.287404700047755,36)
(121.34941168940709,31.289626622432305,12)
(121.44400822198743,31.24393423110049,34)
(121.43982328286866,31.23819017465655,11)
(121.41012585974572,31.258928186006905,36)
(121.4255580564099,31.24178873201024,32)
(121.40988468439254,31.25911502854865,37)
(121.46052855278946,31.255822354556635,6)
(121.44650685430666,31.25359838124925,72)
(121.42818043790695,31.264670868599843,24)
(121.43605615664757,31.2342495674022,1)
(121.44176285371631,31.261738676472877,12)
(121.40811650773153,31.229050002013064,8)
(121.43778033942473,31.267976133655313,14)
(121.41036110201078,31.22813888703546,31)
(121.39266949915681,31.268931966665523,21)
(121.43142686989442,31.269487601815815,5)
(121.42734815238487,31.239241455596165,9)
(121.41912447244655,31.236985403181535,19)
(121.4267918470594,31.24029543169419,14)
(121.39898544407139,31.256738042218924,21)
(121.33464671016543,31.298653620083787,36)
(121.45501647986188,31.252812900336725,27)
(121.43243837310109,31.244939799529458,34)
(121.439146954853,31.26691877275086,17)
(121.42883815423018,31.26138056700093,37)
(121.42764710913654,31.27692152977458,4)
(121.4354352092603,31.23536787382074,9)
(121.40454587815763,31.277141491078144,26)
(121.43773826070228,31.24318859598965,8)
(121.41330277295818,31.233126031153922,18)
(121.42361490631153,31.262451780959562,9)
(121.375743495695,31.298938971762865,36)
(121.38846976345147,31.30406961867455,8)
(121.41181948237268,31.227045702269667,4)
(121.39393057872967,31.3064365265298,11)
(121.39072926896732,31.26758480747031,14)
(121.40922302256247,31.224786946962233,8)
(121.45631454944206,31.25638445297546,6)
(121.45761137568437,31.247778961604944,6)
(121.42516564062755,31.241740464880845,4)
(121.36929578646374,31.251602259686035,8)
(121.42333017330792,31.262602055394428,7)
(121.43447945495537,31.2332360929872,7)
(121.34696519011307,31.298483696410624,2)
(121.45296145253945,31.24766028119113,36)
(121.34126759948839,31.286505341097342,11)
(121.42726579654139,31.26833146367107,6)
(121.44862933076077,31.241889416894658,21)
(121.45519194621272,31.251643024581426,4)
(121.38431071765845,31.258743520966206,2)
(121.39710571335027,31.24508226627008,2)
(121.39144989310861,31.24290916132796,12)
(121.45470584768657,31.271298488737955,39)
(121.4114758214823,31.26181120578798,37)
(121.40274780169696,31.259405201849045,2)
(121.38051419415824,31.257147083229192,26)
(121.44836593339346,31.26168726372265,20)
(121.40395631817964,31.285840480553645,6)
(121.44511985834231,31.245837126787276,22)
(121.38134974257207,31.286254179353826,37)
(121.37883491005029,31.266846439128052,36)
(121.43718861569566,31.254030038617397,33)
(121.42855505044322,31.276635552997103,1)
(121.44202190882876,31.256389960106645,5)
(121.35574230202953,31.29505088800659,12)
(121.38084572073348,31.244010832468852,35)
(121.38955908478424,31.273960317925564,17)
(121.46378428869663,31.25430730024054,19)
(121.42496984533825,31.241894692642084,35)
(121.38315847391345,31.270506464345164,9)
(121.37896911139283,31.232630471428575,9)
(121.40247231253176,31.24299391837825,37)
(121.45867024602651,31.264695303847336,7)
(121.38044384510397,31.23275398982325,9)
(121.39580470555914,31.265478498327056,1)
(121.43718051853821,31.27878508977212,37)
(121.42331669068356,31.245473564243408,30)
(121.3914129618413,31.25550370982067,36)
(121.40245667115819,31.247146769437318,36)
(121.3802686090183,31.244086938688504,32)
(121.37573025939047,31.271723474706555,36)
(121.3982848879382,31.245560996671813,30)
(121.43853275962235,31.24124339842324,8)
(121.38814656760152,31.28222067366603,11)
(121.42581823841294,31.2675302027297,36)
(121.44767740127361,31.242164250782913,4)
(121.39804103102647,31.244813950138546,31)
(121.42428506859078,31.26209886155847,33)
(121.45325840650418,31.24903078964918,10)
(121.36932912505632,31.235181547906286,4)
(121.43519325696829,31.25529974859932,25)
(121.44012368510734,31.237373364724743,5)
(121.3649725203385,31.31330094182536,24)
(121.4508472231468,31.27435938583169,36)
(121.38261789117874,31.293838492982488,36)
(121.37405575575266,31.30904214636402,36)
(121.44335218665206,31.266945369471,36)
(121.44511495730886,31.245838225912834,36)
(121.4228578258661,31.230973325894347,8)
(121.43088104820661,31.251935619640292,36)
(121.41348701973662,31.236700609293333,2)
(121.43975106802264,31.245760683168495,4)
(121.41065888825385,31.226038344072506,1)
(121.3840798592519,31.27151831552186,119)
(121.41132186048144,31.283421110080756,15)
(121.38317767441481,31.28411313562582,28)
(121.38413406191448,31.24189792333138,12)
(121.43062674088216,31.256149735719656,36)
(121.43195287477904,31.266087577842416,2)
(121.41690522243083,31.23847553577639,8)
(121.42747595725744,31.27300605419932,2)
(121.45885209145302,31.254080430074,37)
(121.42560526792023,31.2417073418942,23)
(121.4617358702404,31.260781418671982,1)
(121.4103317945746,31.28787996382161,2)
(121.45702491900467,31.24662496341172,13)
(121.41240745542521,31.272008338906726,15)
(121.38887793561844,31.25600314805301,37)
(121.44611526592561,31.24154281073135,36)
(121.38994682346774,31.23611995806517,11)
(121.40878856664129,31.23042959571239,36)
(121.42305844893309,31.26303043618463,7)
(121.45937468337262,31.26466668488743,34)
(121.43892317042877,31.265011278185217,25)
(121.38440718456116,31.228422034270036,37)
(121.43195066102588,31.240666431447114,3)
(121.42832384974886,31.248350624027996,36)
(121.39104233773571,31.268546763421817,24)
(121.42436826745876,31.261892348076906,36)
(121.38613217974768,31.288509534891638,17)
(121.39068715913142,31.2757018373568,1)
(121.42564251649767,31.25721991912328,36)
(121.41215344237307,31.248091066652066,7)
(121.417951165526,31.262743392907506,36)
(121.41378246928313,31.236014717572104,11)
(121.37657600855898,31.27990131579342,9)
(121.37198705401883,31.243036707747816,34)
(121.44577662378028,31.268171920581754,6)
(121.36856699977137,31.282880110820937,36)
(121.4356688982589,31.246227970256008,3)
(121.43047454486144,31.247820524188985,25)
(121.39978523427418,31.23943262940472,10)
(121.43416551727628,31.2516252535648,29)
(121.4224784028368,31.260333758807416,36)
(121.39638178760207,31.25140186468641,2)
(121.42364458880802,31.250378020135308,16)
(121.45190017443602,31.255630361907578,19)
(121.36752802900824,31.29186225425007,10)
(121.40351302431903,31.283255364288195,3)
(121.42141292967442,31.27588699111058,36)
(121.42922068410566,31.258522210291353,37)
(121.36497252034086,31.313291741846346,35)
(121.34888815719769,31.301645116207155,26)
(121.41617439501059,31.28856893917332,11)
(121.37647487192666,31.27994621463835,13)
(121.42873022683042,31.25059166552653,6)
(121.39463939987719,31.22377428578704,13)
(121.37703921763224,31.271836703573232,51)
(121.43042843388939,31.248104514355575,36)
(121.43532437550924,31.245673060907347,3)
(121.34303880495906,31.289566895207095,36)
(121.40903377508717,31.244930879426693,24)
(121.42376371746064,31.243978256904345,30)
(121.44319677636724,31.2802802373791,4)
(121.3967604007618,31.30206285420929,36)
(121.4281111209882,31.248668967318523,24)
(121.43611174562234,31.264950071093473,30)
(121.38742666205208,31.22748308871437,17)
(121.41817812914536,31.25243380201821,36)
(121.44956087667566,31.273881943065053,1)
(121.4036583660418,31.228594105759345,1)
(121.42821243359185,31.230640728413608,8)
(121.41822415924763,31.253100071652423,3)
(121.38075727689981,31.23164794115202,25)
(121.41331161949834,31.231401237874213,4)
(121.369219647219,31.231743823330667,27)
(121.42744871893386,31.265064076335406,36)
(121.43047320185181,31.26995277581942,22)
(121.40639717648035,31.28199811231087,3)
(121.40392325297687,31.262234611202423,20)
(121.39345334175486,31.277654382584128,4)
(121.41988383773233,31.227477623572312,36)
(121.39187612673233,31.23443648718602,1)
(121.41472688249883,31.252673252397734,30)
(121.42956212907218,31.267004903220073,1)
(121.43883208814312,31.253920553385587,13)
(121.42058160386476,31.264928889881837,6)
(121.44638852356744,31.244833652716423,25)
(121.44206374116125,31.25535644442519,14)
(121.4262393464129,31.23934348481311,4)
(121.41083184296778,31.22593926968307,30)
(121.44768770397204,31.24722449362026,17)
(121.41804918578599,31.252189758568036,6)
(121.380094797459,31.24137624725898,18)
(121.38737804811797,31.250216634908046,37)
(121.44512465935578,31.245842227632505,1)
(121.40631360754645,31.292403122176307,13)
(121.40688018139068,31.224718019982312,6)
(121.45202658523024,31.26373562196951,3)
(121.38216600974594,31.27823171899383,13)
(121.43062167806403,31.234296278811996,36)
(121.39596014663422,31.223651886049456,13)
(121.42410858666165,31.24102697849038,36)
(121.39331865819045,31.224916089659764,36)
(121.4192720110931,31.247608098183683,6)
(121.44777155699164,31.246260916365628,15)
(121.38926485405808,31.237173100480973,36)
(121.38576070256117,31.286842773418005,36)
(121.44621778513303,31.25743255409683,15)
(121.36796703827444,31.23726256884154,11)
(121.45232530951358,31.249317644105066,17)
(121.4134489657719,31.261409667849364,36)
(121.40540168510186,31.298667521778103,36)
(121.4209764497205,31.255086394055187,7)
(121.42620632059868,31.26158232896657,8)
(121.3996573106604,31.241491976275324,66)
(121.41836360502343,31.230148687899163,30)
(121.42362098479992,31.269593478237596,4)
(121.42077358237991,31.264860094658765,4)
(121.36758821983717,31.24943939972618,1)
(121.4364841432166,31.25326252363842,36)
(121.39540340769769,31.230200651465616,13)
(121.41036440279244,31.233964876805103,11)
(121.42341413748353,31.263044183700227,36)
(121.40240468508938,31.24414035285396,49)
(121.45324150572995,31.248784323704303,61)
(121.3665647974749,31.285194166257273,36)
(121.36713243577103,31.309045312643775,23)
(121.45355448663322,31.246582111060548,24)
(121.3687353129153,31.283258503314023,29)
(121.4462488505584,31.270406057159402,5)
(121.41467824369549,31.244580787620976,7)
(121.41306925488722,31.24920333291671,4)
(121.45997975814456,31.252791255246965,34)
(121.40103958902763,31.273272724517348,9)
(121.42762210105099,31.242126504619858,2)
(121.40053294399222,31.233230030852415,37)
(121.433130646522,31.236129028674668,3)
(121.4469941396678,31.257057043458126,36)
(121.40603298829065,31.234101324881394,12)
(121.4010371360962,31.245155557309804,5)
(121.42643222309725,31.228768486109537,36)
(121.43019089362248,31.251602200004523,36)
(121.39995832641651,31.239796847297658,7)
(121.43241430012398,31.232250082284928,6)
(121.36550232136574,31.278042660294012,8)
(121.41140928624428,31.232559218599608,1)
(121.39711963927513,31.302759279363155,33)
(121.42352345783722,31.25637321862317,23)
(121.42886713944291,31.247460703513948,1)
(121.43871455918797,31.26541374502873,14)
(121.33963904708152,31.287618720142856,29)
(121.38869347055548,31.252522485891937,37)
(121.4403629303556,31.2544774412313,28)
(121.45344318115174,31.274521392175206,3)
(121.43641643890429,31.25387718961193,37)
(121.42970187041256,31.232932315522145,3)
(121.3735731736481,31.29715457746921,36)
(121.43651514340903,31.25382572983869,30)
(121.41074230211457,31.242454826836248,6)
(121.41968937502169,31.26647707324289,5)
(121.37895033495805,31.281508690784204,36)
(121.43631678454229,31.25760163761313,13)
(121.40367781329947,31.2461505367811,19)
(121.41031559069354,31.244782935507253,43)
(121.40289047646024,31.232407197335995,27)
(121.41539659423363,31.2636778922374,6)
(121.39576489358973,31.267886503516664,4)
(121.4173244278133,31.26868796542926,11)
(121.3858901371235,31.241302790374,37)
(121.43339033358421,31.23764482616986,2)
(121.39104634016962,31.27454959931335,34)
(121.4220127453628,31.24488321435339,37)
(121.44774042506045,31.2482014133298,144)
(121.36906575147052,31.23101542652565,6)
(121.43818836212571,31.240001688034305,42)
(121.45066039688592,31.259984630228143,36)
(121.40933955418853,31.25399913288317,36)
(121.39317026290641,31.267451940074423,67)
(121.4166765652531,31.25912241657576,36)
(121.38235884469874,31.296733383565783,3)
(121.39325755005342,31.287594469467308,39)
(121.44863084185603,31.259302099184353,1)
(121.38133283188648,31.264528114922506,5)
(121.4331187624584,31.271674611504935,5)
(121.3929157295679,31.27479628111995,4)
(121.42309082113522,31.279069165974754,6)
(121.37443453669918,31.275129737528847,36)
(121.44448878637505,31.251837019980247,5)
(121.43605996064183,31.277956610074863,13)
(121.40531901395792,31.257767828592034,6)
(121.45020899747915,31.245476104490454,20)
(121.42599888339406,31.242653181540714,19)
(121.42603056809409,31.2508768137985,2)
(121.38624035900335,31.230297630449687,1)
(121.3731651974875,31.25845303995615,1)
(121.41773763136042,31.287829213791525,3)
(121.39921593104248,31.27276296773386,37)
(121.4219875799262,31.23642670190093,36)
(121.39825324912974,31.269425219741258,4)
(121.4099242942713,31.242816768439603,26)
(121.3649725203425,31.31328684185745,16)
(121.41799299205141,31.23608506806318,24)
(121.37458602536128,31.255174410596705,36)
(121.40094781544975,31.25344861039281,36)
(121.38801285513566,31.240981828217503,9)
(121.375958464487,31.306577191798514,6)
(121.42874243172103,31.265620739372142,4)
(121.45912738939334,31.26863097702522,7)
(121.42122116023518,31.253912726428794,34)
(121.3811708279516,31.24371984223677,6)
(121.38264070615534,31.29141354889212,36)
(121.36134194931786,31.25125727409189,139)
(121.37133319011615,31.25032572964578,15)
(121.4165508698296,31.296201827762534,31)
(121.45838411547035,31.2667753390469,6)
(121.4354960840282,31.28087653848351,36)
(121.4333499269845,31.25550688499575,9)
(121.40734134767716,31.26113934959852,36)
(121.44468589556193,31.24608714710468,2)
(121.43220697875903,31.25114349710823,19)
(121.42992401126408,31.233544139322923,15)
(121.43654126412076,31.23513344833973,42)
(121.45017839921904,31.27402074608836,5)
(121.42311778459968,31.24454829532425,36)
(121.42710543629325,31.27039139567464,13)
(121.41179471445449,31.238606894869264,1)
(121.35318832871057,31.295274930890464,36)
(121.38752912205035,31.295110376813838,8)
(121.40120889435032,31.287671690386908,37)
(121.40892861140135,31.23112390371926,8)
(121.41083111792193,31.227889985347407,2)
(121.41119229486523,31.243525228600742,72)
(121.36392687549055,31.309417129605947,2)
(121.36889823376269,31.313776699877415,36)
(121.41476271390692,31.294468807355333,6)
(121.37140510167578,31.231010475906437,6)
(121.41094837202452,31.243769381514195,25)
(121.4465253047421,31.259213796077262,7)
(121.43736154510388,31.262495363419582,11)
(121.39709972818582,31.258042883031308,12)
(121.36492130114621,31.278144829978135,26)
(121.40701238121827,31.249969477185996,1)
(121.41168205505274,31.26509157039998,2)
(121.43799231271292,31.24873049442483,17)
(121.4342913089709,31.262811446073727,6)
(121.41261238314902,31.260442363573578,36)
(121.41993042266203,31.23456085263019,3)
(121.41989993142316,31.236709748854267,18)
(121.4286430149849,31.23154673157216,11)
(121.38260321817137,31.297786038495218,36)
(121.44241729665227,31.28541173167656,4)
(121.42339326131919,31.252791747890228,7)
(121.40881993400404,31.246150712920798,37)
(121.44628091371594,31.283371385064008,13)
(121.45530571557315,31.252221044166408,4)
(121.44641813932127,31.283279485413402,36)
(121.41711297353878,31.228831797231244,36)
(121.34094688335529,31.286512740612714,4)
(121.36897307073613,31.31047355830506,15)
(121.3829920187652,31.290408488251842,37)
(121.44541924963947,31.267030041468814,8)
(121.44732679259734,31.280622952051232,3)
(121.42459771102178,31.25917861669351,26)
(121.41018695892984,31.25586179781291,37)
(121.37638806499922,31.237512739301987,36)
(121.41257634929967,31.241064724688997,37)
(121.4015821681599,31.2297503837828,36)
(121.4134867466009,31.23356718099057,36)
(121.41830674498192,31.237468053221424,15)
(121.38855085844914,31.26991186741564,22)
(121.40909208943484,31.24413639305399,20)
(121.43568950388546,31.2546871783132,30)
(121.38438601568447,31.249744652529227,9)
(121.38759269448808,31.244915783845666,37)
(121.4378318221001,31.2400598370768,3)
(121.37831640731628,31.280379520184777,10)
(121.45450452012622,31.254128080240513,4)
(121.44935383723292,31.280828794879177,3)
(121.44330903188059,31.26272667376936,36)
(121.36728217382458,31.24944446144223,34)
(121.400432788256,31.231808351119565,33)
(121.42256933273308,31.245438081478998,21)
(121.45641808789227,31.24743381719315,15)
(121.35552692192392,31.28411712970585,36)
(121.43766825039025,31.272547527058922,18)
(121.44794046767528,31.255342434512873,52)
(121.40900416718979,31.296379870224982,14)
(121.40199346644161,31.22847926899036,3)
(121.38484417240464,31.25744744413401,51)
(121.41333053127715,31.27630489537501,1)
(121.3528185957524,31.28939931584026,21)
(121.40797233886134,31.23846831342424,4)
(121.44215242536447,31.26510451742416,37)
(121.4236449096882,31.242560766161617,25)
(121.4239637266471,31.241101122352568,24)
(121.39052159164264,31.282175396729706,17)
(121.42605267642348,31.2364798437214,1)
(121.428436080845,31.276622686659778,1)
(121.40912599777405,31.24405090025407,36)
(121.43992106013822,31.23618421451965,3)
(121.42212861571622,31.24922210726766,2)
(121.43622773349891,31.2783515555458,36)
(121.40195195521896,31.248661221672005,29)
(121.42530869617295,31.247942869054086,16)
(121.4089195465851,31.276388293596497,4)
(121.40163145654829,31.24465888206378,1)
(121.42825815174898,31.234891832355615,10)
(121.40218963195382,31.270077257646715,36)
(121.37914726119249,31.25473156078945,12)
(121.40041918927683,31.262282886950405,16)
(121.40289980203522,31.276215388767643,41)
(121.4341476423032,31.27569206815135,3)
(121.41318201761548,31.23545512799224,3)
(121.40623408914105,31.246658995232494,36)
(121.42643371629477,31.245913265632712,9)
(121.46365897004377,31.255834781305104,56)
(121.41219360926445,31.27304982574822,3)
(121.46151013402613,31.260921287917345,1)
(121.37086522587342,31.265354972796747,30)
(121.37261485574709,31.25264379352382,17)
(121.41046182670324,31.267811131440258,37)
(121.45881444066892,31.25976086668735,3)
(121.40626400295304,31.245662552386754,21)
(121.39640375316208,31.223643671018355,1)
(121.4367068054982,31.253860445891064,36)
(121.4165149020637,31.23909061845875,3)
(121.44308065129447,31.264821936255267,6)
(121.45679333191104,31.247661440736227,1)
(121.37342341472242,31.24494742897108,26)
(121.42720526164672,31.261630468037414,7)
(121.45175339914275,31.24717505545474,5)
(121.4051592248914,31.260324923184267,11)
(121.38988791451342,31.28032619413264,19)
(121.42940060093102,31.271508577620605,33)
(121.40024516644229,31.299586805760562,12)
(121.42749664652295,31.281162419592206,2)
(121.44344630451506,31.256598806058026,36)
(121.40709807817589,31.269434891979135,36)
(121.3896112200381,31.26352994119848,52)
(121.4247640926445,31.24245110726103,10)
(121.355551086007,31.295527054281497,9)
(121.36558633699129,31.276516153111658,3)
(121.40272584043845,31.251846071715327,13)
(121.4126348636814,31.232066553879122,2)
(121.4539280997443,31.25246396268814,1)
(121.4090964905177,31.24410789402195,36)
(121.41760341685183,31.23556351865094,34)
(121.45933283598202,31.268491465360086,5)
(121.4336043706968,31.252130630828916,5)
(121.42699235792618,31.27154387856569,5)
(121.34094688119615,31.28648773048425,36)
(121.40994189850008,31.258172142301415,37)
(121.45835401047154,31.267330633644647,2)
(121.39333140737858,31.25117554930047,7)
(121.37828607603485,31.277031102980402,13)
(121.45222341956125,31.255606722312418,1)
(121.42145464897237,31.24266237923272,21)
(121.4360422501313,31.23870894499055,19)
(121.4034595049323,31.231545897732918,1)
(121.38900089373088,31.259429907788874,36)
(121.42150996447194,31.254246687262224,1)
(121.4137536413128,31.261322931782544,11)
(121.3676245130752,31.29629830281349,13)
(121.4045841870216,31.286965178743344,21)
(121.38333269703172,31.247835821724454,16)
(121.39117476692111,31.268722087623196,1)
(121.39563102547521,31.257632737649317,39)
(121.41318172033573,31.23204456900703,28)
(121.38614961600848,31.235682904782315,17)
(121.3582938727426,31.277783179952372,36)
(121.41540575038721,31.235521927208953,36)
(121.39146710832001,31.26819320316023,7)
(121.4543517200148,31.27271045355967,6)
(121.40276407578168,31.273969399782732,9)
(121.41806226687913,31.230279889822484,27)
(121.43983873333248,31.2426249963383,7)
(121.36744170498137,31.26676678232712,29)
(121.44190919365087,31.257768354185675,2)
(121.44889685636349,31.254635584103923,15)
(121.39904786558894,31.260283318113228,2)
(121.42221062741392,31.245388306165243,19)
(121.38935866026041,31.2825147097924,20)
(121.36836952341274,31.30934246816105,4)
(121.41838798451876,31.257732574559157,6)
(121.39618189318892,31.230861327242852,1)
(121.42796596438001,31.253694635095112,19)
(121.42004705843945,31.254255591521527,7)
(121.41286362057092,31.25230196317218,57)
(121.41284330732334,31.283315915286515,17)
(121.39902362690735,31.26898291036595,1)
(121.46043475194372,31.25521530005345,36)
(121.36792065931678,31.31448757834157,6)
(121.43867292989326,31.264271015306246,2)
(121.3953606569954,31.267775259371053,18)
(121.38999840018641,31.238926381243356,29)
(121.40487027952322,31.24236785748956,41)
(121.40154635958217,31.23031677550592,21)
(121.41039163082762,31.230715019714317,20)
(121.45205566654323,31.27981394322144,36)
(121.4101705955781,31.244530843400018,36)
(121.4410014767533,31.264429990274763,11)
(121.35947279040137,31.296595719529364,27)
(121.41632557915078,31.25139318979584,21)
(121.41910866953768,31.254001667655043,8)
(121.41163447729758,31.24686963581324,36)
(121.41103389529196,31.261448132029578,27)
(121.40699881456221,31.266394602456803,36)
(121.41778315666082,31.26150394124914,24)
(121.42762109928651,31.230622273983936,12)
(121.35386032272137,31.281725284791317,4)
(121.41090238665478,31.243820412278065,36)
(121.38939641728692,31.2563987044776,4)
(121.39883251760672,31.229645335620816,1)
(121.4421689184286,31.28258880503216,7)
(121.38540122892296,31.28101752318332,1)
(121.4463389132651,31.244839844007753,36)
(121.38300514654456,31.247166783674462,20)
(121.39812381852089,31.26513034639448,24)
(121.42557045942651,31.24169973473289,26)
(121.42692148698113,31.24922730783459,36)
(121.42399469984863,31.24112010736132,36)
(121.42551180246976,31.24753076883114,9)
(121.39312511328009,31.277557152300158,12)
(121.45778340764916,31.254194975070302,29)
(121.42132608971538,31.24257262985965,26)
(121.41032069197198,31.242447651602255,18)
(121.38130408897719,31.290862989097707,14)
(121.4288421856858,31.247653813723513,23)
(121.38741442814698,31.2883835973464,37)
(121.38859981026474,31.240356873697753,37)
(121.38157433140076,31.23244214666274,4)
(121.37802566494514,31.27627749570272,10)
(121.4574968054986,31.247678424343288,27)
(121.45993788049327,31.273119748313512,23)
(121.44641372802737,31.241714862807274,17)
(121.43654379811107,31.23890504686395,43)
(121.42491001124264,31.254595373927224,6)
(121.40430069613288,31.30108858899123,37)
(121.39283383460022,31.26517677296059,36)
(121.39771657572217,31.241483818683356,33)
(121.40677034893915,31.262348164516137,1)
(121.43488048595808,31.264324770195085,36)
(121.44072835253665,31.268844278717175,25)
(121.45928516592811,31.257411585708972,26)
(121.38383970795195,31.28551294487186,36)
(121.42664867762696,31.25953406008352,27)
(121.4319286909617,31.24979591263526,22)
(121.37259211233793,31.256002233012172,71)
(121.42103084417984,31.240461594973635,15)
(121.42521287276179,31.24794394927493,15)
(121.34971841340756,31.302019068835495,14)
(121.37845615770694,31.2770498812726,29)
(121.3883640533419,31.28213324541009,2)
(121.43343727076316,31.264824715906197,1)
(121.44638362254973,31.24483225185999,36)
(121.40914090124897,31.258964574314803,36)
(121.44147777905658,31.266760625823938,36)
(121.41402888053535,31.237413771167457,5)
(121.44278569672166,31.281862540652014,4)
(121.39181146001756,31.28074666523062,9)
(121.35448515082727,31.309448201818835,36)
(121.42193817002176,31.264833137610257,26)
(121.35515453186369,31.311425221925543,29)
(121.45243862029442,31.275210668310265,1)
(121.45171721431483,31.245919083898006,13)
