(121.43257604848587,31.27850478694725,24)
(121.40729086942224,31.22738938329286,33)
(121.38952721179703,31.230890860574405,36)
(121.39820627911106,31.247061503335658,30)
(121.3934365759461,31.231802785906375,9)
(121.38926024430357,31.29702787597022,16)
(121.44751107811307,31.24588521166666,5)
(121.39843012057732,31.260876194800804,37)
(121.42722053177683,31.264916863708404,26)
(121.38551834107584,31.262836369779418,36)
(121.38841776482778,31.28236925459165,22)
(121.39101063460444,31.240250914788493,25)
(121.40045921798159,31.28923587034536,14)
(121.40149454277129,31.236883946762404,5)
(121.40812915265612,31.260755561072504,18)
(121.40530180420029,31.232440521276683,12)
(121.46000026304968,31.247712966306857,8)
(121.38910971725264,31.259255527895515,9)
(121.4424437935295,31.281979974690465,20)
(121.46127059533006,31.26085945550535,33)
(121.40546269600283,31.24254411604555,11)
(121.42346015085661,31.229274107872403,14)
(121.3695771313804,31.23256659027801,44)
(121.38936669513745,31.25199282033752,15)
(121.43624960550548,31.280804505675253,19)
(121.40911569523996,31.244101098019843,13)
(121.37243085876732,31.255932992365338,21)
(121.36047292810969,31.29260549333692,17)
(121.43818910629372,31.238626696304276,1)
(121.43051106339499,31.246697694057975,31)
(121.45339694725106,31.270560822419405,2)
(121.38876517962505,31.282899425705082,6)
(121.37588401135238,31.258135557499617,4)
(121.41757373014019,31.250638904344207,3)
(121.4241090317771,31.246135266610636,36)
(121.3903582889927,31.25763305946792,37)
(121.45619605104031,31.256697766674353,17)
(121.44632771093816,31.24483984204305,32)
(121.40911789578122,31.244101598475467,35)
(121.40247231872509,31.24306495023128,25)
(121.41181008945392,31.242953850262268,1)
(121.43997380423356,31.25868104025192,36)
(121.42471517425432,31.264773945382213,41)
(121.4376982524577,31.24763858007703,18)
(121.43556989975717,31.2456523400344,16)
(121.42321823185839,31.262142939590998,7)
(121.43153975303377,31.246921687590653,10)
(121.40914010105223,31.259000974076994,36)
(121.43380227064004,31.2427632323501,13)
(121.43644634576755,31.253861695440317,54)
(121.42715214280737,31.229379682466945,12)
(121.36678043029337,31.299717271535716,19)
(121.44871415684898,31.242010317124308,28)
(121.45832700847636,31.251657392848077,2)
(121.40910981958397,31.245231278266882,10)
(121.38071573998047,31.283567430940494,36)
(121.40363855536214,31.240121325406598,1)
(121.42078420516084,31.246876162587444,25)
(121.41151875259627,31.22675152051462,20)
(121.43798579072619,31.25409286583008,15)
(121.41932851254528,31.242325707778242,36)
(121.398496295301,31.245834064906166,36)
(121.45405812010745,31.25631138434766,10)
(121.37231605773208,31.313198589000073,35)
(121.46256656757701,31.262406560413133,35)
(121.38214977066782,31.264208803547792,30)
(121.41994617593124,31.243324807740347,36)
(121.38011479847347,31.25531222186611,75)
(121.41299878567281,31.232088638421203,2)
(121.42474106223206,31.24184885494665,1)
(121.45894253627962,31.274691136499385,6)
(121.36508148378672,31.276967583785545,36)
(121.42526891089204,31.25746833588691,37)
(121.44041665257399,31.27738031950959,12)
(121.39243505062672,31.238333384220965,3)
(121.35515359072143,31.300574052679824,36)
(121.41400252403912,31.24685974296604,29)
(121.38724623818938,31.27056440044201,12)
(121.41374733974796,31.261211630681824,36)
(121.44975583022554,31.24551576072699,7)
(121.46188036029136,31.24976462702845,5)
(121.37774967105713,31.257584237111356,36)
(121.41820860449214,31.246633221316472,22)
(121.38489002873841,31.250163598796636,36)
(121.40622408011446,31.303828802135932,33)
(121.38188478228733,31.29089159010717,28)
(121.41160373515422,31.238269781705537,3)
(121.4230573036593,31.249894715460282,27)
(121.40753616400875,31.30492023280341,13)
(121.3902863719248,31.26714632672843,29)
(121.411936012186,31.241142321875405,10)
(121.40530038321558,31.2579869148256,2)
(121.40350802892678,31.22599034055027,36)
(121.39897305034502,31.28666961561559,3)
(121.36491611245548,31.312953735995272,45)
(121.38285778317062,31.231972206250937,7)
(121.3732824389887,31.238779885806835,19)
(121.37866041366351,31.28675150527619,9)
(121.41798919198712,31.253349634558756,1)
(121.39285884563789,31.236330167887992,30)
(121.3969984107273,31.23460529682903,3)
(121.40696710846713,31.25829812321303,37)
(121.36212894652006,31.25188031484472,1)
(121.43618698083871,31.246049722460775,36)
(121.41219085286276,31.241456093595865,6)
(121.3910111365624,31.22685114106931,9)
(121.42753889607111,31.250183171013212,2)
(121.43885391776719,31.260762552276724,20)
(121.38863224243197,31.250523559444122,14)
(121.4286819151591,31.250350256147247,36)
(121.44206422341709,31.23908541736168,13)
(121.41173470715711,31.24980491668728,13)
(121.40569271914205,31.242655180562295,1)
(121.3899293293787,31.238767260301564,36)
(121.38380463779652,31.229643039134853,2)
(121.37836433232017,31.278789918936635,36)
(121.40902937430162,31.224921716368677,36)
(121.45947589718072,31.254718217726285,284)
(121.42622734788908,31.2392174381702,30)
(121.404819828267,31.30193897614342,26)
(121.42259876462806,31.239209263160713,5)
(121.46341012353216,31.261282114455298,2)
(121.38470579426522,31.23108780523954,36)
(121.33828738879363,31.303697513182126,36)
(121.39123037915796,31.269022597327215,5)
(121.37976400100332,31.29933494058251,36)
(121.36546739744699,31.288610855860455,36)
(121.3860459822168,31.292895141036155,1)
(121.39568149238346,31.27528257272014,17)
(121.41152019263988,31.243271051958573,9)
(121.37813380555582,31.276240602901098,13)
(121.38895059934343,31.291337662552195,1)
(121.42923716232247,31.275687489873917,5)
(121.39573451292316,31.26371270997073,1)
(121.37926498278938,31.29578178448353,7)
(121.38211310281595,31.28001040023323,31)
(121.4396512992881,31.234938946449386,36)
(121.42412401118537,31.246058220801554,29)
(121.38025369985606,31.24366485899942,36)
(121.37958796282295,31.233298453818186,2)
(121.40759732264266,31.24557488080784,36)
(121.39591816173622,31.23199709194745,2)
(121.40251566462979,31.223975229943086,6)
(121.41646833988213,31.232367577028292,2)
(121.45048863227345,31.268571129621325,5)
(121.4098444874035,31.265566075801363,6)
(121.40055037798837,31.26108941647942,7)
(121.43696322439183,31.26407257495764,1)
(121.40898216238368,31.246073666516995,36)
(121.36586081622468,31.276484548733283,4)
(121.38488154134384,31.238242956495068,17)
(121.38445592715391,31.259361921798874,36)
(121.39284774067494,31.25611092643013,12)
(121.38554495666907,31.293225622090244,15)
(121.45207804299491,31.24737137799381,36)
(121.45624723658237,31.253691347812374,36)
(121.40912486908228,31.245820539742564,36)
(121.41094838685558,31.243939457650477,36)
(121.41334406446973,31.25955878878803,36)
(121.41542995666515,31.24412111605437,30)
(121.40340371636381,31.25701927982857,36)
(121.4099074900107,31.259600332335925,37)
(121.37680231899552,31.26836676424436,36)
(121.39723048995862,31.266055383217,29)
(121.37402346235082,31.25618935629839,34)
(121.39552034295166,31.29101396446422,19)
(121.40714055136146,31.22901100955509,25)
(121.4378329323785,31.252825520234964,33)
(121.458311707672,31.247732690311874,24)
(121.45311367293276,31.2481346802039,23)
(121.38516126356662,31.289142993099954,28)
(121.43794685253097,31.254063906793988,36)
(121.3707685823365,31.294269748992676,21)
(121.41532840378316,31.272592697138926,3)
(121.44561818123728,31.282352100821324,37)
(121.39740850494415,31.244239358119515,7)
(121.41014104768537,31.242452014216223,36)
(121.44001203328867,31.262079451732593,37)
(121.40724366462811,31.24013867394329,2)
(121.44862933162868,31.241899421391842,17)
(121.40823469670302,31.26571528156308,24)
(121.38255444967089,31.283556632101025,19)
(121.40113643941788,31.248306984891354,27)
(121.38858081526992,31.269110551732755,5)
(121.4210186443045,31.282675510649888,7)
(121.39644286152932,31.22997986651401,37)
(121.4476556518225,31.24451334255636,24)
(121.42016405342045,31.271063986136458,2)
(121.36791142732058,31.311996627945632,36)
(121.43113340118164,31.24292456595154,12)
(121.44451235901141,31.258950087397004,17)
(121.39389195834862,31.235541304478733,11)
(121.38628499967483,31.295978693924358,23)
(121.39285314106293,31.262745313967486,20)
(121.40903317493687,31.245108578959936,36)
(121.4020672542191,31.243385009959166,28)
(121.44863104048531,31.2615900866939,36)
(121.45941540557182,31.254521265802946,2)
(121.40038793017925,31.23360316037845,37)
(121.3985538740088,31.298047005009632,36)
(121.4121543227509,31.25818349470119,15)
(121.45524242262618,31.258561944168807,2)
(121.40803522999225,31.24251777721695,37)
(121.40506032493244,31.257889865864346,39)
(121.36919677299468,31.31430231603148,4)
(121.4030381167766,31.22877547953972,14)
(121.4288721234458,31.247344647059617,36)
(121.422643642605,31.24941611406609,26)
(121.41430307696832,31.235784295823706,4)
(121.42283408899661,31.243799364253512,8)
(121.45566348310429,31.248239543947616,10)
(121.41546026117089,31.29454560820895,36)
(121.42044640039634,31.249648455639043,7)
(121.38176983652812,31.281585703164453,37)
(121.40635221842507,31.24570482391052,25)
(121.426990584691,31.251201117842406,37)
(121.40186859007312,31.236319777091918,5)
(121.40584442601951,31.239208636621246,2)
(121.38370218626633,31.2510036936905,6)
(121.44540433560422,31.279152146629755,9)
(121.37762299768048,31.300141101244602,27)
(121.39831703723172,31.23226186231566,1)
(121.45733800713765,31.25683879285191,13)
(121.3782699910842,31.276298780840516,28)
(121.38636494832235,31.26003889381548,4)
(121.40751752290764,31.263223242396613,32)
(121.38047203061767,31.290351919421827,19)
(121.3724976413299,31.229184078869782,36)
(121.43641488295565,31.23754660077167,11)
(121.40305985067096,31.247799171295547,21)
(121.39229775645845,31.24565392689833,15)
(121.42427596451726,31.235677426822917,11)
(121.410703289666,31.230749513549863,3)
(121.4422592718708,31.26608540291128,27)
(121.38567118673409,31.270199192988077,36)
(121.36483413377915,31.24337571374999,7)
(121.43783303647243,31.25402204489666,17)
(121.45754228736408,31.250853978065532,1)
(121.38257254131764,31.290419083954276,28)
(121.36992284957965,31.232356080369154,5)
(121.42489397160756,31.242499025093807,26)
(121.43988264312068,31.266475522116686,36)
(121.42505486008957,31.2544772056033,6)
(121.3910209511721,31.235862694859133,14)
(121.40000126689351,31.261886599577508,37)
(121.4272181967271,31.23811806520583,5)
(121.3919534386675,31.274613820504943,37)
(121.38936552621816,31.246465308091796,13)
(121.37557933777457,31.253783021859984,29)
(121.36595977852261,31.251036996102446,31)
(121.40857601549646,31.246794017171812,20)
(121.42308937006383,31.262435158331293,26)
(121.45184124794625,31.280509038909187,1)
(121.38500026849783,31.279645982474285,3)
(121.38701692813564,31.28697570555135,7)
(121.44873760785362,31.259373431380418,15)
(121.34675310572766,31.29163331485936,36)
(121.43879131491403,31.241145990650033,11)
(121.3787606260545,31.28768899570256,22)
(121.38455765567483,31.278049183626944,35)
(121.4009985272512,31.257177513143816,28)
(121.39833810044625,31.244865008525824,11)
(121.38585061568638,31.262112347834286,14)
(121.3906213664728,31.290149697691955,13)
(121.3650814834392,31.27696358212523,15)
(121.43585114729582,31.241976333674145,10)
(121.45252981132084,31.27986842024201,3)
(121.42023406966631,31.25490403232074,8)
(121.40495177619009,31.287076453685422,14)
(121.44689832831251,31.24176704735443,36)
(121.38068839018943,31.243993206897915,11)
(121.44322671469678,31.280230168926575,15)
(121.44619699229938,31.27926115438664,2)
(121.41106950162879,31.268487132244843,3)
(121.39463553903842,31.305593263134863,26)
(121.42286969773042,31.243483072247624,24)
(121.41119227322977,31.24327711742477,36)
(121.41794831311577,31.230027829627062,1)
(121.42294607679986,31.2805588836267,30)
(121.4050441813864,31.248471727599583,31)
(121.42904014571599,31.249880605819797,41)
(121.41068854204016,31.24507600924197,15)
(121.42396339037649,31.237241377458233,10)
(121.37607404359959,31.26657756821609,32)
(121.36354254936568,31.25193053924016,5)
(121.38572439560573,31.283262074712468,5)
(121.45506270028856,31.25665948771241,13)
(121.40672074762479,31.23120601832888,28)
(121.35440215110764,31.281446958642018,141)
(121.45319947727575,31.255798072044076,15)
(121.38939642260523,31.256459731056367,9)
(121.43508022141552,31.27293676721144,2)
(121.42871042281432,31.256443450428044,6)
(121.42039244018984,31.284371118362454,2)
(121.44543212340018,31.243098987264332,28)
(121.38737627279323,31.226661512494918,157)
(121.46246643128981,31.25764273284636,34)
(121.42538127405982,31.239979494992784,8)
(121.40188356100576,31.23594360932911,29)
(121.4556050761256,31.276417777462395,2)
(121.38061789017304,31.298160171028933,36)
(121.39058819632102,31.25407353300088,37)
(121.44244807606265,31.255958108045863,20)
(121.44630832894507,31.254335046951212,29)
(121.38839204742942,31.296656665627417,36)
(121.44868331050264,31.24300582028012,22)
(121.41864178602928,31.228866945293788,25)
(121.45906357586396,31.268846208456303,3)
(121.41117712801694,31.24157135427097,7)
(121.42492850344476,31.249943186773365,310)
(121.40728694278161,31.245015275194735,36)
(121.42806724231514,31.27240925382116,36)
(121.39647849966836,31.224557546479083,13)
(121.42228779170816,31.248002416884198,33)
(121.43615137885877,31.258724629032013,24)
(121.43585957701357,31.25164732600543,5)
(121.35459519980868,31.29761393456574,25)
(121.43636950752216,31.24389752279299,11)
(121.42269843805707,31.236432934607766,12)
(121.42188335271078,31.250643858548226,36)
(121.40864119987694,31.24584362727588,28)
(121.40322672579339,31.268944367724586,19)
(121.40982637025415,31.231027770435176,36)
(121.42342993818754,31.273291331337354,7)
(121.4208387359638,31.24571534271389,26)
(121.36315151770326,31.236696124931623,3)
(121.39932647248752,31.2326093774564,22)
(121.38712867394763,31.259868454606657,1)
(121.45016139606133,31.258537944108834,32)
(121.36419791278222,31.30988725957467,37)
(121.41261111513089,31.245905986418652,25)
(121.45542229604398,31.27373203623631,36)
(121.45615188478175,31.255391672903418,1)
(121.38318664002217,31.23755807108927,15)
(121.45187725198002,31.270234064487944,6)
(121.401494124479,31.232084756334913,10)
(121.38780144702756,31.261501699860464,24)
(121.37955448624909,31.285825112791937,22)
(121.42069523378997,31.26165241557614,36)
(121.43569835348427,31.241642379596044,12)
(121.41925790652037,31.254169098556144,25)
(121.43344402129871,31.24550388502753,14)
(121.43043669573602,31.26433547130964,26)
(121.35956902193433,31.277311136069795,36)
(121.37936732742538,31.288653800422022,25)
(121.39185338193798,31.233575194047262,37)
(121.39337104791075,31.29784048436579,25)
(121.41920182787486,31.267889944312472,22)
(121.42392565813392,31.253910171700074,1)
(121.41870684862033,31.241525681310517,37)
(121.37300473475447,31.25592273344449,31)
(121.43724605638721,31.25474415893119,27)
(121.46151295414934,31.251052538924924,2)
(121.37132745443394,31.30560993246593,36)
(121.43726089787572,31.25320046268611,36)
(121.35256040178696,31.278990891846806,31)
(121.45271069539388,31.260432861648724,8)
(121.36890785005309,31.251564295724442,13)
(121.34681600769052,31.2987912018609,6)
(121.37207060753536,31.236392819002486,36)
(121.4222209384838,31.249391326166354,36)
(121.34247594368385,31.282465964678515,36)
(121.42396459352105,31.25104855439982,36)
(121.41298367536008,31.230766034994488,1)
(121.3838046350114,31.229611024380816,1)
(121.38446814089956,31.257785010584158,36)
(121.38038387302747,31.243799056874217,32)
(121.43777911526942,31.25390906932459,19)
(121.45415691073136,31.256652333087914,37)
(121.45446263134663,31.27348590316202,2)
(121.42129670998919,31.242668346291385,34)
(121.38471289273392,31.24806117253114,36)
(121.36320117822044,31.30382106038543,121)
(121.36514260245785,31.277085724717598,20)
(121.37638881389287,31.246127611932547,6)
(121.42618946274828,31.240083862131442,36)
(121.4477630136431,31.272618939612244,2)
(121.41376263659427,31.244925234177334,36)
(121.3625012007566,31.247241006939014,9)
(121.37332689767958,31.275222375375282,34)
(121.40893555229758,31.25338890290367,36)
(121.39474787196306,31.23952492080184,2)
(121.38919023474936,31.258616743829396,33)
(121.41319742063254,31.235002397178867,1)
(121.42185366931763,31.253998352958593,1)
(121.40061833659263,31.261431928481024,11)
(121.44223507983136,31.28585503345657,27)
(121.423595476773,31.25065930941418,29)
(121.44017220090859,31.267236421501533,3)
(121.43541632276526,31.2707574275494,1)
(121.45170478573414,31.245948468826214,1)
(121.38925126272531,31.256047444950852,59)
(121.45918256907835,31.250057216963647,20)
(121.38214811655801,31.24520849738752,4)
(121.43337454408017,31.23889799881567,8)
(121.42878824195712,31.259468360502858,7)
(121.40907873360187,31.23273262874246,10)
(121.43871436728972,31.282168277003198,5)
(121.45754497059507,31.26845821347169,2)
(121.434650931842,31.260049533251703,15)
(121.4222565823314,31.245306238231173,36)
(121.4578923527378,31.264965003105424,214)
(121.37426191128945,31.30536564418914,23)
(121.40307958734999,31.30202477507823,36)
(121.42729580329863,31.26391947838386,1)
(121.43863534082614,31.238704544019722,36)
(121.43762099922417,31.27254828045728,23)
(121.46027534252218,31.257099478721887,36)
(121.45443194770598,31.264761274084297,8)
(121.36059364669785,31.280193433409213,25)
(121.39109334290636,31.274163469400193,36)
(121.41850364006433,31.236745704921372,4)
(121.4111313480378,31.243971439537088,11)
(121.39560285400454,31.24551669051493,36)
(121.41434648774391,31.236404403746434,13)
(121.43869615925675,31.262565511265265,37)
(121.42013193691577,31.26501119320025,1)
(121.39778388691808,31.25617835281703,37)
(121.38424721313775,31.230727949895858,36)
(121.39647849461421,31.224499519468598,2)
(121.39951210827032,31.262058520165553,5)
(121.40959779841455,31.245763465765055,37)
(121.4045407791149,31.228695485290682,1)
(121.35166039391012,31.300624988488163,4)
(121.3908509955865,31.268638727798688,8)
(121.41553088306269,31.283436960076607,17)
(121.4633113977493,31.26126133628247,19)
(121.44042843891435,31.240735435676932,5)
(121.34693351568914,31.29893550797028,36)
(121.37936832759699,31.28874380038646,12)
(121.37251499022217,31.255958113218313,36)
(121.41886861007062,31.2511978909201,15)
(121.4306597179985,31.277553686452954,6)
(121.43344343639798,31.238782865401102,36)
(121.45255072083357,31.25639242383246,36)
(121.3895617399615,31.234805890278032,35)
(121.39652729767525,31.256389914866254,37)
(121.41231974502412,31.229182471149617,1)
(121.39116608202976,31.23607788931511,15)
(121.41537902310887,31.268497952259906,7)
(121.42564460849698,31.253323923222972,2)
(121.43251706311443,31.23114345719186,3)
(121.39856887656283,31.298004993962042,36)
(121.38105681916429,31.25670845831898,36)
(121.43503635339941,31.24157818867121,5)
(121.41790133675413,31.229540666202166,1)
(121.38086156550057,31.291003588325907,12)
(121.40980656513882,31.259569711409668,22)
(121.4332872331813,31.250176713974515,24)
(121.42656975805497,31.248035090535932,36)
(121.38960402099501,31.282370769871243,29)
(121.42517626295954,31.239616057286405,36)
(121.39195634596727,31.27821471320206,36)
(121.45421916742576,31.254312435437722,15)
(121.40092631171323,31.234113043815288,6)
(121.36732908085347,31.24944856728065,15)
(121.41127628720318,31.243666276164042,36)
(121.39007692730085,31.25906470484636,33)
(121.3690435245882,31.314355121123764,1)
(121.3818345777754,31.243239302838038,22)
(121.41093341077692,31.244175565893077,7)
(121.40205047901595,31.244964148772286,12)
(121.43578513540778,31.275083770713255,1)
(121.43920927115774,31.245390340756444,18)
(121.37549312104089,31.254003676668194,12)
(121.42273067343642,31.26237038578421,10)
(121.44279939293581,31.28263147000595,6)
(121.35063449461425,31.29205078401393,11)
(121.38267105573274,31.283544399812317,4)
(121.41077085982154,31.22598229982419,30)
(121.4349827076313,31.24471966451632,30)
(121.4015871775384,31.30118314281577,36)
(121.3841430746328,31.257388855721953,37)
(121.41002471893175,31.255529464708886,21)
(121.42223056229744,31.248936460196948,5)
(121.38770815028809,31.270568487810678,14)
(121.38566548233702,31.2893959513315,37)
(121.39868267974734,31.261166844081036,36)
(121.37181356782934,31.263597491504665,53)
(121.39520516936993,31.240253133443225,36)
(121.42555750285264,31.244620433970173,5)
(121.35293590765576,31.28740298445019,34)
(121.43423637047057,31.23965230760212,36)
(121.3846256543364,31.277127603624425,34)
(121.40858616780358,31.28292144663931,12)
(121.45616579924385,31.254808388821637,37)
(121.44822789331366,31.26136872002389,36)
(121.44118231053433,31.250265401965024,24)
(121.38671182842482,31.28920935430462,33)
(121.41156855060136,31.270431859531705,4)
(121.37402455034493,31.309000941930705,36)
(121.41713368161172,31.251824029313262,7)
(121.3897052458587,31.262425929896125,27)
(121.45479897841346,31.2678789002184,36)
(121.40238692450855,31.227281740151145,2)
(121.36881414228078,31.31432978905657,18)
(121.41477271570758,31.27111185675448,2)
(121.37903626243353,31.299234224725378,37)
(121.40422930041314,31.301779575399195,36)
(121.37885792962281,31.26672741402674,37)
(121.40870121461175,31.246160639099706,40)
(121.42181611333727,31.258740443863374,36)
(121.4103973603272,31.230852608526746,3)
(121.42386983815622,31.241394325444876,5)
(121.39620820067628,31.268659039209137,29)
(121.38947189226315,31.28263694519192,11)
(121.43659799987628,31.239774382464862,8)
(121.45023692713534,31.25181582946019,41)
(121.46198093801148,31.254847556642126,3)
(121.36439494026176,31.30951238313892,24)
(121.43049684833844,31.23468845293245,7)
(121.40494529579051,31.28703578312438,20)
(121.42588474007728,31.239669935072637,36)
(121.3469651992009,31.298588737613393,21)
(121.36382484109424,31.23782967800214,14)
(121.38984535185033,31.239824678323917,8)
(121.38939839536289,31.25612758781772,34)
(121.41937290325255,31.270060769145687,4)
(121.40706537375581,31.249894444025188,2)
(121.40861866441645,31.234789005507572,3)
(121.39284694296951,31.236343365618428,22)
(121.43103525244835,31.233616233513082,1)
(121.4560662034646,31.251454424601157,6)
(121.44405570424102,31.26408805000501,36)
(121.42601566032454,31.2632191955958,26)
(121.3971084338044,31.259217269491224,33)
(121.42985565504905,31.26931999356022,5)
(121.4343224185445,31.264590170301695,27)
(121.37690247874355,31.26861798806389,35)
(121.41010233572628,31.25631295315911,1)
(121.45578588187003,31.256339851375454,1)
(121.36415210619965,31.310762852320316,6)
(121.40674781375843,31.287121122513256,4)
(121.39087982126385,31.281557387306812,6)
(121.43076167596747,31.23443890208158,1)
(121.38754029883125,31.25109695991039,19)
(121.37827034050939,31.28031144030337,36)
(121.35532948120442,31.295193239993335,36)
(121.38301002566949,31.232777722802286,2)
(121.371278785639,31.312586946674084,7)
(121.42786580973812,31.241914182733172,11)
(121.38519246235529,31.291052787065762,12)
(121.40640783198523,31.245692035374304,22)
(121.40725348974476,31.251275052162605,14)
(121.4384131937546,31.25417547315522,8)
(121.3791187094487,31.28331161409087,3)
(121.40182954824873,31.232552259290905,43)
(121.4162861974255,31.241132635423188,8)
(121.4252003688361,31.23949696248328,65)
(121.44606485585028,31.25463359605772,23)
(121.43562413035299,31.260722883896523,36)
(121.39405267127938,31.24255256298636,16)
(121.42815707952242,31.26025799455768,36)
(121.42147437582851,31.249556301473575,22)
(121.43115172805005,31.24837629086176,26)
(121.44882692019726,31.242114158476237,14)
(121.42541379489865,31.257785354623575,14)
(121.38370709298879,31.25911311941992,36)
(121.40191407269184,31.230253011680226,33)
(121.38164046560594,31.290573215958112,34)
(121.39915298457655,31.25071946259267,13)
(121.40496015547303,31.248259626099312,36)
(121.422646721022,31.262098327736954,36)
(121.39944946242886,31.23207545318834,30)
(121.45324346087472,31.249246915105022,7)
(121.37200293795064,31.26446611366339,29)
(121.40017525707168,31.249630306026393,3)
(121.41268997769102,31.261587708751513,36)
(121.38932834087724,31.256187562659687,5)
(121.41127626705071,31.243435172641718,36)
(121.37556362138326,31.245789470955174,1)
(121.43692716822261,31.263913554959597,4)
(121.36226188971827,31.25178380265107,7)
(121.42420772671792,31.24368809757949,35)
(121.42585378646982,31.23984003805138,35)
(121.42449677882689,31.235929369644865,5)
(121.3911098576519,31.231561150224366,18)
(121.40987078096471,31.259415625065685,21)
(121.39734831200269,31.297753420491595,35)
(121.40436199715118,31.304446898612092,18)
(121.45000075330925,31.25850923230621,36)
(121.36758931074993,31.28477922390206,32)
(121.44613757057765,31.24156971460436,36)
(121.43606916172362,31.26858489426795,2)
(121.38863506109475,31.282857309917137,7)
(121.42419250739586,31.241010906820883,36)
(121.38242525490536,31.232172647791334,33)
(121.37484230848355,31.24248270414838,1)
(121.38145879872226,31.227894936176344,3)
(121.35361686732304,31.293810738669084,4)
(121.3823265871784,31.27123095812494,37)
(121.42722105381438,31.270904403454885,12)
(121.40127941695339,31.233995145910548,19)
(121.36432573059335,31.309641274853647,12)
(121.41103623729249,31.288273319842517,6)
(121.41353240732887,31.23655366423623,1)
(121.4036260350512,31.260252715173568,36)
(121.42990400828182,31.24678281086345,13)
(121.40866090895071,31.257132559072,37)
(121.45207129197524,31.279685077802284,33)
(121.40713200864998,31.25124097375016,19)
(121.3915431674977,31.268214261471968,4)
(121.40217563073301,31.23636832170613,2)
(121.40574828937395,31.283536714102333,4)
(121.44254017418193,31.259071316699664,36)
(121.3641874115426,31.283039728096938,36)
(121.41101522256058,31.230759465330912,5)
(121.41540737150468,31.23826068363311,4)
(121.38397814599577,31.230095582575515,11)
(121.38763510437803,31.282299302770088,7)
(121.43737573851818,31.25350544143878,36)
(121.42427821340304,31.26148186062678,36)
(121.4425615101052,31.241934171779235,36)
(121.42242278912126,31.260179147533634,36)
(121.43837598616336,31.258313058291545,36)
(121.41596278917137,31.25271501123521,2)
(121.39895024502295,31.23212635415282,2)
(121.43423778808763,31.255940537732364,36)
(121.38697326542973,31.23253289833128,9)
(121.41845125583417,31.23288389031932,15)
(121.45514219163559,31.25305674873456,32)
(121.3670328208939,31.309058300245646,115)
(121.42253181506709,31.249381690873093,23)
(121.44344552761702,31.261563628227957,24)
(121.3650965210569,31.277089657038882,36)
(121.38426370849402,31.24772364503736,21)
(121.4119821992218,31.290567054792053,28)
(121.34094688266435,31.28650473737168,36)
(121.40613215491769,31.28525653304903,7)
(121.39791464545547,31.229778567368644,1)
(121.39812392273843,31.266324855665577,36)
(121.42463518794466,31.24212906475019,17)
(121.4358528071831,31.261050732170677,3)
(121.43235445858454,31.244606746003342,31)
(121.41757844504755,31.22905655915273,4)
(121.4546745620376,31.255622831457394,33)
(121.43220786129137,31.277394415642114,15)
(121.36544667135205,31.251009135823818,12)
(121.44947619606502,31.26168557964485,36)
(121.4099975334613,31.259999881188957,37)
(121.46094534345106,31.266355956992978,2)
(121.36486475371701,31.249905664563574,11)
(121.44934645957302,31.261420705025532,30)
(121.40326435900481,31.230257274177593,2)
(121.44249457726782,31.262714959769003,26)
(121.36152935693859,31.308573767467163,36)
(121.45491772385347,31.252829110272625,1)
(121.43990474650988,31.235094022499204,3)
(121.44134490467361,31.26501171923361,36)
(121.44902609567355,31.24913992902909,2)
(121.44399571931781,31.243935328843943,3)
(121.34113828739119,31.28623598878346,36)
(121.4596737417305,31.254751794850634,14)
(121.3956178698905,31.24560273617534,7)
(121.39465860021498,31.27185862547212,36)
(121.4039211723091,31.238379080622856,36)
(121.4490179571747,31.247342146356214,2)
(121.40183532720023,31.25087749381122,1)
(121.37143611411015,31.299724795878028,33)
(121.44884379073314,31.25254876590968,14)
(121.40991080919898,31.246459738395476,6)
(121.4078120801288,31.235386920018072,1)
(121.4355177520249,31.244432163795782,7)
(121.4287823281219,31.259944257797606,19)
(121.41052710688513,31.22823838377935,6)
(121.42693664132285,31.23971704178843,35)
(121.44216667725362,31.256820923153608,4)
(121.44650084611263,31.241770777960422,32)
(121.45278090393018,31.275952267342536,2)
(121.42622554065724,31.241573301158212,21)
(121.38665238720672,31.227359507989394,36)
(121.46129291948617,31.253625504304793,1)
(121.43452260266116,31.264126900257793,27)
(121.42547499848153,31.26081761647071,32)
(121.44270902106032,31.28391950301132,23)
(121.39930432379582,31.28711791398411,36)
(121.36770627911716,31.31428819574493,12)
(121.42122080671315,31.249857942421507,13)
(121.36433193150103,31.30947247595271,15)
(121.40661998395385,31.23883069224532,32)
(121.40847969335454,31.231526121512317,1)
(121.43344353207208,31.239882362293233,18)
(121.44465681924551,31.256036582071413,4)
(121.42217404244857,31.26126029275304,36)
(121.42586763331377,31.254740971419412,37)
(121.37421309144035,31.27273884874827,9)
(121.39525952270955,31.24394982140737,36)
(121.392876246571,31.26009692372326,32)
(121.44368297244543,31.2703203044782,4)
(121.35148237577427,31.281590059828005,13)
(121.42540361878768,31.24250479882807,17)
(121.45678220024882,31.254286861551073,36)
(121.40220963933231,31.22923934223708,28)
(121.39732036126688,31.265161768047367,5)
(121.40231212996439,31.264242197553262,32)
(121.38935110447696,31.25324929493395,36)
(121.43719813720976,31.240287497463378,5)
(121.39855955195348,31.248712344623165,17)
(121.44381147525526,31.255991948804958,35)
(121.41110034037985,31.243801369006555,37)
(121.34526684695776,31.279479930304554,3)
(121.42351185567884,31.24458230353272,27)
(121.41233839073075,31.270902616817832,17)
(121.40902129356645,31.227822740440278,3)
(121.45259830162419,31.275860625509463,4)
(121.39528479449743,31.239497124021373,33)
(121.38941401508208,31.27457046721131,20)
(121.43688842433097,31.252374598885233,72)
(121.41692322662921,31.279657989109598,4)
(121.44923229712357,31.25666185390523,32)
(121.43272933428527,31.260550323140997,8)
(121.37178252286365,31.263637467461663,3)
(121.40316852639195,31.297879771366986,4)
(121.40219971451172,31.248401172153233,3)
(121.43570228194345,31.286762677068168,23)
(121.41091733126461,31.243223142144874,13)
(121.42729414838784,31.23851617661644,33)
(121.37209667097856,31.235505349630447,2)
(121.39270219300559,31.247382943138664,37)
(121.45834381822883,31.273007534243433,11)
(121.37913467006761,31.253869569849467,1)
(121.45937408034591,31.25563920160583,36)
(121.36884111106765,31.252013354052103,30)
(121.42264632093986,31.257510344618193,57)
(121.45313648568607,31.247925308588844,19)
(121.45233657129151,31.260396580765068,1)
(121.41029598581932,31.25577422067464,16)
(121.4203240913843,31.246613067003057,1)
(121.4400266750802,31.246783736696536,20)
(121.39459216696469,31.30174168274717,17)
(121.41090124180333,31.230688452466374,8)
(121.37701745116925,31.27798904483534,36)
(121.42274561642753,31.26186315714711,46)
(121.39304789775743,31.275687330519304,37)
(121.36700971745584,31.309033897436635,6)
(121.426775798695,31.2395441067278,22)
(121.41518342381852,31.272072531877793,13)
(121.42876119447737,31.281043174034316,1)
(121.38127410640595,31.233103824412364,4)
(121.42317181372874,31.24542364727575,36)
(121.45238311137636,31.256359738422635,3)
(121.39080812009416,31.239713297186093,17)
(121.45997132164511,31.26594226630338,1)
(121.37254603074038,31.25587611797481,36)
(121.39916849491746,31.25650500337674,3)
(121.39403839996017,31.251022322486193,13)
(121.40862377358435,31.296694790636966,37)
(121.44190690527925,31.253903051303745,5)
(121.40373991459444,31.258668046345505,37)
(121.42393379170495,31.241532339166305,35)
(121.45801237349058,31.26479302094554,14)
(121.3852502995662,31.27003202012976,145)
(121.38930336240652,31.23703960774724,26)
(121.41511650065945,31.27261078197528,3)
(121.37414410411424,31.27507234990296,8)
(121.44105748386174,31.254082071658953,36)
(121.44051836546677,31.2575576645658,20)
(121.38028659572919,31.276503070937963,13)
(121.37492281249213,31.287100621615313,28)
(121.40915378598342,31.25866488363862,19)
(121.42680665336898,31.238255496396548,7)
(121.44137428275533,31.258487866359918,36)
(121.37715521753387,31.271872290361713,36)
(121.39459217045983,31.301781698308826,29)
(121.4232501597869,31.261638699453574,11)
(121.38244144093997,31.279514521505224,37)
(121.41312875559572,31.232242674258842,13)
(121.39713661535602,31.29957196052704,19)
(121.44014344006936,31.246443413814355,16)
(121.41897318128956,31.270218052497206,20)
(121.39705497150102,31.26108417913035,4)
(121.42334651431314,31.24375377368435,23)
(121.39345232721446,31.266024496037737,7)
(121.40527299985956,31.24617972793668,14)
(121.39016814719857,31.25920442130718,20)
(121.42695931676192,31.236274461169707,36)
(121.38432321065602,31.229758573721714,36)
(121.45302152377307,31.243899975322407,9)
(121.43748958171459,31.240447821671264,1)
(121.45889821175938,31.259651635974326,3)
(121.43519961380906,31.281789288232403,36)
(121.42911815507453,31.26251603591428,5)
(121.45978933737831,31.26515303437508,28)
(121.43932804907607,31.283033235104973,4)
(121.45662190257138,31.251104808829712,7)
(121.39962553622631,31.2435524323075,24)
(121.44093152348941,31.240555603611895,37)
(121.44254933868308,31.28265842417171,6)
(121.35925920667707,31.306158091264226,30)
(121.4261747801652,31.24354943309785,3)
(121.46405687226274,31.25627342410596,21)
(121.40972294453447,31.259742193685387,19)
(121.42183044326003,31.262565119570237,25)
(121.34772838906177,31.281653339476406,25)
(121.37878881885148,31.266487235250647,14)
(121.44283257368099,31.26343028146121,30)
(121.41974133428234,31.2778728289022,11)
(121.34886887731672,31.293656252977552,2)
(121.37905988059292,31.232800468089142,27)
(121.42578657942967,31.248148813716526,5)
(121.41355762310289,31.25537090802503,36)
(121.45550342522182,31.254512640370574,21)
(121.37782529964483,31.252141945586725,18)
(121.43672776694311,31.253369249036744,7)
(121.4502709363633,31.261109817784064,20)
(121.41044455730645,31.244684872620358,24)
(121.42689055245285,31.23812936465582,7)
(121.37880383927535,31.266497256179758,33)
(121.42230015890011,31.260168022032786,15)
(121.4435106201752,31.26455750275887,6)
(121.37274436227555,31.25619851655264,36)
(121.44887447432895,31.26117746584412,36)
(121.40603520189899,31.248019591944047,28)
(121.42650305628715,31.25064730482703,36)
(121.36497172022577,31.313298541736845,16)
(121.41097134412227,31.243508260573854,30)
(121.40134343232161,31.23226216209414,9)
(121.39285394203746,31.256334727147056,15)
(121.44179194149514,31.240395222321915,36)
(121.44840556388593,31.262218501285698,10)
(121.37130048899128,31.31347134765431,36)
(121.42285769529012,31.249421558557657,16)
(121.4417783592591,31.256390336237214,5)
(121.41871100549648,31.243354500367357,1)
(121.4370152716008,31.264423655679554,5)
(121.38907226662518,31.30376095424232,20)
(121.42214131974522,31.229739254634776,1)
(121.41047165037271,31.270417959124565,7)
(121.37672274698677,31.23319610432989,36)
(121.37546441193547,31.271743234987582,19)
(121.41368552387397,31.233669970552704,6)
(121.43525074133153,31.262356160994923,1)
(121.43471354431803,31.247849268461017,23)
(121.4236229179657,31.262667867828622,18)
(121.41897003784793,31.23417020777472,3)
(121.3971860316544,31.248501875209016,121)
(121.36497202028286,31.313244541895074,36)
(121.43495228614138,31.23935929306581,29)
(121.43731578809758,31.264432255648195,15)
(121.45252825635087,31.27763952360537,36)
(121.38257078926655,31.27031481294841,37)
(121.39081438878856,31.259472839851938,25)
(121.36432623071948,31.309431775387466,30)
(121.41671483416971,31.250976841001787,36)
(121.3719416549435,31.25077808943849,33)
(121.43349411126098,31.273804100191484,1)
(121.43079452401133,31.26732495165195,37)
(121.44878201281001,31.242053212910978,24)
(121.41147987807791,31.2259134242268,36)
(121.46317679704251,31.25971361164233,1)
(121.44202399568324,31.253375351954165,32)
(121.40014535102391,31.25082282370136,12)
(121.41846020879628,31.253580332743283,36)
(121.33787276904029,31.293941970299073,3)
(121.36465287548631,31.31260240603282,8)
(121.39708645314941,31.27789729606239,36)
(121.4612501708071,31.262357555607945,22)
(121.42173817972274,31.247325485197464,5)
(121.42868381759968,31.265680627324215,15)
(121.35101163565012,31.29604904256438,14)
(121.42394875765646,31.241299222906584,13)
(121.38711719803575,31.30044514037146,36)
(121.41542564640284,31.252971237723482,22)
(121.41270913465235,31.235016051990275,29)
(121.39047074398246,31.226975240667816,33)
(121.43354467575445,31.274264487686256,1)
(121.45909953340414,31.253881065811676,3)
(121.42850827400518,31.255878110334585,46)
(121.4126571860276,31.246883410187756,15)
(121.41272516191378,31.246852379322494,37)
(121.39865879678852,31.24452360344245,4)
(121.38463037412467,31.257713438609613,36)
(121.403158245293,31.24064598858969,37)
(121.44994788311685,31.258643389209542,7)
(121.4100515470409,31.228091953890807,10)
(121.41750933470011,31.284627758811517,29)
(121.3893283352103,31.25612253432062,67)
(121.40695886612036,31.25866712345268,16)
(121.41717138802152,31.22880410951609,23)
(121.38157884096124,31.28423959447345,36)
(121.44411546546877,31.25120335408363,19)
(121.38630177872221,31.23581809562735,29)
(121.459544475565,31.247734988427975,16)
(121.35035898461882,31.281314947903248,11)
(121.45191593238414,31.254089669146783,36)
(121.41025017447608,31.26711098876603,17)
(121.37363569557739,31.255473701872457,5)
(121.3655431818239,31.240976701617164,15)
(121.43053946314716,31.267388100120595,31)
(121.36418981167085,31.309847058734842,36)
(121.38589213512542,31.26759872700116,29)
(121.44293999214408,31.242351440217835,36)
(121.38290534869243,31.242656707093655,45)
(121.38153507686214,31.24337647775137,1)
(121.42313478510954,31.25127864377146,4)
(121.4189025174631,31.23676185716585,3)
(121.39883928841913,31.24414543402237,21)
(121.36926759646863,31.253324573167816,27)
(121.4507634104221,31.27432252960943,10)
(121.35516818883964,31.28402747994392,19)
(121.4115050920903,31.242074517954602,19)
(121.45966362804496,31.252772447817065,24)
(121.45183202191798,31.274192417743343,28)
(121.41716465794066,31.2517489822984,36)
(121.37967048132136,31.295566140186455,36)
(121.37423871747839,31.27194928513069,9)
(121.38667891290862,31.267586388770443,37)
(121.45511524004557,31.25284971333,21)
(121.38087660011948,31.291190678827668,3)
(121.46043461745808,31.253660619898554,2)
(121.4501923215327,31.25847886049372,1)
(121.4415655040495,31.265040395039357,30)
(121.45516284688478,31.27269413723498,34)
(121.33235616664335,31.295349500939917,36)
(121.36708047722057,31.23664100724576,4)
(121.4495147754275,31.269325768643817,5)
(121.38362644317823,31.230810108623544,7)
(121.3738666350872,31.23985070478547,8)
(121.40787101098631,31.24343247251728,2)
(121.37846705973607,31.277120982831935,19)
(121.39435908263904,31.24762023039512,13)
(121.41241826050015,31.258357508730164,36)
(121.42637584651098,31.281085388650922,11)
(121.42204339580569,31.262727063619664,31)
(121.38626291564792,31.236673664896816,2)
(121.38515891139792,31.262157761172087,2)
(121.4212808474974,31.239393226678757,21)
(121.46264893343455,31.257721345025224,34)
(121.41293803494946,31.234717857159396,21)
(121.36619261675548,31.234751758065173,3)
(121.44627669954131,31.241624238943707,28)
(121.36315016985394,31.30922684242231,9)
(121.3770744918812,31.231509807858956,9)
(121.41029578572443,31.26866049517352,17)
(121.37743429331462,31.257413794786093,1)
(121.37397834236982,31.30882353563124,6)
(121.42218313007248,31.26041969718366,35)
(121.43161061460475,31.24335086093749,4)
(121.40904457791102,31.233265603905316,12)
(121.37870471101932,31.266508150691113,14)
(121.35956922174869,31.27802813450625,18)
(121.3873322439497,31.2687921362203,3)
(121.37182573423564,31.230709897650733,11)
(121.4355552345883,31.260708965759274,29)
(121.38554836028453,31.262704339389252,3)
(121.4541275676083,31.263394306292277,21)
(121.38887571976666,31.253546072460974,36)
(121.42330215832399,31.26214688022772,7)
(121.44078242410116,31.258503112127592,16)
(121.40818566532143,31.230917858872544,25)
(121.45988721623813,31.255231530363886,36)
(121.37764839305902,31.232921118243674,19)
(121.42567139777275,31.244729387720305,37)
(121.42225954537619,31.279280836101893,10)
(121.36499879174124,31.29374427180554,6)
(121.36489170901807,31.312918433214342,35)
(121.42699177978078,31.264913068085548,6)
(121.41427266939064,31.234073992663767,13)
(121.39697457298792,31.302813238401775,13)
(121.4023459468789,31.29326631067997,37)
(121.42480980308171,31.239634802421644,13)
(121.41656101969807,31.240714331890857,31)
(121.42235554155423,31.24577938157223,19)
(121.44719119415878,31.250947021034698,36)
(121.40750177686412,31.266125483159005,32)
(121.41101633365086,31.24350425089581,36)
(121.45677288621548,31.26846626079682,3)
(121.41620400180719,31.261336571008897,13)
(121.43743779113365,31.278203886267047,22)
(121.43334305289879,31.232749236418297,2)
(121.37165118208574,31.250550603971217,3)
(121.39014343854261,31.282397468628687,36)
(121.4353514980015,31.28003223212473,36)
(121.45158203254115,31.245525517213395,1)
(121.43671279482633,31.25341628949739,7)
(121.38256349864841,31.27856224854438,36)
(121.38903662122297,31.26905072525781,1)
(121.41059085570943,31.259901538839607,15)
(121.40768481644297,31.266675712910548,33)
(121.38870757592396,31.23060564096494,36)
(121.38483983110366,31.2765565603566,36)
(121.41786680560459,31.258046406199657,36)
(121.42315133819969,31.27414407638926,2)
(121.39563887477034,31.247158777210633,1)
(121.40281579961864,31.247757109162226,21)
(121.41016905451177,31.256490592856146,5)
(121.37227059809547,31.2557747134385,36)
(121.38556837079209,31.23839774005205,82)
(121.43387875399033,31.273993854310227,14)
(121.39661950122739,31.240653480162944,3)
(121.41648211730414,31.233958355594446,1)
(121.43136453895293,31.270124420160283,14)
(121.38467332490443,31.295726180043758,9)
(121.38692116778903,31.28125132020717,2)
(121.36297755889598,31.252409875172305,8)
(121.40909454019425,31.242005835019736,18)
(121.43143457192421,31.237253236860756,36)
(121.45673962909672,31.26928299256242,1)
(121.43248370638254,31.23800162563497,5)
(121.44439797304138,31.26340819755672,36)
(121.44207457170612,31.25364167728901,10)
(121.37976516599663,31.244566740134797,4)
(121.3710785333675,31.2534681203537,26)
(121.4252520925585,31.23643099330968,4)
(121.40771125046555,31.248795898103214,19)
(121.42521047217622,31.24795044876718,9)
(121.36343200797148,31.309109474254143,36)
(121.45399027740004,31.2677424390034,1)
(121.40957260720047,31.30265957528183,22)
(121.45712109081677,31.25104038330086,2)
(121.43502397596743,31.282907966725773,13)
(121.39544891638367,31.235746212408788,12)
(121.38321541186129,31.237457769753934,10)
(121.43709129404176,31.257032714215665,2)
(121.42679249755497,31.24776277330199,5)
(121.41963023889953,31.236946009843322,1)
(121.41098637050918,31.243849410732647,28)
(121.43579920221019,31.253162369630072,50)
(121.42822637540299,31.264556776194244,30)
(121.42134905467492,31.242375526639513,36)
(121.44068292622693,31.268460106173,1)
(121.43633932643249,31.25275148914048,2)
(121.38680632232574,31.236396781491344,26)
(121.3722102399921,31.313197774196894,36)
(121.41931555702104,31.26565493144409,5)
(121.41308360940688,31.241859052876286,36)
(121.38848411908681,31.296533687800483,36)
(121.42399247418616,31.250309992388807,37)
(121.45488710591118,31.25636271909276,1)
(121.42235668358447,31.25887913932353,36)
(121.38206399361718,31.244924286619945,2)
(121.44039857233655,31.241658895765195,1)
(121.45544549510473,31.2634831079105,14)
(121.42046722803292,31.236737527538097,7)
(121.37759431857317,31.23290204745188,2)
(121.4554349074949,31.24659528737545,9)
(121.38690281502898,31.286935595419024,29)
(121.44021612811638,31.25581443785174,11)
(121.38738903546931,31.261189235750223,23)
(121.46201055597062,31.256139127753602,13)
(121.41223769657765,31.251283458766963,22)
(121.44829411792132,31.242598341778518,11)
(121.45000076112261,31.258599271335434,1)
(121.4072658628018,31.244994344502086,215)
(121.44610476374135,31.241558008856806,36)
(121.39192287978251,31.238707572398322,10)
(121.43552703842386,31.280895506909356,10)
(121.39563947490838,31.24716067732273,36)
(121.4538978177377,31.24837721918201,36)
(121.43445847791118,31.279024070877817,1)
(121.42518766573782,31.239550659761594,24)
(121.42308934179665,31.26211101901534,14)
(121.40278682078636,31.259533264478538,14)
(121.39241152967179,31.25359950946431,9)
(121.3784665596827,31.276924583173482,12)
(121.44712285769224,31.24542669183844,12)
(121.44722494164284,31.283325722640402,3)
(121.44976083548758,31.261451731989304,10)
(121.45851245716203,31.256927108205108,4)
(121.41239625218512,31.23526023991413,5)
(121.42158838222073,31.245898401018206,20)
(121.38652755928115,31.276705090099057,14)
(121.39554714838981,31.297914155028007,24)
(121.42803714804451,31.270937663450297,7)
(121.39235743374124,31.229968854610057,24)
(121.3889381821195,31.24660662241196,4)
(121.45429170922434,31.273795442124595,6)
(121.42848248390854,31.2691804977364,2)
(121.37103349504042,31.26537520862367,31)
(121.45513186294835,31.27110757742408,9)
(121.45902787396764,31.259679363521897,4)
(121.40576772328683,31.242659186643735,2)
(121.45967315300214,31.247946797385026,4)
(121.40066441892708,31.261150474444705,7)
(121.44140125799024,31.247123348412543,15)
(121.37224144522006,31.313197778559392,91)
(121.44634671488447,31.244834145386207,25)
(121.36695158806349,31.2520176928334,7)
(121.41349260048945,31.231915422706745,18)
(121.41274221167444,31.240799490939537,37)
(121.37023028409773,31.25470150786968,17)
(121.42693744171302,31.248905150949525,37)
(121.45799991001586,31.25228037564011,2)
(121.3984043493823,31.24689750453031,34)
(121.43731594005564,31.266178000705782,37)
(121.39851837905388,31.246689453912175,36)
(121.43813907128425,31.271697211144094,20)
(121.44623134111536,31.244175551347247,33)
(121.436804337796,31.249842594475002,26)
(121.45491179451608,31.25258084617335,25)
(121.44492984513283,31.265540887873563,1)
(121.40616437991854,31.238546351482274,3)
(121.39146379254285,31.230143369086097,9)
(121.39928677394812,31.305019973858975,2)
(121.40512934930138,31.261778547215158,3)
(121.38836577427134,31.259361216788612,17)
(121.40709429060965,31.226007619745126,36)
(121.39618335312245,31.247613898784607,36)
(121.40093998333818,31.272396131044456,14)
(121.41461352958639,31.247547131320044,28)
(121.44379632258594,31.265384026092306,36)
(121.4298998270199,31.2352241605509,5)
(121.41048122992004,31.229544993906256,16)
(121.4510520370111,31.266090506293537,3)
(121.41058825791359,31.268381656637906,6)
(121.40350402779049,31.24854813600202,7)
(121.44758043438915,31.263165649552484,5)
(121.43776444303285,31.234400185425784,7)
(121.4154704916777,31.23997243397607,2)
(121.43189593994327,31.23155034445762,1)
(121.43576178602535,31.241648585011912,5)
(121.38068529640412,31.29038915828495,21)
(121.46245218468361,31.262492911218136,29)
(121.42387938424763,31.236289008344453,18)
(121.45593864508024,31.269513188167537,6)
(121.4109323053255,31.23149581816304,2)
(121.38223599204001,31.253022243032472,11)
(121.40953379808877,31.245101882897565,192)
(121.42907167672082,31.25639843500063,1)
(121.3784621588342,31.277035782244795,36)
(121.393941378975,31.27443831974072,34)
(121.40684028586477,31.283226623128463,1)
(121.42414653613959,31.24085087005945,5)
(121.38190234740941,31.228160507798272,36)
(121.42141038255501,31.246682412750364,39)
(121.40511761620094,31.294028273232485,20)
(121.4064865367106,31.263200230944026,36)
(121.44244698768162,31.252869230664814,8)
(121.4433450798725,31.24406381084325,10)
(121.44065891804891,31.254885127430313,1)
(121.44289622957355,31.24446432488575,4)
(121.36412120219198,31.309783651001474,5)
(121.38817032010076,31.228502619696908,20)
(121.37816967261571,31.262660906600612,27)
(121.4099615247733,31.23774191693898,8)
(121.41071358886786,31.255410808345406,36)
(121.42276008660077,31.244471516066998,18)
(121.41492223096371,31.252694093273604,26)
(121.3990361214423,31.22985701509118,4)
(121.41077083881038,31.225741187876803,18)
(121.3983199912059,31.243197821324955,36)
(121.38411896606688,31.27800410851546,29)
(121.45824356570398,31.255582294932235,12)
(121.39137986286927,31.231682021543527,6)
(121.43649676233818,31.280894853462158,36)
