(121.38382074819913,31.242214773857054,36)
(121.38494431353521,31.257860713571855,37)
(121.41316749082634,31.240824564607717,26)
(121.40051200951658,31.287118754665702,36)
(121.409097790817,31.245630991359057,36)
(121.3626990001692,31.29804344086394,20)
(121.40363856126102,31.228761201418433,30)
(121.41716465942388,31.25176598978338,7)
(121.388828063679,31.30387481556018,36)
(121.42130433325113,31.2414552813612,29)
(121.42353385970883,31.229380836239024,10)
(121.40370177292368,31.299884871864307,36)
(121.41921046916464,31.270011163208302,6)
(121.45508184833396,31.25282360405063,46)
(121.42520366964335,31.239500463158087,36)
(121.42637393743313,31.259193152642723,38)
(121.38188391114319,31.2808965351916,27)
(121.43149274393292,31.23463320133744,4)
(121.40261518420208,31.22969590014461,37)
(121.40798258307686,31.24349167086295,37)
(121.3756825874837,31.300988698945243,14)
(121.42015663048693,31.27551064483629,28)
(121.44891073406387,31.242077989284375,13)
(121.45119111785962,31.26560396130817,10)
(121.42515262086802,31.241367307580592,7)
(121.42043570567908,31.25341299258254,25)
(121.43952498087114,31.251733657505685,12)
(121.37549511619686,31.2526144071345,36)
(121.4379109409922,31.27733988240087,25)
(121.4247119448047,31.25164723808699,22)
(121.42580161926709,31.25065027574505,2)
(121.45425669379594,31.268446198536513,7)
(121.42705269959393,31.26474894331773,37)
(121.38584672700799,31.247720469880218,18)
(121.39123710183573,31.269010129406855,8)
(121.4111613017893,31.24352123249296,27)
(121.44386961383805,31.240921743367544,17)
(121.38875200318876,31.303947786395184,7)
(121.41938463686469,31.23701315754196,1)
(121.43415821687611,31.259405137468868,2)
(121.44313946186514,31.262352571083934,20)
(121.4438943301019,31.244687822357086,12)
(121.38391132727462,31.25871151344868,8)
(121.37219913813331,31.31319777264555,7)
(121.45302094354432,31.255680843853796,2)
(121.40834320530551,31.254141918405594,1)
(121.37093611863203,31.28585860127412,17)
(121.44276972590866,31.281850560972924,6)
(121.42908466214902,31.233471181135634,10)
(121.4463714200157,31.244833049719652,36)
(121.38141836025284,31.280917071901634,36)
(121.44990197047346,31.258469399413865,36)
(121.3884380773254,31.296526649725372,15)
(121.4374431452394,31.236472742027505,2)
(121.45865486926454,31.259892272326088,2)
(121.3895415416832,31.25641481716186,36)
(121.40400141234647,31.286845894014192,36)
(121.3772230475225,31.270112993519852,46)
(121.43633833219667,31.241323407917246,29)
(121.41048387780397,31.259908558431658,36)
(121.45766299097458,31.267778932090174,12)
(121.40002333651296,31.239656803798436,12)
(121.3469810180475,31.301750804093427,8)
(121.37554772832797,31.264850862045478,11)
(121.3757671673698,31.265569193307723,17)
(121.43962868930966,31.256667930622505,1)
(121.45093748670587,31.256757704152054,36)
(121.39679502669098,31.228806373519912,2)
(121.34873937671742,31.302650549153256,36)
(121.40814769263709,31.231197989508182,24)
(121.42588473833436,31.239649926036165,36)
(121.41981896790276,31.270082915925176,20)
(121.37127288443882,31.313542143711913,15)
(121.45483038307046,31.264192412015195,10)
(121.38708546808087,31.280943302602918,13)
(121.40228781994763,31.23781354535571,5)
(121.43246703901448,31.24340156348271,7)
(121.40913009878183,31.24408320104295,32)
(121.3953635380962,31.300780702834043,4)
(121.41454744953056,31.234849437228604,19)
(121.4382845618601,31.2396962753445,3)
(121.43579940160035,31.25545337223851,25)
(121.38026859862545,31.296275128549826,36)
(121.41773685744677,31.257765346674315,36)
(121.4400726596662,31.259014039713136,9)
(121.44748715341667,31.257818819967717,92)
(121.36155026295377,31.296804296362843,27)
(121.42269934115774,31.24679659588224,36)
(121.41482338253158,31.235413600436566,15)
(121.38925974633379,31.28223480738987,27)
(121.42680664953518,31.238211476457554,36)
(121.452348419881,31.27018400890463,1)
(121.43014548774299,31.246297897850827,36)
(121.4263709586197,31.27840202915556,7)
(121.4319522169681,31.258536332620793,36)
(121.37096435463953,31.253495978638476,27)
(121.36893471646532,31.28785338901945,36)
(121.38655536763065,31.293408898845748,35)
(121.38927628512505,31.25605846817066,34)
(121.44515900553728,31.258204688008107,26)
(121.37986732431847,31.281762595284576,22)
(121.41442832370782,31.232845560877113,20)
(121.43667484782202,31.253333303304206,12)
(121.42534532667501,31.247932107866717,8)
(121.43932803313568,31.282850160260715,3)
(121.42136052574055,31.242653159626645,3)
(121.39083027315678,31.229780782009726,3)
(121.41544288104963,31.238298060913298,3)
(121.42493522569183,31.24053303708874,27)
(121.34107882308705,31.305599522391642,4)
(121.35694149469631,31.28111029588783,36)
(121.45361543373899,31.247654465868482,7)
(121.43093791640005,31.251263262711664,18)
(121.44118903531846,31.256119223910265,1)
(121.36772396981662,31.252755135238264,36)
(121.41114629560663,31.243410185474925,3)
(121.36522697441256,31.24699771721211,91)
(121.41126132359803,31.24404244737198,28)
(121.40781099615901,31.24851945023525,2)
(121.43974871176862,31.23529699274932,3)
(121.38738604693745,31.226871884098784,5)
(121.40998040809642,31.24279728014479,17)
(121.38628101417254,31.250257551358267,11)
(121.40174053032655,31.258944793180525,36)
(121.40208103758908,31.22938664901079,11)
(121.39030787795411,31.257699750057597,20)
(121.42084016136668,31.26206250290161,26)
(121.4524642356108,31.247842769163576,37)
(121.38378975352568,31.242666947771177,2)
(121.3902551201337,31.279229401162386,1)
(121.38382480464412,31.287105338921588,3)
(121.3913394063324,31.295662374317796,26)
(121.3992763192305,31.261700260551315,36)
(121.43039132879008,31.27464685614869,33)
(121.41140291094624,31.22823623041177,31)
(121.40701562054201,31.287081190891925,2)
(121.38770318637674,31.271035680625655,24)
(121.43230299730699,31.261450197608358,20)
(121.38483903013092,31.267365699831092,36)
(121.3769140700966,31.28709712067499,36)
(121.43885439689532,31.266268912112796,37)
(121.4074867785266,31.266137488573786,30)
(121.40692912378302,31.25846819681485,15)
(121.43612906949107,31.235271168117563,139)
(121.43640483629869,31.254201086754676,18)
(121.42542800612198,31.24890644836665,9)
(121.40896301920066,31.224375779199185,36)
(121.43146308297537,31.266094888424345,36)
(121.42343020195382,31.241023486093702,36)
(121.4242987497152,31.25471734745015,31)
(121.42868321744646,31.265614427329744,35)
(121.44629000309972,31.24483413543821,21)
(121.39071598801809,31.239029925957748,36)
(121.44210564785416,31.255179302031824,1)
(121.44915630289033,31.254807184165696,37)
(121.43771777814702,31.248884939792436,36)
(121.36592994715822,31.27659869878172,36)
(121.4090418770755,31.24519698059491,37)
(121.44269063371289,31.244635726521103,2)
(121.4480525667939,31.241785410643075,35)
(121.41281050788804,31.283402990392677,36)
(121.43479192312954,31.265155479129884,1)
(121.36497252033973,31.313295541837643,25)
(121.39129920770259,31.2707971935048,36)
(121.40514281039279,31.24412279928903,3)
(121.38682106424913,31.233265365756065,35)
(121.43946864973385,31.237895935182745,1)
(121.4052559487018,31.234137294061654,2)
(121.44415299983669,31.246698297194616,33)
(121.40515211922258,31.236186219631534,12)
(121.4593323899491,31.26333926970486,18)
(121.38296883998251,31.24330968537873,17)
(121.43672550978278,31.253858849512806,2)
(121.42435656389377,31.254804359253317,7)
(121.38877945319801,31.274418932848235,36)
(121.38613985300712,31.29595055934777,16)
(121.40504557988494,31.264501708101477,2)
(121.44149032312653,31.272859819536894,36)
(121.38350106716716,31.26143392656677,35)
(121.39965000900848,31.24061117653903,3)
(121.38765309122172,31.224510001457215,11)
(121.46360036109027,31.25594007355508,36)
(121.41067345033208,31.243988525536643,21)
(121.40524188768997,31.244920163704638,19)
(121.42366270650432,31.283561591396737,36)
(121.41115539566516,31.256043768534365,4)
(121.44194697686345,31.244254754590383,26)
(121.37970729013675,31.29938733137329,29)
(121.44494539178217,31.24623678211522,22)
(121.4186145490497,31.288121796922503,9)
(121.34536620248612,31.28107877139969,36)
(121.41665396014791,31.239478881255515,37)
(121.44900275732725,31.244841403168728,15)
(121.43578381741652,31.266672173727766,3)
(121.40524484894128,31.247269793610336,18)
(121.40864086892974,31.291009715496212,18)
(121.41948880370713,31.23543650243434,12)
(121.40659521563488,31.282421290346253,3)
(121.44819688296053,31.260482393547928,31)
(121.4418910339991,31.243559492162635,2)
(121.37682139789821,31.268972042828153,3)
(121.405090224207,31.260381942031586,11)
(121.44421544104561,31.253174057186108,9)
(121.35956922167962,31.278266233980034,36)
(121.40539116633903,31.293818832805986,30)
(121.37435493174513,31.234951096570025,24)
(121.41232117854342,31.245625931407606,33)
(121.42677876891777,31.239238966188758,6)
(121.34028907747877,31.282644927308038,34)
(121.43624792267772,31.257327281858544,5)
(121.39258637492772,31.227429822359912,36)
(121.43317138908476,31.280431401623733,8)
(121.43615765992175,31.264787942169626,32)
(121.3825859120593,31.27152633785026,13)
(121.37485469529182,31.310124160747925,17)
(121.41691302396076,31.22883585534658,4)
(121.35525238078425,31.28427572518168,27)
(121.4514711667176,31.24577004406028,28)
(121.43245703784571,31.251164546979105,4)
(121.43393282498968,31.2627508541948,37)
(121.39281245707068,31.23170749923523,41)
(121.36760729806716,31.235743361873517,29)
(121.39721943783978,31.264926848777638,24)
(121.43372159309385,31.279532172220645,1)
(121.3907014981003,31.245021608181396,15)
(121.40986898051926,31.259606324315815,18)
(121.41230724967633,31.246394277069193,13)
(121.44949861565108,31.255582892387746,6)
(121.37781389175947,31.2936353113949,23)
(121.42923316894334,31.275708502598967,5)
(121.3852498263768,31.23729711799674,3)
(121.36496521935472,31.313118441383555,36)
(121.42268067232474,31.238794572964125,5)
(121.41856791674995,31.252761748566012,37)
(121.43409220207208,31.26306701748231,20)
(121.41414367097164,31.2469880363429,4)
(121.45782422276231,31.250660040882245,13)
(121.41233619005435,31.259471238963343,36)
(121.41134783173572,31.273020991042273,7)
(121.43882519230107,31.286289277357255,23)
(121.39270881206883,31.236184439908474,1)
(121.38284303238291,31.246537773372797,1)
(121.4485385230481,31.241834556910923,18)
(121.41687348554169,31.236487283540747,14)
(121.37234017725204,31.248528032660552,3)
(121.40385100925273,31.294057814447203,36)
(121.41440970381748,31.252572186169658,36)
(121.44739605645475,31.242836051155077,22)
(121.4350876524862,31.244693079185087,1)
(121.40210008069052,31.264240152245186,1)
(121.40972699031131,31.236726382968424,2)
(121.34929748862078,31.302991438823646,4)
(121.39416818654011,31.247631893543225,4)
(121.40406826300058,31.262116579684523,22)
(121.36496821976901,31.313156641649016,19)
(121.43853606108604,31.279187778933295,5)
(121.44121516314276,31.2652700264763,6)
(121.44411602161793,31.257604154621827,36)
(121.42766776554829,31.23886199036673,10)
(121.45204235428415,31.245625105152314,3)
(121.36712305880837,31.28865037976933,11)
(121.39609768099173,31.23960928085457,2)
(121.40727086387925,31.250213335364734,31)
(121.38980204434766,31.259679421256973,4)
(121.34539024091279,31.286506387388656,1)
(121.39428652428354,31.296534480424405,26)
(121.367139141005,31.300801217641123,6)
(121.39698563687719,31.25763565758052,20)
(121.39935896098162,31.248406734397598,22)
(121.3889940210234,31.278782906042384,1)
(121.45122039443672,31.27462678554689,5)
(121.44113130624105,31.26516710943622,12)
(121.36711663335265,31.309259310195632,37)
(121.38944671550307,31.23160787560271,1)
(121.36283497412128,31.24290093296702,1)
(121.45024461583866,31.251713805924556,18)
(121.37758263349444,31.2712448856081,2)
(121.39027359276152,31.238556407165763,36)
(121.42788325837977,31.258748599353375,15)
(121.45344088288485,31.248014975272092,3)
(121.41714864418978,31.25148987545652,36)
(121.40961258362734,31.231858173400546,36)
(121.44296119670419,31.24225954425376,24)
(121.43790893767874,31.254323072447125,26)
(121.43819524191221,31.240970655958872,36)
(121.43541900928085,31.255495692386106,3)
(121.44568000738863,31.283129987295123,43)
(121.44892544406643,31.253402074361162,13)
(121.40566180367956,31.243643621860734,5)
(121.43740754726004,31.27484453123982,2)
(121.44970870484099,31.269230576734167,2)
(121.44067892304562,31.25759212607986,26)
(121.42821043302716,31.265007984186536,18)
(121.44475541072016,31.25359335013875,19)
(121.40499813191148,31.247950492380514,18)
(121.34164239856388,31.286070869488803,26)
(121.34688060351985,31.293814699017123,15)
(121.45233743961576,31.2473988838156,9)
(121.45814537577846,31.261982281658845,6)
(121.43885360826648,31.25720501167862,5)
(121.44377965032808,31.24580550758431,36)
(121.43347438817094,31.238733806596688,36)
(121.39647916545445,31.274151085495806,37)
(121.37936862674337,31.29323929066958,42)
(121.40099870828958,31.230046795802743,2)
(121.42783749853788,31.237979432909107,16)
(121.41054361468854,31.245568251870214,16)
(121.40164067747034,31.24945961852863,15)
(121.39647406651406,31.25176262991839,31)
(121.4262732991411,31.239206393555673,19)
(121.33923941446568,31.29336420511989,8)
(121.41378486341598,31.236155273965114,8)
(121.3411383007785,31.286391051610302,16)
(121.46309951276662,31.267303416478484,8)
(121.4582822573797,31.264707153616392,1)
(121.37626167928241,31.281152457306135,23)
(121.37821721970363,31.24526691035229,2)
(121.43342781945898,31.23144753931433,54)
(121.4423703109694,31.256981675655574,25)
(121.42560538958645,31.24233917202455,3)
(121.3949179041997,31.273564475154505,24)
(121.44301130972805,31.25197793552971,10)
(121.37399806102593,31.254034175911244,27)
(121.41760743648454,31.263537898690444,27)
(121.43310377276754,31.27790969312665,22)
(121.4304990507642,31.24818592844913,36)
(121.43966860350054,31.261738805656652,37)
(121.44732972105304,31.257489193346412,30)
(121.42895620362654,31.25628883197361,9)
(121.42038338481387,31.249657942459205,5)
(121.38541343819325,31.24140960709518,27)
(121.45214597612251,31.25257950917434,8)
(121.45464776708795,31.247200547325278,39)
(121.40899585337495,31.245458389753722,18)
(121.4315092094051,31.251693833058003,33)
(121.37257608925356,31.25601921953541,12)
(121.37323933062346,31.243020070985146,24)
(121.43971232548861,31.23645854999938,27)
(121.38235438281905,31.24551483872528,18)
(121.44601839066988,31.248192837998605,37)
(121.38939640333729,31.2562386347455,3)
(121.38002672766004,31.270251177934288,37)
(121.42486478832603,31.254558464846724,26)
(121.42397984957138,31.25414390276887,9)
(121.4176284652734,31.227976761128563,2)
(121.36518067028958,31.277089783617804,36)
(121.4178824615296,31.265666677241725,14)
(121.40736016460036,31.24558723181485,13)
(121.39314623331215,31.267298861037066,36)
(121.45978266939397,31.24832730505137,21)
(121.40622307263972,31.246472912022032,4)
(121.45179911443479,31.275243928466548,15)
(121.43982711409431,31.26863071383172,36)
(121.43674641456616,31.253833353604513,8)
(121.34637706881678,31.300303330209733,5)
(121.3988070983657,31.287977086016856,36)
(121.39911708329016,31.24315536581014,25)
(121.41869639295618,31.24768944191708,17)
(121.40736366512417,31.25870380689374,33)
(121.40080737792377,31.235613483255413,30)
(121.34375357596899,31.291761106579116,36)
(121.41738324167599,31.25330880771334,8)
(121.39395771274216,31.248778682459957,30)
(121.41786519026967,31.239521200847726,73)
(121.3859731126347,31.23192203518505,3)
(121.40940778329042,31.24527126689149,1)
(121.45876962490183,31.272051204683308,5)
(121.44212411815884,31.25624966503321,2)
(121.37679417299466,31.271271667328065,4)
(121.37231739199912,31.26409036664032,10)
(121.3999083960895,31.286655915821733,3)
(121.37647223019265,31.249584244554107,36)
(121.4516035717405,31.25258032115155,36)
(121.43416089746101,31.255908617222985,19)
(121.43356697797543,31.255962927143358,36)
(121.41442520756391,31.248707496858675,36)
(121.4582695978331,31.27324991020811,21)
(121.38356485849422,31.251002870387232,29)
(121.38874761120371,31.253589995222004,33)
(121.38979037791313,31.275098959776717,36)
(121.42726399858027,31.236419252532478,24)
(121.3895265013654,31.256097668087385,36)
(121.42815059031561,31.276913396757415,8)
(121.42603099601736,31.255786967269056,31)
(121.45475386482168,31.250127126270364,2)
(121.42798975090665,31.27284517187493,9)
(121.42888173409074,31.2315374946408,14)
(121.43933938779577,31.241246255005137,12)
(121.4501709163486,31.260093803045645,2)
(121.41712167677804,31.25328835295402,12)
(121.44724033150877,31.283170260565775,1)
(121.41759949416112,31.228906198978788,2)
(121.445794602432,31.255599028393494,11)
(121.44841150473545,31.272947310645716,2)
(121.39983152197327,31.242547046309983,10)
(121.45223359356365,31.2549124190151,37)
(121.3648343958335,31.246397063118025,5)
(121.42165489981724,31.26103458595036,8)
(121.38700156368637,31.282962060979905,36)
(121.40673801216305,31.25859007809064,36)
(121.43284133410403,31.239386842210287,17)
(121.40056540400862,31.261333525847448,5)
(121.33495819653301,31.301609003751103,33)
(121.4106400707833,31.230955239839947,4)
(121.38707351389688,31.270119786616476,1)
(121.42560466772377,31.24123044265778,33)
(121.3892973033748,31.256061484935596,48)
(121.42654792980129,31.238272732246074,36)
(121.39196534734003,31.228409815568426,12)
(121.39750217344002,31.226518896284762,21)
(121.3700726050072,31.25262251447396,36)
(121.37883490865687,31.266830432321928,33)
(121.3722582154747,31.286140476314046,15)
(121.39753853058455,31.2932272832975,3)
(121.39605477458059,31.264711288878036,36)
(121.45153818236383,31.246085851647386,4)
(121.36503299408575,31.24922661814389,3)
(121.42562549342617,31.245295678987375,1)
(121.45421878356717,31.26842126482121,8)
(121.45014091001097,31.2585778008884,82)
(121.4169632595175,31.26897332010902,33)
(121.34421714960612,31.28383940646327,36)
(121.46031124252319,31.273330300027844,27)
(121.42519923192694,31.248898632522057,36)
(121.39176592594286,31.28647697434184,27)
(121.42161769076048,31.262661575041797,26)
(121.37020362478114,31.248747751997005,1)
(121.36823318045258,31.314427002221333,2)
(121.42537461560494,31.279338522026183,13)
(121.3892822896563,31.256051469536,13)
(121.45878372834358,31.25062594251988,18)
(121.39563272009359,31.232305730517695,2)
(121.43821024448414,31.23673426653391,28)
(121.44732071111413,31.24853272531927,7)
(121.40843257154333,31.26447374014304,32)
(121.43994295584848,31.259800570037157,6)
(121.41979973990581,31.241793235380403,12)
(121.40465900653831,31.254902558823954,36)
(121.45182281296731,31.24877746380503,12)
(121.3742241665202,31.228346902348992,22)
(121.40697579127003,31.266213242780392,61)
(121.45280660845458,31.252583462992508,26)
(121.40999580663824,31.258057826046667,33)
(121.38201494586944,31.291013769568085,36)
(121.40992699497878,31.237541979059724,1)
(121.42300545232717,31.26254226459511,20)
(121.36874338670047,31.28785306423432,16)
(121.42739237771865,31.23091261762975,2)
(121.42641811404242,31.238819092893387,36)
(121.36479161218944,31.249440960986803,42)
(121.38261374749064,31.246272431569736,18)
(121.4011793927683,31.23920811575329,2)
(121.39474470877873,31.295435288955943,18)
(121.37437869848898,31.28944152582049,16)
(121.3684225757131,31.292294707409628,36)
(121.43521305821875,31.264189894994608,34)
(121.4465732580923,31.271307876681483,6)
(121.40991046022073,31.24245794925795,9)
(121.37826815099689,31.255157769077414,35)
(121.39054695236074,31.251757037063154,36)
(121.4045521787129,31.300157144741483,1)
(121.36177181845666,31.27814969269469,30)
(121.39116954224718,31.275776192399785,1)
(121.38941358579005,31.24027342141103,31)
(121.38857652454811,31.253167674704446,1)
(121.4028443190498,31.2307054076922,7)
(121.42322480842715,31.264616636752898,49)
(121.42796625698456,31.248342959306285,19)
(121.46170483703315,31.24972501104024,37)
(121.45952939431677,31.2578654717405,2)
(121.38991814787028,31.282716196020402,36)
(121.43372333715179,31.260603780638174,8)
(121.45296894979569,31.247369627455083,2)
(121.37881989513119,31.26689944501507,33)
(121.38120020009453,31.236086427876746,36)
(121.39733386438355,31.265390170226347,36)
(121.45074689744263,31.256496952831895,37)
(121.42746354145291,31.245161009819398,4)
(121.37739157321732,31.273524621820027,9)
(121.42395003206528,31.255921702287846,18)
(121.42702133985571,31.248775018220055,28)
(121.3987082127308,31.232406071381202,1)
(121.34686890795403,31.30915358075423,4)
(121.38383579904698,31.242609965360483,10)
(121.41102321107093,31.23064841284702,5)
(121.44908735497671,31.253665810896983,36)
(121.39079248398724,31.259367336017466,37)
(121.40232966551183,31.270334789052516,36)
(121.39680994934479,31.25074756682799,5)
(121.3854408664691,31.233775158161002,1)
(121.43313747633246,31.250867351557478,36)
(121.44034807423456,31.28082084166482,14)
(121.42500812988517,31.24558431418145,10)
(121.41205349978912,31.236959091692082,37)
(121.45772520936579,31.247567884775226,18)
(121.38390813300572,31.280019137461025,6)
(121.45508922692962,31.252478573703698,37)
(121.44520287499331,31.242321547969716,27)
(121.4353407827272,31.240303231285846,16)
(121.43342848072119,31.23904800302547,36)
(121.43560713333872,31.237509628981222,36)
(121.45220852965024,31.256473129227476,4)
(121.3884628262202,31.224481621085072,19)
(121.36814903614918,31.314393869811273,7)
(121.38941474639432,31.282954930836702,1)
(121.38742886705712,31.281788928384007,17)
(121.39127277972484,31.231663942984547,34)
(121.39171388265541,31.296221830162864,34)
(121.40732295516241,31.258689998516925,10)
(121.36727894059544,31.238070944015977,23)
(121.43086053898307,31.23432074275428,5)
(121.37286243082494,31.289459603672444,36)
(121.39975764833905,31.278695612910294,27)
(121.39255963280358,31.2765303889781,13)
(121.43605345271077,31.238715247157494,13)
(121.46381549442228,31.257082699124705,11)
(121.41500496064512,31.227345502414643,1)
(121.44139745965585,31.258667626235866,10)
(121.44933122721774,31.25836341139213,11)
(121.42636985467455,31.24591189143361,43)
(121.40768554434266,31.2414380070015,28)
(121.44390011190137,31.253798846012025,23)
(121.44253522785787,31.282533209963592,4)
(121.4580223958576,31.247025002562,1)
(121.43241444262364,31.23388783194929,25)
(121.37825118969985,31.232833763679807,10)
(121.40398006246646,31.276120608484955,20)
(121.4227753136724,31.24722373235761,1)
(121.41480720121336,31.244720805955662,13)
(121.41104940202304,31.267293629533985,29)
(121.41090077036715,31.225278951250157,21)
(121.39202942873042,31.232629872712454,22)
(121.40178431596824,31.236230912063004,28)
(121.38139097015188,31.230802207220282,1)
(121.4192188968525,31.254094490538503,30)
(121.42936124110554,31.255379702570156,33)
(121.37524656203415,31.273359001303383,4)
(121.40185324286041,31.232378974587352,2)
(121.43771825496084,31.23686060374635,35)
(121.37764905802652,31.252084718797676,27)
(121.45683809989033,31.25476295141259,1)
(121.39732116148326,31.26483596886594,7)
(121.40410497360757,31.232028990124125,28)
(121.35221933831433,31.296658854369934,26)
(121.43261630486604,31.269889440345462,16)
(121.38061681052189,31.28577322486065,36)
(121.39414903097266,31.28251921898629,62)
(121.43662954967257,31.260561508599505,36)
(121.44910151156071,31.24432364720007,21)
(121.37627106154078,31.249458502746002,16)
(121.42407862283677,31.24112404513301,36)
(121.3872462533976,31.28820038741287,17)
(121.42331922189652,31.274502104014147,2)
(121.43241618448583,31.253898788650478,5)
(121.38254527520154,31.25104162967492,16)
(121.39450929694921,31.223501089839548,2)
(121.39489038812151,31.302221024313116,37)
(121.37726110432054,31.27017006173956,11)
(121.39042450215489,31.26720195203749,37)
(121.37890399378648,31.266777486298313,33)
(121.37889144626324,31.24490381701818,18)
(121.4438036021821,31.251656711671654,6)
(121.43348225460966,31.234360050362724,18)
(121.40654033899467,31.26092825523645,3)
(121.39665835015626,31.267693833425213,36)
(121.43674374190084,31.253373229617043,36)
(121.40436573661738,31.232079743174797,48)
(121.43181986474193,31.246873496311515,2)
(121.42247810275867,31.260288458832417,12)
(121.4072413740211,31.249944465218984,1)
(121.4429831880633,31.28032759709196,7)
(121.36087171406224,31.242709674402267,4)
(121.42951228089812,31.246463618913793,3)
(121.37404516614713,31.256042359748903,16)
(121.37083379062908,31.29547031286472,36)
(121.36382816224057,31.308287520928655,1)
(121.45236777534052,31.252079894418323,28)
(121.38900029785862,31.23097566462123,1)
(121.38825988272583,31.261701144535277,29)
(121.4538829203177,31.260654621515137,32)
(121.3978078748333,31.264485565013572,18)
(121.38438372364224,31.257802096066506,36)
(121.36266342426245,31.245973538499587,21)
(121.42296069754832,31.2763611373838,4)
(121.43854963407635,31.263082979457,35)
(121.39138741945257,31.227422509764256,1)
(121.42027264551396,31.270990790066257,1)
(121.41306812965637,31.23629854268991,37)
(121.44988085855672,31.25864775734422,40)
(121.37421127877715,31.252910951818055,36)
(121.46309883204046,31.259430041209566,4)
(121.41267427382381,31.263216102263577,10)
(121.42768017331338,31.251155150241892,17)
(121.38156459364599,31.293080140160598,20)
(121.44730574019162,31.24850373887003,36)
(121.42425341408878,31.240591670946497,15)
(121.40155555681166,31.23685894996024,25)
(121.36206258571558,31.283782734970895,13)
(121.37127308445274,31.31362104356129,1)
(121.44616607653266,31.241650319468675,1)
(121.43368359308235,31.244509156302907,1)
(121.4385247159093,31.238812222757534,7)
(121.3859775751695,31.283148276599682,4)
(121.41044582278302,31.25576365188786,24)
(121.43853207926232,31.238915035106686,15)
(121.41654534410138,31.232873776418543,18)
(121.43885321440003,31.2526770329067,34)
(121.38984577527896,31.270522438885227,27)
(121.43682805263421,31.240165426257377,108)
(121.43448218283307,31.264578970007186,9)
(121.37697918536351,31.271547564074503,25)
(121.37983102287015,31.25444574702364,29)
(121.40822109701953,31.233974563053806,8)
(121.37281474239576,31.310860264464313,17)
(121.37174045543718,31.2636174030446,16)
(121.38712599701334,31.236457417661214,1)
(121.39687059114432,31.246289617613787,34)
(121.36426682211734,31.310708965634888,11)
(121.37605153512189,31.23683703138447,28)
(121.38223509982996,31.232343765166004,1)
(121.41511501678067,31.255605504612884,28)
(121.36821814520142,31.31431193764725,35)
(121.3712261837634,31.284784801233897,24)
(121.4450129401532,31.26403557389393,5)
(121.4296350651567,31.277585414582237,1)
(121.38747398144831,31.271136539848367,36)
(121.45243699174046,31.256436666350456,32)
(121.40247728033484,31.25972120581254,24)
(121.42496974309971,31.2407211644703,37)
(121.34565660043982,31.278324172611587,36)
(121.40289305699282,31.261998346954204,3)
(121.38088354937783,31.247973040424522,1)
(121.37320996248432,31.24344148203363,2)
(121.38638299916796,31.283385718874737,4)
(121.40569002600036,31.22323128819005,7)
(121.41444741374504,31.27411085175071,26)
(121.43334646135331,31.260435555267136,24)
(121.40538788560742,31.256241169598624,6)
(121.43190558699236,31.259687089349324,17)
(121.40106142638547,31.259873029117806,43)
(121.42214118458568,31.228187538526573,6)
(121.43342813174428,31.235037181862353,1)
(121.35407094031316,31.28100596411233,30)
(121.42760685014069,31.239054133596184,25)
(121.37592074826446,31.229892698798274,36)
(121.39327617255677,31.265597212491635,36)
(121.43607726361017,31.268696395629625,19)
(121.42729343692224,31.230345446861826,29)
(121.37361180273528,31.30372418986743,24)
(121.40454697762375,31.29600275237283,15)
(121.38698443105604,31.270147725329302,36)
(121.44299680758074,31.264782052586128,8)
(121.37247693342061,31.255977071791833,4)
(121.41335891375904,31.246431022767027,37)
(121.42506313541058,31.240569232159178,1)
(121.42297463427478,31.264321049229842,1)
(121.37184360024308,31.26343146017337,36)
(121.41394489785597,31.237242719504824,7)
(121.40905488044227,31.233271306031508,25)
(121.38127918104294,31.2692830810119,2)
(121.34746115565676,31.289272559639198,36)
(121.42141106146899,31.254469848844618,20)
(121.37400285881273,31.25605595359539,61)
(121.41861289208155,31.25280374377492,19)
(121.42222674293804,31.24686495314158,3)
(121.37945945000835,31.240790715184023,1)
(121.4185815133947,31.236772597318406,25)
(121.41141025892172,31.255178342971206,36)
(121.40647234782158,31.242529954757593,3)
(121.44140513123031,31.257394344578316,34)
(121.41947446122109,31.254325948389102,11)
(121.44126904973234,31.241175266481378,2)
(121.43851735125742,31.28215402514727,3)
(121.45201575727752,31.27420604751547,1)
(121.43703015399421,31.240398075843427,15)
(121.42591713625404,31.267515112759618,36)
(121.40608714574532,31.224412858843248,27)
(121.41602637081067,31.23070251404185,11)
(121.37815583863224,31.27628464612149,20)
(121.39398924781882,31.295512914901224,23)
(121.38263975058406,31.280451101956043,19)
(121.44318825041765,31.26296644719799,26)
(121.43039262338256,31.234147532894593,17)
(121.40972852106248,31.234000474133406,1)
(121.37556395877638,31.237664551989756,5)
(121.42124431836214,31.24046027071508,39)
(121.44134491528912,31.265133771351813,23)
(121.43786298185931,31.253960977039764,26)
(121.39254767577111,31.23835420534032,13)
(121.45212130175524,31.280314084677045,19)
(121.43303203508121,31.239003447713078,19)
(121.40294582812363,31.24779014730277,35)
(121.39019262923219,31.27417986111316,18)
(121.37227915154094,31.313197783834582,36)
(121.37814081555953,31.276248614159947,37)
(121.38167612988144,31.26324591561674,23)
(121.43083955023057,31.23414068291665,1)
(121.37370380736108,31.2552090122182,26)
(121.39835001631926,31.231860690632274,13)
(121.40514277811398,31.24375263361175,37)
(121.43493755759509,31.253695694204573,2)
(121.39569677321478,31.266938068076627,7)
(121.41780004549578,31.261680678813278,17)
(121.41991178811362,31.236143100002437,1)
(121.42137462863975,31.234886777043933,36)
(121.41487559414044,31.233510513547703,3)
(121.41612729625909,31.252812894845402,4)
(121.42045258205329,31.275048239374936,37)
(121.40881782179818,31.2592806066621,2)
(121.43663026242315,31.268749008162207,37)
(121.35384619318945,31.292128467336337,10)
(121.36509652140444,31.27709365869868,10)
(121.45180123985877,31.279185034968098,5)
(121.42505333343267,31.24466892248477,37)
(121.40445555737762,31.241998779783412,9)
(121.44576193458819,31.27139730808621,9)
(121.36444444970286,31.24351818695965,20)
(121.4295908332066,31.24668864762395,17)
(121.42304940326807,31.262417179337724,15)
(121.39848521370493,31.302264627267284,7)
(121.40893364983161,31.296253455847758,36)
(121.41762044189677,31.240765879528567,36)
(121.36665094189904,31.30818535351069,37)
(121.44404201545015,31.278832275432027,11)
(121.44123013412498,31.265248994809177,37)
(121.40713256628821,31.24065131861371,1)
(121.41347447167885,31.238866316628393,9)
(121.42513903121984,31.25738240440509,20)
(121.40862030246878,31.227197115896942,16)
(121.37559394923764,31.303700415436214,35)
(121.38926725482938,31.25579934856365,34)
(121.40761677996893,31.266219520573177,37)
(121.43576768685584,31.238656291636488,36)
(121.41466441432965,31.269385581944345,1)
(121.36455496262785,31.309423701879233,2)
(121.4352958084469,31.2512911878686,36)
(121.41063196798866,31.29563432754957,36)
(121.38606254101595,31.293256425157924,2)
(121.45166722443777,31.24999733872986,1)
(121.43240187121955,31.261549128106918,27)
(121.45589827164774,31.2460714090049,3)
(121.40183452706384,31.250015895347403,29)
(121.42317326412983,31.26206093691084,12)
(121.34595590125097,31.297415424625637,37)
(121.37943937247124,31.274708413948144,36)
(121.38274782087285,31.291323617586137,22)
(121.45738513618248,31.247872228136938,8)
(121.37127258436693,31.313635143460974,20)
(121.41024041911164,31.265576027485057,16)
(121.44348591906011,31.28262326360426,17)
(121.37987855973452,31.235941973044213,15)
(121.38706851216723,31.270154797289887,23)
(121.41090392723652,31.261481168869455,30)
(121.44795515161753,31.26797408149933,36)
(121.42913576136998,31.281159853826022,5)
(121.37848526309158,31.277400085093234,37)
(121.44134488927251,31.264834643593044,34)
(121.4099158920812,31.25958923410522,3)
(121.40753277494535,31.26611847952214,17)
(121.39930589831668,31.294911029758936,1)
(121.38325309992645,31.227753664229116,28)
(121.44971938842849,31.258599795769626,1)
(121.40813524374538,31.237508871322028,31)
(121.43930829191167,31.238259572531,11)
(121.38565306856432,31.23513322652704,37)
(121.42746471924401,31.23531073565068,31)
(121.41091083757348,31.242037675277377,19)
(121.40232730142412,31.243234997293733,1)
(121.4118619940328,31.267756254432374,1)
(121.43005246544334,31.24632107310265,8)
(121.42506926092848,31.264837018453427,19)
(121.38754204882363,31.271178612170438,19)
(121.42639420698598,31.278562733074114,1)
(121.43957526792543,31.25832376502647,4)
(121.38951152311397,31.256492829340672,13)
(121.44314946851887,31.282036535054154,3)
(121.45707888940913,31.24786640053184,4)
(121.44930791365121,31.242666525225683,14)
(121.44697846240972,31.248895487455,9)
(121.42624182219987,31.23399158720243,13)
(121.4252052927074,31.250352074378444,10)
(121.38468708504534,31.261756340022806,25)
(121.44587601912434,31.254242445283907,32)
(121.42619431381907,31.262754223324364,22)
(121.4622654551806,31.26250398639132,28)
(121.45482062408495,31.27195853147958,63)
(121.43966817317074,31.25679166466777,27)
(121.34558948687125,31.278709207921363,36)
(121.36130882872907,31.308574844131474,30)
(121.40320452659435,31.243776402499044,16)
(121.414982401138,31.23641600095495,2)
(121.42406422353977,31.259320091816953,33)
(121.35659557265342,31.30520359247756,28)
(121.43629081190173,31.26404834601542,1)
(121.44137485443967,31.265061695024105,6)
(121.34687979984952,31.28452196162142,3)
(121.43994753981055,31.2631741468858,17)
(121.38590970756833,31.285451156155514,26)
(121.43255843979755,31.249704038550842,29)
(121.41592377989724,31.263720281662223,17)
(121.45784217979781,31.273733923996502,6)
(121.44275171397504,31.246883632702225,11)
(121.36497442844927,31.284293607158876,36)
(121.3810095526592,31.24380355961958,12)
(121.39354958548606,31.245296510120014,25)
(121.39469177633839,31.29657471142843,34)
(121.4462677984864,31.244850431511594,11)
(121.36342910789416,31.30796087653934,173)
(121.36601458628765,31.28226215902247,21)
(121.44132164344654,31.261527259955578,2)
(121.41545528685967,31.237543340542125,20)
(121.44847366009975,31.241794656402575,2)
(121.37834714111784,31.276852097436645,6)
(121.40608918450873,31.24779949656974,29)
(121.44130697627358,31.26504078929358,16)
(121.4226858442429,31.27534390855259,10)
(121.42090854288496,31.255565645636484,1)
(121.42071226721744,31.264852681870405,17)
(121.37987892821343,31.251688020402124,10)
(121.40062023505735,31.28949067138068,20)
(121.42661516734772,31.23034205158061,6)
(121.36424571959208,31.309224566580237,29)
(121.40890376932732,31.244370911792863,10)
(121.39322754613679,31.26429551237114,12)
(121.44941355967018,31.263124313741084,4)
(121.46050808162511,31.249755735581395,17)
(121.36601538656996,31.251104502660976,4)
(121.38828975730696,31.25995141327466,4)
(121.36369515524329,31.244175335194857,12)
(121.40267178700635,31.259416192317737,3)
(121.44897352490098,31.26424760358521,1)
(121.40665586619478,31.278416643863853,2)
(121.45172095524481,31.24832949641105,2)
(121.41651662483777,31.258846365242515,37)
(121.38139687296233,31.298588145567717,36)
(121.43307965971619,31.231834975091953,1)
(121.42418702486546,31.28068867375343,1)
(121.39918219710793,31.261273742742546,8)
(121.43173936029599,31.268382790514192,36)
(121.40310672876093,31.25776755617166,2)
(121.37203932192129,31.269417446642322,36)
(121.41731653910409,31.251357740819,34)
(121.40173955945897,31.2478139122547,36)
(121.46334295080821,31.26865742297675,1)
(121.43752039662368,31.25228070753981,17)
(121.35929322211852,31.247812967523632,27)
(121.42856902101256,31.265027649069907,24)
(121.40538805492504,31.22377252088806,5)
(121.42297074759504,31.283657546334705,36)
(121.39988758998902,31.277503159887672,4)
(121.42245694734024,31.262859786899718,18)
(121.45325843251682,31.249330922481608,12)
(121.43201931662716,31.27722207828852,20)
(121.38685208923745,31.23320836534493,35)
(121.43651373289664,31.23761150039667,27)
(121.44637281952716,31.241685355691825,3)
(121.41088749080386,31.244976931969774,36)
(121.43848020889602,31.254221785847587,28)
(121.40971124179303,31.2432236233736,16)
(121.4632932386741,31.26132575619422,8)
(121.3958994354074,31.23952274262784,2)
(121.40185323034592,31.268696161801653,19)
(121.46307288095369,31.259841597844854,6)
(121.40529412771096,31.25909240101595,67)
(121.3713754165572,31.25092529406805,4)
(121.40748169434269,31.245387057290888,25)
(121.36187235870308,31.28525203278691,36)
(121.4379623622545,31.26020655738953,37)
(121.45991823366272,31.25638396419677,36)
(121.39741850699177,31.247115354386985,15)
(121.41812687007932,31.27202124718485,1)
(121.34718883004604,31.30923989827917,11)
(121.37432643708098,31.252781039075334,27)
(121.39544890827689,31.235653170047833,5)
(121.40594331926866,31.23309436407237,15)
(121.40873593096931,31.24601165741528,2)
(121.40110481156185,31.22973157804587,33)
(121.3939077014845,31.248314673866403,33)
(121.40899651908657,31.25309076693488,16)
(121.41038800864362,31.228108792690332,7)
(121.38335109056518,31.28659829796968,3)
(121.37998172049447,31.28231314191615,36)
(121.37148121767245,31.23096855833742,36)
(121.44773928610404,31.2538523284008,36)
(121.39763351486849,31.275633582557212,31)
(121.42702034029689,31.237299872452432,37)
(121.37808674867946,31.276305576629202,36)
(121.44387126060214,31.243373271411016,31)
(121.40281851220414,31.278843435108442,19)
(121.4172633121021,31.25719797507849,36)
(121.38833394682958,31.28251493917931,37)
(121.44776851095692,31.257877768393026,15)
(121.37639033451015,31.263611252245912,28)
(121.38512934171918,31.26745499766208,37)
(121.40652582690225,31.26652065039401,11)
(121.41064243690823,31.232293232168118,16)
(121.43502041803332,31.261905602248493,6)
(121.38701344684911,31.270009690928127,37)
(121.3887271399324,31.282828367905964,7)
(121.38998720743176,31.28274525691448,13)
(121.388369691263,31.3042696190344,26)
(121.40514406236926,31.258476122100728,31)
(121.41931232562962,31.228590459451464,36)
(121.40386211433103,31.244863316005457,34)
(121.35489336493151,31.280946748490624,13)
(121.42601375557845,31.24136258877617,1)
(121.4438116856512,31.258413001477944,6)
(121.43614170249141,31.253520084079184,6)
(121.41325887742094,31.245615687312128,5)
(121.42789875804318,31.26467513585768,37)
(121.44406909782401,31.24593709526975,34)
(121.43711498399038,31.24001078746087,1)
(121.36248759193494,31.240103632511108,38)
(121.38578973399238,31.229690851349364,36)
(121.42163437976018,31.245178773319054,2)
(121.39020635228515,31.282476480023774,10)
(121.45464045275598,31.279501253517257,4)
(121.40892524776177,31.29642055375738,1)
(121.42758050230124,31.234728192701123,21)
(121.37239849292611,31.229229970449143,5)
(121.40103645509093,31.23734404131837,18)
(121.44991576950852,31.245011448714077,24)
(121.43659896438714,31.2532913851317,22)
(121.4372159722665,31.253221532426807,13)
(121.43707178457369,31.259877625085473,12)
(121.40154147601775,31.247447703369353,15)
(121.4124814664599,31.249476603572557,36)
(121.40901337006744,31.245190974692687,12)
(121.39415215921217,31.247433796852977,1)
(121.39934395745077,31.248364731503372,1)
(121.39163963775695,31.238337223969157,36)
(121.39058383802843,31.260395695388894,36)
(121.45729392138954,31.251695507678892,2)
(121.38950339909009,31.282718850766873,2)
(121.44475465428945,31.2448844962955,1)
(121.39174484849141,31.29723325679854,7)
(121.44862932911172,31.24187040834975,2)
(121.38005894473608,31.28377782288305,36)
(121.43186649263569,31.237441066460914,5)
(121.40368053310333,31.230311363575293,5)
(121.41934692734107,31.233878355483895,18)
(121.36845962791057,31.2806610491895,10)
(121.36693526534444,31.23707199142488,3)
(121.39978244093197,31.232189519139816,35)
(121.39885581711825,31.30082439623583,36)
(121.41509624835801,31.23523842431639,11)
(121.38641244405243,31.276679982861374,36)
(121.40601985054546,31.243996798693775,36)
(121.37516931510757,31.283303017696227,26)
(121.45019029427601,31.24727079810334,36)
(121.39019715367778,31.258193228698364,20)
(121.4018312271537,31.236501920987283,34)
(121.3461378677042,31.282499502882345,22)
(121.4166957432812,31.29562353727028,39)
(121.41653091651759,31.250814848240786,33)
(121.43044973770124,31.242072689967543,36)
(121.45293999724547,31.270137552235116,22)
(121.45540468852339,31.254727939067934,2)
(121.43373073684624,31.231931054692996,2)
(121.3834006875197,31.246854450583196,36)
(121.41813993103622,31.249897703311735,11)
(121.3895126089298,31.268949177003766,19)
(121.38092903300851,31.283941805812454,45)
(121.4425913213801,31.2633740374311,32)
(121.36497743837793,31.249439082725594,18)
(121.40991799259794,31.25976043420489,11)
(121.4110163333019,31.243500249103036,34)
(121.38926184675343,31.282482207249732,36)
(121.42853773495825,31.249869091009042,37)
(121.42333298536,31.260477138365328,23)
(121.38105836930046,31.274510049019153,37)
(121.40159927011071,31.261797524568635,10)
(121.44171737051758,31.255229923714925,10)
(121.43574106881255,31.285003913557198,19)
(121.39892886115594,31.233001679301754,8)
(121.36423241761318,31.30971416393662,12)
(121.44638722329815,31.244835552484997,32)
(121.40027506884007,31.258561245165392,26)
(121.41362242978165,31.245060666873048,4)
(121.43436715523781,31.26232314371767,19)
(121.4130318001539,31.255309027190275,34)
(121.44034491958215,31.244554273746616,34)
(121.43647093717215,31.273599259913084,8)
(121.4297879940549,31.25849862838629,36)
(121.45261083818933,31.24786255333299,16)
(121.39141527784518,31.282060948921632,36)
(121.39774197665332,31.25742587903609,5)
(121.43928579307959,31.268910311086156,38)
(121.43770568709293,31.282024095123212,19)
(121.44842487088756,31.254503383645215,2)
(121.45120449654064,31.26032194154501,23)
(121.42715942098903,31.262884048387114,68)
(121.40627924045927,31.236913615276737,13)
(121.39690051247635,31.245216152012734,70)
(121.4560920376599,31.27393071845229,31)
(121.37883772294231,31.29913963487372,35)
(121.45653966477664,31.264089619034216,6)
(121.38570842849492,31.230479006082696,4)
(121.37225670147382,31.268734263003594,36)
(121.45193611675703,31.278925190564966,3)
(121.4194992041099,31.22978760829686,10)
(121.44904512991687,31.27300218100574,3)
(121.43857383078799,31.25809929641274,7)
(121.43582883650768,31.249490713704866,6)
(121.42246180037884,31.279420117974094,82)
(121.39651447694328,31.240905159238448,7)
(121.34921478598872,31.2908972612992,23)
(121.43319549189457,31.26016068414629,1)
(121.44998575670898,31.257805744567598,25)
(121.43136439662824,31.251657975619995,36)
(121.39098402610189,31.259591171003343,16)
(121.43768922671141,31.264968978026243,14)
(121.41842083756657,31.227869598012912,36)
(121.41693407282766,31.232129266849523,51)
(121.43469445100327,31.259786647838613,37)
(121.40429686299957,31.25718947781547,22)
(121.42359927768267,31.250400510693478,2)
(121.38548424358883,31.227625631722113,21)
(121.43408820130085,31.26403891483771,36)
(121.38614459019792,31.24106463539325,16)
(121.34014509000734,31.29814886796823,36)
(121.40924432628424,31.302617407132768,32)
(121.3777448123849,31.247774824734595,2)
(121.38335548735984,31.291098113448516,26)
(121.41137785304974,31.27605520590236,32)
(121.42671396563435,31.22923145276239,3)
(121.45286144177986,31.276152211695912,4)
(121.43713412270307,31.24082948412849,1)
(121.40512903999155,31.239695144356844,4)
(121.40118656977155,31.290615482592386,37)
(121.44503092334728,31.265796168450365,25)
(121.40072606336668,31.244865182884606,19)
(121.4040352470784,31.227578151310393,13)
(121.45896803826287,31.25976253082754,6)
(121.40668857233538,31.22980735570966,3)
(121.46087661937209,31.255868590884834,36)
(121.44679746187546,31.27900669710415,7)
(121.4356836024264,31.244239563683568,5)
(121.42446893888282,31.260390241594763,4)
(121.3806421276473,31.231553777531634,8)
(121.43001459250644,31.23416155767827,15)
(121.43249998618273,31.252939272403264,36)
(121.43171686491357,31.265988370759647,12)
(121.37606894167357,31.264270151064036,21)
(121.41254111806667,31.234225733034283,36)
(121.4176374641363,31.25259613597642,17)
(121.37212976094604,31.306210228698934,1)
(121.43798479342104,31.25410487246326,31)
(121.39938896632135,31.269463697970536,42)
(121.45252694888364,31.246866275400603,23)
(121.44166366891137,31.257522004904327,49)
(121.42303873890147,31.238822416072665,24)
(121.44358113036691,31.243095955434132,48)
(121.40601223583455,31.238802567339874,8)
(121.4284701153881,31.264793644410517,13)
(121.39821246967036,31.260572352509186,36)
(121.37435967330899,31.289473514894528,8)
(121.39415633084022,31.29525190312479,25)
(121.4394099757992,31.260871805701058,3)
(121.42414699903571,31.24616324996849,36)
(121.46016127510363,31.252805856689275,36)
(121.41336454432711,31.23167140714865,2)
(121.41572440820897,31.228915289623483,36)
(121.42613445191918,31.23930655826761,15)
(121.3645999772304,31.278927075252177,35)
(121.43641470720995,31.23552568219477,1)
(121.43222698337719,31.250405502491954,1)
(121.34648348440741,31.301355177986093,42)
(121.4110136629829,31.265512350999447,64)
(121.38784829136942,31.2707016549493,6)
(121.38304607953594,31.29040453887056,4)
(121.42265854627036,31.24937491724337,29)
(121.44856397294343,31.259793601051932,7)
(121.44737832726189,31.242696528989608,20)
(121.38313019102661,31.29059569649865,36)
(121.4340776089522,31.262678648520943,4)
(121.41516524714903,31.235576553489977,7)
(121.43069350319337,31.242930818080332,34)
(121.43672915575728,31.26932512116523,6)
(121.41708770038828,31.251749016980312,4)
(121.4379383051992,31.23846764299901,1)
(121.37238476041897,31.24409070253297,20)
(121.4085448761959,31.233694110548278,38)
