(121.37561473735346,31.277942744112018,20)
(121.44779321903216,31.269618750531002,5)
(121.40940183284326,31.23436234256612,10)
(121.37658756536122,31.25159926973256,36)
(121.44234943109198,31.25791211274436,36)
(121.38498665156446,31.29568644665252,36)
(121.42446628277611,31.229908636369437,15)
(121.3512415554302,31.28409621222348,32)
(121.44057378541784,31.247685329556365,6)
(121.40912629784708,31.244094000233513,36)
(121.41031764807225,31.245445230908306,36)
(121.44280938951962,31.257920519225646,25)
(121.44350731446754,31.242859342486025,10)
(121.39410302766824,31.292162646236036,37)
(121.44268414597195,31.28302411670787,1)
(121.37568161491525,31.289822280940367,4)
(121.40897896159694,31.2460582658828,36)
(121.39305869298613,31.250302448105522,13)
(121.4241780109047,31.246629433742736,35)
(121.40266868820804,31.223874212372145,32)
(121.43991191832447,31.258746158935935,3)
(121.4017107954462,31.28222830543699,15)
(121.38891138998432,31.295313529500298,1)
(121.41734345151224,31.250527362312326,25)
(121.3942399555958,31.24771270745676,21)
(121.42515261171641,31.24126226030245,36)
(121.42073076961235,31.234222943965722,14)
(121.42604480191143,31.24225996584084,2)
(121.40763207422327,31.269598953626062,30)
(121.38257261554031,31.291270424921578,31)
(121.41033509552345,31.242371454745534,4)
(121.42685882567874,31.229401402756643,16)
(121.41114496270039,31.228120225221627,28)
(121.43200110613253,31.236760451224107,23)
(121.40937002137119,31.259401481364968,36)
(121.41120183073156,31.232140185788587,24)
(121.4435700177634,31.279809444410336,2)
(121.45532689132143,31.24723965195349,2)
(121.39745752542402,31.24228107237594,18)
(121.40431570368126,31.30115361611366,4)
(121.42705031911846,31.237428904107308,20)
(121.44575997630726,31.248855572893067,19)
(121.3904804154877,31.25942747829884,37)
(121.36085657568096,31.29383953016839,33)
(121.38885909218796,31.30388984470923,16)
(121.4228746280403,31.251802687437202,29)
(121.38891659808418,31.25071474118401,144)
(121.42702059489542,31.24022319513802,36)
(121.38750513630363,31.284057917115213,12)
(121.4224653980721,31.241738991451495,17)
(121.41079172952281,31.226851110248315,38)
(121.4288585437265,31.25312671402818,19)
(121.4124956011389,31.228136946417298,6)
(121.40504278782264,31.232488522197485,11)
(121.4377012344969,31.264772316925246,36)
(121.36630433328281,31.2339189733188,26)
(121.43828821739436,31.241797989552133,11)
(121.46055787925856,31.261453156597444,17)
(121.40051802296203,31.24566564457469,36)
(121.40884569735621,31.277846339244853,5)
(121.39737481871335,31.25756779190132,2)
(121.37436012229492,31.250046317992766,2)
(121.42673083444932,31.23940408324036,34)
(121.40762122818666,31.258707160084068,35)
(121.36726936554176,31.300820414174513,36)
(121.41869786675197,31.236480814868553,20)
(121.38148030139358,31.290878175308674,4)
(121.41450764905201,31.236378868673004,1)
(121.402594707363,31.27957818934691,55)
(121.39043462374732,31.24890815320228,16)
(121.43335146289067,31.237591434079093,12)
(121.39062136926664,31.290181710536636,36)
(121.38607320812872,31.23186809625059,36)
(121.45200127808008,31.27813206946222,18)
(121.41652941728822,31.233618123792027,17)
(121.38938141052368,31.256467723559997,89)
(121.36482223899334,31.24633410241757,19)
(121.42069085985864,31.23574983280613,5)
(121.36430832820739,31.30951757312754,3)
(121.44941617534677,31.271415832528092,4)
(121.4477238402839,31.248348929530405,1)
(121.45977340479453,31.253917208287916,22)
(121.37217405823019,31.28582823913107,22)
(121.39677063572586,31.245126200807594,18)
(121.43334595834496,31.25465904559548,36)
(121.44243171568289,31.239980041693812,26)
(121.38047505122238,31.232309395762073,1)
(121.35331044852778,31.284703544458704,14)
(121.37088303164712,31.28582951773524,36)
(121.43383393639284,31.26239281914853,29)
(121.44445869962564,31.26164433958088,31)
(121.45940945450316,31.27034231710826,2)
(121.42308920936424,31.26059236490771,53)
(121.38534460382297,31.290869848495184,36)
(121.44343818051996,31.25580046811259,32)
(121.3778423094837,31.275005757798965,7)
(121.40465592163397,31.25738660361754,3)
(121.42952879488163,31.252587311009044,37)
(121.45514673277509,31.259415511250914,24)
(121.44358182308902,31.243388746979488,5)
(121.44345952760565,31.24834865548506,3)
(121.42832251423286,31.267411901414874,3)
(121.41761341951818,31.239598513161162,13)
(121.36442424430318,31.30966778617454,14)
(121.37370761193719,31.23853174719771,20)
(121.36441444242791,31.311541780778015,24)
(121.44164871147427,31.24350520087876,26)
(121.4459700681104,31.283111038551613,44)
(121.42459647699039,31.245020390595457,34)
(121.40696601289343,31.2457385992356,2)
(121.38814539151429,31.257249130314623,2)
(121.42586975989477,31.23972197124071,23)
(121.3437013150396,31.301669913566045,1)
(121.40970123918846,31.25955638953962,36)
(121.38576260796566,31.263045672434814,31)
(121.3674069942647,31.24771245240709,1)
(121.4325177282329,31.23707065378635,36)
(121.39048824099618,31.255503089156786,34)
(121.39667470178226,31.283094255093047,36)
(121.37785784005487,31.280868201587047,23)
(121.44262676593537,31.256255957345093,36)
(121.41647313843616,31.283786187716352,1)
(121.40253331761642,31.242900888656752,21)
(121.44980429231148,31.271161005944208,11)
(121.39555234958505,31.297896556070384,31)
(121.39205165259148,31.235015977031082,2)
(121.41446422884746,31.277762154310615,12)
(121.37424403197019,31.272544418551902,11)
(121.447411223017,31.24512004689813,1)
(121.41136187026363,31.241768200875747,6)
(121.44500113462068,31.27901776813778,2)
(121.44060958519687,31.25532408580715,15)
(121.38012549216253,31.26612253377008,5)
(121.45176290046953,31.245375960277713,70)
(121.4030324156741,31.224160387079536,21)
(121.40924942813224,31.243791026369692,21)
(121.4548930931445,31.25944363058191,9)
(121.36659646498573,31.292256055661955,36)
(121.41651823403451,31.277286183413196,33)
(121.42155683667876,31.264663163338273,2)
(121.36106409764561,31.30857371843013,36)
(121.38469038571766,31.261781040539983,36)
(121.4152277024,31.252580139082596,36)
(121.38542123270615,31.283148922131062,26)
(121.37129458801098,31.313516346744063,2)
(121.42516954309735,31.252131083410013,36)
(121.4535474719746,31.246219963799486,4)
(121.4295034283454,31.24071873293709,27)
(121.41108736055939,31.243998459562484,9)
(121.39925403982971,31.273843432882927,18)
(121.36710934149404,31.27403348745023,72)
(121.42535130597223,31.242103088785125,31)
(121.45247264572085,31.277557314825877,19)
(121.38296197821518,31.290333429106845,36)
(121.4342231376964,31.27117008313985,2)
(121.40197106703808,31.275899043778026,3)
(121.39796168103204,31.241426889530192,3)
(121.37808692385917,31.278317410691372,21)
(121.38409346088832,31.277915404344533,36)
(121.3935887056443,31.269947838407667,34)
(121.43073386595991,31.270610822747656,22)
(121.4325752412439,31.24557892873226,10)
(121.34425455221471,31.282421811370924,36)
(121.3971398281352,31.236014107341035,5)
(121.39760983050326,31.244854465381284,31)
(121.4129864230995,31.262274056857766,36)
(121.38954262898247,31.268888172987516,27)
(121.46388332769219,31.256601841171523,28)
(121.42196207416306,31.243021984286454,8)
(121.44429903459647,31.261877702792056,36)
(121.41114179459557,31.23325324005014,1)
(121.43654777405189,31.280896163347332,16)
(121.39161331930825,31.280824570186237,33)
(121.39931121855368,31.229760063362935,13)
(121.37659902460378,31.232766986383098,15)
(121.42366254132159,31.281668816954248,3)
(121.39203755853583,31.265638754795873,18)
(121.39154057734397,31.238496231972974,35)
(121.44028349035524,31.2383755837924,40)
(121.42604549742423,31.247266253428837,5)
(121.43171513991058,31.24681487545042,12)
(121.37733829852579,31.271196583548868,11)
(121.40249119778466,31.287478900838465,36)
(121.45590599895785,31.256701722789728,51)
(121.37042855723406,31.27214022058051,2)
(121.42718315794295,31.271623740492085,36)
(121.38235904831294,31.299068301217282,4)
(121.38777535825851,31.226278920472282,5)
(121.42398107138432,31.2502708900999,23)
(121.37127288441823,31.31362484352532,28)
(121.42375192693028,31.25264641805274,37)
(121.3909908842857,31.23536244699004,36)
(121.37883484055516,31.266048099359793,37)
(121.4332985723285,31.237989676905674,22)
(121.35992748565644,31.24832222598346,28)
(121.43103749502667,31.259371697025077,37)
(121.45558651745807,31.252905349095172,36)
(121.45602094713895,31.252333606914075,36)
(121.45167438544182,31.25266843252293,63)
(121.37620995128206,31.24600610062897,4)
(121.39058695839964,31.271290004315773,19)
(121.39869712153477,31.277294676971895,16)
(121.34939489325428,31.280821015653373,36)
(121.40563315165511,31.270575330154212,7)
(121.38193852462517,31.29868973397608,37)
(121.41301494771804,31.24547469051658,26)
(121.37906636280957,31.291596903460107,36)
(121.40821864750428,31.265137035688895,22)
(121.41403253128213,31.237230767605983,32)
(121.37528087061321,31.25331845498989,14)
(121.4077652636952,31.248821109217165,18)
(121.3712632021411,31.246282194261692,32)
(121.41137480610182,31.238423896667584,2)
(121.44581740382924,31.24181085776849,4)
(121.40855835799263,31.262505646495416,23)
(121.36819510648786,31.314311904791897,14)
(121.39201822684369,31.287797668399364,32)
(121.38950949439342,31.25618269278555,37)
(121.41088630483073,31.231373770000854,10)
(121.38325633846686,31.256193423770906,36)
(121.41753882471738,31.256076705695364,6)
(121.34962661630327,31.298085271226007,32)
(121.40910131315037,31.232781747697086,1)
(121.41588817064392,31.2524629960859,25)
(121.37786874350242,31.29891474207695,36)
(121.44794024595694,31.25784659798722,26)
(121.37814080928776,31.276176584216778,10)
(121.41879417232877,31.234410410646255,1)
(121.37127368470624,31.312980545088024,25)
(121.3769638365957,31.271765387176927,12)
(121.39547374124157,31.256532482506294,36)
(121.42468013585793,31.242023981988464,25)
(121.37605635275,31.2922116882698,36)
(121.41080815391955,31.229447896931976,36)
(121.42520146910516,31.23949316271738,33)
(121.46251589468733,31.262391419846807,14)
(121.38214674448986,31.247848971016033,1)
(121.39563275783416,31.232738929017522,28)
(121.43671334750383,31.259767054599013,72)
(121.4411576051094,31.250325897261046,6)
(121.43640293924618,31.260927964794007,14)
(121.43032114154481,31.256315128931796,2)
(121.36497282038317,31.313293141878383,13)
(121.37184174073961,31.242031064298214,36)
(121.41618424413117,31.252781757509158,9)
(121.36656194333531,31.252330260148423,9)
(121.39698042853459,31.243799553229415,2)
(121.43479158896236,31.275149963164502,25)
(121.33181356076764,31.303654380947847,8)
(121.45297893646176,31.258661231623805,10)
(121.40945520676044,31.273119313671256,8)
(121.40679981374996,31.266362587620613,6)
(121.409874881974,31.25958192559107,31)
(121.37977693122477,31.287698111196615,36)
(121.43693785892575,31.23531289339578,2)
(121.41448082104037,31.23612343239573,3)
(121.42133434240576,31.264924242588577,10)
(121.38778348868608,31.227692581699962,36)
(121.37756759289263,31.27443914841782,17)
(121.36118106964446,31.250676282751872,58)
(121.44176916268752,31.25622833122313,2)
(121.3835279451802,31.283392396422876,11)
(121.42653999663565,31.25098951684628,16)
(121.36435043403212,31.309630077730077,14)
(121.40701682700363,31.300889675631453,35)
(121.41820705708437,31.228879172296967,4)
(121.39193664014289,31.234634498104143,21)
(121.3480041837743,31.28397078831739,36)
(121.40120837213553,31.238122638264798,4)
(121.45553434687676,31.25449356790695,10)
(121.45634131076488,31.277282598089677,7)
(121.37400281644696,31.308679587866916,11)
(121.40515102557465,31.26175754585387,36)
(121.45391473145689,31.27086891366145,29)
(121.380077428355,31.231557182120017,22)
(121.37962349176831,31.284880803999958,23)
(121.4100556264085,31.287814606455584,37)
(121.4199993089358,31.233812470931106,6)
(121.45287224113417,31.27109809124364,1)
(121.36743900916709,31.235711104322796,18)
(121.42345886285037,31.22957875165768,1)
(121.34034266696082,31.28809524117391,36)
(121.40527374262882,31.254695486426765,2)
(121.45607443474044,31.247973568642013,6)
(121.41947279361952,31.23519640193368,9)
(121.43863081105994,31.266681403164522,13)
(121.43461038893169,31.25764582374076,36)
(121.37084876949739,31.248868784283122,2)
(121.38866533375572,31.274202756222852,2)
(121.45494953838437,31.263104506665346,36)
(121.43010771103964,31.259784856819696,4)
(121.40356332346283,31.24074109619927,3)
(121.44481109315161,31.24597187147945,18)
(121.3750761494083,31.271434985356603,1)
(121.4493322736588,31.270417566695155,4)
(121.38477108328573,31.280285039603793,37)
(121.45907346412402,31.256336812074814,8)
(121.42483606811862,31.242964280218846,24)
(121.35418095191118,31.278592978388232,1)
(121.45132195805316,31.260790717185177,1)
(121.38994537205605,31.239105424611946,36)
(121.37579596051592,31.29193026298405,36)
(121.35956902182924,31.277670535276247,36)
(121.43006094064441,31.238815625918114,7)
(121.43886834448296,31.254464795360555,37)
(121.44207348241486,31.241107108180348,7)
(121.36583075408787,31.27637545874905,7)
(121.44859307546773,31.247015029646434,28)
(121.33590132276669,31.295926939736816,8)
(121.4025166083292,31.23480422297202,3)
(121.41157810235684,31.231290734705166,33)
(121.45826433564085,31.253552361669296,6)
(121.372014235427,31.29072000030305,36)
(121.40761552719407,31.241681092070348,36)
(121.38904006423328,31.278819955668393,20)
(121.43492084069138,31.23370576194085,2)
(121.40929256869933,31.242628095637055,36)
(121.42996281124682,31.258872611434004,10)
(121.35321843652177,31.27931086922214,51)
(121.42072419005947,31.24300015740142,46)
(121.44315274529728,31.274024619667095,4)
(121.43258222409665,31.234017699968582,36)
(121.38334771092187,31.247802821404367,10)
(121.418953531098,31.254016835163313,3)
(121.3987403671302,31.245506006769613,35)
(121.36483464785,31.249302352441468,18)
(121.4364471877248,31.264576473580245,16)
(121.38400554432131,31.27045500506727,36)
(121.3760838714099,31.263219719159856,35)
(121.43618859950838,31.264648842466112,1)
(121.4493623239677,31.260264176882817,16)
(121.45625373738184,31.25250615097344,36)
(121.4461342623343,31.260941216855702,37)
(121.36892931710581,31.314142881081153,36)
(121.42837804336774,31.262039672028642,34)
(121.4075732164263,31.258757050065746,26)
(121.4090342754945,31.22567251599004,2)
(121.41164887326484,31.228518311800084,27)
(121.39384026104266,31.250881150733363,7)
(121.41352001714787,31.259730813178038,8)
(121.46121958639498,31.26619126582006,3)
(121.40123538372336,31.25592946315275,36)
(121.39223732498489,31.259725335180217,5)
(121.42105169153865,31.235586644705727,12)
(121.39820596441393,31.303647361850047,12)
(121.36317267407838,31.304909954737116,20)
(121.3966067927049,31.22716711529327,3)
(121.40295289591391,31.235494649478362,27)
(121.40834564408816,31.23082380695657,22)
(121.41721640877984,31.237758707557134,2)
(121.42844617322721,31.276595641252097,2)
(121.35992744162175,31.24781400055196,35)
(121.4481059805215,31.26113542027673,23)
(121.44160267320859,31.25628556025149,14)
(121.44241308685363,31.281993769027878,6)
(121.4053880846599,31.224317066740916,6)
(121.40044769604184,31.262218592776843,37)
(121.37127828531287,31.313595044332438,15)
(121.40913039885564,31.24408290110582,32)
(121.44965850836454,31.25842383247916,29)
(121.4564420996311,31.271737775389667,5)
(121.43196609056258,31.245831730007104,6)
(121.37516705566972,31.28709765771324,8)
(121.40919681498976,31.260286483314694,3)
(121.45755061982526,31.247129064777976,27)
(121.37746590787425,31.2877145404203,36)
(121.39415109467568,31.235217299249307,29)
(121.4172773361514,31.239251443420933,8)
(121.46295382277458,31.254667306220707,9)
(121.44814551554045,31.279108424525166,35)
(121.44262436489764,31.26308091298055,34)
(121.37103527301072,31.28582272050483,29)
(121.45640900687974,31.25272096288465,12)
(121.42167091357189,31.255121965074085,20)
(121.42973026665015,31.246754575747598,6)
(121.38343297871086,31.261286798555886,7)
(121.36660797307923,31.251656073515328,4)
(121.38016818450653,31.269872169037704,50)
(121.39980894405993,31.27217934515434,37)
(121.38901549090001,31.300157124737428,36)
(121.38026070135248,31.27480517352549,10)
(121.3642757956005,31.239459104887956,3)
(121.41116370000768,31.239019033725533,4)
(121.38800639934418,31.273417530229178,9)
(121.44561796432048,31.25102410565267,37)
(121.41651785707742,31.238592391801745,4)
(121.39921366444429,31.24677973797186,25)
(121.3722175422719,31.256075775001282,26)
(121.3883553514491,31.28231284346256,31)
(121.37044283779241,31.234073579170442,12)
(121.43445123120756,31.2646110216753,5)
(121.44399491916654,31.244021028543187,31)
(121.43639922244974,31.241161255193614,9)
(121.4032866754452,31.248538391884185,2)
(121.41040451259096,31.255708043395725,1)
(121.3976538715905,31.302527409825196,36)
(121.34945873978586,31.300625059554935,32)
(121.43989513213427,31.28238230007924,11)
(121.3519938217059,31.28461216509009,7)
(121.39174631232845,31.28534110103551,1)
(121.36769961183573,31.237558319197078,6)
(121.42411039205786,31.26174010096832,36)
(121.42579543595251,31.24241221105313,3)
(121.39622137990519,31.24768995008191,22)
(121.42596070288073,31.240134080238434,31)
(121.42467157673073,31.233223997244735,12)
(121.40576107601939,31.24670799553507,29)
(121.38897062225803,31.27444008522129,4)
(121.39665660211624,31.247650128830372,23)
(121.38180891031934,31.29338951052826,4)
(121.4444895123588,31.260192662666185,4)
(121.37895420424267,31.245436243746305,1)
(121.33219986580787,31.294824901895222,1)
(121.38827600743386,31.274447560145614,36)
(121.38092495980773,31.23229640008755,2)
(121.40901790337159,31.234594485368,3)
(121.36499732866169,31.276902430020193,31)
(121.38550724984984,31.287225728400387,16)
(121.4016551081303,31.24288569371449,36)
(121.39184067478408,31.260014944126052,36)
(121.4234766475097,31.2498448863027,5)
(121.3873771051712,31.296553824893863,36)
(121.42264474287599,31.249416414294284,36)
(121.42446415919021,31.269736336922573,1)
(121.38777224849255,31.282493491296584,37)
(121.45479537775356,31.267881899655844,31)
(121.41832304502543,31.252485752212138,37)
(121.35709466441723,31.291113607097767,36)
(121.40685210466472,31.246777061105583,36)
(121.43610981385292,31.242752347959616,39)
(121.39944709311517,31.297681870013417,1)
(121.39607574775172,31.24132403717773,1)
(121.40738777809787,31.266089469858336,10)
(121.38229460515942,31.245172368803264,36)
(121.39078594836396,31.237940480317146,13)
(121.36704642292776,31.309037401979992,36)
(121.41062642023454,31.232064129660348,18)
(121.45993385533978,31.26402823190964,2)
(121.36683749184944,31.309003476206865,52)
(121.40992564090496,31.244558888540542,19)
(121.36064794952476,31.29391580839888,24)
(121.37225328029972,31.229358839558117,11)
(121.38221535578485,31.25596025949672,9)
(121.37575877339403,31.23206556116467,7)
(121.36687535043944,31.250788040252225,16)
(121.4535161382203,31.260646413208903,3)
(121.39080058459685,31.26792061995869,8)
(121.37430144942398,31.230296898132007,31)
(121.45065449087105,31.266583239218125,2)
(121.40958241008484,31.242222698523623,36)
(121.37847026033404,31.27712828331886,31)
(121.36897432264338,31.28785339416427,31)
(121.433957392302,31.262833822643987,40)
(121.37127908545891,31.31353754457186,36)
(121.35420376325347,31.27868062699387,36)
(121.40690286056305,31.30125681827914,18)
(121.41234211262869,31.238875411002056,1)
(121.41294840381372,31.238986793625063,1)
(121.39003249067727,31.274093712468858,37)
(121.3431146769292,31.286130650672767,1)
(121.41044764464627,31.22944203376268,26)
(121.45654130840899,31.247364616937038,19)
(121.40301941116402,31.24836283802069,16)
(121.40445456505952,31.230615603629435,25)
(121.41532592326058,31.244159369385933,3)
(121.42020281369086,31.262872144898825,2)
(121.35386279668332,31.285323006417148,32)
(121.39116466467063,31.268877785426515,36)
(121.38084542068292,31.243970432501943,8)
(121.40860623925165,31.237927033217055,4)
(121.41581655239906,31.23902250668589,4)
(121.38728442425686,31.232313309407335,17)
(121.43695739356299,31.264758876331346,37)
(121.36426222118328,31.311794762633014,36)
(121.37903816720257,31.27767337174038,28)
(121.4092785290645,31.253615971132678,36)
(121.40528719336935,31.236917562742576,1)
(121.4234948746542,31.262680696595623,29)
(121.3827478347412,31.291482681198424,26)
(121.45215591815351,31.25952955892708,11)
(121.4105894410107,31.24368340229709,27)
(121.40856067250746,31.242844253662227,8)
(121.40723959297688,31.229517242354923,15)
(121.39984722604193,31.25056161805186,28)
(121.37041303854089,31.248477018578058,36)
(121.3980439049385,31.23210068481317,22)
(121.36748492017784,31.31448695115361,24)
(121.37182671019895,31.24194900752128,36)
(121.41051429216664,31.25326666185417,36)
(121.34497718736353,31.290793990952807,13)
(121.43224698869498,31.25426149921509,12)
(121.4529893382689,31.252396809446388,16)
(121.39712961698997,31.264885831298702,61)
(121.35956922167544,31.278281733945857,28)
(121.36779495435732,31.237078051379832,28)
(121.39214368500134,31.23462085444077,3)
(121.4005952036152,31.247459464499332,29)
(121.40200012500553,31.265022465012386,10)
(121.42864028811947,31.246114325445525,4)
(121.41620273286857,31.24678820111064,14)
(121.42711576015589,31.268598432396168,75)
(121.43823629297958,31.25315110626831,72)
(121.38457259922917,31.277142561586277,35)
(121.34909752330117,31.283890735714312,5)
(121.44365075537102,31.24414197304475,5)
(121.42273068277193,31.26247743177684,26)
(121.38386961669977,31.270490481819255,13)
(121.44605396154412,31.275525036426284,1)
(121.42410859476816,31.24112002038641,17)
(121.34587085218949,31.28740927959796,16)
(121.44933592775385,31.258850733612984,36)
(121.42464915534391,31.236870984773304,1)
(121.33438720693457,31.299656517434556,36)
(121.41458494728582,31.25257742285724,37)
(121.38934335003076,31.256145555361087,11)
(121.39070359221172,31.269047056373488,16)
(121.42853706895525,31.242222683925988,27)
(121.44419076242342,31.25030905227646,32)
(121.41505314737564,31.268243963347263,18)
(121.37037975759729,31.239287283173994,2)
(121.3759730116862,31.301137106723306,37)
(121.3456119729035,31.29536698312734,36)
(121.40482575132937,31.243769612807178,26)
(121.44680771484008,31.262598693065687,22)
(121.40119327135017,31.29091088332181,50)
(121.38444226772955,31.27493252368417,8)
(121.35188825204598,31.281895902955426,36)
(121.3964317582526,31.236956650866684,21)
(121.42182474185044,31.262526318457446,12)
(121.43714907116221,31.276058385468883,26)
(121.41877946084699,31.237610874793596,18)
(121.3988890824705,31.287418889449167,8)
(121.45368158999631,31.254532382729813,2)
(121.45659639847337,31.252510802430734,36)
(121.40794753667609,31.297995524821506,36)
(121.39557325972083,31.24717456450893,31)
(121.42758735019521,31.245818841279515,1)
(121.42898675760375,31.244703357273195,25)
(121.40447096015916,31.2465978383099,29)
(121.40126758990922,31.272538474819108,9)
(121.41576934638948,31.251383408380793,36)
(121.43771809658297,31.252545554517724,6)
(121.38852080022721,31.281028473454285,4)
(121.42397872552453,31.241246176270902,13)
(121.42237085414382,31.238043893515542,6)
(121.4105433807894,31.242886052107202,25)
(121.43591304419287,31.25336631260277,35)
(121.3983867103804,31.261246785491466,36)
(121.36638539347283,31.237968592170347,52)
(121.42300360527547,31.24135394444121,5)
(121.4249113987278,31.244678893146318,37)
(121.43981701179884,31.268434012304862,36)
(121.42510105882175,31.257272387384138,20)
(121.46382821224076,31.26314713578979,4)
(121.45569334525696,31.247507156668288,7)
(121.40050412691228,31.25837823151493,32)
(121.39621741021335,31.22373613467477,7)
(121.42867131458041,31.265639124858545,3)
(121.45357157569782,31.276139324557843,10)
(121.42302040024613,31.26209406124013,36)
(121.41093491541099,31.261424138987557,10)
(121.38282482251644,31.290334296408428,7)
(121.4542323630342,31.252452342512896,11)
(121.3726151691953,31.25625037115309,36)
(121.45041096231304,31.255096852292855,29)
(121.42727945913418,31.24189571476478,6)
(121.44633151172758,31.244839042711117,37)
(121.43720402880642,31.276588532028555,36)
(121.33301811186183,31.299857982519914,27)
(121.43259886805556,31.253141248085033,18)
(121.40973844835503,31.259546897293056,5)
(121.42268705471704,31.265963191299743,3)
(121.43765029837775,31.253587104300646,36)
(121.42337212158725,31.247188869629777,18)
(121.40953299774993,31.259565554557536,32)
(121.3739233482001,31.24258966999931,7)
(121.37323374480508,31.240518199239588,14)
(121.41058820634733,31.229520966269106,49)
(121.42507248676884,31.250395397332856,3)
(121.45736890682689,31.25659362001597,36)
(121.37590799678283,31.246888453394725,36)
(121.3948705389533,31.246748872938813,43)
(121.38342367758332,31.24759590191197,2)
(121.40050340039518,31.25004858565625,31)
(121.39951977900687,31.231938267412904,1)
(121.44913934570775,31.243371151238946,5)
(121.38842077933101,31.270335946721495,11)
(121.37883490151567,31.266748397436526,14)
(121.4452752903894,31.242947859701715,18)
(121.37454559881802,31.22789109325134,5)
(121.35298237084672,31.280079079573888,2)
(121.43539409148906,31.244776172246006,3)
(121.40821817475774,31.24721720600483,37)
(121.35587258968216,31.295345226142548,9)
(121.34890875833923,31.303036714277635,9)
(121.35607871782759,31.30236015324618,15)
(121.3886137512276,31.29099158453878,5)
(121.38649362222267,31.243344656274058,7)
(121.41923019965478,31.254136292822892,7)
(121.37659169074553,31.29899300597978,36)
(121.38825704629659,31.22913561901545,21)
(121.34097795067677,31.286487788999786,6)
(121.44068906160217,31.253220601467465,12)
(121.42700443345574,31.238171281892818,27)
(121.39031690270187,31.24673100484158,45)
(121.41794438022531,31.240556949507347,37)
(121.39296419624645,31.279766970597045,15)
(121.45749308177024,31.250751792988368,6)
(121.3932763113765,31.26718889002273,11)
(121.37561823936703,31.271730457949204,6)
(121.40515034798473,31.230070938367724,14)
(121.42429222251097,31.25027596231297,19)
(121.4274328916413,31.27285819139286,1)
(121.4290912369294,31.26245584760602,10)
(121.38761001790921,31.28157498595286,14)
(121.40304031620201,31.248135242703754,25)
(121.38049922927519,31.257763335191708,1)
(121.41928854091174,31.23087752647331,4)
(121.45631884949555,31.25405535792565,36)
(121.39824667394376,31.30367856980973,24)
(121.46052095236335,31.260193269439903,36)
(121.45248834527871,31.265591740103154,15)
(121.4233298330672,31.251295684245576,1)
(121.38142713616523,31.23412834749426,24)
(121.46087633293273,31.265977392015266,9)
(121.42980489938947,31.280568937704608,38)
(121.43322976889792,31.239132274993644,16)
(121.46382895499998,31.261357164338335,36)
(121.42596070784809,31.240191105965494,31)
(121.4017539865875,31.241199959068013,6)
(121.42260465382407,31.241350552370733,1)
(121.45758229429013,31.25066698429218,10)
(121.41061244294463,31.24375943271631,10)
(121.44772640224414,31.257423661987378,10)
(121.40365346124405,31.30012956151733,5)
(121.34112227055446,31.28645604776567,16)
(121.4421320251688,31.279979821270974,37)
(121.41750033444758,31.229568031702755,4)
(121.44686415532863,31.25411098466305,15)
(121.42221713845166,31.26035790438352,3)
(121.36310439768482,31.282500840688837,15)
(121.45678524612255,31.25490412516512,5)
(121.36953692718049,31.24050745051671,1)
(121.43839278630013,31.239652596077207,6)
(121.3978518814576,31.305449088294214,11)
(121.44407654001154,31.25864781619597,9)
(121.37243388110133,31.29068453740648,32)
(121.37883247016508,31.238803129768176,34)
(121.33814457502439,31.30103395994348,32)
(121.44863034331637,31.253558597599426,36)
(121.4247790426787,31.242042911980604,7)
(121.37268047844641,31.304708371503743,36)
(121.39583191448881,31.24475546085072,36)
(121.41262723812137,31.258833664252677,38)
(121.42921060645598,31.257493773873463,4)
(121.39892334291801,31.244386571296246,13)
(121.44832558315804,31.248729019935464,24)
(121.42990375459416,31.28030472783384,19)
(121.38193695666173,31.280702508738635,32)
(121.3348461264171,31.29822783355801,5)
(121.45136314996465,31.252584064439283,6)
(121.41423637322967,31.25545573801393,36)
(121.39229733844188,31.259127347657266,13)
(121.3895446155508,31.231029763476556,37)
(121.3712109142229,31.278487953597363,36)
(121.4221604248376,31.26480768395143,37)
(121.42456715033168,31.252419692243045,36)
(121.43721576719902,31.25086449574079,36)
(121.40761319544325,31.225117198777927,1)
(121.37048387240742,31.247069681083644,8)
(121.42585377705798,31.239731989267202,36)
(121.38889294412006,31.255950136207048,36)
(121.42820999563584,31.24852581015413,36)
(121.38636009628405,31.238807501257252,17)
(121.44514096279337,31.24584473052955,2)
(121.40820246076122,31.238909802546708,1)
(121.38344786027464,31.25973514328206,5)
(121.45076103150639,31.256869906938082,4)
(121.4370332943251,31.253543918933453,35)
(121.38926184676907,31.28237430747763,36)
(121.41376550992777,31.289302084991785,36)
(121.42338032333625,31.24423317689261,34)
(121.3866577769769,31.289222314484235,14)
(121.44194611693268,31.25716641540116,36)
(121.37727712543251,31.270162076944214,1)
(121.40886587093404,31.24548641311675,10)
(121.45555131219048,31.25655633698282,9)
(121.38226522107769,31.242861599659104,22)
(121.4274258336829,31.254255523568332,11)
(121.42314033074966,31.262494146936913,36)
(121.33399737633829,31.30029902431094,25)
(121.440742433069,31.258581860308407,9)
(121.41357418774165,31.27336259845701,13)
(121.45524440187526,31.246864801137086,2)
(121.42922994857857,31.26187674568367,3)
(121.39643255922644,31.22926076589283,3)
(121.37065948371657,31.272108551773794,36)
(121.44478338753035,31.246992364658485,36)
(121.43110454537319,31.238007158047022,10)
(121.37788073096701,31.279261566316443,29)
(121.43802840667308,31.25402529991776,36)
(121.4246509301024,31.250809917395788,8)
(121.43006484680754,31.24694854308274,36)
(121.43737075775002,31.276573300852554,13)
(121.42780391302172,31.27668428571389,1)
(121.40335463414932,31.30199280840475,2)
(121.37719320440101,31.27238591497822,28)
(121.40182742667741,31.229943532764523,3)
(121.39525498706178,31.245144807166227,10)
(121.40948359913038,31.243284370155337,14)
(121.38918913845261,31.23206679675484,34)
(121.45996668092542,31.25980027739992,1)
(121.39250666675575,31.277348696267378,2)
(121.40351306258489,31.28369354317583,11)
(121.42637216070456,31.238802125137404,59)
(121.33539623914635,31.2966472611717,21)
(121.41579950110548,31.253322248851067,36)
(121.4551627356892,31.27141159859095,2)
(121.38709957659212,31.270553991010217,30)
(121.34045966035474,31.297027132310998,36)
(121.4458300339317,31.263208052090057,20)
(121.3739981580271,31.25593225317406,36)
(121.44603489205845,31.254343520456057,11)
(121.43779293604959,31.253532489494237,1)
(121.42927116039742,31.276132641245773,9)
(121.41012724420722,31.25550668608244,22)
(121.36195185138595,31.244538784548244,11)
(121.44341019677839,31.25671889927964,2)
(121.41687316126708,31.232766585793804,4)
(121.43999612119656,31.2627677708583,36)
(121.44426627808231,31.240958541116747,25)
(121.41721763220374,31.251790976762944,4)
(121.41093222832797,31.230612412166604,2)
(121.4290237718583,31.233899437103844,34)
(121.38457796334188,31.257974929058392,29)
(121.4177513508875,31.252057845126146,4)
(121.42321918238859,31.273040565453783,1)
(121.38956173742596,31.25196585594094,1)
(121.43736194688925,31.26711133575087,3)
(121.38941240911028,31.256148607214616,13)
(121.44139908154986,31.256295262581492,33)
(121.40207978603588,31.24480955498413,3)
(121.42363631539536,31.244438866384897,37)
(121.41394554270993,31.290453492832278,17)
(121.459416611087,31.257881235741802,47)
(121.41926383019427,31.267438805007828,17)
(121.42551314613658,31.2629465008579,3)
(121.44266193678062,31.263736449676404,32)
(121.41098382872583,31.226160346237748,1)
(121.38432301603576,31.230880739940652,14)
(121.39721043556246,31.266900543000883,24)
(121.36497222029527,31.313302341786947,10)
(121.45285381187526,31.255557617413885,36)
(121.4416034359665,31.265057344223695,36)
(121.42143264683963,31.285179392034852,21)
(121.40198199951232,31.22922255186194,7)
(121.43044914399127,31.23525260354721,19)
(121.39350632191945,31.277025152018876,18)
(121.37688216913772,31.299877693830208,36)
(121.3961997477635,31.249657271728157,1)
(121.42710327174994,31.237543908666318,9)
(121.43086059906447,31.23501105772285,24)
(121.396334075173,31.23202993363039,8)
(121.37693470020172,31.293657303835754,35)
(121.34694851863905,31.279534044915728,5)
(121.43364079901731,31.278610198257176,37)
(121.40746088924503,31.245639652506682,4)
(121.45122040329433,31.274728828130883,4)
(121.40098148121174,31.306590082191946,36)
(121.41776631017889,31.25169167683599,7)
(121.46001693493731,31.2559715645299,41)
(121.37633617600807,31.237277237476274,21)
(121.38356271331392,31.25658088406492,19)
(121.402073994849,31.251159763617995,9)
(121.43755790163074,31.247301455150414,2)
(121.42702542772929,31.261295485788697,11)
(121.45577975358366,31.277706949261326,6)
(121.45912610677989,31.253813593550174,4)
(121.42641958120835,31.2556585766581,36)
(121.36308968105705,31.240020986861314,6)
(121.40904708843345,31.225286195443427,26)
(121.43648476714336,31.260431643249063,13)
(121.40052751332466,31.285325661493744,10)
(121.36491551237552,31.312936335964515,36)
(121.39020795263463,31.282476980316822,36)
(121.42324803563982,31.231354936690256,4)
(121.4593780762914,31.24958917816802,11)
(121.44087215399811,31.258051435860132,36)
(121.3670176186323,31.309039898402418,36)
(121.34130667875793,31.286412376947528,11)
(121.46103596310952,31.253268092847506,6)
(121.38938137006997,31.256003521299213,1)
(121.42006270488713,31.240559792651,17)
(121.42279205594133,31.267352471289296,4)
(121.35020715616322,31.298600611186046,36)
(121.40226065263454,31.270366788346013,35)
(121.36830836819381,31.292107470400442,30)
(121.39925271534602,31.258663969520367,36)
(121.39461133857479,31.257713557692107,4)
(121.46144686600536,31.25347825242563,5)
(121.37236546656547,31.310930001024982,1)
(121.41944387294993,31.23670790170737,3)
(121.44884242581071,31.24745237122851,1)
(121.44283585054278,31.25028200618466,43)
(121.39239273954855,31.29057801960187,35)
(121.38646649572578,31.276663021338873,32)
(121.4064183345464,31.245691237536253,36)
(121.37404482844367,31.273589605934866,30)
(121.34883795550934,31.283747208480694,34)
(121.40782611956209,31.224375847399354,41)
(121.4191303415666,31.238856251886297,36)
(121.41004282347794,31.242508693677294,18)
(121.40024391509107,31.245445467682526,18)
(121.34873135158541,31.281670052053,34)
(121.37759777881024,31.272681506292088,24)
(121.40588258613073,31.291603438353633,16)
(121.4123481142436,31.254082382954206,101)
(121.45030551328001,31.252108865368662,36)
(121.39862878759531,31.269229547876236,33)
(121.42393375866783,31.241153168524832,64)
(121.45108364620795,31.27392375326963,22)
(121.45935457657329,31.254133901616417,34)
(121.44807587246613,31.253674829017488,1)
(121.42424506079209,31.28279481255039,10)
(121.41749176860326,31.253367130336247,10)
(121.43022077188562,31.239164618181068,8)
(121.40926402274435,31.23517622781294,1)
(121.41246722300983,31.29711469055821,23)
(121.442829077156,31.282010445187105,22)
(121.42991720007667,31.25121931383405,14)
(121.40182362834733,31.24836017371018,1)
(121.36423861791432,31.311769859972227,36)
(121.41766743392823,31.252449057137706,36)
(121.4405736926229,31.246617855032564,37)
(121.42508503756164,31.24538616362003,36)
(121.39271451071373,31.257066799387072,33)
(121.40347835159317,31.22975007470091,6)
(121.37407507800906,31.252915782783116,22)
(121.43959856032514,31.236885909166514,18)
(121.44659186491704,31.252299463557772,3)
(121.4254731360212,31.244995908511196,3)
(121.39908361679923,31.24680770633208,32)
(121.39187021220516,31.254454545880936,13)
(121.41838141466376,31.268589672131764,4)
(121.43687251860749,31.253164967218694,36)
(121.4420244942435,31.24634566504391,4)
(121.39835790366028,31.260967680373625,27)
(121.41997751327669,31.24744462812539,12)
(121.44089314614948,31.24720055380934,29)
(121.40993759754731,31.243006170842698,28)
(121.39714648103386,31.26641750207332,36)
(121.40717061256491,31.229721336939345,15)
(121.45691120443736,31.246584186890438,6)
(121.37861394906308,31.27061078652769,36)
(121.38206991687541,31.289941394713132,4)
(121.40974955109054,31.259572399550912,19)
(121.45383219252942,31.24423949322848,35)
(121.45060333216422,31.269251701019773,14)
(121.43701759939432,31.25675534307352,25)
(121.4126961636118,31.258227384215402,52)
(121.43393121434664,31.244249743675915,10)
(121.40731325278739,31.258689496515217,15)
(121.43783303203355,31.25397102255236,38)
(121.45934777558334,31.254616999761424,15)
(121.38475820032886,31.257787460464975,36)
(121.42463518942648,31.242146072391556,35)
(121.42866637839627,31.247498916208556,24)
(121.38562772581821,31.277458632863812,33)
(121.41235060916243,31.227728792334492,17)
(121.41868189798281,31.25337195731465,12)
(121.43657258783905,31.250593655114166,1)
(121.41472206085471,31.23122972108933,14)
(121.37283564594141,31.310852167441155,13)
(121.41962068164352,31.269448372362866,31)
(121.42751160393246,31.280864283353473,2)
(121.4077998662064,31.244393986112566,23)
(121.39059413611191,31.290815033798467,18)
(121.3762340803952,31.23102366588443,5)
(121.4389533291921,31.267421262030698,6)
(121.36553777709004,31.247960814573354,7)
(121.37309813633227,31.293456505774476,6)
(121.45934731478575,31.26292705988281,36)
(121.41726358344327,31.251525839103365,36)
(121.38540017044635,31.22777662770486,36)
(121.43275433013888,31.28382006555392,71)
(121.42611417720246,31.24738319572678,9)
(121.43710119754037,31.253684889801722,3)
(121.40269868910042,31.22381318959698,32)
(121.39110450107266,31.229947042356773,34)
(121.37073770819838,31.284772891756912,6)
(121.41789769480275,31.268441849508083,6)
(121.40666976926433,31.25439041805654,22)
(121.36497202026871,31.313295041780027,35)
(121.43327820829397,31.244017892226953,3)
(121.40168609293572,31.22999560421923,15)
(121.38218079900628,31.264118795927946,36)
(121.3793683274863,31.289288799205483,21)
(121.45589199986581,31.267973699499297,4)
(121.36416000752972,31.309898355194342,36)
(121.39695606525994,31.27418369593576,3)
(121.46080284099693,31.25738143027069,21)
(121.42412498051156,31.257179116485393,4)
(121.3910461436916,31.231030039452822,2)
(121.40071927904613,31.299516900755282,1)
(121.38284571225655,31.27730900548746,10)
(121.41078684794641,31.225885252121074,11)
(121.42403266324264,31.241101069875885,20)
(121.36419661264421,31.309735059771196,35)
(121.39409705224269,31.246604398065617,26)
(121.40311061630189,31.30228988338615,8)
(121.40648324990948,31.260590021670478,7)
(121.34983873742445,31.279652332676093,33)
(121.37856527665048,31.284426182570037,264)
(121.44298000210516,31.24367984082943,30)
(121.43757822492434,31.246339559439182,7)
(121.38716916839897,31.276587571921187,36)
(121.38903920597866,31.26897784091421,8)
(121.42904754997767,31.243149601734917,27)
(121.46038954614218,31.251444747060866,33)
(121.44019929249481,31.247162924121707,7)
(121.33293348254587,31.294776822233093,36)
(121.39466940547973,31.223630234352424,24)
(121.42966008395533,31.280651118896678,2)
(121.42154114953162,31.25664871567734,34)
(121.36701441815417,31.309042897998825,21)
(121.41381546886187,31.243228459046808,1)
(121.42701573337625,31.247129453032077,22)
(121.42568836054213,31.26742126553638,22)
(121.35956922165636,31.278347333800788,5)
(121.41534012354143,31.235064256022053,10)
(121.45632014301172,31.27473958436536,36)
(121.4475892463713,31.2418416733724,1)
(121.39039330037468,31.23125231849843,1)
(121.44275282873672,31.259710258374078,11)
(121.45983414806915,31.25281859132152,36)
(121.45609850998984,31.25383862509895,32)
(121.42432207716077,31.23746420332265,3)
(121.39509844830363,31.27239382197748,36)
(121.45638033133193,31.26714025629199,6)
(121.40792772735075,31.242890308012814,17)
(121.4215390063794,31.23205972120775,2)
(121.40375141108427,31.229933199704345,35)
(121.4257454237477,31.24233220089874,2)
(121.43148098664356,31.262191099499944,25)
(121.38926691928938,31.251948661896012,22)
(121.42177752784949,31.232639965152217,39)
(121.42924675976913,31.259747714962163,2)
(121.36606096588503,31.285704630640797,5)
(121.38066526584046,31.2443285896739,1)
(121.41094837167556,31.243765379722422,16)
(121.38150944541111,31.280645053004214,4)
(121.43987488964041,31.26576709485256,23)
(121.38919003170103,31.279100301312685,36)
(121.42630666597987,31.278190254873913,28)
(121.42605237730508,31.24524282738545,34)
(121.3925184344532,31.240152595069972,37)
(121.36868392076605,31.314272583847323,31)
(121.36424401922065,31.309721465255194,2)
(121.39165934065056,31.28067453817152,15)
(121.42734839453097,31.242021708677036,34)
(121.38731120199364,31.24096426144602,36)
(121.42721832750907,31.239619744505458,8)
(121.46352424091162,31.254785026481002,36)
(121.38939639705998,31.256166603357872,99)
(121.4479221015482,31.244720960466235,36)
(121.44669804663077,31.271858891738855,6)
(121.38862481022338,31.276199904952495,93)
(121.43921044704199,31.239382599092085,41)
(121.38889726276373,31.305462479888824,2)
(121.37601823468694,31.291471346941922,37)
(121.42759587459743,31.25187056290292,17)
(121.39146353154676,31.227145985027004,4)
(121.4418631843254,31.267658052610507,6)
(121.40240330557529,31.243087946772803,35)
(121.44633129069562,31.2544400533252,2)
(121.38871212669196,31.28282835653912,1)
(121.41026097718564,31.25548101396157,29)
(121.3917131844232,31.289890317051604,36)
(121.44587527891025,31.266523051873264,2)
(121.46009199855459,31.25001861296496,2)
(121.37847306084403,31.277202683599437,5)
(121.42858309135029,31.250430235875022,27)
(121.44085433652508,31.2422140557206,8)
(121.38186371517816,31.26977914639919,48)
(121.38827337937362,31.244290515681016,36)
(121.4226003630605,31.257547392832098,36)
(121.44290198390674,31.24225053346531,10)
(121.37223115799023,31.252704108730242,37)
(121.42519576771284,31.239507561513857,14)
(121.4061648104093,31.243483574879573,36)
(121.36737768812411,31.24953617316334,37)
(121.40913169917522,31.24408130137874,72)
(121.36157363596855,31.283354787342773,4)
(121.42895298068815,31.252288807639736,18)
(121.38737709137865,31.296395762531315,37)
(121.44940013294475,31.259027572242196,29)
(121.43327561248752,31.238078744253038,14)
(121.40990578959081,31.259609031965255,27)
(121.36071415783005,31.293813215467882,10)
(121.3835679396757,31.247618948985444,12)
(121.37546631539166,31.257892064560796,29)
(121.42760790652568,31.251181547923633,10)
(121.43080692550811,31.257234073453592,23)
(121.4056269391377,31.29104974414327,2)
(121.45841078973164,31.251646205824418,38)
(121.45125200997883,31.259542311942834,8)
(121.42585377766801,31.23973899242947,25)
(121.41554383309676,31.269004129869618,4)
(121.4367734183205,31.250201794240112,13)
(121.40262573932732,31.224092436034788,1)
(121.420956119573,31.27403850962375,14)
(121.40094179052427,31.287366498212005,36)
(121.39000032116016,31.260973120748233,9)
(121.45464362337854,31.255458823046034,22)
(121.39610820566004,31.229917132775817,7)
(121.42302197562476,31.280152662177198,54)
(121.42299063352684,31.264471101976394,1)
(121.41752409112543,31.270486891971807,37)
(121.37862772974492,31.256375703232003,29)
(121.40395219235552,31.238558165883653,36)
(121.36129506903175,31.24819036535235,2)
(121.42308936945312,31.262428155322482,16)
(121.4090232871491,31.242443738087445,13)
(121.4387568990849,31.281601461701488,1)
(121.38325990127836,31.227837465212136,18)
(121.40428073101654,31.24423276103329,14)
(121.40813535443282,31.24775028783255,36)
(121.41265870481725,31.26429300677881,29)
(121.41119231327298,31.243736323144077,30)
(121.41763726957954,31.25036515352616,16)
(121.41094744849642,31.233176586044213,15)
(121.4481474135507,31.24236550118012,2)
(121.38235856102936,31.293480095292434,37)
(121.44504523972617,31.25827390860918,12)
(121.44093114924137,31.236248653451174,6)
(121.41935313011892,31.254333018160928,36)
(121.4474115205092,31.248547571560966,19)
(121.44719139809538,31.253296054013543,24)
(121.42311931661935,31.262122002142014,28)
(121.42542773509405,31.24579606630549,11)
(121.41940394164409,31.237019661566777,21)
(121.40084702657488,31.256013297502268,2)
(121.37489431858015,31.23837272017917,15)
(121.45964383527313,31.254915932937894,10)
(121.36154726252822,31.296946495723844,7)
(121.45607429448201,31.246353848661364,17)
(121.40345388650506,31.304686867213093,26)
(121.4106074600205,31.24394351591374,36)
(121.40214520131539,31.250772056491364,11)
(121.42173872060744,31.26233860089524,29)
(121.38271477986984,31.25681517096932,36)
(121.43487338357757,31.260115476811755,24)
(121.39007284619365,31.269061914348214,29)
(121.43089564627675,31.254627496250375,27)
(121.40227511571075,31.26417516125464,54)
(121.38463649035116,31.229128569454506,22)
(121.4178358530799,31.23571393585355,27)
(121.37221324049548,31.313197774616246,12)
(121.37792535333384,31.262728658614027,36)
(121.43763471476798,31.240706049080856,5)
(121.39720050179831,31.2663564988612,18)
(121.38284685404062,31.290408347513058,11)
(121.42640558557602,31.251531319430025,9)
(121.45193325959596,31.245988043766992,8)
(121.45428170737172,31.273795440563624,1)
(121.44498492988912,31.24591790260283,36)
(121.35187384776273,31.300707397865025,37)
(121.41121531203159,31.243784340400147,3)
(121.45048758804964,31.246185899875076,37)
(121.41459267011373,31.235588887962816,9)
(121.43495750312732,31.260176293197627,8)
(121.43487662821278,31.25346066706019,22)
(121.39949710685723,31.26210553551773,37)
(121.43157683323534,31.27640832242644,18)
(121.44931486502163,31.24228334032305,36)
(121.37189687817896,31.265677490561803,2)
(121.37950726576712,31.231387442018487,84)
(121.39714602931178,31.26123928458253,36)
(121.43675764750334,31.24106674015168,21)
(121.43147923990647,31.25159082054756,7)
(121.43248502830653,31.2531873983678,37)
(121.3792911793461,31.240151243509366,29)
(121.45504922360475,31.27380883814498,33)
(121.41163447817009,31.246879640263096,18)
(121.44374716954977,31.258585556849518,4)
(121.41225137782536,31.25913588521857,12)
(121.38154468101598,31.248379300300137,16)
(121.3863511255778,31.288446373501113,36)
(121.44190755082906,31.26132827675114,36)
(121.40988070523508,31.24521018516173,36)
(121.38190772428248,31.289915221751095,36)
(121.38871212948442,31.282860369628875,15)
(121.38465250150674,31.229061553071187,8)
(121.38288772180292,31.253717350561555,4)
(121.37984895522987,31.240924196325732,36)
(121.41222453698272,31.272324514486954,1)
(121.44056887687589,31.258593672067448,15)
(121.39482691202592,31.27427472517193,28)
(121.39483187736984,31.250897690326592,37)
(121.44889580018082,31.24246318963219,36)
(121.41887341045845,31.240363744335856,119)
(121.40574542718697,31.239275661543335,1)
(121.42740903037925,31.23861011441368,36)
(121.42718240128623,31.262945053812015,8)
(121.38288489511477,31.290383374439575,22)
(121.36866889356737,31.314247553224103,11)
(121.40067884782641,31.243079532925478,25)
(121.38001276108687,31.28233218291184,11)
(121.37516828538645,31.2714711135798,3)
(121.43794638928817,31.24873856127739,34)
(121.43615710778256,31.258445211940295,13)
(121.4078846934971,31.225242378779225,8)
(121.45302564442537,31.255656644647683,36)
(121.36503003514667,31.288615104124233,25)
(121.38419891995557,31.285427619209777,9)
(121.38201155363474,31.25207240155972,36)
(121.38876513512022,31.28238921698116,24)
(121.39522757865295,31.2333209959009,14)
(121.43357449784384,31.253100092282633,21)
(121.43152733511869,31.27633436204546,25)
(121.41910086760721,31.25403726595418,20)
(121.37726110963213,31.270231087481175,33)
(121.44733909574205,31.241903732916455,26)
(121.3866254330799,31.262673246983905,2)
(121.39281491221054,31.23177196095426,1)
(121.38517554092599,31.280676562916582,1)
(121.36271011112449,31.30876729470512,36)
(121.38435231143723,31.299503372478412,57)
(121.42520146910668,31.239512962680642,36)
(121.447526284208,31.248625402961622,3)
(121.41784849607568,31.23144753102501,2)
(121.41083491314221,31.261147036640523,36)
(121.34780378261998,31.281795896296668,2)
(121.34723163303575,31.309247800660444,13)
(121.422103709201,31.244582910845534,1)
(121.36874969695528,31.251703242884815,36)
(121.37716216482342,31.272417892318735,5)
(121.42376591862397,31.250671244741916,36)
(121.40932351056716,31.24200981485262,70)
(121.46384191154085,31.25550699618239,1)
(121.38271771425096,31.29049425617376,19)
(121.43232749137486,31.27895555601892,14)
(121.37557403457951,31.25791078056976,4)
(121.45946158152107,31.257955660894126,7)
(121.39734557184067,31.266364562801304,29)
(121.3631330675502,31.309236140494143,47)
(121.42293473557656,31.247511609370637,1)
(121.41251526603347,31.258757658821132,11)
(121.40256972478385,31.242039390310865,37)
(121.4470602933719,31.27898723742555,2)
(121.43700826277926,31.264193566594635,2)
(121.37984913072218,31.23288439372181,4)
(121.3914822433003,31.223670382341705,5)
(121.43640208753648,31.2740805515613,36)
(121.4283147288789,31.268301047044407,18)
(121.45660358338502,31.273068488154863,1)
(121.4104593260529,31.242066697118812,4)
(121.42068836073584,31.25692789223202,37)
(121.44611906671575,31.2415380114084,10)
