(121.39991457299853,31.231322975023225,37)
(121.45440178040786,31.27349703160931,6)
(121.4230054073087,31.262026042727246,34)
(121.36661877520571,31.249653279049294,10)
(121.41088738768221,31.243794403194798,8)
(121.38836405333399,31.282186445297622,36)
(121.43442183119262,31.27099376644943,5)
(121.41955750756273,31.244042350304543,2)
(121.42366083020184,31.26205357558314,19)
(121.40216694551002,31.251044435295235,2)
(121.37732247094931,31.273427501273584,1)
(121.42336311691005,31.262289897166184,32)
(121.45865482734715,31.259408062961523,10)
(121.39229890809517,31.25886673486501,1)
(121.38573673591968,31.23033009974058,1)
(121.42069622884233,31.28450698998938,3)
(121.42106723451022,31.241948513709588,36)
(121.35515220828758,31.28462669653221,36)
(121.40386703226507,31.240304243179306,24)
(121.44991685954642,31.25757598376656,13)
(121.4418283551494,31.263412197031855,17)
(121.34691063744742,31.281863932853568,36)
(121.42350780900276,31.26023690619031,24)
(121.43326233866424,31.25766645490289,4)
(121.41233459088753,31.227464673885788,7)
(121.43875557475938,31.266388102556498,25)
(121.42616050873646,31.26319406098971,21)
(121.44066892034952,31.255301128518767,3)
(121.35095531766568,31.282167360638244,37)
(121.39099243125347,31.235483920806033,26)
(121.45388255555676,31.256446797553565,36)
(121.36026999830274,31.308903435655015,36)
(121.40847867674735,31.265727272504343,1)
(121.40208227663243,31.243601109997346,2)
(121.41174964612225,31.249150624170433,6)
(121.45909413451838,31.260176653385223,22)
(121.39187896249368,31.262993250557805,3)
(121.43529612234714,31.254897770461767,30)
(121.43945993034743,31.260385160224423,10)
(121.4519353662644,31.270277581170152,2)
(121.38909851604622,31.25107414249647,14)
(121.40991749248442,31.258285537002713,23)
(121.42365232397556,31.25616503223943,23)
(121.45208137147127,31.279786247434338,30)
(121.40991429169551,31.25825433639842,25)
(121.37288722682108,31.229069532419267,9)
(121.3973509698307,31.24982320485102,13)
(121.37156974150268,31.281508677191468,37)
(121.4573229973107,31.256283583084468,6)
(121.413475772026,31.240307214173278,36)
(121.42025899050073,31.243748814719023,4)
(121.37722243956262,31.263127021597093,16)
(121.42799760186936,31.264165825261028,18)
(121.41842760089327,31.256892219533892,40)
(121.44565999685548,31.257184033384853,31)
(121.43078792052384,31.254088775579262,28)
(121.38466570258133,31.257974975083037,14)
(121.40125146809412,31.24826299444545,2)
(121.39254007164762,31.25744436579351,83)
(121.41085078034648,31.225267954637463,36)
(121.42656659744549,31.28053099440375,9)
(121.41338054877642,31.259520257236748,23)
(121.3883635532248,31.282198045183,37)
(121.37038846537364,31.23078399784624,31)
(121.41119231833295,31.243794349124894,15)
(121.41025924382647,31.29795529868334,36)
(121.44137506367757,31.23810430461181,3)
(121.37690250216399,31.268887101973135,36)
(121.4144282089948,31.274711446528407,13)
(121.41067477931823,31.23999772999291,37)
(121.37828321856782,31.24419494103954,1)
(121.38021115363863,31.283994073149398,36)
(121.42683068000211,31.250322873019044,35)
(121.33727696743082,31.29046338507094,19)
(121.42644911521859,31.250672362938083,2)
(121.42196449722505,31.2555033922243,44)
(121.43268201643814,31.244686407801414,32)
(121.42520066891012,31.239501862536148,36)
(121.4109333962947,31.244009491585736,2)
(121.42463764154945,31.270275328148013,11)
(121.45572844146044,31.24745858068686,32)
(121.40994349889534,31.258112742750907,23)
(121.44245619624073,31.282041776846025,6)
(121.44381558075027,31.243705796743836,35)
(121.39111725417727,31.26912217612449,1)
(121.34555740089121,31.278526073106242,36)
(121.40709643048307,31.25055173420523,7)
(121.43799205994156,31.245824202842467,12)
(121.45018624485067,31.280428150579585,5)
(121.42219593316968,31.25970110123642,5)
(121.42299474941667,31.236704642137525,26)
(121.40895915610928,31.296375560889402,21)
(121.41789611077367,31.25028299316553,36)
(121.43793187890601,31.254082935740893,25)
(121.41534762410765,31.27063546708288,1)
(121.40544936567386,31.261696536379198,36)
(121.36899744026876,31.31426202151409,36)
(121.39564517333862,31.274386623293353,201)
(121.40426512056533,31.248722757863543,36)
(121.451348172546,31.2524480334086,9)
(121.42391779239847,31.241372279260524,29)
(121.43113672568295,31.256682272153682,10)
(121.41176196911394,31.230902304941626,36)
(121.4259468759113,31.253421003901803,36)
(121.4409178998131,31.25607850880758,12)
(121.42549536354056,31.250097134720015,40)
(121.3788879680287,31.26672044431586,33)
(121.36348399256134,31.281365963234276,32)
(121.36840946891122,31.314345222328825,4)
(121.45899654013466,31.254884346960626,36)
(121.44942194186541,31.247388369279847,37)
(121.40307488646476,31.248177341683725,4)
(121.36089171704603,31.24108867988223,12)
(121.42599896427238,31.24506681672103,11)
(121.43648414008258,31.25322650783964,20)
(121.38573126386854,31.259457099640507,14)
(121.42571679513811,31.24182266466398,24)
(121.38427850698682,31.23073013261881,4)
(121.41165275603431,31.27303293578172,3)
(121.38306915205341,31.287104310912344,29)
(121.41789348985928,31.257838536876772,33)
(121.43961736408396,31.253205903421154,38)
(121.39931894961359,31.272012678850118,2)
(121.37251475955163,31.25330395268019,24)
(121.45449936122591,31.259901047398703,20)
(121.3667435779252,31.309012464611996,23)
(121.39890738742871,31.23349263915125,37)
(121.40855517908294,31.228889641829955,4)
(121.4006034014353,31.261167464896747,9)
(121.424406244204,31.240286414717986,13)
(121.38997402089845,31.303665572262705,36)
(121.43737767924553,31.275801970697785,33)
(121.43433523645687,31.23977424218739,37)
(121.42997768396805,31.246158008793742,3)
(121.38799193517696,31.25361242324637,10)
(121.40769951059416,31.25171923912276,36)
(121.38640940007534,31.241741866069198,3)
(121.43791830008803,31.23544164467874,2)
(121.45936079119625,31.26882554518673,8)
(121.35688111194243,31.289630653997396,36)
(121.43339240233617,31.260504530899738,5)
(121.39230285693398,31.30412129414567,37)
(121.39471722755944,31.24422666845401,36)
(121.42422983102341,31.23604546823403,3)
(121.44265360737107,31.25501637404627,10)
(121.40877436860325,31.251075898934797,11)
(121.416744743061,31.25011444748369,22)
(121.43963635372451,31.235266117294206,2)
(121.40110519013555,31.234075571033124,2)
(121.38597371252898,31.238814175074477,16)
(121.40734746115949,31.25868840357894,13)
(121.38931232187814,31.256126524308694,33)
(121.38227715945759,31.232467863756327,2)
(121.39290387964931,31.28807832349466,35)
(121.41008635423943,31.241590536416883,17)
(121.40425012915446,31.24746572093865,1)
(121.34743959537856,31.302856267625593,9)
(121.44698024519612,31.24174266165491,24)
(121.37758320944796,31.27786064699449,21)
(121.40992289366017,31.287888878680768,19)
(121.43353729201826,31.25116876167857,11)
(121.41038960891312,31.25616323940247,37)
(121.45924175847934,31.257039480229622,19)
(121.4099402982141,31.242821971757234,36)
(121.44900355502031,31.242353943601756,17)
(121.44140908097461,31.243390288407895,7)
(121.4101998811806,31.23640017352057,3)
(121.45456061204774,31.264505902840245,14)
(121.36440144117417,31.309488283945218,20)
(121.4039062684439,31.239506588528567,6)
(121.43713197078428,31.251650954940388,21)
(121.3704803655487,31.272291527217206,36)
(121.39240736660506,31.231232423979353,16)
(121.38706508245187,31.230779426616785,26)
(121.45404282600852,31.25250074733612,7)
(121.42472612846731,31.242444134293613,36)
(121.44061258583076,31.255179486638266,10)
(121.45729243735701,31.260452456970363,30)
(121.4386406833077,31.265406846105698,3)
(121.4104449699237,31.249415976147592,4)
(121.44988085851946,31.258509757602624,153)
(121.3692397833742,31.290582174103612,13)
(121.39196693297555,31.227457451836802,1)
(121.40748739572568,31.24587135753156,24)
(121.42299051460492,31.263107517958826,17)
(121.39943105811088,31.231870949927178,18)
(121.43958474300706,31.258226309038243,1)
(121.42396500741137,31.255796636370132,28)
(121.41721865934144,31.26356609091672,1)
(121.42575479407493,31.238773639385805,4)
(121.4315551432098,31.251629754423593,3)
(121.42077863221782,31.255471684958934,4)
(121.41163151596685,31.29637231744318,110)
(121.41913153331569,31.2525263473992,15)
(121.44797065150408,31.255361807833967,37)
(121.39665493260053,31.228492449556196,6)
(121.40288133515598,31.299574784786742,13)
(121.4105716751653,31.242066035629847,3)
(121.38810976979148,31.296396344293065,24)
(121.41236469711178,31.259475044912474,27)
(121.43027639425691,31.24064032289572,30)
(121.43774544602859,31.272438310722798,48)
(121.37936832750282,31.2892103993754,24)
(121.45126438476461,31.25267729489386,22)
(121.42565779485582,31.260586364721167,14)
(121.37238848011982,31.286873944071385,36)
(121.37862678847979,31.245555933814295,22)
(121.45671982558923,31.26930088957079,32)
(121.37264518763718,31.255933272064166,36)
(121.4041866062163,31.300226238686864,7)
(121.38942628231024,31.283035636032633,15)
(121.39674302260124,31.274912907719624,15)
(121.39005501921002,31.282536652099285,8)
(121.38925125993546,31.256015430995447,36)
(121.41238211315068,31.245083675052562,14)
(121.39211211125706,31.22829092843229,30)
(121.4002264762774,31.228998998764997,21)
(121.40896728023566,31.23126172276918,11)
(121.36579970215858,31.276404424609815,20)
(121.44036813265875,31.247473540653083,3)
(121.42521067170243,31.242891358293562,24)
(121.44603489848808,31.254417552849308,35)
(121.37490090862852,31.287102518382678,27)
(121.41464624333987,31.23295653893035,1)
(121.44634081366017,31.24483934434192,32)
(121.39880804215575,31.24146321973802,36)
(121.43812201242068,31.247749880215913,3)
(121.44089165663085,31.26422306689004,3)
(121.41011156157505,31.260200904515216,127)
(121.37952173404861,31.254655936529183,5)
(121.44270693283673,31.259909416912187,29)
(121.42121478913894,31.23419694499253,5)
(121.38002746263412,31.244081999825127,10)
(121.41117728617719,31.243385168603396,14)
(121.43221197783147,31.23722152399188,49)
(121.38216364614765,31.25109212188873,10)
(121.44038373438975,31.25469970338643,24)
(121.41113133538778,31.243826374603415,36)
(121.40621028334341,31.26023356622508,19)
(121.43937771562035,31.27836391026082,16)
(121.43942412152413,31.256422260912498,3)
(121.40408166735664,31.24457536126891,19)
(121.36346891297164,31.30914357832896,37)
(121.43848081075046,31.26378337619956,30)
(121.3779227837526,31.233184552258436,24)
(121.36564206247199,31.249137491458402,36)
(121.41549304418844,31.234961151898577,25)
(121.43698622877287,31.240448157146385,23)
(121.43100805944057,31.26540532180018,8)
(121.39872438758637,31.24581513891754,17)
(121.40555044302042,31.283403914628988,23)
(121.42004700332797,31.275285222366254,9)
(121.44552374306886,31.252152429165367,1)
(121.33782752257522,31.2940778724331,36)
(121.44068470225002,31.257356196037144,18)
(121.44869779985675,31.25946782443708,8)
(121.43075378502904,31.234427105087214,5)
(121.39250657371456,31.27628225357542,24)
(121.3786795307881,31.230404044029818,1)
(121.41631699750587,31.2390196691936,13)
(121.41085523486805,31.230493370550658,5)
(121.43196510755821,31.268943777123393,36)
(121.4251803639535,31.239542858268795,18)
(121.39073381819286,31.259888161278123,4)
(121.42978887958282,31.23854900281954,29)
(121.42624145340538,31.229124815825344,28)
(121.37182968470452,31.310699544922432,31)
(121.43324680621129,31.25130869127398,13)
(121.40538538113319,31.29871201834141,15)
(121.39968959708403,31.278386463698425,19)
(121.38695439874174,31.270107683737095,36)
(121.36785855085142,31.31444747424817,35)
(121.39895339918495,31.244895809312496,36)
(121.39452640185702,31.247556051994682,15)
(121.40456420378203,31.277150725551305,14)
(121.42179947978707,31.25132721549364,30)
(121.37354297981511,31.254754290069748,36)
(121.42465016388267,31.242017002557365,37)
(121.41020005335548,31.23837506959714,17)
(121.40078049473462,31.227193320235596,1)
(121.38956961797562,31.251511527356797,1)
(121.44074297733087,31.26483955334312,36)
(121.4091943734012,31.25170413956951,20)
(121.40116644883871,31.236843847586655,28)
(121.4219297677508,31.262389340605253,14)
(121.4461063671642,31.254098686125012,36)
(121.36477009192815,31.31271281945202,6)
(121.37238767479046,31.277617153682087,10)
(121.39643005806977,31.234906654517633,37)
(121.44942802286702,31.25847027920995,8)
(121.45942994647832,31.24967210028178,1)
(121.38309112924125,31.290391577096337,37)
(121.36418331052491,31.31074665594139,36)
(121.44173553043709,31.24330881728866,8)
(121.39016944746504,31.259327921293764,8)
(121.41604291253385,31.293743063290428,3)
(121.43009098841382,31.23979203625268,20)
(121.38945718908919,31.28252294275099,1)
(121.34893840125373,31.297999093972248,6)
(121.42459629323197,31.242911446714455,21)
(121.37330779554146,31.228284711778567,23)
(121.41891192022291,31.244283845008635,36)
(121.38578270772126,31.28334398472173,36)
(121.370002458145,31.272480809426543,36)
(121.4609754475816,31.26141111416081,36)
(121.4563176947594,31.24647939400166,21)
(121.37291827439336,31.22907357444647,1)
(121.43780433924739,31.27989308427871,36)
(121.44062863736455,31.258590033743737,11)
(121.37127288441958,31.313622443530743,35)
(121.4577801596791,31.260146278698436,7)
(121.41456255354896,31.23611400823123,9)
(121.44576001753187,31.256049053192186,13)
(121.40362875748379,31.255676247318952,10)
(121.41734857776584,31.263464988143447,28)
(121.39202917283538,31.229691522652242,8)
(121.41870988908808,31.230544683049025,5)
(121.40086497760954,31.278315777214978,36)
(121.4600473345849,31.249984868005708,29)
(121.38461897179435,31.257680336716426,4)
(121.41624715975844,31.25314256999696,8)
(121.4006780724949,31.257129737794145,2)
(121.42341613521518,31.25157919787802,32)
(121.44271834898127,31.263607360243522,6)
(121.42234005974989,31.24010784803549,4)
(121.35841076385962,31.2969891308148,36)
(121.44635621685802,31.24483284705468,26)
(121.44769356419347,31.24443323932804,36)
(121.43713449597828,31.280659308289135,11)
(121.37422801391713,31.27260842530432,21)
(121.44673850575502,31.28326594147092,12)
(121.36383626308604,31.309258719643143,36)
(121.45767960959573,31.250828426422558,23)
(121.45418580515165,31.26775004692537,1)
(121.39195366581238,31.247476522962796,9)
(121.39688869430053,31.25884413995708,26)
(121.38207065431016,31.25243461983086,4)
(121.40655068705118,31.277879131564298,6)
(121.44629300372682,31.24484773593988,36)
(121.42215582333475,31.26035729161849,11)
(121.3794924405084,31.274712473346554,37)
(121.36435963531963,31.30960537884864,10)
(121.38579562004212,31.26280059588596,36)
(121.4310839900832,31.24744254762554,6)
(121.39724451999754,31.254852554686753,37)
(121.38261760238302,31.290526171058776,37)
(121.43287227335134,31.239182714160115,37)
(121.39807243863275,31.241795262235534,10)
(121.43999015233518,31.277696427067596,6)
(121.41012756552284,31.26009990804509,29)
(121.4123252872147,31.24594856291088,36)
(121.41522735094597,31.248550360952834,18)
(121.34165932336623,31.296365017369187,6)
(121.4289899578831,31.281424106378235,37)
(121.39485251280925,31.22360231646821,24)
(121.41322233051152,31.236269599917634,1)
(121.41566944705735,31.229061378265303,2)
(121.45264167144562,31.25501638446194,30)
(121.44543375377435,31.261671724276855,14)
(121.39232591492288,31.22426519390308,4)
(121.40208405803598,31.264024056337526,35)
(121.43010548328415,31.234203482983652,3)
(121.38056711880648,31.244024350700553,37)
(121.40400286754377,31.30350148843397,32)
(121.44202742502772,31.239465438903814,21)
(121.34893717468621,31.28382541963551,36)
(121.35276703864487,31.28139724421008,36)
(121.38355075982733,31.22812211383239,14)
(121.43926515381199,31.260053660470778,2)
(121.37226174862292,31.313197981398936,36)
(121.36824919387124,31.31427196689464,36)
(121.43090848006818,31.25729193327217,26)
(121.40421188486015,31.246097585115567,19)
(121.34847801422157,31.281784754991826,13)
(121.39738547764327,31.25200780726249,22)
(121.44510435433304,31.24275012966103,36)
(121.40221381604708,31.278720914106046,18)
(121.38372551132295,31.25620181795775,12)
(121.43790892140292,31.254135990560442,71)
(121.36591491425598,31.27652264489254,4)
(121.43643844210737,31.243761912663135,1)
(121.44368130283453,31.251111019379803,6)
(121.42711847927195,31.22864181969598,15)
(121.44323653470309,31.250421906276912,2)
(121.39997748693858,31.23292845654824,10)
(121.42806421382446,31.237653072165024,6)
(121.44124232491447,31.255722402961478,2)
(121.3792341833545,31.287050259946056,27)
(121.4229749296414,31.26770749210764,4)
(121.42453841984138,31.27810767926804,21)
(121.44586242248457,31.279391295218378,13)
(121.42552665226474,31.245979066037393,6)
(121.39929996410493,31.272776001307,21)
(121.4018317263543,31.250636893560113,3)
(121.38186721898032,31.25348118089143,4)
(121.39644996319637,31.229701068429453,31)
(121.4535600464651,31.260689820065448,24)
(121.35014454508286,31.281486634715225,22)
(121.42671487247358,31.239645206286998,13)
(121.43784226238235,31.243237584258058,174)
(121.41577534217238,31.238911798261555,32)
(121.42030366718936,31.228943055493083,14)
(121.38706197998269,31.25825526236627,33)
(121.4574231440293,31.251690626758354,5)
(121.39478816812561,31.266008217861614,15)
(121.41196116689707,31.232846236344248,3)
(121.42154089568287,31.253737444137116,18)
(121.3959764434787,31.23844469110564,36)
(121.38752302490926,31.22514119109569,15)
(121.41780628411566,31.26311962456108,36)
(121.36349231616306,31.309099181065555,27)
(121.44325396539361,31.266496952468078,23)
(121.4247608629061,31.25468894311511,32)
(121.43485535776922,31.261464172242587,8)
(121.39281520605408,31.235145503853413,8)
(121.38719870851695,31.270985253524785,36)
(121.36437813793214,31.309471381290315,36)
(121.44003962600426,31.234996406606633,7)
(121.43357326946888,31.238986803857507,23)
(121.39185901490345,31.29621365729684,6)
(121.42138371831193,31.28465461894217,1)
(121.40880477276389,31.244282880360625,36)
(121.43708471921896,31.236412197551154,41)
(121.39525935660858,31.24204396671744,1)
(121.38000465825898,31.244070096180806,36)
(121.4429207525666,31.262490191066856,2)
(121.38524027370977,31.23086190901446,4)
(121.39711736258621,31.276686807316192,4)
(121.3797852250493,31.24495493513013,30)
(121.40890207242307,31.224905030616373,36)
(121.43820681017611,31.269994399767203,6)
(121.39063637517499,31.29011269310494,33)
(121.37719321319622,31.27248695737072,17)
(121.40442596921184,31.24676190623475,36)
(121.37667125306737,31.246668186576425,14)
(121.42456610016035,31.240368326516844,18)
(121.408101067273,31.248118511008485,18)
(121.3717397057681,31.235399331226038,2)
(121.46386632666906,31.255320457263938,17)
(121.4056151525948,31.236205261718126,25)
(121.41158270359476,31.25508169020511,31)
(121.41795908589935,31.279606876730877,3)
(121.44966411800091,31.242576826458425,5)
(121.44897159072028,31.241959824946804,13)
(121.37451620985048,31.24695570257223,32)
(121.4440505325786,31.250610426465162,40)
(121.4121231373168,31.25948849441988,17)
(121.39809284138265,31.26421492159381,36)
(121.3830560326661,31.232260530255957,36)
(121.3921672166167,31.2405325499519,7)
(121.40440044443297,31.244236326914372,5)
(121.4167479675911,31.287064090490603,30)
(121.427539263842,31.25440402642706,16)
(121.42573989091277,31.23971107569873,11)
(121.42646537609623,31.22963264110619,3)
(121.40225727873138,31.231682742459746,1)
(121.43263383555748,31.230372969236395,4)
(121.39645828615875,31.231532197597552,1)
(121.36831029858043,31.314297063297662,35)
(121.46319880306162,31.267308800300434,36)
(121.41259365391869,31.26803727587395,7)
(121.36873199405774,31.25229273936154,17)
(121.42573059884575,31.245016861545356,8)
(121.4522246327875,31.269593729065896,3)
(121.42177723012725,31.26254170852692,2)
(121.44670539494464,31.26761496573589,138)
(121.46149295176856,31.25358053155697,21)
(121.38624560893133,31.255299724334968,11)
(121.42864567110502,31.262041294842064,11)
(121.44497817419271,31.278944776342286,5)
(121.35369749762921,31.28761739881963,37)
(121.43753664494426,31.266906011633225,1)
(121.42435313095736,31.249880740474993,8)
(121.4108022748441,31.230820529922095,20)
(121.3832576044472,31.247736705973484,3)
(121.41265719300749,31.246963445782935,37)
(121.38711266075073,31.236907265437548,1)
(121.36715521561929,31.30134345217688,36)
(121.39710269432321,31.29203004990669,37)
(121.43988874728744,31.256341980248916,11)
(121.43781564629963,31.237735807753452,36)
(121.43344343604976,31.238778863590515,22)
(121.37379654468769,31.228481425443,32)
(121.44614247159626,31.241562415479233,36)
(121.43509715694363,31.240372569375506,31)
(121.37415853556381,31.256765569857,23)
(121.41274414916838,31.25718652290473,28)
(121.44615247676715,31.254080294267098,36)
(121.38718480067861,31.283674501763617,21)
(121.37706266427686,31.26822400837142,13)
(121.38110359470288,31.264976070615546,57)
(121.37589969077715,31.252614896432732,28)
(121.43787796894021,31.25409601560233,21)
(121.45114478885054,31.274395805145442,3)
(121.3906170068415,31.24014736309594,13)
(121.41229426702336,31.246549349138064,37)
(121.39143793933088,31.28944996216663,14)
(121.43999580321466,31.259112194861476,2)
(121.42128148245544,31.246678493648783,36)
(121.44818137904005,31.2543067364836,9)
(121.3884818040742,31.26999384922441,37)
(121.39216628428126,31.229828671649102,1)
(121.38996836665034,31.238825314262588,19)
(121.39883942500656,31.24571213375528,13)
(121.35562631313499,31.286322194909932,20)
(121.43818093848428,31.23997995503402,27)
(121.41000781485133,31.242530086355753,28)
(121.42138090665557,31.252425971966215,36)
(121.41230548231245,31.24574755915919,12)
(121.36852964446119,31.3140532832765,6)
(121.42698945381638,31.23821931707396,23)
(121.36852365984754,31.314345384386073,4)
(121.38310475976563,31.28404392347493,3)
(121.39584948951124,31.27418719620006,28)
(121.40464960329982,31.277023512510947,4)
(121.35158159236525,31.2816892761861,37)
(121.43765170412539,31.269740056237904,36)
(121.35785381263193,31.305460107093058,2)
(121.42483578019524,31.24433057817241,23)
(121.4478363262892,31.263678269191647,1)
(121.44891223177562,31.259337602183603,25)
(121.45478077507046,31.267878597403197,4)
(121.4357707416792,31.281778558063984,9)
(121.41245421912625,31.246099689557113,36)
(121.44232099831808,31.28676126691277,1)
(121.41436029116579,31.236403406637788,36)
(121.40618472534243,31.29978122678289,36)
(121.37766454602973,31.245950021413996,37)
(121.41158916312045,31.243133976700086,35)
(121.43108448334243,31.271396778575085,8)
(121.41093222858957,31.230615413547188,21)
(121.40977935843561,31.259473405942792,8)
(121.36449016020181,31.239227326395447,7)
(121.45908787029377,31.24992896772536,1)
(121.40797163026228,31.230339602732585,36)
(121.36453975969573,31.312395393354198,36)
(121.36460487527171,31.288614554431355,24)
(121.463494715346,31.257532121521564,2)
(121.40640293089356,31.24255944042045,29)
(121.38180890683068,31.29334949460851,7)
(121.43048730164654,31.237614637523823,9)
(121.36896172008846,31.249036255785207,1)
(121.42242861007468,31.236395525011982,2)
(121.37949243684923,31.274670455814267,7)
(121.44510055427601,31.2458555233171,37)
(121.37971825209912,31.23472824767985,14)
(121.43093995406095,31.23540254087874,6)
(121.36715923978434,31.30902361602635,7)
(121.42211210605859,31.249947397616868,26)
(121.41815586132283,31.249209390982113,2)
(121.39631566417764,31.273324052494363,23)
(121.37631071992759,31.246300596150807,46)
(121.37984452758171,31.243972170657052,33)
(121.45686652292592,31.260465369224388,4)
(121.38436672343425,31.28109600482072,3)
(121.4593572803724,31.264457482811864,43)
(121.38765020471793,31.257528968553242,36)
(121.46202571206136,31.258419084547867,12)
(121.40670879510932,31.266146494471716,7)
(121.42519857570962,31.241367270160215,37)
(121.37762981443507,31.22768275447401,36)
(121.43916503916628,31.24528831700947,41)
(121.43978286644439,31.255562962442475,3)
(121.3984987406186,31.273867178094264,7)
(121.40969778485149,31.24578446359621,2)
(121.39438113639089,31.245533074403305,21)
(121.3901260347332,31.282442565336655,16)
(121.4095900117922,31.259407966715056,36)
(121.43568436388078,31.25299044138634,36)
(121.40890324297989,31.2465161492944,36)
(121.35347182065344,31.296724639069957,36)
(121.34512459819481,31.299271313577847,2)
(121.36559846059447,31.277695660268886,36)
(121.40452447364845,31.26176531772846,25)
(121.43746217551131,31.240628716072024,14)
(121.40322107822851,31.26153420400049,19)
(121.41323321181326,31.232424978278058,30)
(121.45678303112186,31.251008833081674,11)
(121.40184803163652,31.229365738011193,4)
(121.4181250817035,31.251521426988845,26)
(121.38766898920242,31.234666694445462,2)
(121.37378982213139,31.255445224108726,14)
(121.37284296287723,31.244640311402037,36)
(121.3642204159412,31.30974266249107,16)
(121.4108873971043,31.24390245156434,4)
(121.38571209899568,31.2478921460327,36)
(121.41341366214868,31.266685826496918,9)
(121.3894574711545,31.256421759070037,49)
(121.38596069383102,31.26173728139775,34)
(121.42249900552197,31.231788916886458,24)
(121.41260425626903,31.246406220320864,16)
(121.45936398282049,31.27012504066361,2)
(121.4254845390399,31.24723490666148,3)
(121.38054523285011,31.257152118055888,5)
(121.4256299396602,31.23899684489264,36)
(121.392654956326,31.233557682785527,14)
(121.39296067178635,31.239344495833947,8)
(121.43408438902357,31.236866422598037,3)
(121.44972465235662,31.27326203642577,12)
(121.4004513412055,31.26102836223033,13)
(121.37127588513553,31.312697346027893,28)
(121.37244690401864,31.256170116669555,36)
(121.39229990523778,31.270301622878417,37)
(121.45931037038699,31.25805078810338,3)
(121.4112173644907,31.267310606294156,14)
(121.42796599074819,31.245286599681112,10)
(121.38914192149181,31.24171902023281,6)
(121.38538593012697,31.23668369806078,12)
(121.38731274153214,31.258639072338486,36)
(121.4100740263371,31.246081619852603,1)
(121.39325637012608,31.30241220376716,20)
(121.43593969205418,31.276177327202973,1)
(121.40626387016623,31.244139872262423,36)
(121.45653502198314,31.26231066556139,3)
(121.42534383384172,31.245972213914694,24)
(121.3917133995806,31.29235530360647,24)
(121.3435098428025,31.30110333647894,22)
(121.37216153067303,31.314496414357414,11)
(121.40865886306992,31.233673093067303,23)
(121.39669489012455,31.250732509737123,14)
(121.42697549128621,31.249943576367862,36)
(121.3771162071019,31.287096851638452,37)
(121.42472782009615,31.261852667959,18)
(121.36054074008372,31.280288927756114,36)
(121.43819044083048,31.24099535499644,2)
(121.42123520833385,31.243125936113813,7)
(121.43678717848435,31.236221507619934,36)
(121.45443256617703,31.271894296640408,31)
(121.40296086758181,31.248209335960272,7)
(121.43762136298459,31.276726024092287,14)
(121.40784360149014,31.241387636037015,36)
(121.39607465139142,31.22874130085483,22)
(121.3759880350536,31.30116213450139,36)
(121.43796182161876,31.25399285505586,16)
(121.42243478773507,31.249358916997338,18)
(121.37314754635058,31.228200467103854,2)
(121.40842514680872,31.24695358036207,29)
(121.37076438002767,31.245928364134404,22)
(121.44454231543709,31.25913011589398,29)
(121.447367386291,31.257426547876086,8)
(121.3997445747821,31.300814491972872,36)
(121.42518576526919,31.239502159459203,36)
(121.4145336840583,31.248937774870896,32)
(121.38405104028838,31.254183295438395,36)
(121.44851976978849,31.281706751809075,4)
(121.40116057594895,31.261261653647495,20)
(121.37225634771795,31.313197780643797,36)
(121.40762859265817,31.22968331205145,13)
(121.38419248462455,31.25780256331723,25)
(121.39090990863818,31.268001240017984,37)
(121.45953263063322,31.25799125195762,18)
(121.45388220472557,31.252399026623877,9)
(121.42990131582893,31.252321815426125,5)
(121.41773634900808,31.25193579861278,8)
(121.44805157196322,31.253318536427827,2)
(121.41220705791794,31.24124714719683,107)
(121.41759133094855,31.25076435139525,4)
(121.34875463695732,31.29370706664038,36)
(121.41004392375271,31.24201059485922,1)
(121.42922971013684,31.24747935378514,19)
(121.40678474582096,31.226583280488892,51)
(121.45757796987178,31.24782265661769,8)
(121.40436923688068,31.244314920395613,36)
(121.40464022409033,31.23596882283376,42)
(121.40939337084612,31.263443219505493,36)
(121.38387383032153,31.242490947536357,36)
(121.43870954159365,31.265114624392083,36)
(121.37045924600379,31.248860451450337,4)
(121.41124535184439,31.244322575674538,18)
(121.4479109389231,31.253722800615925,7)
(121.44598484185144,31.254234864480754,36)
(121.38855590082093,31.24047296554347,24)
(121.38509533919664,31.23334591918679,36)
(121.38463396458047,31.257612325698748,5)
(121.40953524064378,31.227790307961495,3)
(121.4347181365248,31.25658322843014,36)
(121.41409066969108,31.246735940897114,18)
(121.44702278464608,31.24217140943639,4)
(121.40307897030334,31.29496300400926,23)
(121.38375859056794,31.229681013424084,6)
(121.40322212125925,31.27348527783184,9)
(121.43445198207058,31.27323166951574,37)
(121.39908889386616,31.291223593292994,10)
(121.4310530066338,31.265466299484057,27)
(121.37205102978783,31.245013399609455,28)
(121.3985494689653,31.24757285792088,18)
(121.4013786256462,31.258148336537396,37)
(121.42744773880575,31.247223943387578,8)
(121.40769842426735,31.239262682408828,3)
(121.43521768423561,31.253995087261078,27)
(121.40435693844066,31.24650378340704,6)
(121.39528850527593,31.232075455856954,2)
(121.39195754210296,31.291921285784046,6)
(121.45160724067132,31.260093867347774,36)
(121.35374836382613,31.307984488828716,37)
(121.40212961992428,31.233290318348484,1)
(121.45430170263944,31.24519449716072,10)
(121.41252821160629,31.258179404954156,32)
(121.40859100835424,31.24672898721765,15)
(121.4090765856238,31.244074489956358,22)
(121.43837848672612,31.258300058793143,13)
(121.44161646816185,31.242737545731682,2)
(121.45546279491823,31.252498730954013,5)
(121.41049987428072,31.259904554257627,7)
(121.4097914828727,31.239415878393032,10)
(121.43271497675404,31.249997869181744,31)
(121.39126942261306,31.296461643974183,4)
(121.38441362911499,31.261422393719073,44)
(121.41519636599939,31.248563378006466,37)
(121.38249088170033,31.272433625497836,4)
(121.38599445712607,31.293076295096988,7)
(121.44121516096737,31.265245015800957,36)
(121.42627330227816,31.239242409836024,28)
(121.42080811336646,31.23831403508664,5)
(121.41129863358307,31.297134246371712,37)
(121.43061237585839,31.234387676770805,34)
(121.40823265287219,31.242287023198873,37)
(121.37083337219529,31.24456985145781,3)
(121.37981714424089,31.243561346341853,3)
(121.38045564971695,31.286208231807525,12)
(121.45502184066757,31.263863574209154,42)
(121.3727603562219,31.255847384297606,36)
(121.36592647516167,31.245617003461224,2)
(121.38613298292249,31.270233173690976,21)
(121.38313536593552,31.283945728846,37)
(121.43866509814481,31.28210479749041,10)
(121.34722608013713,31.302241639493545,3)
(121.40277238494309,31.243101023900365,1)
(121.38588869364112,31.228078192680194,25)
(121.40735620969173,31.242367888792717,5)
(121.45210416876479,31.25489999813129,10)
(121.38545003867226,31.283160027117734,33)
(121.38957314919179,31.251600732347665,2)
(121.39583232113961,31.228702950611684,5)
(121.37008489806804,31.252958545094334,30)
(121.37936229867404,31.274992448416135,36)
(121.42515295760423,31.242930946305755,8)
(121.43204523911717,31.28314359472932,32)
(121.40676627503593,31.225784514684488,36)
(121.4446797646848,31.243208953046228,29)
(121.37412887920365,31.272742356968227,7)
(121.41292278627552,31.231808529910573,6)
(121.36423891857726,31.309486565202086,8)
(121.38595797994076,31.23057040137401,37)
(121.45974228584045,31.2515932564417,13)
(121.42336906527359,31.261758664319917,2)
(121.34029085333731,31.297390626210557,2)
(121.42139824328886,31.27934643405442,4)
(121.45939828480627,31.25682600284265,11)
(121.41335995700811,31.25839127870311,52)
(121.42156967764733,31.246444496088415,7)
(121.37127308445221,31.313621543560203,22)
(121.40630980832121,31.238719628646994,16)
(121.36851906130626,31.2516039133907,33)
(121.42772060719166,31.237722425183797,36)
(121.378564187198,31.233039089425198,82)
(121.42535420726963,31.24774537881669,1)
(121.41756097475024,31.257941506537794,37)
(121.44081903185769,31.256940121890498,63)
(121.37517295671533,31.287098258585985,37)
(121.3906032295436,31.25431765013149,36)
(121.41165089390863,31.25169376712852,30)
(121.40630740750242,31.245659514783114,36)
(121.40746861966666,31.229912421229308,28)
(121.44958967699839,31.258607039539303,6)
(121.3350034973536,31.301580004339893,36)
(121.38948086969472,31.260770660648806,16)
(121.42388108269736,31.25577869210972,25)
(121.45054970138844,31.260605107615493,32)
(121.3653683957703,31.24255324321689,20)
(121.40869040629184,31.251406050675627,35)
(121.39015615307996,31.269056682064065,1)
(121.35405241166016,31.297024395130332,1)
(121.40571048339658,31.245593023294596,2)
(121.38255267955542,31.246297382788885,3)
(121.42409399769333,31.24558503280981,20)
(121.40180842071389,31.251757686655225,30)
(121.4264518030964,31.281500493056853,6)
(121.4598226822542,31.267361275253542,15)
(121.40893361727251,31.231197937318203,21)
(121.4212943309252,31.243416275579985,3)
(121.35737683857171,31.279735560491822,1)
(121.3970440971574,31.264764614834558,14)
(121.40344739593272,31.230318331568323,1)
(121.36908158497623,31.314326163648627,31)
(121.39046193362803,31.252479019933507,143)
(121.45610831115945,31.2519155301183,24)
(121.43845036751269,31.258111973088614,37)
(121.42208088525898,31.235658007057967,13)
(121.4289769955529,31.247299524029163,36)
(121.45622159996934,31.277148794045452,15)
(121.4304471356278,31.23512754864615,18)
(121.37850806741254,31.277194789114485,36)
(121.4408404368817,31.258326823280946,13)
(121.39808443596934,31.303685837821664,37)
(121.43882228717148,31.252910179068998,36)
(121.42520226930066,31.239498562872562,17)
(121.40139272113692,31.2571647922972,17)
(121.41262120367766,31.258417485368177,25)
(121.35731862609875,31.308644831304164,23)
(121.40237145977332,31.233464582209468,2)
(121.41119229198631,31.243492213810526,4)
(121.4259465165416,31.24929718741883,28)
(121.42557245478041,31.244241251971186,28)
(121.41823855383228,31.253477686531532,5)
(121.43275986129383,31.267076083439417,15)
(121.35029007402227,31.28403993874373,34)
(121.39819519567196,31.303471987145848,36)
(121.33652102947714,31.299441501151847,36)
(121.43754821871137,31.2495895476304,1)
(121.43661394277187,31.25331537589499,30)
(121.42276030170619,31.246939616612217,32)
(121.40512645009719,31.228532709398277,13)
(121.42772060867271,31.237739432895477,36)
(121.40452667448847,31.254943731717045,24)
(121.41440080205204,31.269529351102978,13)
(121.41877138594676,31.253831597399166,37)
(121.40927600016441,31.224610859840837,36)
(121.38134074780251,31.286438244716667,36)
(121.40593711949535,31.279203645570565,2)
(121.42790392958685,31.268391263004954,7)
(121.41308747617711,31.261722291609065,2)
(121.4136331171388,31.249886476836746,48)
(121.37846866001824,31.277207282898594,13)
(121.3859429564188,31.230473343812072,36)
(121.34598865849553,31.28099389855249,36)
(121.37994726361654,31.23153803420077,5)
(121.43573758650443,31.245008838451362,23)
(121.37142561679076,31.29419160243648,12)
(121.44872928459209,31.255357204929634,25)
(121.38761541212921,31.234353108641535,14)
(121.43777818963503,31.243267353520594,36)
(121.38681080197452,31.287804870615144,30)
(121.39531880560904,31.223838662774053,22)
(121.40214512229448,31.264595313724435,9)
(121.40242773695242,31.259441155575704,23)
(121.39139995126999,31.28991712502108,26)
(121.40971154172645,31.259504291783813,36)
(121.4352437695284,31.26017494927952,32)
(121.40834690500073,31.245286359768986,10)
(121.38188545755816,31.29863665986818,19)
(121.35363137781432,31.287804359367687,11)
(121.43350966373399,31.251031525059005,6)
(121.4235648895391,31.236973760001334,25)
(121.39779859689675,31.231975458541005,2)
(121.44533431178019,31.254287685991244,19)
(121.44033085070947,31.25495889494181,1)
(121.42522910406272,31.23630295386068,31)
(121.40992749505959,31.242830069079606,23)
(121.39669446022239,31.245801323059585,7)
(121.34620061360543,31.299483685863315,36)
(121.38942742526828,31.25618763518155,34)
(121.39913658417971,31.288371678084022,4)
(121.38206635328143,31.280188557939923,33)
(121.4247951952346,31.2784679350373,1)
(121.45478697757326,31.272418789757534,10)
(121.39163101698695,31.230129370918025,3)
(121.4402888337762,31.244126078152647,52)
(121.45117110848525,31.24578299491641,20)
(121.39504512856831,31.240854323605713,36)
(121.41476036650447,31.234921397839194,15)
(121.41390507850885,31.244900995262327,7)
(121.41883840256186,31.253935211226295,26)
(121.43124896839528,31.233541968624877,32)
(121.42578637658355,31.245820778465326,17)
(121.41194489314992,31.252052471696604,3)
(121.411678668584,31.22625925989376,18)
(121.4347937578446,31.25352980035321,14)
(121.45944579196193,31.254231814361937,3)
(121.39040712508536,31.28934722800605,36)
(121.39420604591781,31.264929466256135,61)
(121.43784779685531,31.251550939268164,3)
(121.40768278397212,31.243378535202122,36)
(121.37510719446723,31.271438024750225,35)
(121.38045601230266,31.29036890935159,36)
(121.44748875376418,31.257892920106077,23)
(121.42225666900558,31.246300681568844,36)
(121.44196000200225,31.244657877214337,13)
(121.41004062500828,31.24460289323725,11)
(121.37859809428791,31.22958310164244,7)
(121.38604005317211,31.29939082668451,3)
(121.39509962219478,31.24615572587876,23)
(121.37269125846615,31.255937333754893,11)
(121.37487159828368,31.310074163350283,35)
(121.36307147864383,31.23992548503811,6)
(121.4176213161701,31.250793350028832,36)
(121.3839447317141,31.271834891795255,2)
(121.44411548259112,31.251400440908427,3)
(121.42642036695074,31.24578570205244,54)
(121.4124131872793,31.246040094281632,11)
(121.34623896578087,31.30879634776728,36)
(121.40274729730747,31.299449711230555,1)
(121.37240145083076,31.263276128052155,20)
(121.38953940689785,31.28278715719404,2)
(121.39471722067127,31.244147633099306,32)
(121.42647189858887,31.248463366063373,8)
(121.38242644016158,31.279704585045405,36)
(121.43823727154849,31.2643979789341,27)
(121.42192782458508,31.233535140901154,36)
(121.45230610382825,31.277199755129303,2)
(121.45000088234269,31.258666777365804,27)
(121.41121530854194,31.243744322482303,8)
(121.38291552333081,31.28571452090906,36)
(121.44397194972991,31.26502858883167,37)
(121.3993448340322,31.271091308510844,37)
(121.39424125479256,31.257214088654248,32)
(121.40434433085748,31.244295115353996,18)
(121.36428532502495,31.309464870595658,36)
(121.4392401309494,31.236337175728845,5)
(121.36779493890167,31.296298624300373,36)
(121.36402160779612,31.239601692686687,82)
(121.38230827661579,31.244907522087686,2)
(121.40992839530153,31.24026527416948,1)
(121.40745728837064,31.245367252289913,12)
(121.43596413600979,31.260226089774132,5)
(121.42624233946349,31.239299462334976,26)
(121.43733020298612,31.26945837358715,7)
(121.38411559176515,31.249276898631326,5)
(121.3991192847364,31.23210878765143,1)
(121.38273756680793,31.231057669457,1)
(121.37177330642176,31.239793003093475,2)
(121.40487886082614,31.231919248242583,37)
(121.37881876674531,31.253933849390872,21)
(121.43899881247904,31.262382044108456,4)
(121.39485892598408,31.29714102141584,36)
(121.43225442207557,31.231151759217454,36)
(121.42253134901743,31.245258027538675,36)
(121.41711867522298,31.251655962097395,36)
(121.41230057496094,31.273013785936993,3)
(121.42192862685582,31.24274231204206,13)
(121.39100863020032,31.2667382830056,9)
(121.42503869054784,31.240888184145913,32)
(121.41709296857735,31.22881389307456,20)
(121.44246200386793,31.243943776303666,17)
(121.44524898989872,31.26384221627742,37)
(121.35097837150606,31.282228426644867,27)
(121.44464002098135,31.24648239921694,7)
(121.41093337884634,31.24380940202408,17)
(121.44078822832462,31.257174180473374,1)
(121.42474151509155,31.247046178680364,20)
(121.45641883135507,31.250984177696836,7)
(121.40179651886729,31.236458514082013,36)
(121.41636929210621,31.23123609921797,11)
(121.46150912823295,31.269986217219376,22)
(121.34125989601601,31.29306186780927,27)
(121.38230794370153,31.241081806497,4)
(121.46156132514638,31.262368852576053,19)
(121.40985775825196,31.24577443975596,2)
(121.40511081451132,31.29500976979574,36)
(121.39698038469939,31.240963649887508,41)
(121.3918068123099,31.22742433496905,11)
(121.38594504488114,31.254461111497626,5)
(121.45728091879141,31.250682807614176,4)
(121.41838639049762,31.25364731715966,14)
(121.43480870400577,31.25316762292674,34)
(121.4024887283003,31.259189058615025,16)
(121.42789259580113,31.262736310912832,9)
(121.43581930235186,31.258781564302787,10)
(121.43214394070978,31.28125070845101,2)
(121.4581145340853,31.262885736760857,29)
(121.41615812531357,31.251030097939054,37)
(121.43787747845403,31.24845753148977,36)
(121.40456838361163,31.27712009571907,6)
(121.34370044458977,31.291598942898684,30)
(121.40309942997982,31.25601583916008,28)
(121.40320005530481,31.235844398906973,3)
(121.37794305746465,31.29355342605386,36)
(121.40512897525898,31.25749169358957,13)
(121.41798020616442,31.25194968681462,8)
(121.41443053261341,31.235251659400635,13)
(121.4111003163014,31.243525245347026,4)
(121.3887082827163,31.238723344493028,7)
(121.40499030931831,31.226946911540622,2)
(121.42726494996604,31.24734216260381,22)
(121.40089501661936,31.27865992747401,30)
(121.3930468967654,31.264211486760374,34)
(121.39932603118288,31.25868967646603,18)
(121.41313168688357,31.246381630629887,15)
(121.4247410725174,31.24196690801229,21)
(121.42224168382897,31.246328704268816,5)
(121.3893433465434,31.256105537920508,17)
(121.4035040251064,31.301452528334142,1)
(121.45621946350549,31.25249226077547,1)
(121.42784976155592,31.229682628888675,10)
(121.42390315961106,31.24542910844817,36)
(121.43816763902284,31.258212918688574,21)
(121.40634211596193,31.245718321806745,3)
(121.383271592706,31.247421579441646,3)
(121.45826241905935,31.27227704312045,6)
(121.45378367720747,31.255107412082626,36)
(121.44147427391616,31.246649962818218,1)
(121.42273336540978,31.235940686118706,36)
(121.4384641404253,31.244292863173783,5)
(121.44044864782256,31.247125570922847,6)
(121.38765930422112,31.24528827925808,1)
(121.39223405065036,31.238072479877427,34)
(121.4157873907723,31.2749014886515,1)
(121.41500738697574,31.259303150002573,6)
(121.38688309319765,31.244407456263954,36)
(121.4246129637788,31.250780934582263,12)
(121.34830197791234,31.285746050808047,36)
(121.39557025903216,31.247177463923908,36)
(121.42626623315408,31.27880890681149,4)
(121.38293094024233,31.290301386208252,36)
(121.42929955913954,31.24670894155956,36)
(121.44336224793653,31.2663801509512,2)
(121.4403488493018,31.25474206967443,6)
(121.42770918259663,31.269608920830315,4)
(121.4507484232134,31.274078456030086,2)
(121.41354385712424,31.26945096175,5)
(121.41075109154866,31.228592511669873,6)
(121.42058130846888,31.26154243761892,37)
(121.44031812877643,31.28083789293666,5)
(121.37328163672042,31.247754767255305,29)
(121.45490308677643,31.25659378698618,14)
(121.40621880548196,31.24341054415419,9)
(121.42317436696706,31.274704293709643,2)
(121.38281711964356,31.29384669073192,37)
(121.3713137911458,31.313604249178226,8)
(121.43119559291742,31.239909920392897,2)
(121.41455084125971,31.273732448139167,2)
(121.43649265450975,31.243559323544265,36)
(121.43263937595172,31.28252666904373,12)
(121.44917032575162,31.24392434220536,5)
(121.39154484869961,31.269083755693362,22)
(121.39921581247421,31.2714043972107,33)
(121.42741581097752,31.265239869258334,1)
(121.4556641293615,31.245860273806638,14)
(121.4400857352575,31.237182333735067,5)
(121.42750797720025,31.23925331470814,15)
(121.36810173867387,31.288853872015714,36)
(121.3693259562977,31.31396436971507,36)
(121.39034690122924,31.30398889052527,46)
(121.4387777750948,31.257644309869637,36)
(121.40394040536783,31.286864893544426,2)
(121.43040581211218,31.26522288297095,15)
(121.42508583009034,31.254480181846812,36)
(121.40314144050126,31.248487562517766,36)
(121.45938260879832,31.268529210921134,21)
(121.41442262794207,31.235108853265395,11)
(121.41103538116614,31.244098513598395,3)
(121.39194834345521,31.229226010811963,36)
(121.42777091498073,31.23526562973429,21)
(121.4189369269796,31.25395283181155,4)
(121.41229978089012,31.244581860200746,36)
(121.34341067841649,31.30174139983029,37)
(121.42533013273963,31.260704687132794,37)
(121.4347406848602,31.26325608475674,19)
(121.35053299410927,31.286919756803062,36)
(121.39560808894743,31.246875002782918,27)
(121.44145937573997,31.270076816085677,14)
(121.37722523603323,31.2457699556559,36)
(121.43633853966045,31.243708478654927,1)
(121.41874198141828,31.277674292214712,32)
(121.40745678050656,31.266146492981587,33)
(121.38373339299729,31.248722103640166,28)
(121.3751496599835,31.25440242486279,6)
(121.44468875242715,31.278961264784204,1)
(121.36794364760766,31.233207688167877,36)
(121.3605831436304,31.28630431875907,36)
(121.40338990084966,31.247695179832306,3)
(121.3570414580495,31.289949051237276,6)
(121.44789924952244,31.245860510065125,33)
(121.43792830233538,31.235332646792557,10)
(121.44385861167048,31.27009292384033,1)
(121.34764471068692,31.28747355503245,36)
(121.37846785989302,31.27708708303007,36)
(121.41027077974867,31.22828316797461,29)
(121.4144246070983,31.23586162111896,20)
(121.42217202727359,31.259677296305043,17)
(121.40345388746684,31.304697871457837,14)
(121.34885665477631,31.30164181426031,48)
(121.4587157479834,31.26032732734527,3)
(121.3847361958044,31.257838256569254,36)
(121.35273696138749,31.2812251208908,2)
(121.41259460831098,31.22856812143629,15)
(121.42887476361066,31.265674666195622,17)
(121.39742625475968,31.23934273589069,37)
(121.40588440459206,31.242319034332336,34)
(121.37686440732139,31.268398850673872,18)
(121.40808659005185,31.229969427267203,37)
