(121.42516861014155,31.241424320236515,36)
(121.43897832263211,31.261903666142945,8)
(121.45552079402812,31.27076458594804,21)
(121.43124675319338,31.265791276811573,24)
(121.42921667973778,31.258417168724776,11)
(121.40333475938841,31.269110455640206,40)
(121.36496761967773,31.313177841530184,17)
(121.44600294727077,31.260889555245278,36)
(121.37287721246325,31.286687504855053,35)
(121.42336311158829,31.26222887093611,12)
(121.38019999809391,31.23273605045361,6)
(121.42069676424713,31.27670785532002,26)
(121.42223001465534,31.28437394456201,3)
(121.44440600668258,31.243658403167036,36)
(121.39281143213063,31.259395112927088,20)
(121.43668401981455,31.24102339682412,81)
(121.3722993453078,31.229288867736685,7)
(121.45155417915281,31.25797805319401,32)
(121.4434845938867,31.26157389613287,19)
(121.42279170281337,31.26330374345353,36)
(121.41287942440819,31.24684327699855,5)
(121.43856022393224,31.23889502937091,14)
(121.42305384305183,31.24382510986712,1)
(121.3649725203449,31.313277941877743,5)
(121.45485181194518,31.271964532612504,11)
(121.45824288812702,31.247753849071614,29)
(121.37661591111713,31.23209153699181,17)
(121.42478061067531,31.2600338417395,14)
(121.388663581234,31.254097153720256,34)
(121.446376713395,31.248883528198366,20)
(121.4271492206009,31.237529860868104,21)
(121.40497331422753,31.227124044609457,2)
(121.37216148004802,31.313915196224784,5)
(121.38005522237073,31.241018459669085,2)
(121.38380485896342,31.232185207707516,37)
(121.39425155457555,31.239776421577943,37)
(121.36417761009965,31.309411758322426,14)
(121.4195117785161,31.235326439469247,36)
(121.43199845418118,31.261967762997543,22)
(121.4373767659353,31.26531154901101,36)
(121.38179187136593,31.28168676683319,1)
(121.36506646736152,31.27708561013027,10)
(121.43999585455255,31.282205219376284,4)
(121.40812885294565,31.242522396575943,11)
(121.45389817311012,31.252478029185188,8)
(121.45198188701376,31.277507514921357,7)
(121.4305879746865,31.26707231051304,36)
(121.43279962631269,31.242076102451776,6)
(121.38716868529538,31.27104625474796,36)
(121.45480517701709,31.259423217035657,9)
(121.3830460804954,31.29041554328295,36)
(121.39334215126564,31.259938012123662,10)
(121.44608736011484,31.24155530580049,36)
(121.43828793626002,31.23856453084201,12)
(121.40865388172982,31.245662899246696,36)
(121.37104989944571,31.269735080835606,36)
(121.38310360338536,31.24971343366395,22)
(121.43670622258065,31.235250172585815,34)
(121.40577049886362,31.22364107754278,2)
(121.36574661212921,31.276440360540715,2)
(121.4247640830563,31.242341057843756,18)
(121.37881882410917,31.254593137910522,1)
(121.43757446801662,31.265584397229983,17)
(121.41509643777133,31.237411412428518,2)
(121.4089727594245,31.2997894566231,27)
(121.45665480501785,31.269052488513196,36)
(121.42519936401209,31.25041430264261,36)
(121.40093954412968,31.261631755802632,13)
(121.38134796908172,31.265896714462656,2)
(121.4062423959071,31.238706426769348,2)
(121.4309766903897,31.27608120249005,1)
(121.41655693051209,31.27060597402449,1)
(121.43889852623245,31.25985878634997,2)
(121.44634591471868,31.244834145245935,36)
(121.42611099262052,31.254663921669223,19)
(121.39610820483956,31.237653117739566,73)
(121.43802190266368,31.240918022909153,33)
(121.45547349836713,31.254500697166115,36)
(121.39500193602262,31.2733604327664,26)
(121.42512409875876,31.2417735395511,11)
(121.39097562547103,31.250652087557206,22)
(121.3775215535381,31.271273827532227,18)
(121.41494017391979,31.258817463452978,1)
(121.35164524706607,31.299293441608057,36)
(121.38082637664604,31.243335313350162,5)
(121.42674590178076,31.24036050173039,13)
(121.44847079439205,31.254766415672062,18)
(121.42458123156577,31.24204006729166,37)
(121.43747321701359,31.237858330398776,3)
(121.36816518755265,31.29279554072034,37)
(121.41177535134759,31.27063289973946,3)
(121.40541835969744,31.26165151482861,10)
(121.44605015237828,31.241631799114888,37)
(121.37234775512778,31.256213005611993,23)
(121.38811490087163,31.25193078111538,10)
(121.43020698597957,31.252891750331713,2)
(121.34853184798469,31.29010422532833,1)
(121.37404675656194,31.272729248130663,36)
(121.46004612774655,31.247562797340855,1)
(121.38932833119983,31.256076514262784,49)
(121.41262356142418,31.274871568493996,34)
(121.40165238366228,31.248478361700553,2)
(121.43879089188468,31.236279788676438,29)
(121.42605866283552,31.229358080228426,28)
(121.42604522812744,31.247152151949415,2)
(121.42590036286084,31.246994204811877,34)
(121.39455830195264,31.257663508016808,23)
(121.41688810332401,31.232194316947528,32)
(121.3443166545118,31.286288405401194,32)
(121.36555294659406,31.2496095672314,36)
(121.44451139619262,31.25935526443965,21)
(121.42233596761824,31.25888653195726,26)
(121.38772419408566,31.270900640470305,32)
(121.37939683617064,31.27324503818684,36)
(121.38945746731832,31.256377739897196,31)
(121.40637898029682,31.245376428352152,36)
(121.45922257702858,31.253755215845427,6)
(121.39145023664378,31.281284653403358,9)
(121.37165129134527,31.25180815804728,1)
(121.42346414660399,31.27335913830585,37)
(121.39164904333391,31.26836891012555,25)
(121.36418001034838,31.30971765790284,17)
(121.38860677477935,31.29133271572144,13)
(121.44504491892805,31.25458130026776,36)
(121.43836240619035,31.26423767593238,39)
(121.39058803354402,31.25220571352573,6)
(121.41233741960146,31.25990419747988,12)
(121.36175326513796,31.240533670446197,6)
(121.40208405489328,31.263988040920555,2)
(121.40313769519786,31.268779282934034,36)
(121.34967001816256,31.303176962328614,23)
(121.38325514208293,31.242450343975932,36)
(121.39388607613664,31.241951751417897,51)
(121.36900780585425,31.249146369233227,14)
(121.43225139785193,31.230826613148544,5)
(121.42306656447751,31.230044249299937,2)
(121.44106114007225,31.238837632369684,1)
(121.42710998055995,31.28005928533856,4)
(121.43620405241336,31.270119146216242,35)
(121.3973898173414,31.257470755932932,37)
(121.45573336683866,31.271927633856656,26)
(121.4316406182581,31.269836514604428,6)
(121.40628003210551,31.24599270009584,23)
(121.45136346025528,31.25616162983255,6)
(121.42524187985413,31.247982455189884,37)
(121.45354118853524,31.265801515817703,19)
(121.44765598219972,31.24832003739901,6)
(121.3821941252061,31.244691312247703,37)
(121.46067779756224,31.251742230549546,17)
(121.43492109060267,31.274431991752817,2)
(121.40540708868248,31.238795443221296,3)
(121.38463169743845,31.24765099040125,2)
(121.44721009252284,31.24186720134999,36)
(121.35564216432061,31.284232373165715,37)
(121.37225886285668,31.25174821459416,17)
(121.36521181480367,31.278120257142508,36)
(121.3699016566325,31.25359957384679,23)
(121.35532850460848,31.28392671321316,7)
(121.40066735921512,31.294830411624464,36)
(121.45766471716948,31.251626810352775,36)
(121.42609798745228,31.236431553133823,37)
(121.37710979183959,31.28045316897097,39)
(121.44629030237041,31.241630741319003,17)
(121.41876423179899,31.234872637299922,6)
(121.38250200970023,31.273757190763476,36)
(121.4283351868365,31.26382736031053,11)
(121.42651710041093,31.239856475471676,36)
(121.4102995088248,31.243809502462206,14)
(121.43876727067556,31.239418267817925,18)
(121.40515809593644,31.247383254200642,27)
(121.4433839167151,31.251571701506037,5)
(121.4333732317045,31.25087879830979,16)
(121.36209834028574,31.24553145526677,12)
(121.38986914528132,31.248713670207977,2)
(121.41926368117842,31.270915649658786,1)
(121.43871937237147,31.286299430893262,5)
(121.35956922168343,31.278254634005737,36)
(121.36696532660731,31.237183085667343,3)
(121.44586060043065,31.251966916327735,2)
(121.45818331316543,31.262393376266687,36)
(121.42203094855182,31.281749006265105,36)
(121.34544284329088,31.28656314841827,2)
(121.35521470210118,31.288872521400837,36)
(121.41090575764342,31.23127612571281,19)
(121.45210636915638,31.254793098684825,24)
(121.3808255874125,31.23426220893767,25)
(121.4520954742351,31.27998214933843,1)
(121.40358754536257,31.299424549585584,22)
(121.41164864413916,31.225889094250807,6)
(121.43933923273266,31.239462450566304,1)
(121.43048207924008,31.26938757239892,36)
(121.44183172668487,31.261738570403992,35)
(121.41054344595776,31.24363338707964,33)
(121.43664445262547,31.259719124984255,27)
(121.39377541664317,31.25030274957546,14)
(121.39058696130537,31.25053204691814,9)
(121.4258954603228,31.24226323193437,18)
(121.44722304625455,31.26151056957597,2)
(121.38990313649076,31.28272819024802,36)
(121.43001083385145,31.246732632564985,26)
(121.42588063544804,31.24519289212209,35)
(121.43588244823327,31.245985087929565,36)
(121.4237051025028,31.23777715630994,36)
(121.42947770422295,31.232901750113854,11)
(121.372372446641,31.286772882191393,37)
(121.42901584916959,31.248442693238633,2)
(121.42599733664201,31.245538874238193,1)
(121.38378862675665,31.229718058683037,42)
(121.36757040764415,31.249274380407538,7)
(121.38839765956952,31.246411543053277,8)
(121.3927865219542,31.250486367786547,28)
(121.42869251968662,31.26559112926863,25)
(121.41916958450004,31.253400710607288,30)
(121.38388531802563,31.28094026240276,15)
(121.40645666556841,31.233184200482082,8)
(121.37238668680766,31.26625638173693,15)
(121.44730644814047,31.245163251162786,4)
(121.42951161236259,31.232937556922323,9)
(121.37750554215548,31.271391858737562,12)
(121.42849037282522,31.280230559543508,92)
(121.35456417070839,31.28644742529956,28)
(121.38306797862838,31.24298940606269,40)
(121.42336452163225,31.26820502771629,36)
(121.45701011910724,31.2484968265786,17)
(121.3682700235608,31.249445186027803,36)
(121.38900826801682,31.269998248971884,25)
(121.4371792291562,31.266960517911482,36)
(121.40449193681113,31.303580578636005,32)
(121.40630280490831,31.29244591986442,24)
(121.40992179353603,31.259595735319728,22)
(121.40976423473204,31.228127437406336,25)
(121.43718861569938,31.254051538577098,29)
(121.44842234479226,31.26161207349573,3)
(121.38393706341753,31.26736887426303,36)
(121.39025626662374,31.258007639940054,2)
(121.37220453903754,31.313197473400926,2)
(121.38305314940426,31.284000014871097,36)
(121.4310368028765,31.251425227909493,22)
(121.41199157254712,31.22612513106655,11)
(121.4387924782052,31.25452292811771,2)
(121.33927061289792,31.301420087275808,15)
(121.4029474942362,31.24208943567306,16)
(121.39605120489456,31.2237569777433,12)
(121.38193515569803,31.2430975443835,14)
(121.41636717727317,31.23997064963489,27)
(121.38687994423695,31.241933663173842,202)
(121.41093774422224,31.234019796086205,36)
(121.41322958308893,31.253588220788895,36)
(121.43113750725698,31.27245916779447,28)
(121.41630626890829,31.287886609852684,4)
(121.45917698361048,31.257394344763643,2)
(121.44044603506357,31.259420665020052,36)
(121.42302263396799,31.22756213344212,16)
(121.38636431437247,31.252761724273398,11)
(121.34291947082467,31.288760348042885,33)
(121.42432266700109,31.244234253218302,18)
(121.36427062234598,31.311807063572683,26)
(121.40232964588911,31.24415390668791,6)
(121.4631984113886,31.269314038372308,35)
(121.38187965774982,31.23204027096266,35)
(121.39467480803185,31.274129585417125,19)
(121.38206635328184,31.28018875793943,13)
(121.4415038530539,31.256271705334314,5)
(121.40294215173672,31.240039677742708,1)
(121.4135524125594,31.252554637756756,9)
(121.40475072876352,31.254885177599476,23)
(121.36275783520378,31.245548338625916,1)
(121.41039020901152,31.276099399918127,36)
(121.43452910348259,31.260068509261597,5)
(121.4362850193262,31.236772419147616,19)
(121.40546310953837,31.24728623409619,1)
(121.4146770866326,31.23130777229327,36)
(121.39265966494975,31.28756096835143,14)
(121.38069990785152,31.28571929000325,31)
(121.40850958822172,31.276200680695087,3)
(121.35092902848419,31.284209790114655,36)
(121.39645695759357,31.302003922743186,36)
(121.3972155031719,31.266289476626394,10)
(121.41041498206096,31.249488012511303,36)
(121.45807644691914,31.272262801428177,5)
(121.38291592721656,31.29034739010713,20)
(121.43485928032241,31.260241073806043,22)
(121.43127963884795,31.26258245833407,37)
(121.3887740400852,31.291397899766164,17)
(121.42554117695433,31.24069568583145,5)
(121.43569816359175,31.239459395541875,6)
(121.40211961754726,31.23304731679737,3)
(121.38821512966983,31.22854792765739,3)
(121.42503954865926,31.254243605759157,1)
(121.43294223865976,31.251374075365977,17)
(121.44383865896398,31.243774904328756,6)
(121.40823163511457,31.230612716176218,26)
(121.4277207852345,31.26821952589983,12)
(121.37122458350062,31.28478480101514,15)
(121.42044420231238,31.28446168709483,161)
(121.4422676554836,31.283288239791133,5)
(121.3713968201014,31.250815797230928,24)
(121.37736833749165,31.2711756094658,30)
(121.43784704731014,31.242933109193103,34)
(121.41000956749407,31.243881574691294,1)
(121.39885202198684,31.23191093513832,19)
(121.44809039898576,31.25228801414486,36)
(121.4432117181242,31.27994007339998,1)
(121.42162209184825,31.26267407593505,12)
(121.35593589958526,31.285898550077405,35)
(121.37661392732706,31.232684988810792,22)
(121.43883851298202,31.261142772511278,17)
(121.39444440097775,31.271072181610563,36)
(121.3741288572714,31.2724902512444,36)
(121.4158309635599,31.28136621407064,3)
(121.41894482894368,31.25405433327014,36)
(121.43780458337456,31.282696235040735,36)
(121.38151638479789,31.253927147043818,3)
(121.44057890102701,31.258183106270604,9)
(121.45198112294207,31.268702826552225,36)
(121.40322156069413,31.231969110669596,36)
(121.45107834072269,31.24980836114553,29)
(121.45227350121728,31.25497402533909,16)
(121.41849687715671,31.228867020062864,19)
(121.35104108139114,31.300488837071896,36)
(121.43211242875779,31.2634362659467,35)
(121.41719819510905,31.238798396538844,14)
(121.3631756744799,31.30491995504939,22)
(121.36669047005869,31.30904225801149,25)
(121.40379312393347,31.260975051015457,36)
(121.44365257675067,31.265102138448857,3)
(121.45337265152374,31.25498618241408,36)
(121.36871764556996,31.25284659124946,2)
(121.45913445751907,31.250270235273245,4)
(121.3806826782278,31.299174289394195,27)
(121.34916715438186,31.289476121406786,35)
(121.40458533996056,31.239336594308515,36)
(121.45134985308492,31.271818360691082,5)
(121.38086156916279,31.2910456051458,12)
(121.41068888276087,31.265646283041953,10)
(121.45127935043969,31.252677266192375,11)
(121.40205667943607,31.26192541646521,14)
(121.44742253919104,31.2539590159738,36)
(121.39165011510583,31.278166497978926,23)
(121.44420969538469,31.279120732709302,8)
(121.4349360809969,31.23672611982068,17)
(121.38212507559064,31.24504640208432,2)
(121.37691955615766,31.292240722073117,4)
(121.3776534108208,31.26476518221009,26)
(121.37508925227196,31.2378503240278,12)
(121.36834463501376,31.24944379556372,36)
(121.43796482842056,31.25412791006628,31)
(121.43683863932068,31.273315134372773,31)
(121.4160971815116,31.251326253161213,36)
(121.35532957505276,31.29627566783978,2)
(121.41100226023673,31.28975979971234,36)
(121.36681438844867,31.308900673589445,36)
(121.4120551204843,31.259470580248394,22)
(121.38465207856366,31.25776794223163,36)
(121.45405735343556,31.24746449206224,7)
(121.43465742954214,31.23769717612682,16)
(121.3867179045913,31.27610136436849,22)
(121.3681276517585,31.241222587626062,1)
(121.37093168158538,31.234799574015334,20)
(121.40712090573453,31.258696956809903,23)
(121.45239794888148,31.24338197229089,6)
(121.43723107805077,31.254715166420972,27)
(121.44143573861554,31.26500757917657,36)
(121.3985183808856,31.24671046326011,13)
(121.427213344929,31.262685914558844,12)
(121.40654277954327,31.24305039200998,18)
(121.42307435833688,31.26215104700773,33)
(121.40062973748103,31.287119278223052,25)
(121.40670772234553,31.253852182996763,20)
(121.4179951001898,31.250837189477547,19)
(121.45003111608698,31.251962315355662,3)
(121.37497407564909,31.2377321288576,4)
(121.38118778356171,31.26597858492882,20)
(121.43224108709245,31.250048292821443,36)
(121.42305837128445,31.262140053771706,36)
(121.40112385755494,31.25027865196284,17)
(121.41412248246189,31.256193095815252,36)
(121.45376917092483,31.260387735183112,37)
(121.37600304560064,31.3010401049847,36)
(121.38281220590673,31.25794092918643,5)
(121.40424414235814,31.260467891602048,5)
(121.39613821234742,31.23197613461067,9)
(121.3759584751221,31.30669923861377,4)
(121.41026954454853,31.24415466124158,18)
(121.42139763767736,31.27240654641045,11)
(121.45346938646894,31.262172089906073,10)
(121.4226837386173,31.251200556992007,36)
(121.37262868090517,31.23885666696741,4)
(121.45402644402604,31.247647635875417,6)
(121.4274788642742,31.260519739951757,36)
(121.45091606416409,31.265365916542077,13)
(121.43762074342372,31.26961004352236,29)
(121.40492907177116,31.26031330330795,7)
(121.42791233178552,31.248502080436538,25)
(121.43642352336404,31.274877856446693,5)
(121.4569800349604,31.24664606823635,13)
(121.37716167081969,31.233069414029377,5)
(121.42336103536624,31.238409356225365,8)
(121.41873157839653,31.23402116569574,9)
(121.37041526147044,31.24661047282346,6)
(121.4290984158418,31.25353043485273,5)
(121.41085642673526,31.24416457412284,37)
(121.43864384276587,31.238829645410387,7)
(121.44600396137407,31.25441160321017,4)
(121.45039080568368,31.269177070582604,2)
(121.3923610884404,31.271901333901624,19)
(121.39508894695652,31.264814335692492,28)
(121.376968583671,31.270414264863067,36)
(121.39608847925773,31.2359387862275,27)
(121.41067262978761,31.234577272068044,9)
(121.4228605254167,31.261947112039536,29)
(121.41213894110636,31.24597452393937,19)
(121.42409360767529,31.24110902690885,24)
(121.43453297274364,31.24008514028567,10)
(121.36317187393864,31.305026054384754,5)
(121.41749939116869,31.23803449222528,18)
(121.41172864386162,31.22612618780436,4)
(121.39804603706601,31.256558620807958,19)
(121.41142511832133,31.287968124565513,2)
(121.41403851139891,31.236250039574514,9)
(121.43476533566488,31.282599162419803,36)
(121.40813485430819,31.247861187513998,33)
(121.4404614522508,31.25469415927662,11)
(121.39017164796418,31.259196621966126,14)
(121.38682174011008,31.241028889804994,5)
(121.43002997593973,31.23877964158555,37)
(121.4045906904519,31.244713264817747,36)
(121.39734228850834,31.22870384151291,12)
(121.39854454779024,31.25617902681287,36)
(121.36959781785406,31.27269233878019,36)
(121.4567775497519,31.246657502956026,2)
(121.40225745033234,31.233651644400553,19)
(121.41013789747656,31.22498693306667,37)
(121.41895385842419,31.24345841881789,4)
(121.39592181017416,31.231512504910416,26)
(121.42876033409806,31.250704571441034,36)
(121.3679731737073,31.26664701178268,30)
(121.40682282209589,31.26645962915652,7)
(121.40998070361852,31.24538525050541,14)
(121.41565430843231,31.250320984329218,30)
(121.39212813070235,31.228380980046513,19)
(121.3884055341522,31.26767781069237,6)
(121.4011520635208,31.26117113595597,14)
(121.44237812725213,31.24355473334346,4)
(121.38526988092869,31.225990685372004,20)
(121.38069539154259,31.244018107985656,2)
(121.44768041500879,31.256839386957445,37)
(121.45670766659282,31.268998353811007,24)
(121.45285408337253,31.245778146114002,2)
(121.43234200856355,31.23729954980634,7)
(121.4051416720055,31.231064877268317,36)
(121.42154417436767,31.284820316016827,10)
(121.44915071292496,31.25830663522288,33)
(121.4431782712728,31.251115829829992,37)
(121.41344201482329,31.236460513025197,21)
(121.42286471971603,31.26345856417673,15)
(121.43674373223806,31.253262180912046,36)
(121.42069394034068,31.24681892331905,6)
(121.45797236410381,31.257001029697243,6)
(121.3722462723748,31.287007811780917,36)
(121.38679084425861,31.231071334848963,21)
(121.35847959597959,31.305044381809644,19)
(121.36883717775038,31.314297809520042,6)
(121.38718365378641,31.270521045740622,17)
(121.36901346495965,31.31424103614345,14)
(121.44283813597886,31.28014442873015,1)
(121.40397006184413,31.240467677509507,55)
(121.42499003866706,31.278711569871092,26)
(121.40775867541933,31.23070978082648,13)
(121.44419706735866,31.265581324836145,14)
(121.45350248048643,31.256588622255713,37)
(121.39829149272929,31.249092436326865,24)
(121.38701639172459,31.280825197471305,36)
(121.4189537296762,31.228467083228576,15)
(121.40195035472111,31.250478217775843,30)
(121.37216081435731,31.306271293010802,10)
(121.4419600048711,31.24469089196826,29)
(121.36794086871645,31.266918007106085,4)
(121.4099101323159,31.23869725412881,18)
(121.421643197065,31.262773080142498,25)
(121.42861370545332,31.250544315831775,4)
(121.36054167315363,31.241663642548218,17)
(121.38968023923371,31.27456365743766,36)
(121.41233578991398,31.24121995371117,23)
(121.43137946491541,31.27818844817367,13)
(121.40495866364869,31.231148900015498,26)
(121.41799510298152,31.250869203594913,36)
(121.37399974259338,31.27337045742307,21)
(121.42485518813972,31.23308378702209,31)
(121.38985709482643,31.282688141066043,5)
(121.36503541290256,31.277093566669578,29)
(121.40869141890306,31.263012096678583,14)
(121.46256688404581,31.266066126098163,7)
(121.43396140303778,31.235439729225053,2)
(121.4218800533722,31.235798080673952,8)
(121.42683063415053,31.249796640560735,27)
(121.41755988549795,31.25329414474581,8)
(121.38719853584817,31.269004417531903,13)
(121.43592633952602,31.234037638415426,20)
(121.39479771198592,31.257267361126736,8)
(121.3769635467392,31.26843498202748,36)
(121.38033677185935,31.231794566556413,3)
(121.41504536157309,31.233566341053834,1)
(121.42692070357155,31.24023428950215,26)
(121.3970006308186,31.257481597083814,5)
(121.42733276597792,31.24608454126602,30)
(121.37815584760442,31.27638768894382,48)
(121.4226005615238,31.25982337912017,6)
(121.43395623183982,31.279264780556833,1)
(121.44283257791407,31.28201124582531,15)
(121.43602810934205,31.267629320625925,17)
(121.36535436367194,31.246922078954,9)
(121.39480937405965,31.25993507492877,7)
(121.42729331968667,31.228998826270782,17)
(121.45421924927498,31.273791525378268,16)
(121.41186199395452,31.25521227921204,57)
(121.43770853897908,31.279345290261926,9)
(121.42258559302614,31.260039482955033,36)
(121.43780207544783,31.25388502732983,36)
(121.44585935684319,31.25555735108988,37)
(121.35324076783198,31.278491876441596,25)
(121.42624233371218,31.23923343249027,36)
(121.40648151544357,31.285865691636715,12)
(121.40458148776348,31.25488134303254,36)
(121.44511925821682,31.245840626674056,16)
(121.39791622509244,31.24790276551091,26)
(121.42268735336886,31.249456823078354,3)
(121.3882163768342,31.234940034463435,4)
(121.38662265240333,31.276707170568756,23)
(121.43796057301431,31.262590586867585,1)
(121.40548360725967,31.239039058433246,2)
(121.41875785859159,31.253474962801864,7)
(121.4002252446254,31.24479918293229,3)
(121.43074839851018,31.265466625460945,36)
(121.41746202281415,31.25784351028407,19)
(121.45135114467392,31.25017401635376,14)
(121.38081502531423,31.28545030098598,8)
(121.4213486204945,31.237393277626772,6)
(121.40320451350917,31.24362633529925,3)
(121.41622530956857,31.2294518374665,5)
(121.41012204299817,31.24286650946942,36)
(121.4278654690733,31.238002417202015,36)
(121.38535401808466,31.287320101545752,21)
(121.3983481027856,31.244867910491518,24)
(121.4438296888699,31.265647458457877,36)
(121.42494074404003,31.251874155351658,36)
(121.36497252034548,31.313274941884618,30)
(121.36813186256362,31.28969725407178,4)
(121.40468630057948,31.261693469396683,37)
(121.41186199395419,31.255146279341208,19)
(121.4311971354819,31.257624767210288,22)
(121.39333603146088,31.25204137578776,32)
(121.43896588019948,31.239558027024806,3)
(121.37944157945061,31.3000386497176,36)
(121.42988691248948,31.258958726643343,14)
(121.4509765018728,31.269453077669315,4)
(121.38153462416325,31.270862008071678,25)
(121.38059713016884,31.24373025059075,30)
(121.42761072659583,31.26061766087173,36)
(121.37206893283533,31.244748102646696,5)
(121.3784727607971,31.277158683646448,37)
(121.38317138108393,31.246279975749804,16)
(121.37298968694908,31.248002425226932,2)
(121.38233897296224,31.241004802541912,25)
(121.39547279019567,31.245623674737335,19)
(121.38655296714214,31.29330959863568,27)
(121.44023881417723,31.24118791984054,6)
(121.45483180439369,31.25896755406191,29)
(121.43901664457584,31.260804339389594,13)
(121.42119006824784,31.228505909257713,4)
(121.46198583711029,31.2701291877656,2)
(121.37152201809324,31.250993627245798,33)
(121.42788202342943,31.261494871829886,8)
(121.33464671076918,31.298660622829505,29)
(121.40232913607241,31.264268212162445,17)
(121.37246190050746,31.25586400286759,36)
(121.42580083188588,31.23974303890267,36)
(121.39281518095568,31.234857372485724,37)
(121.43378102729324,31.250964578883742,26)
(121.391037153553,31.23804369598012,19)
(121.41254221696443,31.246829414555854,24)
(121.41084522141257,31.22346019649326,28)
(121.39835635226684,31.30447343472763,36)
(121.41102776657544,31.296872390393595,24)
(121.43462082483246,31.260036227359194,4)
(121.39516706195997,31.29136079559875,30)
(121.41486541785187,31.270404943179738,1)
(121.43237097681117,31.2622764761313,16)
(121.39516548093108,31.301432857948434,36)
(121.43385650387312,31.28262187869701,1)
(121.42376401814657,31.25055944455982,16)
(121.39195423884948,31.27457802072905,29)
(121.35572033094579,31.307449676237397,7)
(121.36777149452855,31.269413379219145,7)
(121.43037568879785,31.274833971593143,37)
(121.41747196296058,31.237904355555788,17)
(121.38076029962839,31.266384314615404,36)
(121.40322104575587,31.261162043708925,28)
(121.37483146283559,31.267610068310443,36)
(121.37083636565427,31.2790156665795,28)
(121.41207606624708,31.232059850538608,7)
(121.39018335046705,31.259572623347758,37)
(121.36495461782913,31.31321173992606,14)
(121.41742404693711,31.257872540537793,22)
(121.43436735169531,31.264579110699916,2)
(121.45882957492945,31.250240672067537,7)
(121.38786515017404,31.25939850316294,2)
(121.3745703042517,31.247131848181454,4)
(121.41853694152691,31.25282279132059,37)
(121.38510786628245,31.29278234711062,36)
(121.42807436600451,31.22970187046373,3)
(121.42442212052526,31.250504962479713,36)
(121.40348273167018,31.245575251014486,10)
(121.39592773859843,31.29947346529883,5)
(121.42187145355928,31.26480082377293,37)
(121.36273207634467,31.2404911893774,7)
(121.42585378019525,31.23976800552981,33)
(121.41796497860342,31.249237497461078,8)
(121.4255846628949,31.241727937608506,26)
(121.39083288807133,31.294750269536884,36)
(121.4312192529099,31.23636228719206,2)
(121.36458346579154,31.31247299825357,5)
(121.42417936457129,31.262158227912415,11)
(121.43720228460424,31.279488735054834,20)
(121.42172731781022,31.262550098108633,37)
(121.45045209119058,31.27404700335566,5)
(121.39487046779794,31.24593250942855,1)
(121.37086639794505,31.278836633311176,12)
(121.45184241668066,31.248559067388054,36)
(121.42305845748332,31.263128478244884,25)
(121.43892285252706,31.26135771118301,3)
(121.36710633181977,31.309237108965817,36)
(121.37397265357974,31.256067849200647,36)
(121.40848616190905,31.240645605185446,15)
(121.36839443922949,31.31429318146343,35)
(121.42305683001324,31.244460299854687,31)
(121.43368691276255,31.236756657479045,2)
(121.41832303935452,31.25242072363685,36)
(121.39282063709003,31.236251960839276,36)
(121.46051832982927,31.25293511365773,4)
(121.39428207415834,31.245524017170197,15)
(121.43816435682389,31.24067868220547,35)
(121.45612005327031,31.25641318523822,2)
(121.38835267685012,31.30427960978235,20)
(121.45668161348561,31.252116915902604,6)
(121.41939224071012,31.268808098210574,6)
(121.38463642515623,31.228379223521085,5)
(121.40710482328586,31.249839301841764,5)
(121.41392980807551,31.236147226335913,9)
(121.44613478721915,31.266982803366204,45)
(121.35737173733096,31.308715947275054,24)
(121.43864244682499,31.260938404122896,95)
(121.41816253534239,31.26025715750825,36)
(121.42435509450381,31.272400443660352,36)
(121.38708460281214,31.271019174683772,6)
(121.36458586634662,31.311667100367817,36)
(121.43053400721016,31.246386531367083,36)
(121.38333340412116,31.255957394566902,13)
(121.38949823621428,31.276288243970242,1)
(121.36497222030658,31.31326244187779,6)
(121.42324920786376,31.262179932998816,36)
(121.42867481490161,31.261613233311813,17)
(121.4529560781573,31.271506097107736,15)
(121.42022746038333,31.23741097625372,3)
(121.36790463153957,31.314479552359934,35)
(121.42285719735362,31.274340710274217,9)
(121.43982811296296,31.262101026439133,36)
(121.36062244629423,31.294084205390057,15)
(121.43635539764583,31.25385795354189,37)
(121.44329573073114,31.281931757661532,11)
(121.40809236867126,31.23890550599495,67)
(121.40283200859137,31.26158215681422,3)
(121.39638074666775,31.235174944417135,20)
(121.40601999833753,31.2456915557698,15)
(121.39965381059845,31.23200339391809,1)
(121.3623373699552,31.27991561861115,37)
(121.45020571347868,31.25183193095157,2)
(121.3925860834945,31.235573560904143,1)
(121.39284634032312,31.256418825543392,31)
(121.42285855677363,31.23936314992669,4)
(121.42275468987776,31.230834603110107,3)
(121.40484341243106,31.22838961796738,14)
(121.380077372225,31.24405840790648,17)
(121.42551624626289,31.242324222392433,7)
(121.40102183253099,31.260993910184222,20)
(121.43606787796307,31.238975281055403,9)
(121.39104364373655,31.22671474735198,36)
(121.38425318975351,31.299331213916176,37)
(121.45199514797113,31.25536517962617,20)
(121.44502817911534,31.245695402475707,36)
(121.36430512777966,31.3094537729035,6)
(121.37187996391377,31.243917960846396,2)
(121.41098275533331,31.23297550742834,11)
(121.38346545878017,31.256063774131672,35)
(121.38486772560871,31.252027096145763,47)
(121.35135440260167,31.296581861462204,7)
(121.40247518581936,31.275927160769186,29)
(121.4476311826244,31.25677994677208,10)
(121.42227355235396,31.260311516217286,4)
(121.4215409820407,31.254727877650573,36)
(121.4111042125562,31.28816826534622,3)
(121.41004042274447,31.266225546876445,4)
(121.40691374889606,31.254169323913334,36)
(121.41061467477854,31.269340569949467,3)
(121.34133672655655,31.2861883427056,36)
(121.34694872284885,31.281896015694244,17)
(121.40770986065999,31.244273935273487,37)
(121.37261514623954,31.255986256051113,66)
(121.42299042439234,31.26207307367759,32)
(121.38069535708001,31.23344369907057,17)
(121.44051438977796,31.264886914303034,23)
(121.37549292194522,31.227367015824893,10)
(121.44229365431977,31.25278320267346,13)
(121.40214962470719,31.233343322281847,12)
(121.42254782037857,31.265485163267,4)
(121.4442697803167,31.254807758149518,28)
(121.44904043743826,31.241930685853568,14)
(121.4059544952776,31.2743369259011,36)
(121.42160418615424,31.24633300349145,35)
(121.45496542677046,31.27377599661604,36)
(121.35858091711548,31.27990983203363,1)
(121.41318360965168,31.253712287765595,16)
(121.39868125781369,31.244527548756725,14)
(121.40993029564218,31.257984440256955,33)
(121.431440053382,31.237388513014764,24)
(121.37499612543196,31.28710063243112,16)
(121.38935668720005,31.29128273649561,6)
(121.40235967321384,31.26172030889635,1)
(121.3902912667939,31.26910079518564,1)
(121.4382350595159,31.238967786867054,36)
(121.43780207362006,31.25386401812674,16)
(121.41781382595565,31.233304101520815,5)
(121.40988118352674,31.25959222688119,36)
(121.39593726712795,31.22517858600808,37)
(121.44119155576587,31.25780684816736,29)
(121.40141392665561,31.25028441019527,11)
(121.40183992833884,31.250260095954552,25)
(121.4101774567527,31.228162248787743,29)
(121.43576840783888,31.254977204011208,37)
(121.3649720202702,31.313291441788262,4)
(121.40178811609948,31.24810158976291,2)
(121.42602477163999,31.25492030343519,26)
(121.37222164190257,31.313197475791227,36)
(121.36868390578975,31.314100519268717,19)
(121.42138327881953,31.279619556326637,3)
(121.38909712274126,31.232983023749174,23)
(121.45558031952925,31.263427228605106,13)
(121.42291674239969,31.2738160432695,1)
(121.41100136015572,31.24376937227197,26)
(121.44261009812892,31.282662145079247,4)
(121.40432606081134,31.247950422714464,36)
(121.3903890340346,31.25404138173456,36)
(121.38574199850245,31.28784996799793,18)
(121.43995861089977,31.26763190279622,2)
(121.40160909117346,31.24282865736362,34)
(121.37817090647052,31.276834891642974,32)
(121.43048896301868,31.25669311774026,1)
(121.38456716117221,31.257729927706084,21)
(121.38389129961415,31.25916531476357,26)
(121.38843149245642,31.259482635622813,15)
(121.45266507411128,31.252047296252506,16)
(121.45126713518651,31.2747389563608,8)
(121.36503540690777,31.277024538035782,36)
(121.42760814720286,31.253943761427234,36)
(121.4271907752403,31.241857498793742,1)
(121.40975179664186,31.25747960552824,36)
(121.39850794046573,31.241839847945915,2)
(121.4552466980895,31.273362244366215,25)
(121.39919822330405,31.241785499297862,13)
(121.37301738793892,31.263620296420328,36)
(121.3433252802675,31.287718685818202,27)
(121.42912624363744,31.249349879687895,11)
(121.45451972412249,31.25813877517565,3)
(121.37746775542178,31.274433089374664,11)
(121.38780054509431,31.251150190581516,36)
(121.42877653915394,31.259591557886097,11)
(121.42859269224179,31.25011214533125,7)
(121.37190369489396,31.28785758783648,36)
(121.4225256128934,31.241675804094655,19)
(121.43205953570009,31.263844500243774,36)
(121.4227443741381,31.25907495449788,33)
(121.3544031415709,31.278343832234675,34)
(121.34156711585116,31.29634383582525,4)
(121.38449412421639,31.261157731905723,9)
(121.40584651674297,31.23905506387063,31)
(121.45470459533978,31.256851305590487,12)
(121.38567848944001,31.262664435784966,13)
(121.4337041357166,31.25107204584678,1)
(121.3740963628698,31.30876305288079,36)
(121.43149249981151,31.2318279176644,34)
(121.37625450764003,31.290794358509938,36)
(121.40184482952522,31.250024597405503,17)
(121.44463986102332,31.244640577683093,2)
(121.39396448917768,31.28219398446737,112)
(121.3671657418226,31.24955391835065,7)
(121.38850780203042,31.304122668292226,2)
(121.39554885251887,31.262223329595106,17)
(121.42371800731844,31.253215693387016,1)
(121.39661239958102,31.24070417868158,30)
(121.42612846038037,31.239332575161754,36)
(121.4325472372195,31.25011853554325,1)
(121.42193059748027,31.265344207921977,16)
(121.42303697047265,31.280242688491267,36)
(121.38667290261955,31.230198349821226,36)
(121.40375502477427,31.25990458359591,16)
(121.37948068177707,31.232818166109936,27)
(121.42302095405168,31.268443771404765,2)
(121.42562017155831,31.24172494493347,36)
(121.41869477754393,31.22915505068656,17)
(121.36035763135331,31.286731214365332,36)
(121.43783568803453,31.250073304050478,20)
(121.45029011519188,31.25180720638265,6)
(121.41400576015111,31.235931104580448,18)
(121.44001192485631,31.260832914959177,10)
(121.38178854502084,31.24348736759105,6)
(121.46123178914367,31.261153749671067,44)
(121.43991198480664,31.259510489822457,36)
(121.39231250037525,31.24259156611864,10)
(121.4111148146471,31.22634140696111,6)
(121.42482542740758,31.24696607624104,36)
(121.44847175437474,31.260041184869614,4)
(121.4402069012167,31.28070186195534,15)
(121.36434715023383,31.24888371062608,14)
(121.3722170411311,31.313197775147508,72)
(121.409908790286,31.266925118101405,21)
(121.39349437543254,31.231816378152832,7)
(121.43326035923228,31.234925328406696,8)
(121.43912734054571,31.24800758128212,36)
(121.36424621951966,31.309746165452278,5)
(121.41588329992759,31.251480406450913,18)
(121.38401045067752,31.240509867387633,25)
(121.427535860002,31.251371551569214,1)
(121.45249709212109,31.24770770809872,23)
(121.45963765171746,31.268672246721852,7)
(121.35925919929431,31.30607305860194,36)
(121.45365604831487,31.267355947344985,1)
(121.41130987312312,31.284838878611907,5)
(121.42772063846824,31.23808158797905,29)
(121.38086092940888,31.283704638328246,17)
(121.4324017051329,31.259642305381714,36)
(121.3598733722196,31.248209088059014,21)
(121.42619153235624,31.241375294532368,24)
(121.4242075327628,31.241462098380666,28)
(121.38365305207596,31.24783012310477,1)
(121.46223296044697,31.26785265633679,35)
(121.38304607988483,31.29040854047508,37)
(121.42747802752066,31.27723285863181,36)
(121.45281500590126,31.26036260227663,34)
(121.44572298715107,31.254409517954446,29)
(121.462139912601,31.26434937737862,25)
(121.42593784938195,31.24508930409725,19)
(121.44253000816266,31.263788525411798,30)
(121.40859486468666,31.290908678235628,1)
(121.36617009353415,31.309326793824336,9)
(121.37276037535213,31.2560674802506,36)
(121.44562740594037,31.25695810399947,18)
(121.37986873473348,31.231618899387822,31)
(121.44329706920213,31.24258160482432,36)
(121.42632061067259,31.254809291550558,37)
(121.37259479298186,31.286826194182808,36)
(121.41027758128112,31.255374617625357,37)
(121.38589065164118,31.25057035561876,2)
(121.38461107015772,31.257778235155925,25)
(121.425707793285,31.245033356815256,36)
(121.40242665392985,31.247024709189517,3)
(121.38376129474133,31.270412063547393,30)
(121.39962507165116,31.238223031700702,6)
(121.38560589567989,31.262742128013098,11)
(121.38295856946736,31.251206952689568,24)
(121.400640241897,31.247737600487753,36)
(121.37043265786116,31.272278820832643,31)
(121.41821324684012,31.239848207132646,4)
(121.38292719047975,31.247257174895537,27)
(121.39184147350876,31.26917485960587,8)
(121.439084624565,31.28484432206677,2)
(121.38234090947863,31.263250582934347,36)
(121.40427413289942,31.291010637702833,1)
(121.42076297917467,31.25680590804601,3)
(121.37582772502874,31.30020256757429,6)
(121.40355443727192,31.3014772385357,37)
(121.41729356849292,31.251546834635338,9)
(121.39205106795015,31.228302895717817,36)
(121.37740428981664,31.248084809544082,1)
(121.38344743103264,31.254806000622963,13)
(121.44313951082684,31.241528621065573,7)
(121.38274302527472,31.23626205352551,12)
(121.43090766668874,31.247952831003186,19)
(121.42818418753718,31.269837734067394,35)
(121.41035109946922,31.242523657785064,36)
(121.40633177315182,31.23154016313935,3)
(121.43233999347322,31.250516387664902,10)
(121.44238377472414,31.2563729125346,14)
(121.36051934851676,31.242004808077915,36)
(121.43620778792537,31.23712508004564,36)
(121.42941340565032,31.246521744253013,3)
(121.39152838714739,31.270862370588333,36)
(121.42643559321411,31.25455531984189,2)
(121.44509515313224,31.245836022391163,22)
(121.42600067109399,31.26316618561622,37)
(121.38566348480694,31.262786475110648,33)
(121.43554683642397,31.241795642815756,1)
(121.41119231248781,31.243727319112285,15)
(121.40999245021035,31.242502958904208,37)
(121.40039320500765,31.294058028183258,24)
(121.40442435021302,31.24430463165915,18)
(121.38705189099869,31.25171483626068,31)
(121.41127924329582,31.277543888782944,3)
(121.42387414515309,31.25031646785217,36)
(121.45891232878093,31.249902341273064,6)
(121.4353647967466,31.25556618165669,26)
(121.42589977488879,31.24024518202556,11)
(121.4576322856211,31.26777762758599,36)
(121.39264619814038,31.2355998292681,37)
(121.37395475172569,31.25073855772395,24)
(121.42288472643575,31.283961527839274,5)
(121.38746546497694,31.260767028948734,7)
(121.39206810887791,31.24012030210854,3)
(121.38894012793402,31.269070806274936,4)
(121.44052725532521,31.240645248350003,2)
(121.4508080427694,31.259765255370475,14)
(121.41238335983833,31.259375958209716,36)
(121.40641313234808,31.292938533507446,37)
(121.44393962794092,31.249123722205308,22)
(121.4249326475098,31.25067763462219,36)
(121.44321176181155,31.280442280140065,5)
(121.42845266294249,31.236443152802956,12)
(121.41902354164671,31.24034698280189,6)
(121.38353088280157,31.24743683303724,11)
(121.43351931042606,31.23857468136883,17)
(121.4103974292161,31.23164297162205,1)
(121.41208011877869,31.278513125270802,36)
(121.44659666602524,31.2420078942893,1)
(121.45952940358055,31.25797251820795,4)
(121.43069480984876,31.257934440067565,42)
(121.40945254603186,31.24262407733479,34)
(121.4309266754502,31.255202232715853,21)
(121.39513193857559,31.272517145370163,11)
(121.44286539843148,31.24361155604359,1)
(121.3993835979114,31.26821810774615,32)
(121.40286303352585,31.261797255029556,3)
(121.3891959333587,31.27648970786617,8)
(121.42939630856078,31.249521934191883,22)
(121.36253643934316,31.283497362663006,36)
(121.46209553146758,31.270077914306626,36)
(121.34691043600763,31.279533975194045,36)
(121.43680465159595,31.253449182128723,20)
(121.36367568878153,31.28537689570894,15)
(121.38229327696018,31.245111598337736,36)
(121.3873297393413,31.281394686676876,12)
(121.37038925722902,31.24683906886046,1)
(121.38320637836419,31.29176323676392,4)
(121.42582544380173,31.247428207809275,38)
(121.38468798997285,31.291703594785567,36)
(121.4025546690688,31.23540750539782,10)
(121.40535703664419,31.257996930873592,28)
(121.39197255869226,31.29198532083438,9)
(121.37274435053651,31.256063457695312,19)
(121.39454329410636,31.257678506603195,11)
(121.45063316279462,31.256583205914847,29)
(121.45229816635235,31.277704980142087,1)
(121.43630146593534,31.25367094208863,37)
(121.42253191069801,31.25170188379898,26)
(121.46185084353799,31.26593771897069,5)
(121.41631318708238,31.276688020949827,1)
(121.37595496215762,31.266353903358766,11)
(121.45043096783604,31.260925844713793,6)
(121.44623274083641,31.25727746093487,9)
(121.45586299452926,31.271361125518823,5)
(121.38876314682247,31.23077982207283,30)
(121.40553677642853,31.270706708383337,4)
(121.38423335718869,31.244059984496698,30)
(121.37220213863574,31.313197473065483,22)
(121.40902127201188,31.24505757658893,36)
(121.36810396281508,31.314422816314334,26)
(121.40909268955961,31.245858589861676,36)
(121.38500884584792,31.292841729839516,36)
(121.4441496770277,31.2554387670596,96)
(121.43658161999655,31.23754638145402,3)
(121.40298896138194,31.226276387837967,26)
(121.42307216169047,31.236949903938118,2)
(121.41451748083037,31.24653171198957,5)
(121.40624996802029,31.256730428613032,12)
(121.40210058309022,31.224116210542647,6)
(121.43794569577074,31.24076399816018,17)
(121.41040233342943,31.24202368634667,4)
(121.43780000971061,31.253091682244076,4)
(121.42560986910075,31.242251541829233,15)
(121.3871279742297,31.251836952219037,36)
(121.41374571852029,31.243499601475744,9)
(121.39652466891349,31.226228343553746,18)
(121.39285264176593,31.25617112723273,36)
(121.40893445065265,31.246269056243722,37)
(121.40335039184784,31.22911134223123,6)
(121.44597374575908,31.26271225411999,5)
(121.37224274543794,31.313197778741273,59)
(121.38444565400295,31.277920895446304,29)
(121.42517086163946,31.239614156174998,22)
(121.40936235591073,31.243939149528874,36)
(121.42624375637362,31.25556168660575,20)
(121.45518905330037,31.279495138206787,2)
(121.39463748913136,31.247782210932144,7)
(121.43404763815279,31.262514614285035,2)
(121.43070867745777,31.245151796053197,2)
(121.38468548471154,31.26178373969062,17)
(121.4367277558004,31.253241192870867,6)
(121.39855386334698,31.297924957051308,16)
(121.40489818250475,31.23716564237145,35)
(121.4019985167067,31.24658542422637,5)
(121.45623586132969,31.269060374340008,2)
(121.44730574366528,31.248543756606423,8)
(121.42015775551077,31.274597226321458,20)
(121.37430513387221,31.27268155259156,36)
(121.45037470037373,31.267549410983147,29)
(121.40502933309358,31.261689500339674,33)
(121.43622466943648,31.243151377615458,3)
(121.3739608031104,31.25625641877678,17)
(121.4377668509066,31.272509914691632,7)
(121.3708058734401,31.285423248440427,36)
(121.36457586472586,31.312477897359095,13)
(121.45453952410162,31.245779000971986,109)
(121.44329816973695,31.243888002640794,12)
(121.3936292853854,31.25273184665407,27)
(121.42638713935398,31.238737082701626,36)
(121.42008141014308,31.250082378561356,3)
(121.43817533446007,31.252462888607905,3)
(121.38671074713068,31.27681028681993,36)
(121.4090405769272,31.233254503096422,4)
(121.42300540076539,31.261951010457008,14)
(121.44486842892802,31.24489831322468,13)
(121.45155119147167,31.278938994723227,6)
(121.40749229661135,31.258742133379826,13)
(121.45226901015202,31.25212210620962,17)
(121.4493378623837,31.277323445096073,16)
(121.44998579093489,31.25855728109483,12)
(121.39565787912838,31.247177280844976,37)
(121.39544977847844,31.245638670119327,36)
(121.38258708886801,31.285030923033414,12)
(121.42228874696458,31.258959220563536,47)
(121.42753874124892,31.269146886857524,36)
(121.3884042118705,31.252505257579255,38)
(121.431984337718,31.283334740974627,30)
(121.40574049152141,31.22479506922525,6)
(121.40188326975942,31.23260208354482,7)
(121.42472696174666,31.252006384235234,2)
(121.41132548282616,31.28041406522156,3)
(121.36817273401645,31.234962534936646,6)
(121.40536697952254,31.224658361780914,21)
(121.40211175186923,31.237500366423752,1)
(121.36776972486075,31.24903456120468,27)
(121.40660558000852,31.252621562566286,2)
(121.4034295350605,31.266353300781933,10)
(121.42656383743618,31.24887346742718,9)
(121.43019129666934,31.25622922668253,2)
(121.39096312033999,31.26811404963773,3)
(121.42553385031155,31.23997063039907,29)
(121.36777148592456,31.269314337360004,36)
(121.38454187069316,31.280635975988833,28)
(121.43918967329412,31.277624376096853,3)
(121.39924491430249,31.231810413118843,3)
(121.38609257141557,31.288847527219243,36)
(121.37710925014498,31.233132858637873,2)
(121.4301087769664,31.27201606947552,36)
(121.3896578787834,31.270641996817893,9)
(121.39560666737715,31.247215270878414,23)
(121.38555026716185,31.28458149050971,16)
(121.37935672566542,31.28738230148469,898)
(121.4320275785484,31.25237655899366,20)
(121.39654258345378,31.259578305384064,15)
(121.3945722937239,31.245993381128955,6)
(121.4089037583345,31.244244855416863,36)
(121.44681896842596,31.262369647149598,36)
(121.44223374395726,31.247538736300772,36)
(121.3776508624337,31.27282062553147,20)
(121.45532689342554,31.254256639034892,23)
(121.44194581871206,31.253735917946422,9)
(121.3910545404133,31.268634165503332,22)
(121.44041394758496,31.282438797394395,20)
