(121.39686048377787,31.24511508956267,27)
(121.42251463358193,31.264514489303775,13)
(121.44276938043825,31.256064515396957,79)
(121.45080784114049,31.25744124809731,2)
(121.36497282040078,31.313227142028786,32)
(121.42838394477087,31.261872773551943,7)
(121.42589972268794,31.239645911543736,37)
(121.45897171057779,31.250305454125133,10)
(121.41209205404579,31.243439006315448,5)
(121.4215246368432,31.245564487895834,8)
(121.37663204755262,31.233406157964293,2)
(121.41795201421857,31.272469521347848,9)
(121.42643957200967,31.24923299952459,14)
(121.39368873782466,31.26895387381262,9)
(121.45520789242653,31.262988925440478,4)
(121.38424673435652,31.225224405335094,2)
(121.42576480684994,31.241857974490163,28)
(121.38840803830135,31.29638757178603,36)
(121.42376626216306,31.245175098220795,36)
(121.39374052166256,31.267258045149624,11)
(121.40717218559593,31.247763499812585,12)
(121.38753968372923,31.244034823656794,34)
(121.43909334702003,31.254689901538278,31)
(121.38194886704265,31.279512030660705,32)
(121.45304518470442,31.252153591778455,37)
(121.45417956005193,31.254203929449385,10)
(121.43374931723623,31.234867102290384,36)
(121.42304209218877,31.2381466684588,1)
(121.4273517919265,31.28099848474455,1)
(121.40952679622356,31.259519153360454,1)
(121.40913690024954,31.260258270933175,20)
(121.42609749732704,31.239389627454536,22)
(121.45219351696942,31.255923919104976,9)
(121.42445266091863,31.257028797503388,47)
(121.43644825417361,31.25388684450928,36)
(121.38854986181623,31.25847797545553,1)
(121.35213482998977,31.305762814944455,9)
(121.4389657156556,31.23766517031735,16)
(121.42276350789223,31.229142893773652,1)
(121.42477904067393,31.24201990163998,15)
(121.42290472836001,31.24945859943631,33)
(121.45186702058487,31.245603576775185,5)
(121.41804910628936,31.242547467685263,36)
(121.34523585986854,31.280417258886196,36)
(121.40456548388981,31.25485343981948,26)
(121.37716214174714,31.272152781050238,8)
(121.44734932128301,31.242573324192957,32)
(121.40558884716654,31.255654927599405,4)
(121.40909479009912,31.244133393620128,25)
(121.4110623459627,31.243765359687988,15)
(121.45240642447523,31.247459960563862,5)
(121.4082436884271,31.254169292168736,21)
(121.35256299210145,31.308890764771213,10)
(121.44685301897,31.241795239411502,36)
(121.42236385144795,31.249410988890933,3)
(121.41085733659172,31.254596188814446,4)
(121.439504143855,31.277975234914535,36)
(121.40176010962398,31.244822790541637,25)
(121.3819995913776,31.29863277285161,24)
(121.38839202691257,31.29642157288874,25)
(121.4276391713161,31.254616027043948,3)
(121.38744518273367,31.29670894093852,26)
(121.4306628754159,31.246752558181804,36)
(121.4214976486925,31.28487863659805,5)
(121.42756016029017,31.230545294774448,2)
(121.42539733050282,31.252274960183257,20)
(121.41822204541427,31.228850151410384,5)
(121.44061456596931,31.280429285045255,12)
(121.39139526591825,31.236179086133397,13)
(121.4299001587618,31.239034890551906,36)
(121.44934557884615,31.25127228411839,36)
(121.42544261625629,31.244603521593774,33)
(121.4286569080883,31.242192166295723,37)
(121.41069322449866,31.298714530840915,23)
(121.39919860628423,31.24617846526319,36)
(121.44898907924723,31.259516539158263,21)
(121.33772988557907,31.298784087646137,16)
(121.38648151448069,31.276709053078324,36)
(121.36283382754856,31.308939307958262,113)
(121.44368095299465,31.247084236874645,32)
(121.41836696705384,31.22897213477411,13)
(121.41277114633226,31.246841362762307,19)
(121.36516548179753,31.27522598619341,22)
(121.38728041372316,31.243732479390125,52)
(121.41205511142334,31.255439322737587,22)
(121.3971987310937,31.234573475760367,17)
(121.42929955626417,31.246675926869045,28)
(121.45275586646268,31.25212114979355,42)
(121.39500182756404,31.260179228364176,12)
(121.38141428737259,31.234132756960495,22)
(121.45600764235829,31.271466867937715,2)
(121.38179940352042,31.264360347122274,20)
(121.43577074324809,31.281796565447294,2)
(121.42526946343068,31.263806070104188,6)
(121.43763823879192,31.24750856879698,25)
(121.37185743602801,31.249765531117664,1)
(121.45077103697591,31.269641884506957,26)
(121.40379319502125,31.29965949095105,36)
(121.44434394119789,31.250333595728,6)
(121.40860741401491,31.25139805305055,37)
(121.44110901566937,31.246605226756298,2)
(121.4255015425443,31.241091321655816,36)
(121.36138753919141,31.240056875341985,36)
(121.37400795970416,31.2560230544025,36)
(121.40807185503675,31.244466007538154,24)
(121.3992667358268,31.24736701683605,15)
(121.4089111449219,31.246509350946248,21)
(121.41350563539945,31.28965230196405,14)
(121.40165672316672,31.26140283529479,27)
(121.37194069071408,31.23967813565237,2)
(121.35597020454578,31.308103130603662,36)
(121.3747612037309,31.254287240167585,36)
(121.39649927073228,31.267779002483255,5)
(121.43626792326249,31.235011327160873,33)
(121.39241689397221,31.303612167570865,23)
(121.35810305481823,31.28420350000416,17)
(121.40369999574804,31.258148587784415,4)
(121.45452801020187,31.268172530974724,21)
(121.36870303937678,31.269199615893374,36)
(121.42051851977631,31.271558928264756,3)
(121.43594399976091,31.253406290203312,36)
(121.38246963519319,31.24688656328476,17)
(121.42248438689442,31.245240052088626,24)
(121.45912580976058,31.25038108406725,9)
(121.38646247799666,31.230538815857244,6)
(121.3565828472387,31.293436672346203,13)
(121.38597292910082,31.229813065645857,18)
(121.43020566023282,31.237666955633824,8)
(121.37471644424546,31.257807718839594,24)
(121.39178554160418,31.24747241439076,36)
(121.36731760399913,31.2370914228481,18)
(121.44359025427272,31.2829717100782,1)
(121.38894792909701,31.27015406964345,1)
(121.42036798282173,31.275727188578603,36)
(121.38950934262998,31.231460628557734,26)
(121.42304440734715,31.262414181636053,12)
(121.45650828058976,31.24723632957171,1)
(121.44368957766969,31.251311691686585,13)
(121.44038311801813,31.24761057935945,23)
(121.45176646310408,31.255384513719598,36)
(121.45440140797893,31.269202224807753,3)
(121.43787795649403,31.253952952954556,35)
(121.45781031032423,31.24784379064603,18)
(121.40715718159142,31.24771347768991,6)
(121.3996622115489,31.244842670701114,1)
(121.4342702429823,31.259153760030195,36)
(121.42476728412076,31.279055890396535,36)
(121.36814902404758,31.314254817644006,36)
(121.43211407799258,31.282361197420315,26)
(121.38941240353046,31.256084579309118,34)
(121.43640030651139,31.253621791224887,36)
(121.41087057326457,31.234413164438017,29)
(121.38506716878813,31.229495270707737,7)
(121.38938136893658,31.255990515629385,66)
(121.44010062658026,31.236234881254486,6)
(121.38740765159842,31.268064188794828,37)
(121.37756675007886,31.272832533934594,17)
(121.40257295794802,31.26161412180482,9)
(121.41323021105143,31.23123057988017,1)
(121.41204203835379,31.231194362849074,4)
(121.39641780209324,31.22954082720777,1)
(121.40696737359706,31.23840730503492,26)
(121.45751275072746,31.247518319030988,31)
(121.43166866661161,31.247886974629836,7)
(121.37914461802067,31.23267911294943,5)
(121.42380302660385,31.23854397518977,37)
(121.38567563330048,31.229862831543613,36)
(121.40406872161596,31.267371825406453,36)
(121.41114790739475,31.261887300595657,5)
(121.45928533289386,31.249726443496883,1)
(121.39733230186447,31.297724402446832,36)
(121.37840073714848,31.282892645410588,29)
(121.39851838524683,31.246760485515406,36)
(121.38047158399667,31.285226850365127,36)
(121.41106236445789,31.24397745463101,10)
(121.38810541301838,31.24642433720332,45)
(121.45309944737826,31.27966221031666,13)
(121.40237367657554,31.261642311882635,40)
(121.4125307382519,31.26163237537685,20)
(121.39067805684219,31.2401654129112,3)
(121.43375142424532,31.27441452831875,15)
(121.39190733110897,31.253860554422612,36)
(121.4333960368879,31.24983910477399,3)
(121.37494696321964,31.27144182930659,53)
(121.38468758231657,31.278033706018075,36)
(121.38530224849146,31.23098532056398,9)
(121.44669949767471,31.28324483470163,36)
(121.36503539448384,31.27688147867771,12)
(121.37936832748053,31.289318599140795,27)
(121.46342773853408,31.267541029602295,36)
(121.44578539696282,31.24109815341105,1547)
(121.38932833468719,31.2561165317045,8)
(121.4081410770188,31.251226513220512,2)
(121.42542422382705,31.24258870292182,36)
(121.45204085526188,31.255721128135132,7)
(121.44636921510606,31.254486409223848,11)
(121.43329991451392,31.251002783539438,3)
(121.39024516421544,31.257874438170596,23)
(121.41766736875475,31.2517017284685,4)
(121.33256746824784,31.295133901942492,35)
(121.43738236345385,31.27281014023077,17)
(121.45948501484152,31.263663071416737,5)
(121.43722946628667,31.23618489974623,2)
(121.44470067002543,31.247050949761185,36)
(121.40821705067057,31.246834056496894,37)
(121.41222340508226,31.259354986499282,3)
(121.37319278727223,31.230190442874342,6)
(121.43207970069953,31.2431123867999,36)
(121.40413621719753,31.250022316823603,2)
(121.40297693113094,31.26036865975179,27)
(121.3794222875389,31.262482219645253,2)
(121.44240688560029,31.282417767064622,3)
(121.45726681666392,31.251793403493245,15)
(121.4253140974872,31.24788887027034,33)
(121.4142904668195,31.257920993819276,40)
(121.40986457956095,31.242843155974168,21)
(121.38758716707859,31.260569127555822,32)
(121.42621553923,31.250810281715996,3)
(121.45372398149578,31.27548941795257,21)
(121.42557582730326,31.248551168465042,1)
(121.3855344591174,31.26570077854477,6)
(121.42585377270066,31.23968196667823,3)
(121.44605725693283,31.254125577434344,26)
(121.38274360557581,31.24293106546473,17)
(121.41175328462583,31.29083421082583,36)
(121.42519656790947,31.23951086167293,7)
(121.37498435718315,31.309855258569193,17)
(121.39257560680095,31.287570921464606,16)
(121.38871032778465,31.281804808616386,37)
(121.42192749322646,31.229731394770898,2)
(121.45506395501342,31.271135685828437,3)
(121.37082134519106,31.279055662752352,36)
(121.42165539757013,31.230491243658737,15)
(121.4258707037049,31.250554807417,32)
(121.41861285866723,31.252420575459485,36)
(121.4281044765479,31.256121927522955,36)
(121.39901220375366,31.299703816901722,1)
(121.43373509520775,31.26258502002145,36)
(121.3734433128141,31.28949336451936,36)
(121.43539371618073,31.240462236002344,16)
(121.42653542315293,31.27815804258282,15)
(121.4094225521511,31.242645089945434,27)
(121.4261894564739,31.240011829626344,30)
(121.37417458079021,31.268529639746607,36)
(121.3873204589924,31.232321342273817,25)
(121.44329438223305,31.266426279362427,1)
(121.43051712056645,31.235969858782212,19)
(121.36314906970536,31.309230942290263,1)
(121.39467147622317,31.24739805816069,19)
(121.39816377397989,31.28734459456868,23)
(121.38980153628798,31.253849884261694,28)
(121.3857514532507,31.261397954670123,18)
(121.40700219516326,31.305099307154574,22)
(121.37606942507738,31.250029471171842,31)
(121.3795074666151,31.274792523057652,7)
(121.37302989800814,31.230298667064698,10)
(121.45315214382062,31.254606455481316,7)
(121.42461166198723,31.23584023877759,7)
(121.39048777203139,31.25012172647909,28)
(121.40520520688435,31.248612803570428,29)
(121.39553634591029,31.29790985295021,8)
(121.4118819989033,31.255259283296958,3)
(121.46161708248253,31.249792241145535,3)
(121.42517246201703,31.239490756734337,36)
(121.45147475160998,31.269663568179062,36)
(121.38084136128394,31.242948155424497,4)
(121.4430944500566,31.253108580260374,36)
(121.36292014209162,31.298086442074915,230)
(121.4520024562897,31.27971083480429,1)
(121.40993151733383,31.242684901235403,17)
(121.36317267407955,31.304907754742164,37)
(121.42888835983715,31.25027492934332,4)
(121.41038662958805,31.2317160167894,9)
(121.40048190590636,31.238503646437163,36)
(121.4189917412455,31.265448320991652,36)
(121.39067901537311,31.251167318707296,7)
(121.41013901714925,31.237832832376395,11)
(121.44566053236782,31.24142742460742,14)
(121.38504479542665,31.262190673637598,36)
(121.41880371525863,31.252011738739924,335)
(121.39421860757852,31.297975010822515,36)
(121.41139187776992,31.27625113924244,5)
(121.43819287797496,31.281972403108874,2)
(121.3795197173427,31.23147054222498,5)
(121.39812634968457,31.294126297111273,1)
(121.40182852695156,31.229772333311434,3)
(121.44332562122324,31.281333464291713,14)
(121.38310995659934,31.230685859290357,3)
(121.38525820496056,31.248077266722802,36)
(121.40888208876167,31.25946655447125,29)
(121.42689049616698,31.23748307165743,23)
(121.4593610781023,31.255472400070094,17)
(121.41746355414936,31.275392976521125,36)
(121.43042215858762,31.280886429574217,3)
(121.36862141330228,31.239409189091084,11)
(121.34874038440871,31.302714575795576,25)
(121.40133894914717,31.28788380846515,4)
(121.42241738779254,31.26020604635766,36)
(121.448112905307,31.2586637576478,27)
(121.42805156483203,31.264442892994534,10)
(121.36986017630521,31.23226302826502,62)
(121.38926728464587,31.256141497732457,15)
(121.42856611223442,31.276632713144433,5)
(121.42539201580375,31.241056799131208,4)
(121.41186443201372,31.25850970007993,15)
(121.38073044581193,31.279979975841027,36)
(121.38560847748349,31.247918927917855,8)
(121.37502308466122,31.27157197772714,16)
(121.39429856950424,31.242435529103723,7)
(121.43404765975924,31.26276272083215,13)
(121.380377157221,31.230373178457747,3)
(121.46016097369125,31.249321320848917,3)
(121.39762133142929,31.28505645463922,37)
(121.39860829946599,31.25806092378625,3)
(121.42162019137824,31.26267187554313,37)
(121.39346752170059,31.26814040384289,5)
(121.41406067567375,31.2466709213559,43)
(121.44207469815214,31.25509631379124,36)
(121.38919786716635,31.252030647050436,16)
(121.38982867345626,31.25722526310589,37)
(121.39504731502257,31.265932318572688,32)
(121.45470585167685,31.27134450809943,24)
(121.4284360787337,31.260007718963276,1)
(121.40492702654188,31.223870528779756,36)
(121.40810414725225,31.225595623494296,6)
(121.42293771448513,31.243748885883345,1)
(121.37680232578636,31.268444797301036,36)
(121.41613105357455,31.295856865631343,30)
(121.43071032529741,31.264070068990726,2)
(121.42536621019372,31.247682481411438,7)
(121.41054438364093,31.254384146780804,37)
(121.40274793201601,31.260898846935035,2)
(121.3411222825599,31.286595104076316,12)
(121.38437721618503,31.229155345253716,36)
(121.3921130185209,31.238707692060057,22)
(121.38847908179305,31.25716771804572,33)
(121.33980041365628,31.28766704464109,36)
(121.40207978523443,31.257593229782476,10)
(121.42528208953686,31.246626466039217,344)
(121.39188943944583,31.291318001571675,23)
(121.39638827073014,31.224633197257983,35)
(121.37884142999292,31.27785914021249,23)
(121.44914869033036,31.258979901775955,36)
(121.40005730489746,31.244636849758315,7)
(121.44828170355574,31.27201115191755,36)
(121.36846255599048,31.314325290208735,24)
(121.38461064936925,31.27725364225124,35)
(121.36437494165041,31.239089088734648,9)
(121.42407821283798,31.236417915851177,23)
(121.41986388537363,31.250796177356925,5)
(121.4485700682504,31.260387678796736,9)
(121.40908668810684,31.244140691925047,14)
(121.4552966112321,31.273781316745566,36)
(121.44024112544588,31.26776654514049,38)
(121.412251283677,31.235130214661314,7)
(121.40784446527492,31.25129204632147,1)
(121.37225794798621,31.31319798086722,36)
(121.37150041903247,31.267529751516367,3)
(121.43913765825504,31.261070397939967,36)
(121.40183962827292,31.25017569606028,14)
(121.44397211430847,31.24407662432845,36)
(121.38976225540755,31.28238219877474,24)
(121.41910054694551,31.24098622949818,1)
(121.42690554567622,31.238236399787493,25)
(121.39644336154974,31.23089736484693,5)
(121.43928110853327,31.271321443480858,6)
(121.37142985011955,31.250726386390735,14)
(121.45693906524892,31.272000517138235,16)
(121.41766738951934,31.25193983324374,8)
(121.41573718706903,31.237917402603728,1)
(121.41854843067459,31.253709150964944,17)
(121.4251464589263,31.27095519139578,1)
(121.37492249801353,31.2549797421495,8)
(121.40323412777684,31.2391403216418,20)
(121.40824759243706,31.24160771708224,28)
(121.45622108513513,31.2712093124289,2)
(121.41003929385529,31.22933395962623,1)
(121.44130606690453,31.254583269289174,23)
(121.43896773638303,31.260901450797327,34)
(121.37730704622282,31.268782528817564,20)
(121.405424191594,31.270741983799855,13)
(121.44644416206881,31.26374015909172,60)
(121.46350926051397,31.25452694866991,4)
(121.42455373416587,31.270421455875862,50)
(121.40555044473794,31.239311002645348,9)
(121.40306011077008,31.250781490868267,27)
(121.34123751867683,31.286347220502858,36)
(121.37942227944026,31.262389179675868,36)
(121.4030460903169,31.262042392949724,6)
(121.41068828249819,31.24209967610859,1)
(121.43653007606629,31.25332348998081,26)
(121.38134592377678,31.242399430069415,2)
(121.4413375486611,31.26866239619216,21)
(121.34218093477453,31.305571072024378,27)
(121.41353468654276,31.235806634991185,7)
(121.45211207457602,31.270014671080677,12)
(121.41075726194543,31.242030633831405,8)
(121.41476671425781,31.272511852703033,3)
(121.44302666870362,31.25235761811158,3)
(121.4177829435399,31.259060886411955,35)
(121.38293094486505,31.29035440747252,40)
(121.39855386404611,31.297932960196608,31)
(121.41660264829116,31.260638229957166,36)
(121.43874234364338,31.286415445528288,9)
(121.43172514176545,31.24336438385811,10)
(121.41248526836542,31.258679632281474,67)
(121.41634310633496,31.288634150616748,10)
(121.37272133160891,31.25625050928962,36)
(121.40347902265776,31.231942262975213,4)
(121.41094176653186,31.230841134032815,20)
(121.40171999931326,31.256046960352165,29)
(121.40447007999988,31.2365032975855,24)
(121.4336030938863,31.237460076710146,11)
(121.37133850690228,31.265551258153973,29)
(121.38564718158054,31.259493042064157,3)
(121.45204275709803,31.277642452473177,3)
(121.39846790419502,31.275890010437177,30)
(121.37359039169257,31.23890992958931,12)
(121.44615387572647,31.248686904474177,29)
(121.45170780407676,31.280740381174414,1)
(121.41721691792411,31.24359933967564,36)
(121.4487449428072,31.251819625279293,27)
(121.40162097697022,31.236389378888912,5)
(121.37418527671745,31.253329102593867,13)
(121.42718315480244,31.27158772534963,8)
(121.40608817323854,31.224728005570988,4)
(121.37418989807023,31.271922089485457,13)
(121.4332329351628,31.275493076098755,34)
(121.45988701023686,31.252850487764782,20)
(121.4421058043118,31.256979086557752,25)
(121.44061094600879,31.23880629317616,28)
(121.4176934179193,31.22950871325743,1)
(121.40544919815201,31.25813681413227,111)
(121.34884365718655,31.290990537863664,2)
(121.42854110057021,31.232150792592144,1)
(121.36853594795562,31.282880066826227,36)
(121.41498226457493,31.23484928752477,36)
(121.34851623223132,31.291151417420178,31)
(121.36688308240613,31.235995426162408,6)
(121.39723051657923,31.266360513160205,36)
(121.43984292120018,31.245914618109452,34)
(121.40335068133514,31.256722142099708,20)
(121.40012182014392,31.24483626222985,16)
(121.3682743236995,31.251445782383467,23)
(121.42765266455119,31.23751039196199,37)
(121.4280804122992,31.25160829477246,2)
(121.45712338814953,31.275643561479534,2)
(121.37862860407344,31.26642202928005,32)
(121.37561098078548,31.272178950357386,36)
(121.4426405463774,31.276990759565983,36)
(121.4150502992815,31.23558960076307,35)
(121.42316146707601,31.229876603644016,36)
(121.42356046530182,31.24537634153006,26)
(121.37241350822912,31.286753928263316,34)
(121.38998721127196,31.282789274916507,13)
(121.3641285028951,31.31090694928337,36)
(121.40382921266325,31.28484405828343,36)
(121.42347977264822,31.28244026861343,12)
(121.36837841656948,31.314341176699248,15)
(121.40453969922193,31.2435154696124,9)
(121.45179739709575,31.25544948219658,18)
(121.43677468616384,31.264770124232506,36)
(121.37631956941097,31.25347490176013,21)
(121.41178798352807,31.22969558780883,17)
(121.45350234684422,31.255046949856816,16)
(121.3928526417512,31.256292126988054,36)
(121.3846717126202,31.277235690238818,36)
(121.410929343528,31.243394216752392,33)
(121.45169761168346,31.243754502248663,21)
(121.43585149456786,31.245968120216993,38)
(121.46108854436194,31.250080570141662,4)
(121.3589678225584,31.296693931974563,24)
(121.44130696809438,31.264946749129507,36)
(121.44438375278757,31.272038884659008,37)
(121.38270088154003,31.28115144950979,30)
(121.4278340105619,31.251332581354774,36)
(121.37776454777625,31.255935536797463,36)
(121.44925397591898,31.24201633240738,36)
(121.44051888701372,31.254759101483803,14)
(121.43775455054893,31.235483867760813,4)
(121.41622545437177,31.253125765481236,16)
(121.37396270955463,31.273622516152216,29)
(121.41080194368455,31.227020776239687,3)
(121.41744105601572,31.253232319972078,34)
(121.41143462682562,31.225066754883255,31)
(121.36874721767579,31.247343203168125,24)
(121.38095689435809,31.224441818216462,10)
(121.41793787874006,31.243077243394506,35)
(121.43518484276764,31.284157275073774,30)
(121.40249223978812,31.29940664540668,10)
(121.4545829325575,31.247328204892355,8)
(121.43586615201635,31.242296458226928,17)
(121.36494131598037,31.313093438634066,35)
(121.36213363820079,31.29790005641701,9)
(121.43112072385031,31.270249242846738,5)
(121.43680525633471,31.26039820544589,3)
(121.44865488815306,31.247848038641834,36)
(121.45139093722415,31.25087125692589,3)
(121.38812070758522,31.240821986530435,36)
(121.4375193159687,31.23985617181247,3)
(121.46192719764525,31.251312261887275,1)
(121.45287341649332,31.258692114725733,26)
(121.36455916475343,31.249403980242363,12)
(121.44597833743192,31.241762786232517,6)
(121.41440920328974,31.236310917050695,1)
(121.38247449780425,31.279729642731088,36)
(121.4351576738702,31.27437903646917,68)
(121.43424167285704,31.2317336948836,1)
(121.39190449433042,31.291820211851753,32)
(121.43807733443299,31.262070202044146,5)
(121.43710117220964,31.253393762178337,36)
(121.4082623156626,31.238447290088907,32)
(121.40228833551733,31.243727209807414,2)
(121.3641457656148,31.241815968231112,7)
(121.34116837539678,31.28647714304841,11)
(121.46100725742532,31.267294216183494,8)
(121.39723047931045,31.26593333121362,18)
(121.42528211559566,31.237035243333708,22)
(121.42472716030244,31.254284383724794,6)
(121.40688076916855,31.229396294968385,27)
(121.43222417673108,31.239341526438853,36)
(121.3825407038131,31.28122032087868,1)
(121.38894012331127,31.269017783846337,18)
(121.41289224872435,31.232267538444074,3)
(121.37860408084477,31.249263555171705,35)
(121.41047212940671,31.223288119135788,2)
(121.35574285057017,31.301376371501323,20)
(121.4036447624771,31.233984992757474,16)
(121.39059273527417,31.2947174252164,22)
(121.34747225008368,31.308986814880758,82)
(121.37745492115373,31.299532224638796,37)
(121.44699451022164,31.26132389033757,2)
(121.40538632433115,31.238339214819344,19)
(121.39309032328744,31.23432529262281,27)
(121.43585460918177,31.28174243548156,36)
(121.37387275583724,31.252661415852675,36)
(121.42620601516084,31.249204451556512,23)
(121.38926024644415,31.28222510750134,33)
(121.38791732015426,31.28178231461807,14)
(121.4309892746302,31.233189087497426,32)
(121.43950443949147,31.25639617613777,6)
(121.40834919749483,31.225703440506948,18)
(121.42823580760115,31.25076816445408,11)
(121.43990474793716,31.24209800973234,15)
(121.36705882477072,31.309065103456042,36)
(121.43978486973403,31.278586746690113,20)
(121.42567198455215,31.24505314939887,20)
(121.44297943175583,31.281943504235315,10)
(121.44512175874658,31.245854227094238,36)
(121.4002315119905,31.28672704168672,5)
(121.45623604591985,31.271190273013207,12)
(121.43862617490163,31.270765139054625,14)
(121.40911599531363,31.244103798076903,32)
(121.40403598869905,31.236087055654625,4)
(121.41924540223154,31.234287733493108,4)
(121.4278628672844,31.26546350613854,3)
(121.39485858222587,31.293204462773243,4)
(121.42372140768346,31.25052963578023,12)
(121.38652206475506,31.267987446790293,36)
(121.45696614248257,31.27051144504051,20)
(121.40865818083905,31.2258454864591,9)
(121.43830524755352,31.253949360392564,18)
(121.40035795593452,31.245485518673803,28)
(121.37956809352019,31.26961541603044,37)
(121.38155731615187,31.244008366726867,1)
(121.43692275139084,31.23481482269857,36)
(121.39636813111666,31.26689636458654,33)
(121.35301183178657,31.28470702451165,25)
(121.44220463179204,31.25711099034122,10)
(121.42248950558023,31.26042816093529,14)
(121.43130294435005,31.26231776352087,37)
(121.41748416671383,31.253295228882113,12)
(121.37195782608002,31.263984848254324,2)
(121.4286147207416,31.262196391522277,1)
(121.36663391799655,31.28520527218158,18)
(121.39132150433778,31.231519989573787,3)
(121.40566300301346,31.25739368931883,36)
(121.46395333794328,31.255391852380196,20)
(121.37918087562448,31.29579269665109,37)
(121.35380148458944,31.30811863227599,36)
(121.39197223962672,31.28832985409798,3)
(121.36576964622323,31.276367364503376,37)
(121.43667485443808,31.253409336647817,13)
(121.42633515656935,31.234869970722983,13)
(121.42669923559188,31.25309124557408,36)
(121.41357056206998,31.23179634555449,5)
(121.43048808914816,31.246659701316943,15)
(121.4362724580887,31.26453068266347,36)
(121.3874703676784,31.250273651235375,37)
(121.37805691360099,31.27865851764977,19)
(121.36126492313558,31.308575639503587,36)
(121.43585483013837,31.28427847207869,5)
(121.3704564617201,31.2721884242259,36)
(121.38872713792531,31.28280535849705,13)
(121.37238920674753,31.29522328602458,36)
(121.36046781425034,31.309501330409606,23)
(121.40920877521422,31.24486810682969,12)
(121.39103647534203,31.230256139342824,30)
(121.41789723146509,31.26313158574933,39)
(121.36499733152873,31.276935443719363,1)
(121.45538490923208,31.271708515110138,15)
(121.3643655212709,31.234426957244203,6)
(121.4385791785677,31.258426929257745,6)
(121.40465200292563,31.300055165359307,36)
(121.36703445653174,31.237313245421067,5)
(121.43219697520779,31.243330509716547,6)
(121.42342423679231,31.273364830009214,1)
(121.40004517283374,31.249167062283743,36)
(121.40502812703907,31.247864456849737,6)
(121.40640023013165,31.24569283380894,17)
(121.37551194887425,31.27343635714673,36)
(121.44810050001094,31.25449346356197,1)
(121.45944261733531,31.26367522858669,40)
(121.44618510488024,31.25029913879752,40)
(121.41971211890551,31.252565196627152,17)
(121.34652247489662,31.301341001401994,10)
(121.42739313658933,31.239627589046368,11)
(121.36957583150397,31.231278092720334,22)
(121.41793601195197,31.272334472468472,1)
(121.44125072558224,31.25024561471208,37)
(121.39893724196976,31.23213455156442,9)
(121.43316920432183,31.24315115574511,6)
(121.43542704223566,31.26772813273405,37)
(121.37263017124653,31.256009285649398,36)
(121.35112397022068,31.28561106402699,9)
(121.44753565947173,31.242636856296023,36)
(121.42579303995723,31.264963130591564,9)
(121.43333049229977,31.249062600792314,36)
(121.39429636698914,31.259908893726593,8)
(121.45725335661886,31.24685257794484,19)
(121.42347783907731,31.26027494473609,9)
(121.39175940682448,31.29204620972986,36)
(121.41279222397478,31.23334951550421,10)
(121.41109051280942,31.245752242423727,36)
(121.37223190704536,31.248498464334997,14)
(121.41091273805482,31.27002612097703,3)
(121.43549109016449,31.280859537842794,36)
(121.4542571558551,31.273774441385527,3)
(121.3822557542877,31.251103218312068,25)
(121.42326199780193,31.236975778359085,7)
(121.42307489058652,31.268253652111298,3)
(121.3695793161828,31.232656742824922,30)
(121.36583075130726,31.276343445446592,6)
(121.42720334455491,31.23962776169157,11)
(121.39789290787691,31.25470875429954,48)
(121.37261583026677,31.286884245071327,29)
(121.44309664204692,31.26506601507496,5)
(121.41002571565377,31.245612345913642,7)
(121.42857553265661,31.248053250314495,1)
(121.42128290632166,31.239177649946317,13)
(121.4602293072281,31.255272785310876,36)
(121.39620529781698,31.235365399256292,16)
(121.36492353509045,31.303855120513415,22)
(121.38535490567064,31.236769709793975,35)
(121.3663165153831,31.24191216985551,3)
(121.45240111727232,31.279912690958707,1)
(121.38936639843186,31.256475716054933,31)
(121.39855485105487,31.246385748285466,10)
(121.41830805538315,31.252498765487854,36)
(121.38469518670094,31.26178704135415,15)
(121.42905623023854,31.275634814860616,1)
(121.45713961663387,31.2465056661116,25)
(121.43984362869045,31.254051212917233,2)
(121.41117947849197,31.268514123783714,9)
(121.43792618706148,31.272364045520103,6)
(121.43893815026505,31.265072282991035,36)
(121.45334289085707,31.256923086640374,19)
(121.42593068815872,31.239612870384807,3)
(121.39336931420226,31.23206542073168,5)
(121.43096468369619,31.248990229860542,1)
(121.45188036303553,31.245765047000486,8)
(121.44631770885911,31.244839340289598,37)
(121.42947432812389,31.246477663395705,4)
(121.40262768269827,31.223909220879822,33)
(121.43491001193843,31.265069303756736,1)
(121.44356041751823,31.284183252866367,24)
(121.39908489772878,31.2339097084336,55)
(121.3595692217057,31.278177034177236,7)
(121.44353954777435,31.261336645714703,36)
(121.45438599632318,31.24763637371049,34)
(121.39582814194607,31.223807090290368,6)
(121.42168170644173,31.261142791328503,17)
(121.41459778329845,31.261838385597454,12)
(121.45540396256828,31.24634724096369,4)
(121.4279715437794,31.250989210099203,1)
(121.43933870686205,31.278291803020945,10)
(121.46264926290164,31.26153199275803,36)
(121.44008726476216,31.254776173839847,23)
(121.37127308445612,31.31360454359851,26)
(121.45410546842379,31.27314248395336,5)
(121.43203772097112,31.277122782163406,9)
(121.40567494990009,31.245312368674856,4)
(121.40398872413091,31.27951637925751,1)
(121.37041525499471,31.272530217953452,32)
(121.44735164555382,31.260023701417104,3)
(121.36832965582178,31.237357129104023,1)
(121.42176973137074,31.253937381831655,23)
(121.41514288524544,31.237244768922867,2)
(121.41564731041444,31.238942371384194,11)
(121.41711597536495,31.25332425169043,13)
(121.36711013238718,31.30923870943436,36)
(121.36516564982493,31.277160790486114,2)
(121.42973700017504,31.280769089241407,13)
(121.40053301444335,31.23403840044043,1)
(121.43583135110592,31.278373077509837,32)
(121.39908640574475,31.278775425956848,36)
(121.4417933373066,31.25645534150952,3)
(121.40599529078551,31.23758690969368,4)
(121.42225737132446,31.254357238326712,2)
(121.41698326319984,31.23900338228649,9)
(121.38872580342118,31.26750198029955,7)
(121.40594053948662,31.24267107618894,30)
(121.39721450864347,31.254887557414023,11)
(121.43185402739897,31.26631978687906,20)
(121.41075585211603,31.225857244242405,10)
(121.41833859919066,31.23727166938772,38)
(121.41167862970062,31.22581305279131,21)
(121.38356269275378,31.256344781245566,9)
(121.37231545763136,31.313198788915557,16)
(121.38925044432234,31.282217205734305,36)
(121.38440302404481,31.277952857271373,27)
(121.44734034262692,31.246034348210056,9)
(121.40733275756023,31.25869380053289,37)
(121.38415164066109,31.27132174414976,12)
(121.39229996701704,31.271009921341744,34)
(121.41368092269364,31.231488673664263,9)
(121.44178824685406,31.265593385489257,4)
(121.3962825200445,31.27421944712883,35)
(121.42341706223385,31.262211824041287,1)
(121.38357804968562,31.26025249016283,4)
(121.41290517350862,31.29345898837229,36)
(121.38868229381069,31.296518832960842,36)
(121.43299034083732,31.245234732821114,115)
(121.43582854228674,31.26905118073365,1)
(121.34706402931957,31.284654947815092,26)
(121.40683617982623,31.236169288608718,33)
(121.40690815295804,31.287286055231206,50)
(121.36621828903273,31.251661460119347,22)
(121.43578781856127,31.267911172124588,8)
(121.43790890930494,31.253996929670738,26)
(121.44399142380912,31.267089584922797,15)
(121.43059419033689,31.23789165050338,37)
(121.4269695004031,31.245822514723688,23)
(121.3926574214744,31.23877945617076,4)
(121.37525130028031,31.2357155530745,3)
(121.38355895787882,31.24783207584334,9)
(121.42846989713502,31.262289571307196,14)
(121.42563539691497,31.24240017809617,45)
(121.4312767560348,31.2362923384042,46)
(121.43170760531811,31.24777688274009,29)
(121.3981882209911,31.269424194739344,12)
(121.43465504205454,31.277357139193295,20)
(121.42666468247549,31.271242042566374,10)
(121.3683454137795,31.280395777923104,36)
(121.45401563541265,31.27385446690524,28)
(121.44593973012812,31.244845773818373,13)
(121.42274407120442,31.244138378339592,2)
(121.39791862396815,31.24162246332701,1)
(121.3719132238133,31.26936607757165,4)
(121.4437585458165,31.267104820364455,23)
(121.39898800761415,31.22876649564082,2)
(121.42440629833202,31.240907694753737,36)
(121.44220474737901,31.258440567694983,30)
(121.39101060890701,31.289420668179748,36)
(121.35956922162455,31.278454833563202,36)
(121.41412263232603,31.23968565070431,17)
(121.36586046219026,31.23778073067051,7)
(121.432116954527,31.23163351521517,20)
(121.39955811481465,31.261940484258332,4)
(121.36834643981994,31.29219756049142,7)
(121.40758351917812,31.249062471194488,16)
(121.46075283555118,31.265681407844014,40)
(121.39115290855236,31.257173265910975,36)
(121.3737727483625,31.300333077046268,27)
(121.40054038286299,31.261181453336416,4)
(121.36810396063855,31.314397806934103,15)
(121.44036907772212,31.258342311784318,5)
(121.37696549004937,31.29075518202935,36)
(121.40126848928132,31.290980098288607,3)
(121.41476671319677,31.232662929898463,4)
(121.4328122592715,31.24953841537932,24)
(121.46191059561467,31.25315115628601,11)
(121.35522932381302,31.284156637225742,9)
(121.42957482882323,31.265080677570147,30)
(121.36448665307596,31.309434793930194,25)
(121.4379033765863,31.24501109270807,37)
(121.42990643136491,31.252840031288446,9)
(121.44951439405341,31.264932901887324,10)
(121.39203174115994,31.25916769862601,10)
(121.44384329588614,31.283141227310043,16)
(121.40795620296582,31.225425330669736,6)
(121.37743811548275,31.279035965688355,36)
(121.41402906159854,31.239490711488628,36)
(121.4300629522496,31.26191182044796,7)
(121.38112005147677,31.2814920017138,36)
(121.4207619830482,31.236424205870005,36)
(121.44312501178467,31.24696607706408,1)
(121.34682151173119,31.287488328036748,10)
(121.42811097891932,31.262508616644695,29)
(121.37195657338582,31.249570576093227,4)
(121.36810396316334,31.314426817815107,31)
(121.41750697236648,31.253192433857244,6)
(121.42250851056717,31.26400515796457,3)
(121.41227216312173,31.291099202551692,24)
(121.44156394755645,31.24713759194084,4)
(121.40431569729927,31.30108058766211,7)
(121.39078149950295,31.290221835643475,3)
(121.41502182343145,31.252918361787163,10)
(121.34508506673407,31.29824314311659,52)
(121.44704515857246,31.241764372901947,18)
(121.42344593292783,31.24956428676745,20)
(121.43101457535285,31.259756610449944,5)
(121.39700133599916,31.26556607760049,20)
(121.43929639734773,31.278153395282292,6)
(121.40634800818796,31.245702572917946,20)
(121.40812185086382,31.260789759493612,18)
(121.41750571026064,31.231619773085217,2)
(121.43507196241819,31.265239020688124,2)
(121.41200938850099,31.25846765036341,12)
(121.35662002595434,31.28308856465492,36)
(121.3978986202434,31.231610478886108,21)
(121.39195504500573,31.228757512970766,29)
(121.40297982255619,31.247651091585567,37)
(121.4639768679434,31.258235766259798,1)
(121.4094077551969,31.244949123064895,35)
(121.33577157465143,31.302273176740957,23)
(121.40465690602902,31.254915358369537,36)
(121.37745438701654,31.29340180599709,22)
(121.39011718494362,31.281262741271863,11)
(121.43345837482707,31.238319638009834,1)
(121.423264224772,31.26252507041188,25)
(121.43789393547708,31.254013957718403,16)
(121.43938863134375,31.23546792447088,1)
(121.42440818112847,31.262509201632813,15)
(121.37900014094147,31.23250844976656,2)
(121.39643365844984,31.239317746632555,12)
(121.43317618321788,31.237027384824707,3)
(121.42393546026231,31.250989979284316,88)
(121.41832887531365,31.236315437949848,25)
(121.33663510761856,31.297347897166016,11)
(121.40873122206199,31.241668653995017,1)
(121.4076847048543,31.265397168193598,25)
(121.42423850006935,31.241418054683944,36)
(121.36021747982716,31.24184580511017,20)
(121.43607755825663,31.23870815185733,5)
(121.4526424945464,31.256273191373822,36)
(121.40686700935504,31.245685575076223,24)
(121.40152947466366,31.261496141981777,22)
(121.45394306512766,31.252480939977655,13)
(121.44859897992029,31.259448807658522,48)
(121.40375768913623,31.244871194743983,30)
(121.4130052555661,31.246358304236885,31)
(121.37440573463802,31.289400543125243,21)
(121.45649298570375,31.270730152905845,7)
(121.39369440498521,31.242136177055112,34)
(121.42250037042731,31.245205025376258,36)
(121.40253399381368,31.26183731304855,24)
(121.44700918430647,31.25793239759697,21)
(121.43346036978144,31.261236766437122,35)
(121.42891266689931,31.265586553059137,8)
(121.42060416038296,31.24287213258339,82)
(121.45158119734744,31.279180999150544,6)
(121.40336551129887,31.254743281270812,13)
(121.42544352846998,31.24191240816386,23)
(121.37362437554323,31.264067044885838,36)
(121.41085012261455,31.226196992451253,4)
(121.41224986868552,31.259495820879657,28)
(121.40524144575667,31.23985188784142,2)
(121.45005164390129,31.258560159254504,31)
(121.42601645399819,31.27232105759293,21)
(121.43531344935157,31.281879181567376,35)
(121.38277107045626,31.293884660983796,36)
(121.39731956300749,31.24486800850089,36)
(121.43607387919099,31.238115283796983,2)
(121.43631739796295,31.26464867443219,6)
(121.38752303587937,31.225267249695513,20)
(121.41449264572009,31.25263683442905,23)
(121.39032061810202,31.249898512200456,15)
(121.37810177500675,31.276378623997015,36)
(121.3646504606862,31.239385641124954,31)
(121.42169991104967,31.26258949232011,10)
(121.3844393930062,31.241927217498596,13)
(121.4167456736271,31.260783104378763,65)
(121.44770041533654,31.242095417617957,17)
(121.42815598136875,31.247654474778308,37)
(121.41080341109809,31.22358468755595,36)
(121.42900344287928,31.264250893125368,22)
(121.34136862052793,31.295737223344172,4)
(121.44988774032744,31.26899980714802,22)
(121.38077568024624,31.270544092247505,13)
(121.43614151340007,31.251347129178157,36)
(121.42915642830492,31.242235367780655,10)
(121.39825207519648,31.303820670572172,36)
(121.35118628357168,31.29929262777011,36)
(121.44488470453803,31.259926892498164,27)
(121.42505435114728,31.248637634484787,5)
(121.39859451893064,31.236455878945378,21)
(121.43585228600148,31.25506313378681,14)
(121.44654695567861,31.241807985960076,19)
(121.40982416965187,31.23763015751749,36)
(121.44936675621004,31.258554671214704,39)
(121.417866169003,31.25074721255308,8)
(121.37503324297491,31.238776939829712,9)
(121.43135935779452,31.262538574426106,1)
(121.38638743315006,31.28867967939247,25)
(121.40613423321857,31.236873591839593,36)
(121.37981102132625,31.25374385000735,10)
(121.46309847627384,31.25531425241351,8)
(121.39001183885726,31.2277079864667,12)
(121.35350386166083,31.28615827613044,40)
(121.4275858702517,31.23567159115051,1)
(121.45161542706613,31.260154777868554,2)
(121.38990681477145,31.2360109509546,1)
(121.41747836133814,31.250370230447164,22)
(121.38756608982055,31.238732591440282,1)
(121.42370580267706,31.25074361492,10)
(121.39744385508246,31.257611839436805,11)
(121.36593495609654,31.276600707048544,36)
(121.41215551887831,31.27188934750542,3)
(121.41418554850256,31.264070916807068,6)
(121.40109046504101,31.23727902575721,7)
(121.40242669580682,31.247504922599536,6)
(121.41770541437147,31.252478051810378,6)
(121.441175359185,31.243729662274582,7)
(121.39730135688384,31.264797965066894,36)
(121.43780207823302,31.253917041352757,16)
(121.37174447126166,31.263727455504117,28)
(121.42552634126332,31.242409469200055,22)
(121.42881211514512,31.257904345036238,7)
(121.37518386525167,31.25786412269256,18)
(121.38951151945213,31.256450811042285,14)
(121.38424997773281,31.26248407844043,36)
(121.44915543153736,31.24476474551401,67)
(121.42160418614758,31.246251903644623,36)
(121.38703953660574,31.282233794231093,14)
(121.4448498231711,31.24437091312554,1)
(121.42357819030266,31.276780862304463,2)
(121.43097736467503,31.247259626524567,9)
(121.41057438979502,31.243061125797098,36)
(121.40386798390304,31.23630613273019,1)
(121.39715852114335,31.23238545825109,36)
(121.39079295962678,31.238006514985223,35)
(121.44166831559544,31.242714505949085,24)
(121.45728201931296,31.25173340585057,6)
(121.38799592634327,31.241394337420182,1)
(121.43919473734334,31.242406984303898,12)
(121.41052711682495,31.228352436482503,1)
(121.45566574377142,31.274328780759088,7)
(121.38740908983016,31.227116015755158,20)
(121.43204122186525,31.277539482049498,1)
(121.43726092694845,31.253534609223685,37)
(121.42206217442975,31.28462616092748,4)
(121.37586973479611,31.253609296569547,20)
(121.3927864218137,31.29771832825434,29)
(121.38425489378957,31.277949031887793,51)
(121.4526104592537,31.2434906037551,2)
(121.3784640591872,31.277052582507213,32)
(121.43961706582753,31.262029386789507,36)
(121.427478187334,31.264213328038363,16)
(121.45888266779257,31.25291373314785,19)
(121.42812552739032,31.242049999533844,3)
(121.4031760521485,31.27278897848488,36)
(121.3685532372037,31.297398914539627,3)
(121.38934457607292,31.270210587204573,3)
(121.42635714976835,31.22953631904224,3)
(121.4429339524264,31.242103206473306,23)
(121.45882250844349,31.251569162728547,10)
(121.38486746182123,31.248997759406322,1)
(121.42881161725795,31.25218984833731,10)
(121.4088712557304,31.291200584019816,22)
(121.3917434142751,31.28080064395312,2)
(121.41382848059212,31.230919736769245,11)
(121.4468565196841,31.24176164008237,6)
(121.40456328237438,31.277150194615654,34)
(121.35574038002251,31.308802409041295,24)
(121.43118420806135,31.281183739915896,36)
(121.45964341227072,31.25002678466121,5)
(121.42436982632803,31.258030297268572,6)
(121.43106631120708,31.234751718776675,11)
(121.38434854715152,31.256316501523674,36)
(121.37707785418544,31.270169848634293,37)
(121.38423467527934,31.259197647550465,18)
(121.40514436440304,31.261937616893285,37)
(121.39944056033247,31.23207495142219,20)
(121.33945563835196,31.28765838932685,36)
(121.41475613506898,31.240273626897306,5)
(121.43483879431939,31.25471826487506,36)
(121.41999875004169,31.227397520100666,36)
(121.37516716711251,31.2586156246129,35)
(121.41093624601396,31.23082550947715,4)
(121.4379639545102,31.2784982891561,9)
(121.41824811531454,31.229834592374694,13)
(121.43215563542412,31.255009569377645,72)
(121.38473269440061,31.261764247861272,19)
(121.37853328212998,31.229598291431735,11)
(121.3413217017945,31.286290355780356,71)
(121.37693880108276,31.27175235242367,8)
(121.42012924594792,31.234146547799096,11)
(121.43658567762283,31.28416347321748,21)
(121.40884922970473,31.246554638019347,34)
(121.45287143600281,31.249434263562755,44)
(121.4009941270732,31.244791936719903,1)
(121.38753824189418,31.227473284909077,36)
(121.42621237076818,31.239301489060466,33)
(121.34350932660189,31.295130991199418,36)
(121.40905928135452,31.24521138417786,6)
(121.42812601101478,31.24760248006419,33)
(121.39314931203792,31.302574204275395,4)
(121.39672372544895,31.239370702962862,24)
(121.40176562182452,31.248453201778617,1)
(121.41210338546732,31.25873574564834,17)
(121.45114945262375,31.25042952488186,2)
(121.42518956620026,31.239523860203562,29)
(121.37730985478893,31.23097049859782,82)
(121.40978016563379,31.238834332281698,30)
(121.42125127483921,31.255492398059644,21)
(121.4010969483704,31.29125266326616,36)
(121.43716221047096,31.24142075891249,1)
(121.41809712014918,31.279440305982927,4)
(121.37883490369288,31.266773408073036,36)
(121.38179179900935,31.28085642597371,36)
(121.42762282726996,31.25046321729997,32)
(121.39043692826723,31.251659016989418,16)
(121.43123622850567,31.262463649841063,37)
(121.43655127268993,31.269261286561655,181)
(121.44064431614649,31.2667014946931,2)
(121.3919390414066,31.229100109317354,36)
(121.40022734071535,31.304750960681343,36)
(121.39246062603256,31.27725562956091,19)
(121.40811474912239,31.260756158090334,28)
(121.44929281465139,31.24199885733583,11)
(121.4131019200974,31.27985942916759,16)
(121.40730860339775,31.229660307567027,37)
(121.36888323427064,31.314068788443763,32)
(121.43236294205772,31.250285259599078,2)
(121.42519656790715,31.23949456170319,22)
(121.40430202060514,31.24473460587188,8)
(121.38609767339642,31.283280839989835,2)
(121.42947630391338,31.23310164946601,14)
(121.45925746109197,31.256919582683768,36)
(121.44442281541328,31.265485965590305,2)
(121.43420663696767,31.253685589648576,24)
(121.39727555087995,31.2648760598583,49)
(121.43764944042236,31.243723734034745,33)
(121.43605782461621,31.25342315039882,36)
(121.36901204308074,31.23105341946892,2)
(121.43198251068509,31.26236995376447,13)
(121.4536563495578,31.27082941653753,3)
(121.37410997612305,31.228094642403203,19)
(121.43500301291587,31.26348375600488,2)
(121.3650354109043,31.27707055712552,11)
(121.42477902263106,31.24181280855191,37)
(121.40704537298494,31.249881438295212,1)
(121.39675403129675,31.22905075091045,36)
(121.38154833683483,31.29035303416942,24)
(121.3426600507723,31.290566588267744,37)
(121.45583296757177,31.271268252265934,36)
(121.3896881929848,31.273956409543565,25)
(121.39047801888695,31.231456333695192,12)
(121.41734645445963,31.239117263209675,38)
(121.421429367389,31.28454222351851,20)
(121.45569419781164,31.257349481726493,14)
(121.40659024490041,31.225441352539722,5)
(121.34061346685345,31.296698637953142,14)
(121.43656062370809,31.248686405071286,2)
(121.44763578361666,31.256980347192457,30)
(121.39590680096514,31.231500492300057,2)
(121.44875361108912,31.259417634017105,36)
(121.39084019019684,31.29089317911192,34)
(121.45967432376767,31.26147771315837,6)
(121.34978153104302,31.29089189773034,36)
(121.41587185952741,31.29217950846352,36)
(121.46189519570432,31.260723640209342,30)
(121.4301759161624,31.25164623493963,21)
(121.38475403497269,31.25696015101579,36)
(121.45378161497064,31.276000357946202,34)
(121.42618811037786,31.245380455055738,28)
(121.41064234429909,31.2312307445583,1)
(121.42294445750181,31.261997073824293,30)
(121.34647478358686,31.28294457616854,26)
(121.44141909092241,31.279274222331864,39)
(121.41579932537144,31.251307363190055,35)
(121.38297700141683,31.29040447212257,36)
(121.37205012872367,31.24877349169737,2)
(121.45211593749333,31.270180188795393,6)
(121.3773533674313,31.27175383526327,2)
(121.38144871864831,31.284617615913696,5)
(121.42638725886485,31.2455149957544,25)
(121.40755441182174,31.258713946266077,36)
(121.41690350696842,31.236918466272513,3)
(121.41129126030603,31.243399153681484,36)
(121.42522677561665,31.242697961978457,24)
(121.36500103208374,31.28476780923527,21)
(121.38549585599826,31.23706363009113,26)
(121.41882674408362,31.25266857268567,36)
(121.41292354574958,31.24954152240439,3)
(121.44161422601766,31.278939260354257,2)
(121.42457223479667,31.241979046944326,37)
(121.38789953426812,31.226988347375638,21)
(121.36814716297599,31.292861541288094,24)
(121.43534080396294,31.24054734135567,37)
(121.41573223236608,31.264249740481542,37)
(121.45350155808211,31.260764342679664,1)
(121.42321824101892,31.26224798474778,32)
(121.37772663333953,31.257506176852072,17)
(121.36710963231323,31.309235709379,26)
(121.42346148613096,31.24460106838638,9)
(121.39853343690133,31.235804560492518,15)
(121.41859766525823,31.27144365764543,38)
