(121.3893283265791,31.2560234911501,65)
(121.39398771951583,31.248918687895017,10)
(121.41225506982693,31.24459875082937,24)
(121.44189223023774,31.257322566537635,36)
(121.41609888624772,31.270865673251052,22)
(121.38761632142517,31.24074152744553,32)
(121.40560117648818,31.24795754127968,45)
(121.36400208614839,31.30831254070448,31)
(121.40634884469374,31.255292805070127,21)
(121.42687575187148,31.240234329586244,36)
(121.37676295455024,31.232068512711844,6)
(121.36638538600968,31.23788255318022,20)
(121.39557866095927,31.247172365555947,20)
(121.38486659749016,31.239069316938103,9)
(121.41210687375352,31.24142009644175,10)
(121.42308937660721,31.26251019056549,36)
(121.42066365919206,31.243338387566624,1)
(121.3882270288692,31.25014868692364,34)
(121.43654504510184,31.253239433396597,42)
(121.42490924162274,31.24576447405421,18)
(121.37267893175611,31.286940349884187,5)
(121.40637362300288,31.265653489023077,36)
(121.43148680508857,31.230546391042544,2)
(121.41397585225234,31.236855534159304,31)
(121.41249826624349,31.25870063823878,4)
(121.4487992622726,31.26834666764353,5)
(121.4404449865661,31.247362377410354,26)
(121.44223434930625,31.2545038065569,29)
(121.44987204419041,31.25854948993196,18)
(121.37903459562956,31.240223080296637,46)
(121.38928232374515,31.256442639971155,37)
(121.38818741891784,31.259765360224115,20)
(121.39491668229654,31.25955651494778,28)
(121.42765463387757,31.260115403435254,36)
(121.42519466744425,31.239507861286214,37)
(121.429531327841,31.28164865891086,27)
(121.42518196434382,31.23953275861792,36)
(121.34378792282898,31.291795969260022,33)
(121.37137492464015,31.232976937262478,10)
(121.43869401387616,31.258758911695146,5)
(121.40988388419198,31.259596527434372,36)
(121.40375820014063,31.296272628980052,26)
(121.43610788640011,31.23464729673249,18)
(121.39978668384975,31.25605700923877,27)
(121.4590278750068,31.259691368712335,1)
(121.38724332970398,31.2431701974269,1)
(121.3811997917061,31.233993010462502,64)
(121.41527917043439,31.235284378829775,32)
(121.40617907500283,31.283044313786736,3)
(121.3921243793416,31.25415549443528,82)
(121.39081272727456,31.292551788507108,29)
(121.45517244682763,31.256853346138474,19)
(121.4270588245669,31.266957392785415,2)
(121.38566518227444,31.2893967512774,26)
(121.39584508835183,31.223701854903478,12)
(121.41092554120539,31.239105783925645,37)
(121.42580083057867,31.23972803212638,36)
(121.4346798279472,31.263860419083944,36)
(121.44171815410763,31.26424181958425,2)
(121.42131431228792,31.279388505250424,32)
(121.42160388607422,31.246255103576097,43)
(121.43673870011325,31.241324881506056,1)
(121.39647946546071,31.274790484235737,8)
(121.39061778325312,31.249059346029647,29)
(121.44530992956773,31.282990921953832,24)
(121.3940477318026,31.259908677137247,26)
(121.44630390522256,31.241731643522673,36)
(121.41676066565726,31.26078309787551,17)
(121.39192445706233,31.256807606801242,37)
(121.45839411710209,31.266504341003717,4)
(121.44850210335812,31.270589155349054,3)
(121.44795384625098,31.248263318048945,3)
(121.40065854780406,31.238505881748313,5)
(121.43890741480057,31.267507363745338,19)
(121.45309903739006,31.251929386263605,30)
(121.44640748265726,31.258454670931727,1)
(121.42341706860249,31.262284855432174,36)
(121.44848635802641,31.262706182362148,36)
(121.37693457584739,31.292229735267508,36)
(121.36508148943403,31.277032610763353,70)
(121.38206394146752,31.244325018811097,3)
(121.43585783193576,31.252300215454255,18)
(121.40863398265215,31.257945914360846,36)
(121.37555395553612,31.24406353740948,13)
(121.37887294948335,31.26673143236624,68)
(121.39633652698222,31.260156462211043,19)
(121.41199407907185,31.25487308889477,36)
(121.42410859232749,31.24109200777341,6)
(121.43185379049737,31.263600625444735,23)
(121.4549865526426,31.252803957907602,9)
(121.40335638985933,31.294036913866012,36)
(121.38553049911735,31.230020777628066,7)
(121.39280923461318,31.23564085988576,1)
(121.43445178470257,31.255554902580855,36)
(121.41357479664777,31.244918026116952,14)
(121.44405485803202,31.254350835646065,14)
(121.34970332578384,31.28763420003442,10)
(121.33412700491039,31.29255421793075,36)
(121.42359041460995,31.24510319737738,37)
(121.35360727060686,31.289441676863134,29)
(121.35122318485662,31.285680268308234,34)
(121.37556589638847,31.27194679823579,10)
(121.4270354025093,31.23820026725307,36)
(121.40750049894021,31.24558916078315,21)
(121.36331490941639,31.246930697526636,13)
(121.37486969794334,31.310095363022803,36)
(121.36578468075477,31.276461425940095,17)
(121.44376559550157,31.25799069295833,1)
(121.39323893528004,31.274634003237544,28)
(121.42390281195205,31.241439320771313,36)
(121.41013864701866,31.25548448849841,1)
(121.40213007215097,31.264061082021673,2)
(121.46253572253444,31.26320997675757,7)
(121.4630983728575,31.25411772927515,18)
(121.4027167597206,31.24752998994748,36)
(121.42845307134375,31.241133274771528,36)
(121.40229011633289,31.264143150651577,33)
(121.3642351174366,31.311740259636775,24)
(121.41114630563924,31.243525237021046,34)
(121.40911759570658,31.24409889841843,29)
(121.40580628571146,31.23890832485752,2)
(121.40294686502331,31.259677355783946,19)
(121.42982098835255,31.246474094638707,4)
(121.45055133953177,31.2794770713745,10)
(121.41882477331826,31.230059399386956,1)
(121.44442906687367,31.265189908788525,1)
(121.40134343218311,31.23421915833257,33)
(121.3928626217524,31.251027651936788,4)
(121.36489951012548,31.312896234179416,24)
(121.39363327809309,31.241136693139097,7)
(121.41205131942718,31.245580606397457,24)
(121.39073463985285,31.269312189585925,11)
(121.38737484968722,31.27069327336052,36)
(121.37432815610045,31.27254752521134,20)
(121.43340850582048,31.239011009878883,19)
(121.36147524544202,31.2925173270976,37)
(121.3531414242685,31.29526602728299,31)
(121.43781707519558,31.254165129455707,11)
(121.38156451942982,31.292228800823334,13)
(121.43605045203451,31.238795746427087,3)
(121.42320325286408,31.26223298917186,2)
(121.41926755326185,31.242325741235685,36)
(121.41097137317351,31.24384140976809,37)
(121.4321406336274,31.243286396381148,4)
(121.3645077554735,31.311464191761598,1)
(121.44010235247615,31.256087724391566,3)
(121.39136990261244,31.289620986436834,29)
(121.36437213660565,31.311279176485545,36)
(121.3965132994157,31.226125218698456,2)
(121.43543231318594,31.260175786148892,27)
(121.40779347060686,31.248775515135968,36)
(121.37818887993612,31.276255671419097,20)
(121.38539062634071,31.283307816471446,21)
(121.38258815067529,31.29720979705193,28)
(121.44633751297259,31.244833643773415,12)
(121.40226011874371,31.264249189824213,26)
(121.45140906745816,31.252849092654003,9)
(121.38975558422945,31.254840284648477,36)
(121.42090854070398,31.25554063472137,2)
(121.42563332427852,31.26636986440104,6)
(121.40340714140937,31.296249567023047,24)
(121.40737396764558,31.25870950900945,17)
(121.45823592199619,31.247935945040073,2)
(121.46029276232693,31.2732813297334,25)
(121.44243221225818,31.245695605839032,3)
(121.40172460216367,31.229426513049308,1)
(121.45975753702942,31.25495569805699,33)
(121.43211414872376,31.283172529255744,19)
(121.42487925859449,31.245626436514588,35)
(121.4015816739572,31.272525545697196,5)
(121.44630550632546,31.24484723813451,36)
(121.38809107688621,31.25420175888563,1)
(121.43609276175515,31.23870785481344,7)
(121.45029011997381,31.258687767442286,8)
(121.44937443541738,31.25874414029959,22)
(121.41769089559578,31.257895425079973,19)
(121.38281325649443,31.249505060626813,36)
(121.39463173819108,31.30541746278344,53)
(121.43732177253965,31.2528922452776,36)
(121.45727224428607,31.264370913072526,7)
(121.43710119658284,31.25367388497897,36)
(121.38885925367515,31.305739557930945,54)
(121.36814322407834,31.247525427076162,7)
(121.42693650870628,31.238194353108675,70)
(121.41370582341284,31.292636437959082,16)
(121.39516436339663,31.272190635081703,24)
(121.43429814571391,31.236657807341174,31)
(121.43503973631019,31.280432931636604,21)
(121.4225077103703,31.264008857790895,37)
(121.38864855566565,31.25395608055227,36)
(121.39390370058749,31.248248673236805,38)
(121.42878215106322,31.257912377774577,9)
(121.40495879567025,31.23266359494975,3)
(121.44842876603707,31.241895783067278,36)
(121.45601039591409,31.259531101228877,1)
(121.38052813943331,31.23330345958649,18)
(121.41001461652425,31.242884687091074,35)
(121.42635920644427,31.23917130336292,36)
(121.4486674109229,31.243763188674723,36)
(121.43172591809707,31.240172458409617,1)
(121.36628563055436,31.233907271072017,28)
(121.4544015128568,31.270411735530473,36)
(121.44254056810601,31.26360226830371,5)
(121.42162909357589,31.262674877393096,36)
(121.40267047619278,31.24438758085015,8)
(121.3838498144902,31.26038579951186,16)
(121.40860670175785,31.243231424143776,4)
(121.42356044559797,31.24515024061456,36)
(121.43013816439343,31.24726955730236,19)
(121.37704959722798,31.290661242615617,13)
(121.38547694356146,31.28725182306901,36)
(121.42238727196445,31.25445419174353,3)
(121.40553067046912,31.230730752542755,1)
(121.41583115451631,31.260983568183516,36)
(121.43617001471371,31.234655604987317,1)
(121.43047784424868,31.237865043289023,34)
(121.44058850077097,31.244717985507158,15)
(121.41254424141928,31.24700630662752,36)
(121.45002806812552,31.26899433059939,8)
(121.40903727593371,31.24595817817273,26)
(121.45577977301323,31.277931042057443,24)
(121.42758244773465,31.23519215995321,1)
(121.35685120865031,31.302986872680975,36)
(121.4481205031277,31.250818473810558,29)
(121.41527512656616,31.22853790508322,2)
(121.40727553683895,31.29763640049357,54)
(121.37479256526078,31.257925864354792,8)
(121.42708834795108,31.238232234155795,35)
(121.39015994215173,31.282383671689885,22)
(121.40642493615692,31.245681238913747,36)
(121.45313648935719,31.260680284932054,40)
(121.37128478639053,31.313557045308933,27)
(121.39397140311928,31.274495360132164,37)
(121.3928550417844,31.26036031918767,32)
(121.36412550247944,31.31090934893365,20)
(121.38235340927916,31.285425594513026,15)
(121.43677804375758,31.254163390575847,32)
(121.40739958715032,31.22950923665421,30)
(121.40270041000032,31.243557214896008,1)
(121.43039262534418,31.248156907031852,26)
(121.3976237000005,31.277807481165652,36)
(121.37645560060197,31.231077882220163,4)
(121.39373984301767,31.242608722310884,32)
(121.37259560706791,31.296179933664256,36)
(121.44626743157394,31.254545209384755,36)
(121.396044569946,31.228411392250706,36)
(121.37885912346732,31.28043815021779,27)
(121.43404689163424,31.263962406831265,29)
(121.39065297724046,31.24020907977921,8)
(121.43669081815541,31.264755228971172,24)
(121.39629062252688,31.26812356122034,15)
(121.39905497945027,31.26256558566493,37)
(121.44118321832738,31.265238061206876,30)
(121.4400405791272,31.24596235047353,34)
(121.39988575490543,31.256473221295774,21)
(121.42441207426512,31.23840055779854,36)
(121.43857763735508,31.24070609340298,6)
(121.42427642051918,31.240911797433398,37)
(121.42311775844388,31.24424816111893,31)
(121.40775966840327,31.242099959166346,29)
(121.4040207566073,31.244920035521893,37)
(121.38322949156971,31.24729572120979,12)
(121.44905046745725,31.246963307371963,17)
(121.3626215243979,31.29420380420587,17)
(121.36505042769079,31.276956532450754,33)
(121.39179930230404,31.290957057333237,37)
(121.43197978569559,31.23107003023076,7)
(121.448698698672,31.247854956587716,7)
(121.40051936382658,31.2610393862144,4)
(121.43648963709,31.24040529887535,14)
(121.42374893694985,31.26133475192146,32)
(121.45239940893832,31.260222382478574,12)
(121.40123713086811,31.25591035370437,9)
(121.43789273869115,31.240253840965806,4)
(121.43099191393608,31.263498523546133,4)
(121.3782700044992,31.276452844859918,1)
(121.41633888581094,31.260789279553293,5)
(121.44576994281985,31.255598721492504,3)
(121.42643309361374,31.238765055407082,44)
(121.39205541557048,31.27818276237228,14)
(121.40346493847404,31.269320517519805,2)
(121.39112775651567,31.268960178407664,32)
(121.390850198298,31.2861482393984,37)
(121.38590949863286,31.283055179991123,3)
(121.42612842665649,31.238945400117064,36)
(121.39185467563131,31.248424881014614,31)
(121.38361341397112,31.2294887881295,6)
(121.45425170161903,31.27314843711651,2)
(121.38941268524069,31.259316983080897,27)
(121.4323578896948,31.231739131606027,16)
(121.44285356644473,31.28184342546315,1)
(121.40512774810446,31.243422484489756,37)
(121.40215250246797,31.260398738856075,36)
(121.45022912752168,31.25719823520551,26)
(121.39264742082352,31.226480478305582,3)
(121.43653798527626,31.23513337931541,1)
(121.41288493069244,31.233323233841233,12)
(121.37328490589854,31.2645308095705,24)
(121.42020462590594,31.227652517691237,35)
(121.4134879754418,31.261351076127216,18)
(121.38527465724245,31.280832714970437,4)
(121.42874352741835,31.25024305677685,6)
(121.38936605468533,31.25253099061123,3)
(121.41785747994402,31.237664567915104,16)
(121.42410150284566,31.270165076757987,32)
(121.35418956402202,31.288278518371868,36)
(121.43841319089263,31.23957530010977,57)
(121.45299145772418,31.245944289117393,1)
(121.38147942899712,31.280868114094055,36)
(121.42532841592856,31.241005000852585,25)
(121.44313967394879,31.243406464175006,12)
(121.45409976343774,31.253365011781757,37)
(121.36753936915456,31.237896241496642,8)
(121.42200088682642,31.28099201886626,6)
(121.43729282178211,31.264392269531985,36)
(121.41528722129944,31.245553083428543,17)
(121.40909268958302,31.244135293180666,29)
(121.38356515953517,31.245620681378234,4)
(121.40784854944961,31.298071558427637,29)
(121.41017154525387,31.255418653661057,19)
(121.45838191499593,31.266473439296796,3)
(121.42521470893595,31.25454110375725,29)
(121.37505713621012,31.287115841410365,17)
(121.4555068073782,31.267274110151774,16)
(121.45006161783375,31.258517121934265,5)
(121.40157126539638,31.23215757700383,22)
(121.43960406619439,31.27789685393587,27)
(121.39709714421257,31.228398597805086,5)
(121.38305698022499,31.24315046766315,19)
(121.39002811336321,31.282342947570136,33)
(121.39707670663884,31.244921160921617,2)
(121.39278770656868,31.264074274191806,18)
(121.44637552086864,31.24483875042804,6)
(121.43585183097427,31.25467820981209,5)
(121.37069026010677,31.268965269163903,36)
(121.3729254771512,31.2434079256112,33)
(121.38788056834186,31.296490201567632,33)
(121.42602963561845,31.240174039622943,27)
(121.44220523578323,31.256005280415593,3)
(121.35079071752504,31.281618686386487,36)
(121.41097133740477,31.24343122606052,26)
(121.45266552620359,31.25726157636216,18)
(121.3884172711944,31.239788541913345,37)
(121.43766634129128,31.26585338673694,37)
(121.42614522553521,31.259767598451578,13)
(121.44637772132357,31.24482955083053,37)
(121.38488044295941,31.225620166056377,36)
(121.40836191024394,31.23568545786332,2)
(121.39100678094903,31.245522037437745,5)
(121.42492384121286,31.241335478047894,22)
(121.36421422929567,31.234194620650708,18)
(121.38191883087798,31.245010179614535,3)
(121.45129594180678,31.271415294612037,14)
(121.45211129985243,31.280371082949163,16)
(121.39372421214041,31.23969909623156,18)
(121.38557138345695,31.262700357810697,36)
(121.42536638603286,31.241094009742838,8)
(121.38553496400154,31.23762653577401,82)
(121.3744304432163,31.228041019062392,26)
(121.42020594769131,31.242821430352798,26)
(121.43360730663095,31.240023796278567,14)
(121.45398502205738,31.247875810609614,5)
(121.39226820566046,31.29940332713324,26)
(121.44742257745074,31.2804917119779,4)
(121.36870689068108,31.313486321026765,33)
(121.41310230076785,31.235010577195663,2)
(121.45939958286006,31.250130815344072,1)
(121.41768872743573,31.23302733204833,7)
(121.37988156082437,31.270429097466558,36)
(121.3841441743483,31.26024935000677,2)
(121.42634322930883,31.25070847085688,21)
(121.45142378334242,31.249969795748314,7)
(121.43678902493902,31.257150955615213,43)
(121.4076765417362,31.25872617147678,34)
(121.40912279698621,31.244092399510144,36)
(121.36436103556198,31.30943017940841,25)
(121.44634381428192,31.244833044879606,26)
(121.41158890511238,31.25202479744401,32)
(121.4402910153266,31.258933819399928,22)
(121.38714547179562,31.268848308245943,16)
(121.42330027909695,31.240588385182363,12)
(121.44570000749276,31.266433022997717,9)
(121.42820159932879,31.250674357652176,2)
(121.43528607556921,31.238678397570492,36)
(121.3837211901142,31.25100159692331,1)
(121.36297749963892,31.241327148003336,1)
(121.44732081836226,31.254096998112157,27)
(121.39641427503283,31.240891170787833,1)
(121.40609856409365,31.248708600107612,1)
(121.41466806855938,31.275666594868046,6)
(121.42042120830352,31.270506353752392,3)
(121.36797374957308,31.314494657042264,36)
(121.39032029985395,31.24624589183442,4)
(121.42938630573725,31.246328938162304,3)
(121.43727689729351,31.253490568385004,2)
(121.41798021890222,31.25209575105999,36)
(121.37755173258697,31.27286453007327,36)
(121.3742620633559,31.307111314552344,27)
(121.39340696618929,31.257224529907365,30)
(121.44544823018519,31.255993239100537,3)
(121.40510461430976,31.26170713645289,37)
(121.38077710312287,31.26568307656551,36)
(121.38761962496308,31.27696209075079,7)
(121.42737890984262,31.248315490989956,16)
(121.38941224933056,31.255463608388446,1)
(121.35046620210368,31.28120609480331,33)
(121.41331383200719,31.24630516887129,18)
(121.44423097026444,31.247207665221246,23)
(121.42729420223354,31.239134456326774,14)
(121.45189820483027,31.278925264192285,36)
(121.34841044698729,31.28916754697064,6)
(121.3842493910595,31.287105611431222,20)
(121.44401332310498,31.244053631802263,27)
(121.45865595314316,31.272409603602863,8)
(121.45877564797375,31.27249837929757,10)
(121.40556349255439,31.263069133794815,36)
(121.460632690884,31.249112170710927,5)
(121.36433573200569,31.30956307618539,13)
(121.44684241677703,31.241776237598696,3)
(121.40632011027793,31.25540879834762,29)
(121.42578655432357,31.247860685870222,36)
(121.39895024250191,31.261959995404215,68)
(121.33820244148117,31.294921918712262,4)
(121.42674771795323,31.261203693593014,36)
(121.43985903488388,31.25902235577736,36)
(121.46060245852057,31.257025712812883,23)
(121.44902719238077,31.261776444709252,26)
(121.37690840099968,31.233086336387533,23)
(121.38850595063339,31.282906231472897,22)
(121.40343481209665,31.2304025569219,24)
(121.44213832360134,31.28658247896857,6)
(121.3642571211254,31.309406267479957,23)
(121.35337145860088,31.2833641050787,11)
(121.45861757220511,31.266868345595785,6)
(121.36486078562827,31.28497553946773,25)
(121.39501819553432,31.276226636652897,31)
(121.40288591581314,31.243115441301065,7)
(121.4398819922176,31.258993309709282,18)
(121.40985967822552,31.259784522030365,37)
(121.44282939075993,31.24413854849858,41)
(121.43403268366427,31.262787749669457,2)
(121.40152354501215,31.23682092507418,23)
(121.38387814027736,31.280479298779422,36)
(121.39780265706784,31.26491412929587,36)
(121.39294530790217,31.235285645117045,37)
(121.3649722202952,31.313304241782628,3)
(121.42254557838015,31.236559098787197,2)
(121.40492104063253,31.23128580539086,5)
(121.43222537924593,31.253154678450894,36)
(121.45304704933928,31.258663442474795,37)
(121.39959139151938,31.287118571027186,18)
(121.38822219390491,31.277145641077986,41)
(121.42562688964382,31.261315705002644,7)
(121.41404679535145,31.27089542010559,6)
(121.38208120121365,31.27007822857513,2)
(121.37932967883714,31.24533361023859,3)
(121.43554775832399,31.24078517638765,18)
(121.45619673181496,31.254925375104428,21)
(121.36178689815944,31.28015285872215,28)
(121.42323287849818,31.246780207480565,14)
(121.37906636063028,31.291571893463136,8)
(121.42674583346431,31.23957614772741,37)
(121.37723826957624,31.27242898536417,12)
(121.4217374201217,31.26026690463396,36)
(121.41000761484095,31.237254996366662,1)
(121.44253920875379,31.257528238883424,37)
(121.38754096814242,31.258779316905848,14)
(121.40451460428298,31.242458993072685,5)
(121.39523005750272,31.26175862369844,3)
(121.3865198694902,31.236364210695758,1)
(121.42371492639438,31.237219790662486,40)
(121.42618210899145,31.24606045254753,36)
(121.43295215336859,31.243580659739177,11)
(121.40750206781665,31.2694588974709,17)
(121.38053206216071,31.23272800416763,7)
(121.40646766212365,31.29899292706781,26)
(121.45191258312869,31.27216241891657,23)
(121.42887322296801,31.259965177985,1)
(121.40993999820937,31.234157188167483,1)
(121.42525278386393,31.260879032888337,11)
(121.44855511913597,31.26059979747016,8)
(121.42877743816571,31.25030227567833,3)
(121.43839595409493,31.25232151949137,36)
(121.39239387609162,31.30359514685136,25)
(121.36117531718038,31.289474373228444,36)
(121.45374579116313,31.255370603216356,26)
(121.4133260352983,31.261424842098215,23)
(121.44610986480197,31.24154800977207,23)
(121.34840044858777,31.281900562875872,11)
(121.41746838346302,31.237672486411768,22)
(121.4186418008476,31.22903702378559,36)
(121.43358816792845,31.238065368948433,36)
(121.42693645268196,31.237551061510846,12)
(121.40154248980456,31.25907080147321,26)
(121.4595144449908,31.257993560442944,5)
(121.42796461804282,31.229522447477535,10)
(121.4144626381301,31.24656383986486,31)
(121.37660505250183,31.279943367408556,18)
(121.39552274277979,31.297981950169078,36)
(121.41309229854208,31.2533325399871,15)
(121.37226044840489,31.313197981216977,24)
(121.37570095414492,31.2717410702857,22)
(121.41853862721858,31.23500018430164,5)
(121.44150418224393,31.25479395327016,4)
(121.41641810745212,31.263792537395776,10)
(121.37803795627323,31.244919987814644,36)
(121.34872357399692,31.293749027124086,6)
(121.37875881943017,31.266943395915376,36)
(121.38442604743739,31.261111649817877,7)
(121.41607528887774,31.263889719825777,29)
(121.43142543534384,31.25302050800609,3)
(121.37697856422119,31.268398984334006,34)
(121.3683712387048,31.25097429576069,6)
(121.41130627684251,31.243630254379333,36)
(121.42190005718248,31.258871444866674,7)
(121.45272840205976,31.2805393057172,4)
(121.38347483445745,31.283342187526845,12)
(121.42323452162755,31.25416846745246,17)
(121.38823991046031,31.296656548106398,4)
(121.37634198483079,31.237329601501905,20)
(121.4546320019496,31.27214739655715,2)
(121.42570537105611,31.27919218072105,3)
(121.41851198049152,31.230160608709397,8)
(121.40634131648045,31.22469136164525,28)
(121.41114630476683,31.24351523253927,4)
(121.4082873410798,31.261689554197115,36)
(121.44236332540284,31.24551263197224,9)
(121.39382286114365,31.247880527638895,5)
(121.42561215156812,31.26414693307869,9)
(121.40882512358557,31.2597857071799,28)
(121.3658307668614,31.276522519843716,3)
(121.42294447189724,31.262162144803913,4)
(121.41003882240769,31.25551676766746,33)
(121.41531499983374,31.290793166324548,36)
(121.42591488185006,31.241648801542304,9)
(121.41289979753599,31.231851555653353,6)
(121.44629170345651,31.244849335708803,24)
(121.41708936876161,31.253292746176594,36)
(121.40497030186447,31.28698778834185,22)
(121.39192280431041,31.237841180020435,22)
(121.45911255838413,31.2536642003438,7)
(121.41338122040634,31.272948480200633,13)
(121.36417130888304,31.310673154729784,12)
(121.45756817022692,31.277020883210692,9)
(121.44719097747395,31.248450917547782,3)
(121.40910209127244,31.299572483929957,24)
(121.45255072890124,31.256485464355585,36)
(121.38925278325213,31.273489897408727,36)
(121.4231487061061,31.243958008937664,22)
(121.41346436958926,31.261352371185104,14)
(121.43717804503872,31.253354641830622,13)
(121.3567347852529,31.277662526737096,2)
(121.4070433710131,31.249858428127485,10)
(121.3877384210224,31.27329115169752,3)
(121.39916743503656,31.244350639019657,19)
(121.440702539918,31.236021892845706,6)
(121.40774097899687,31.24885543510739,16)
(121.41072171211259,31.28922497302107,1)
(121.40596032319984,31.238738556802236,7)
(121.45724971237817,31.24767800848983,20)
(121.36804986569206,31.31435371309848,36)
(121.34617256997203,31.282503504683568,29)
(121.43946756734464,31.258473185346126,6)
(121.37834745831842,31.28049460244159,26)
(121.37373585672641,31.233122481753014,12)
(121.37591109769961,31.291634283417473,8)
(121.41441760536085,31.235832319708127,9)
(121.42812743371248,31.263929601651434,29)
(121.41409962654984,31.236378052124632,36)
(121.40817176310925,31.24349656889643,14)
(121.42465074410445,31.26013698930499,36)
(121.38290091400688,31.29039139319354,24)
(121.41811262172502,31.236486092360916,5)
(121.42283471049622,31.24196359905141,2)
(121.39825525199737,31.26944823021911,19)
(121.44609416153088,31.241553407000414,36)
(121.40692415763816,31.258647816335614,37)
(121.37127258436908,31.313627243478837,13)
(121.43479206923075,31.23412311284159,6)
(121.44101680121764,31.256993758652133,2)
(121.41886640854358,31.23719724879855,37)
(121.41521770405522,31.245592668791204,5)
(121.3979210185782,31.302824630894033,37)
(121.4609431391351,31.251819727469076,30)
(121.39133342803824,31.250910528571872,12)
(121.42789647426042,31.23846259667974,34)
(121.43172110785878,31.23080119422667,4)
(121.42971916312979,31.240416985262996,36)
(121.38268667334397,31.290432200981314,7)
(121.43832019731069,31.25365921242,36)
(121.44696454196652,31.241770558872624,36)
(121.37305053354041,31.26432441995902,8)
(121.43791031187097,31.27011385984894,1)
(121.40826116354823,31.248168646972243,2)
(121.42077988434107,31.270373785183267,23)
(121.35043515326271,31.281401119354456,6)
(121.39004031601768,31.28240964966867,24)
(121.41296939454814,31.238959775884254,37)
(121.4054399966728,31.238852449854498,36)
(121.37629976575464,31.253832398024457,36)
(121.42250330898348,31.260457163751173,24)
(121.38544704142306,31.263227368469213,25)
(121.45223782900082,31.249198877044815,3)
(121.42712036325821,31.250273592066893,36)
(121.3918444571817,31.303363713696285,36)
(121.38416279545804,31.22697013781386,6)
(121.42313316442075,31.264774286342973,286)
(121.3723434002935,31.244282073095295,1)
(121.36604133565508,31.244215895800615,36)
(121.43717806149036,31.253543724736595,22)
(121.44329406856691,31.24262520419946,13)
(121.39235803342469,31.238486569462612,15)
(121.37902682521424,31.22847462379185,27)
(121.36519569031312,31.277013774663637,18)
(121.39645126369224,31.227793772338238,10)
(121.41535732019402,31.237409316277738,36)
(121.41586829087795,31.2512933299601,16)
(121.36509408977858,31.237529470982093,36)
(121.38932837130467,31.25653671474795,33)
(121.44126905086873,31.246498256697972,11)
(121.42651410836267,31.239911502931292,18)
(121.38557291150777,31.280232730544615,37)
(121.43056986570815,31.234312568339515,18)
(121.38360206434118,31.260227857732588,36)
(121.43163262322817,31.2660488225141,7)
(121.44186316587908,31.267445962571173,37)
(121.44831172054128,31.254517967832477,36)
(121.3753648871814,31.286651618095245,36)
(121.37972050596923,31.23364937158409,4)
(121.4561452235607,31.270766700497635,8)
(121.4177164234712,31.235710210852293,4)
(121.36136739188777,31.285003131065665,1)
(121.36970832391161,31.230315847198007,34)
(121.42305836125139,31.262025004301396,68)
(121.42996311703861,31.262382125549983,4)
(121.39536000616228,31.291201633121485,18)
(121.39496096859912,31.23958570852036,2)
(121.41323131156418,31.246398451432775,3)
(121.43052196307235,31.23423306177968,14)
(121.41049845469475,31.243630392672983,35)
(121.40572726524184,31.272998941411085,6)
(121.4340629497675,31.266342233099202,5)
(121.36436087982614,31.250218038492154,31)
(121.40178663697328,31.260033274502344,37)
(121.4102202671452,31.255703405054263,14)
(121.41756097187044,31.257908492206578,4)
(121.40099041402614,31.237026885382218,8)
(121.43416954506779,31.231809213904096,9)
(121.35711138754239,31.299083789717024,36)
(121.44541494291678,31.263407501863323,5)
(121.41341095582642,31.231948716337502,2)
(121.40346853432983,31.30062829509186,19)
(121.39060752176712,31.30352095769725,6)
(121.40708220101547,31.259380592183124,13)
(121.45758232651401,31.26772595050848,4)
(121.43716210601964,31.234677369123954,3)
(121.4063952955482,31.26045104576889,37)
(121.38098654723856,31.243055354245186,2)
(121.43964999535825,31.257999865142995,1)
(121.41283887426192,31.232504871029526,20)
(121.37731804811588,31.268744322034888,36)
(121.44117722162059,31.265151033120542,61)
(121.41876370437544,31.23438976375337,43)
(121.42968970713382,31.265291651239906,22)
(121.34488368358645,31.299336601855412,2)
(121.40798897428047,31.245767592276813,36)
(121.40343971233824,31.24774522450787,36)
(121.45800104487533,31.25253700991057,33)
(121.40448758625347,31.253755000769807,36)
(121.43749820503056,31.237365560563983,1)
(121.38609497283207,31.28328113951556,1)
(121.3859585883381,31.237560594349738,9)
(121.39104183765417,31.268334063768556,31)
(121.40364762997204,31.255569685567494,27)
(121.41737725821187,31.24853046352181,2)
(121.45229380440195,31.252521233141835,1)
(121.38361827255335,31.285280016901655,36)
(121.38201257553592,31.26380949570337,10)
(121.42417792328612,31.245623985808063,36)
(121.40196825923807,31.246770828664836,37)
(121.44198958834752,31.254167144138886,17)
(121.40261777754019,31.25943719110058,37)
(121.38267166033884,31.290480205546928,28)
(121.40676588645202,31.27864874138767,1)
(121.42980040516854,31.24699402084292,3)
(121.34673520605737,31.286876424729787,36)
(121.42453422918857,31.230031639790433,28)
(121.38624120554523,31.270228292698185,37)
(121.42588479898868,31.240346240284556,15)
(121.42539981770231,31.240992000861027,36)
(121.37403318850497,31.250294776574478,2)
(121.3732467017766,31.22826562460856,8)
(121.41326216704296,31.283311801756092,3)
(121.40863757900898,31.253323897380323,13)
(121.38283183572864,31.290394327295633,35)
(121.39909729033147,31.23152280207948,4)
(121.40123650995545,31.248791224796822,36)
(121.37761280271995,31.272723541166187,33)
(121.39915942829708,31.244308617520065,2)
(121.42622735294327,31.23927546439845,26)
(121.39277773931828,31.264529462909366,34)
(121.40755242056152,31.227668383526364,18)
(121.40447092962282,31.246247682416026,11)
(121.37921533929436,31.254622587819174,37)
(121.39065055585367,31.26911204770894,9)
(121.43305614598854,31.25213527805486,36)
(121.38912002375616,31.230530287207102,26)
(121.37243085198523,31.25585495834085,36)
(121.42888958860883,31.264377059005657,12)
(121.41111629978123,31.243378176570115,14)
(121.42369492398292,31.264574734425523,9)
(121.40850466738148,31.24272420349286,10)
(121.44688832624901,31.241765445615574,14)
(121.38487047589531,31.28359048356354,36)
(121.37739195417075,31.27790044309295,7)
(121.41220772412588,31.25149956084766,36)
(121.39477626608887,31.267213724519955,1)
(121.41378914978647,31.24558856968771,9)
(121.39133240380465,31.253275048455198,37)
(121.37939469823073,31.290602865330918,35)
(121.39151486143807,31.287890384084655,35)
(121.43780457805958,31.282635210075135,25)
(121.3900175110299,31.282481045333746,36)
(121.37707660964709,31.25586671271572,20)
(121.4122677729835,31.24606655067049,36)
(121.415960820384,31.26933208142768,21)
(121.41823946896513,31.279662371111378,2)
(121.45211092785789,31.269935095085312,2)
(121.445989010459,31.25462372160933,4)
(121.39103854911407,31.231085522119706,36)
(121.38514253127745,31.280959649891013,10)
(121.40975011304427,31.238176037893872,36)
(121.407338895777,31.23302585302091,34)
(121.4260446176777,31.2401450137511,36)
(121.37703380829234,31.293336292009077,4)
(121.41387086988242,31.2377699016317,1)
(121.3740950747864,31.256110166839036,18)
(121.38483904669337,31.267555780537077,36)
(121.4484155434262,31.2616506722624,22)
(121.44515950066948,31.263903144069495,3)
(121.38237238366594,31.2797735600938,19)
(121.36874428683996,31.287853064350656,23)
(121.39650055834389,31.29393054382355,36)
(121.38538548024145,31.231514336955723,24)
(121.37140826703425,31.26744759354663,6)
(121.3920345625515,31.22968932603379,29)
(121.3681780075318,31.244352062982944,1)
(121.41929153813803,31.242335732585214,21)
(121.38268281494202,31.24613843948,2)
(121.44630580637968,31.244814938246034,71)
(121.38596081821848,31.241306090693755,1)
(121.42646560319666,31.278325279802523,5)
(121.41147432320867,31.244635671805778,34)
(121.42718525690026,31.28062549196833,27)
(121.4014730418597,31.233881753961004,31)
(121.43771825500667,31.23710260330551,39)
(121.45566223664376,31.270947026910836,13)
(121.44148137962989,31.265766928380767,28)
(121.41107980489582,31.27198760703944,4)
(121.43249954726333,31.247898047241975,23)
(121.36506647387765,31.277160641249036,25)
(121.37923460003292,31.29930935606135,12)
(121.40567794987899,31.256775421327077,34)
(121.44450483565653,31.280324631289353,1)
(121.37257377928518,31.229428290766837,26)
(121.38513140360381,31.291106754382593,36)
(121.4520712827089,31.246895139563733,1)
(121.40096701946706,31.261316698545716,27)
(121.43921257895761,31.26389638897722,36)
(121.45444653083,31.260372358596623,12)
(121.38861487692856,31.3038896599488,3)
(121.37950836938971,31.285156791390076,26)
(121.38949521334854,31.241605228311666,36)
(121.43215783025083,31.23678535634512,3)
(121.42368861422172,31.23693944730205,6)
(121.43979814522447,31.259068464456526,25)
(121.39449889799,31.276388433914295,35)
(121.41442730777707,31.23624552096362,24)
(121.44134590094058,31.264989708315223,7)
(121.45001673314874,31.25868828007684,36)
(121.38941054610528,31.234762067352534,1)
(121.38292163204798,31.23514699380971,3)
(121.38277085814647,31.29144969045196,21)
(121.38216310307084,31.244852353318038,18)
(121.3958308010126,31.23197767520936,2)
(121.39162528441759,31.245888606977452,11)
(121.42669410760904,31.26501437591543,2)
(121.45587650047109,31.254549880797516,14)
(121.39117636723486,31.26901368731768,3)
(121.4248552063454,31.242812016289356,44)
(121.41345136681277,31.283422624451262,1)
(121.40265172309338,31.24429917150365,30)
(121.39121960800506,31.230158215848725,21)
(121.37127706914517,31.256025504748504,36)
(121.38892119168483,31.2355310558764,24)
(121.40970072786746,31.27950894199964,2)
(121.44895853611408,31.26399952478405,13)
(121.43087811596355,31.264133917628897,2)
(121.42380995221478,31.264354758713118,6)
(121.38304607456425,31.290347516004328,37)
(121.45420316452555,31.254533032530414,35)
(121.42952719816346,31.234251095554452,18)
(121.43895249128462,31.25779112624123,12)
(121.41701809485225,31.232905585335164,21)
(121.41009653663451,31.255804879110222,31)
(121.43193869287043,31.246759120302933,36)
(121.38415012962439,31.253975296251486,36)
(121.45890252482813,31.260215158154402,22)
(121.37400335886787,31.256192353382186,36)
(121.41354236068192,31.252300567305504,2)
(121.42887198664096,31.245773947947953,1)
(121.41126127483041,31.243483196969308,33)
(121.39925893896876,31.230199750065875,1)
(121.44477190383837,31.271117855353186,11)
(121.41846583329784,31.228141700885335,9)
(121.40455405106883,31.23606210619787,27)
(121.40422624318317,31.23871627262156,1)
(121.43773319169895,31.25392113747033,32)
(121.36832531532981,31.314200048268,50)
(121.37414738353296,31.257552471404516,20)
(121.38467457982803,31.276998005970388,68)
(121.43516723760311,31.265453492670982,19)
(121.36486343575334,31.23470884073142,10)
(121.43339054931154,31.2392181247309,1)
(121.37758277283203,31.272845557808882,36)
(121.45462176938403,31.27106049871037,3)
(121.42159221960812,31.23498702543785,11)
(121.3829469665173,31.290394439037847,10)
(121.39286124623297,31.235241575101508,1)
(121.35576318242231,31.30880951099654,37)
(121.41070444822024,31.244038542911138,13)
(121.42097595025533,31.24935787552179,19)
(121.37487069811668,31.310108963139836,36)
(121.37691420336138,31.232783765561653,82)
(121.42564237759451,31.247548038615015,17)
(121.38280209372277,31.29374563596266,36)
(121.39720846721548,31.267062702570577,1)
(121.37162044792836,31.287856748652892,12)
(121.43453488358747,31.262038815847383,36)
(121.4469012356355,31.27889847130234,7)
(121.42530759493108,31.238568686331853,354)
(121.37401365634234,31.274744315508006,37)
(121.38508328095371,31.267307894168507,35)
(121.40940356552674,31.302576240311186,17)
(121.44889576216822,31.242024992800207,36)
(121.4559242190746,31.275703815853085,22)
(121.45405778568158,31.25245269598942,29)
(121.44640372672396,31.2448344553792,29)
(121.37363808803721,31.24899850350595,4)
(121.36780547041333,31.31455543852383,35)
(121.36497252034032,31.31329254184447,16)
(121.37857258060399,31.232463954917804,14)
(121.37851579760819,31.29334198817057,4)
(121.45568613532338,31.25241246518072,9)
(121.42122051830043,31.246549475047775,36)
(121.45812915669383,31.247451961430144,20)
(121.40984247124722,31.24245495644594,36)
(121.4181435525444,31.270408564586006,24)
(121.45104437748823,31.281296884219405,12)
(121.33717853933017,31.299693850840594,6)
(121.35227849838635,31.28689562590277,35)
(121.38793157056571,31.261545821510282,36)
(121.38291592564657,31.290329382885503,20)
(121.41509279516427,31.270975924094092,3)
(121.3849162301795,31.280217142363345,21)
(121.41796698615946,31.272250422080848,16)
(121.40538696175103,31.245649500117203,3)
(121.38371082352334,31.267342200432154,13)
(121.37381282669844,31.242982045157568,17)
(121.4363183461908,31.275538269460387,12)
(121.41995797960529,31.25014795264086,8)
(121.45073232096246,31.260986926647988,2)
(121.43239810028892,31.238919026552097,24)
(121.37685419248298,31.23248975699533,23)
(121.41603880846628,31.264094605034437,36)
(121.42639185996516,31.245338097031134,11)
(121.36960970825831,31.236608587477164,36)
(121.43677337758541,31.24973358737254,37)
(121.39645016357295,31.226485174625257,4)
(121.42199648143033,31.230237581776212,19)
(121.38186893852358,31.2814137324663,4)
(121.36907212816965,31.25163855910276,2)
(121.42796675276182,31.25403346682679,3)
(121.46011664751519,31.26725019895834,17)
(121.45556461180458,31.246893151091037,6)
(121.4390197886891,31.239561952164863,2)
(121.4451187581123,31.2458479265717,19)
(121.44757067195887,31.263444623848955,12)
(121.43253004134273,31.242573635344932,6)
(121.38164967982314,31.234291683805793,7)
(121.40140012447884,31.23391993923704,15)
(121.45578025227395,31.252282779734692,17)
(121.4089640577479,31.25941353673247,44)
(121.39206707820654,31.228286898371323,37)
(121.38439397592391,31.249189414304496,6)
(121.36885219668252,31.314228804790055,7)
(121.36674834162352,31.287810494652344,28)
(121.4379882968806,31.25040259899565,4)
(121.36604493406863,31.28566058902752,29)
(121.42880964359075,31.232193315743185,20)
(121.42516185943299,31.23955395442837,36)
(121.44978221522355,31.253597818342524,102)
(121.3686784442058,31.25127584536336,8)
(121.44237567901519,31.28332325957155,8)
(121.43045202895335,31.2683761758513,15)
(121.38160862544323,31.28135644598207,36)
(121.37655911734726,31.232845580167712,32)
(121.38277129295403,31.283735668047413,5)
(121.45427070105583,31.245901364305684,11)
(121.43599692582552,31.25349926260364,29)
(121.41721762635812,31.251723947263304,3)
(121.39824747413034,31.30369126994046,31)
(121.45659609802384,31.25122360474934,4)
(121.37936832760336,31.288711800455822,36)
(121.40979607861833,31.237865891791866,16)
(121.40288021099826,31.286706662060375,21)
(121.36391979026286,31.281444665793764,17)
(121.418169837156,31.260301958950354,10)
(121.40987298150445,31.25967742500774,17)
(121.3920716544322,31.280786846255925,1)
(121.40720885027339,31.23245959502832,32)
(121.42353488340198,31.250717727908334,21)
(121.36497252034826,31.313264041909413,24)
(121.43485878203731,31.270791753525494,36)
(121.42446997449073,31.272265297388017,11)
(121.4250858282591,31.254459172655892,15)
(121.38261346582377,31.243035985314368,22)
(121.42003639900507,31.25007396917116,37)
(121.41509722593744,31.246451475680526,4)
(121.42881404897682,31.265610653966696,36)
(121.42607598440713,31.25752090901687,1)
(121.41225236930374,31.25945682147854,27)
(121.4270897899483,31.254784601883582,10)
(121.4435160405335,31.27887514582847,12)
(121.4444888176628,31.252197178395686,31)
(121.4402011910035,31.256233642660842,15)
(121.41078838313805,31.243496286332974,14)
(121.38288135950802,31.249799256822886,37)
(121.42830916487124,31.2517701488711,1)
(121.42014982658414,31.242792406661284,36)
(121.44451616517252,31.25793179570072,2)
(121.39433107722117,31.239491441104775,25)
(121.42266301032168,31.265570803630776,5)
(121.42657990402678,31.230461063123883,8)
(121.41262506201306,31.23388055467123,37)
(121.42634222323778,31.239160313113786,19)
(121.41083492667345,31.261302103448706,36)
(121.4444568976627,31.240901201701963,23)
(121.39648228793904,31.268229129055495,31)
(121.38074139903328,31.233277671254392,1)
(121.40479837942958,31.23953470560734,13)
(121.36402538934561,31.30836814324305,20)
(121.3815312740562,31.266883321390157,34)
(121.36607598646965,31.285639626503354,15)
(121.41646913751622,31.28554818330964,1)
(121.3484017154681,31.280221975105913,22)
(121.42529778704379,31.244912778940527,28)
(121.36650618474451,31.31386729249542,5)
(121.44146507448598,31.25858493892681,11)
(121.446244992934,31.24156783348042,7)
(121.43222449926863,31.243047194650178,3)
(121.41942092560522,31.270687006700847,1)
(121.4314250159522,31.24820438310094,2)
(121.4384650055774,31.25424026483252,36)
(121.40922367363312,31.23225739742646,30)
(121.42297299773895,31.245549846554045,36)
(121.44379446996196,31.244063705347823,15)
(121.41756067579396,31.2545140129997,4)
(121.4031750155187,31.260910927792978,16)
(121.45076103260463,31.260869899449943,8)
(121.44531832737975,31.254096629250153,64)
(121.38050212446974,31.291003212013862,36)
(121.39113550052383,31.229665933456047,23)
(121.36488224861709,31.242074118351706,8)
(121.42290649155399,31.26201210733798,29)
(121.37537984401182,31.25137772306893,1)
(121.36417215006448,31.240190040079785,6)
(121.42750891828608,31.2500571428975,21)
(121.43516867562799,31.281962398124055,37)
(121.41924575121301,31.24442869562424,23)
(121.39038029356726,31.259361559993927,17)
(121.45951030132817,31.25736399605564,1)
(121.42187447321042,31.232180417477426,19)
(121.38961283128862,31.282006686726717,17)
(121.45488882157481,31.276154145983504,21)
(121.40819016788754,31.247250800143355,37)
(121.4092372251064,31.24574092008393,30)
(121.38934334436381,31.25608052701935,31)
(121.44213609016745,31.26090774151889,36)
(121.37083585286541,31.273118214207248,9)
(121.44882464447093,31.246940601069326,33)
(121.40291482706424,31.24784716708082,10)
(121.43586720906013,31.25444484419712,12)
(121.38997212811205,31.281977932140954,1)
(121.39647436776805,31.240071353072064,18)
(121.42522884247943,31.233299583900905,37)
(121.42597547976152,31.2416682495229,1)
(121.4018401283602,31.250674795177822,37)
(121.40598315281291,31.247478349323195,17)
(121.42430638681688,31.24084674492745,36)
(121.44780765557657,31.248279749530667,37)
(121.39254739529358,31.251138410823344,78)
(121.41453796717393,31.229272282229786,2)
(121.36609108884933,31.286516004096534,36)
(121.3944882215441,31.23427104881417,1)
(121.39283122462541,31.235231552632765,28)
(121.43617790711704,31.260352262517195,24)
(121.41150851603837,31.2813123989333,29)
(121.37365826107734,31.308194966660793,32)
(121.41614176303675,31.24678422418397,14)
(121.44510896039925,31.263933591192995,1)
(121.38716764720931,31.25913516930117,41)
(121.38463519724408,31.285542065245483,5)
(121.41018564144555,31.245088090269153,36)
(121.3646244887586,31.249405941608305,6)
(121.41046164808336,31.231924032010745,1)
(121.43947593272426,31.25448727432608,36)
(121.44199004240645,31.24576132345131,27)
(121.37800747868333,31.254454158730905,5)
(121.420728269097,31.235683440737546,3)
(121.41823895885317,31.25090709954766,29)
(121.4211269382769,31.23907518059297,14)
(121.43131159357375,31.253123677428558,2)
(121.43297231317784,31.25270962801325,36)
(121.38527428667592,31.276581958747233,37)
(121.4514736528872,31.274958157914146,6)
(121.42082376168389,31.245881426018315,24)
(121.39752160756694,31.277290225528372,8)
(121.4229335588696,31.25159155256236,1)
(121.44761438028621,31.261053735885987,79)
(121.44695020837744,31.245294935614066,8)
(121.36853456374746,31.251412415783953,23)
(121.41663084144727,31.250552690028947,4)
(121.40372757917342,31.299543377834688,22)
(121.39474252311742,31.258922150407475,34)
(121.42250390911747,31.26030066417813,36)
(121.45092993896519,31.24557492364366,2)
(121.43647050865698,31.268678188549732,19)
(121.4179457816473,31.26160480948832,36)
(121.4106906744284,31.26951663221263,43)
(121.36566812730828,31.2847718882979,7)
(121.44532490360353,31.25444334737002,19)
(121.36500533164876,31.288615101220817,64)
(121.3986943519101,31.24554600818416,36)
(121.39063451339202,31.268770892427476,7)
(121.44139885746362,31.24712304796789,16)
(121.37716216369137,31.272404886861946,4)
(121.45204208079278,31.26984919286874,36)
(121.39390605900094,31.225105510046625,37)
(121.43765311603558,31.28595376961056,28)
(121.42374493496884,31.250498771899753,1)
(121.42316947152848,31.244365232869328,14)
(121.42228985634986,31.260044020127577,29)
(121.44911960050815,31.280285070273518,30)
(121.36695157642731,31.251883633868452,39)
(121.424223505497,31.241320022127848,18)
(121.42757500447817,31.228946544291844,6)
(121.4321794479356,31.27042556278278,2)
(121.36874069991214,31.23486297658981,4)
(121.42905724297277,31.26269217182534,6)
(121.44511195668017,31.245852825352024,36)
(121.37253007410521,31.24513235780511,18)
(121.34584719442907,31.280382372286557,19)
(121.4077143571842,31.249969467075925,5)
(121.42859959486461,31.260551697660574,37)
(121.41226648822328,31.22605703734734,37)
(121.37242853766745,31.229213001922254,36)
(121.43641626719793,31.253458698789085,18)
(121.3998150195217,31.236847467619945,36)
(121.3731891221255,31.242755064379082,2)
(121.41064669367444,31.242132051125562,10)
(121.43141024165686,31.250570446185485,33)
(121.3829948444985,31.247059382159737,6)
(121.41232211408442,31.256351659599936,36)
(121.42383542990511,31.259280248142268,12)
(121.44077102122591,31.256832113135264,37)
(121.44627129921169,31.2448368321508,36)
(121.42305738702815,31.25085113766147,36)
(121.36412960305209,31.310890149447847,23)
(121.38609927373032,31.28328114026992,6)
(121.41551238543809,31.2848006730322,33)
(121.42329210429,31.273276102745942,5)
(121.379779702521,31.239020262812247,10)
(121.42290758804467,31.27458243427531,2)
(121.33699513361846,31.299800543713562,36)
(121.43744181921397,31.267134237376496,11)
(121.37748343860144,31.27054447657758,37)
(121.37814081669194,31.276261619565787,37)
(121.43866847967817,31.28628769150078,2)
(121.42336156259671,31.244460078736886,27)
(121.41402252917709,31.255342730729694,51)
(121.42808014559843,31.24854694250333,27)
(121.4290162190659,31.263908829556893,15)
(121.45139142164435,31.27945146003644,1)
(121.4392336799174,31.261652215030704,36)
(121.40366736632663,31.264893336793023,36)
(121.42249060584062,31.260307461397144,2)
(121.40401910023108,31.225918379926476,25)
(121.41307193017103,31.27985943722568,17)
(121.40764643432107,31.26044296186046,26)
