(121.38747497056457,31.23826457612596,20)
(121.41596142371027,31.23040588354985,1)
(121.4252295558465,31.241489299808226,22)
(121.41314400384658,31.235148998837552,7)
(121.42773438640701,31.250928461754146,24)
(121.39913573372857,31.305221000459625,4)
(121.39573316649629,31.248271978739556,3)
(121.44161350718741,31.26179767935976,10)
(121.3907664834802,31.290173806196734,49)
(121.39081519284602,31.231393796016857,16)
(121.42348722503912,31.264792878746817,4)
(121.43506733176078,31.25333837531364,36)
(121.3893283255329,31.256011485916655,35)
(121.39061680938056,31.237880337961247,10)
(121.45579288492452,31.256575939650844,2)
(121.43388017367415,31.26587725520366,37)
(121.43651510083836,31.253336515398598,11)
(121.44898881986882,31.256528242260096,37)
(121.41536674152987,31.26100937024224,13)
(121.38039757874024,31.286218174563068,27)
(121.44440972903139,31.240948840577573,2)
(121.337307524118,31.296128695936567,24)
(121.44892668675787,31.24193489581429,13)
(121.3650814919536,31.277061622798207,11)
(121.39734658636377,31.277990443739302,20)
(121.39793097090654,31.244910439120673,36)
(121.39027295997855,31.231290093777776,4)
(121.39063174558473,31.237010953818952,7)
(121.4454315230397,31.242126788925972,22)
(121.33153447348076,31.29679494817475,4)
(121.45744994750015,31.24779603782948,20)
(121.42218725604546,31.252373415943897,16)
(121.41025427462417,31.229558033365716,36)
(121.40250233937047,31.243227028818037,28)
(121.36506646710087,31.2770826088854,5)
(121.38620348574815,31.245067181363222,6)
(121.40284547235036,31.243935411087264,36)
(121.44983412810116,31.258542557554605,1)
(121.451849294986,31.244152386745828,36)
(121.44082013451916,31.26826110068129,36)
(121.40214333116575,31.24406132904794,25)
(121.44727200525944,31.24194781193679,36)
(121.36662127499027,31.25183757476243,1)
(121.45929736739622,31.255583590823267,36)
(121.44312809811301,31.282465244099857,12)
(121.40570838188896,31.261708558078677,36)
(121.34128362442327,31.286379320210433,11)
(121.4584424421782,31.247547115386503,11)
(121.39233068635457,31.27900927522511,23)
(121.38173615618697,31.251230754280385,15)
(121.36435803460127,31.311427474519103,36)
(121.41249837779921,31.25997919146409,36)
(121.43345899123727,31.245402822230496,15)
(121.41158758751806,31.225058720808047,36)
(121.43294359653274,31.266965824200565,36)
(121.45296934297151,31.251905632994774,30)
(121.38296063833808,31.2433188839815,21)
(121.45404282991004,31.252545767115727,8)
(121.38069625437385,31.243759367456224,11)
(121.42447084433701,31.282235431831786,28)
(121.3770635121885,31.27796508865704,36)
(121.3766361167813,31.280187504560136,36)
(121.41093177259366,31.271235316732696,15)
(121.33709422925725,31.29830714751979,6)
(121.45322198241043,31.25887826989882,1)
(121.42123823888248,31.277873927756584,6)
(121.39566737577597,31.3001268735582,36)
(121.44057377799264,31.25874347270225,1)
(121.41584430727853,31.251348363635774,35)
(121.38472299798849,31.25691210205529,28)
(121.4491806566059,31.270982083575056,37)
(121.41299627503986,31.273020480993488,20)
(121.42276131838422,31.25860173753394,8)
(121.37024472768954,31.24801658429689,8)
(121.43669180988682,31.2761450309528,36)
(121.38654866649621,31.291711901308897,24)
(121.4181009200602,31.26026174459517,21)
(121.43953831626145,31.244368369608555,7)
(121.38703847220346,31.270025718221273,58)
(121.41277114249336,31.246797343180578,36)
(121.45654080553268,31.27725316568434,7)
(121.44173144382576,31.24488533118644,10)
(121.37042379654723,31.233950496977318,18)
(121.3895690208585,31.230931068119894,36)
(121.40970746229556,31.22961387951654,44)
(121.34109220084743,31.286426979415477,34)
(121.3845505520873,31.242392527964068,4)
(121.43719301862888,31.264240320185735,36)
(121.38432314868291,31.229046245297965,5)
(121.41206592315747,31.259470582504704,36)
(121.40912569769911,31.244095400106303,25)
(121.40850746050853,31.251820245616234,31)
(121.40033521434187,31.248534867918305,7)
(121.45945039143801,31.250223322371088,1)
(121.40849683136233,31.301863007980607,11)
(121.41106229475274,31.243178096580944,7)
(121.3824828692448,31.27239660208074,6)
(121.39825748188373,31.241599399041732,12)
(121.43833037597462,31.2589190484448,36)
(121.35110747421996,31.28027085296013,21)
(121.43363446230708,31.242202180745497,1)
(121.39510393283216,31.26720259649201,5)
(121.3961182080371,31.22921513606855,2)
(121.44038431237519,31.26134558765169,36)
(121.36414560557044,31.309772253827607,28)
(121.44407363593697,31.243867743012494,2)
(121.41353008588119,31.261303585032525,10)
(121.3467371059955,31.28746452349572,36)
(121.37707280244605,31.27178607790395,21)
(121.34473957813364,31.289709117163902,32)
(121.4292486051295,31.28091664176126,2)
(121.40909238950853,31.24413419312052,20)
(121.4054519001868,31.22350738132337,3)
(121.42703801794856,31.26821443170875,1)
(121.3723858038413,31.25609900577016,19)
(121.3712937411053,31.263466742580643,22)
(121.43378577573466,31.23681156431667,21)
(121.3979451391579,31.235291104950104,33)
(121.44521971265695,31.256241732367787,10)
(121.36610188260391,31.237764081049715,7)
(121.41332235555986,31.253883587037297,2)
(121.44701205175785,31.24177816712192,6)
(121.44852386272679,31.251725009205504,25)
(121.44304894311001,31.2445101028285,28)
(121.37667121592312,31.24624099641596,8)
(121.44006478212394,31.235058052655145,29)
(121.43812532586766,31.239810144713513,17)
(121.36037165217877,31.241355625795997,44)
(121.41041448211175,31.243755461383703,36)
(121.43063660920092,31.27569213474376,12)
(121.4410782539056,31.263464461004716,1)
(121.35325803935301,31.282306265591625,14)
(121.43336100135156,31.2553963501017,24)
(121.42217410169093,31.261939585167692,37)
(121.44520460353546,31.254639057906548,33)
(121.42073537074916,31.23422664491917,7)
(121.4473041925699,31.24216991414149,37)
(121.42370524535,31.244348774664623,13)
(121.34725428856332,31.280777115329503,12)
(121.40768336411134,31.250030494941008,38)
(121.39998396126927,31.24698007360806,9)
(121.39819076085628,31.303632158885538,21)
(121.41376246432202,31.235819713754186,1)
(121.3754662180869,31.300288163321262,7)
(121.44889721863316,31.258809400824497,2)
(121.43678757426262,31.240772567911563,13)
(121.41796218906994,31.25163055516475,19)
(121.43826974459427,31.281911271280325,2)
(121.41011914840414,31.227827253013466,3)
(121.3934535964491,31.269127545250207,2)
(121.42123239728859,31.284425851763185,16)
(121.40493157920635,31.276067575807055,22)
(121.39567776231928,31.23250284262009,36)
(121.44132454579996,31.268655693791555,36)
(121.41723332631015,31.263440387617752,46)
(121.37231255714454,31.31319828851044,72)
(121.4126248725218,31.23170655901111,6)
(121.34772837080726,31.28144225290036,5)
(121.39596083248014,31.231525529293705,5)
(121.42991131004085,31.246860912194993,2)
(121.37926009386076,31.239625972481086,4)
(121.43460311993374,31.255486032478032,36)
(121.3649725203896,31.313109142262363,20)
(121.4109713913198,31.244049502905114,9)
(121.41695103355849,31.232954155685,36)
(121.38871011462983,31.259751648540625,3)
(121.37211632795322,31.297791095512352,36)
(121.4297723756171,31.238460299641577,18)
(121.45171122136657,31.27521802796668,2)
(121.425358422379,31.241420163122992,36)
(121.44219873408964,31.25475478155387,24)
(121.41268017480033,31.246837383967076,22)
(121.38309195719684,31.284021921363873,37)
(121.41033161605195,31.228104012123982,27)
(121.41267321955023,31.258785631988477,36)
(121.45524549196091,31.25944732138187,9)
(121.43672671828249,31.241314892883516,7)
(121.42303542737162,31.262554248260276,36)
(121.37402981515304,31.273692630105042,2)
(121.42286162016362,31.274497431445177,11)
(121.38633805687367,31.296032760216168,23)
(121.43336993170432,31.25565528868225,6)
(121.45844249796849,31.27227501234187,5)
(121.4389830352331,31.25315405824216,2)
(121.40553043800385,31.287407902258185,1)
(121.37693252160483,31.268636030865927,16)
(121.40736836661172,31.245410933848667,26)
(121.37492638311244,31.299623242432904,25)
(121.43498346405322,31.253411512304464,29)
(121.44132197059426,31.26528887245871,2)
(121.44593272790138,31.241721078271752,2)
(121.389381407385,31.256431707874892,16)
(121.39410157873695,31.275561876218525,22)
(121.42703574138099,31.242091022617316,6)
(121.39634683489201,31.274164959737064,25)
(121.40574608164727,31.246781027185648,17)
(121.35704224071388,31.298972630145705,13)
(121.40221964059339,31.246881310114343,15)
(121.43687142647744,31.240610383362814,6)
(121.37697857423368,31.26851403306558,36)
(121.4585403171277,31.25008623565954,1)
(121.40362427220361,31.240040789556705,5)
(121.36487078759362,31.250172791625886,5)
(121.3558365717183,31.28441677923245,36)
(121.34945686604665,31.302132642712674,36)
(121.42168500736722,31.262541489306805,31)
(121.35039507146391,31.281436062074096,2)
(121.4324903237967,31.25016362411402,16)
(121.42555731519357,31.242466469077083,12)
(121.42320328261424,31.262574135753432,36)
(121.38082481896538,31.23244345230492,2)
(121.41217505016594,31.259490705259456,20)
(121.37021316156999,31.230535643803048,36)
(121.37659222336659,31.232782985318288,36)
(121.44776043161428,31.257865398826578,20)
(121.35066469682575,31.282076805931922,18)
(121.37128289594378,31.27301623453901,37)
(121.44148875554392,31.254835101241937,19)
(121.43971353580648,31.26185879209939,29)
(121.43755800509939,31.248490983084082,15)
(121.37306379577754,31.26384250253843,1)
(121.39286275429974,31.25254832110129,20)
(121.4131306320126,31.25376232409351,13)
(121.37496674085143,31.2800614399106,15)
(121.37523537435948,31.25794223015842,36)
(121.42821139803885,31.24169105672357,2)
(121.43243885256695,31.25044724488684,3)
(121.38291092781506,31.2904194141361,24)
(121.35458109254463,31.30826303554167,31)
(121.42786628178477,31.247333604862597,29)
(121.4610746176021,31.26202080877995,2)
(121.42030400319182,31.235801189251994,11)
(121.40989548717221,31.243045762011466,37)
(121.4052771720066,31.293976887095017,17)
(121.40751050106863,31.258744537135172,29)
(121.39373882607399,31.23515604357408,13)
(121.39340624842164,31.265471233785988,34)
(121.37025922362301,31.23039464205724,33)
(121.44713891130712,31.257925166905608,3)
(121.41845101758234,31.23014963485491,5)
(121.36819066883193,31.251737356240923,36)
(121.46282487759679,31.262703089438673,3)
(121.38925134239098,31.296920374580786,30)
(121.42321676654976,31.245334574950995,36)
(121.37415498723693,31.247299393846625,36)
(121.42898694441688,31.246848313585758,6)
(121.39250405698576,31.24741883901444,32)
(121.42939971720561,31.261369261901045,36)
(121.37812299863658,31.255617805946702,36)
(121.40326806651454,31.272763983278693,22)
(121.38682275357135,31.25266606568221,32)
(121.37758444500928,31.292047416128938,55)
(121.38770054472249,31.240716462222785,2)
(121.40404965856555,31.266394411604587,20)
(121.41927641006404,31.236905435109573,21)
(121.45647210573638,31.27418077523027,44)
(121.38706997506183,31.286931731251297,36)
(121.4226186392588,31.281961645558244,13)
(121.41232203832665,31.255483280940492,37)
(121.38820552639089,31.258172578019522,36)
(121.41390908049135,31.2878742112516,36)
(121.34856208252931,31.280485373984487,36)
(121.42120726992972,31.24358515969023,4)
(121.38154652607247,31.26957147593507,18)
(121.44874520102732,31.25479493023605,1)
(121.44379586709576,31.260143776394372,36)
(121.42240460573434,31.25565448356892,12)
(121.3690815838442,31.314313158769576,36)
(121.43386491802148,31.26269391134542,37)
(121.40122905053555,31.255843864186602,1)
(121.43058099676767,31.269878675715255,36)
(121.39688675551977,31.25955744782332,18)
(121.44577672715047,31.269361424110805,18)
(121.44246488995098,31.245608747352403,9)
(121.39014658452092,31.274097794537457,20)
(121.41081685649617,31.226057326997363,36)
(121.40933444904498,31.24388874383155,10)
(121.43349636061689,31.2510459223971,29)
(121.40468684372925,31.233518960186707,7)
(121.39464368696707,31.272957078524954,36)
(121.42859967028122,31.261417070705548,7)
(121.40685714976266,31.304561098913112,36)
(121.42715279952525,31.278593674085922,36)
(121.40553211988347,31.247355269414875,29)
(121.42799633897593,31.249673520252955,36)
(121.39835010279889,31.232853145548088,36)
(121.38006535881908,31.29951808864633,18)
(121.38752493936663,31.247131192575445,11)
(121.4410299306785,31.235784293394076,1)
(121.37149725178128,31.231071627091907,29)
(121.41762940181903,31.23408629565409,6)
(121.42526660829611,31.231040516948216,20)
(121.39556315278284,31.290965372836176,29)
(121.45563309733087,31.254443340933122,36)
(121.408560269553,31.23019350355054,3)
(121.41586829777091,31.25137236477564,26)
(121.42902391748396,31.235572200223114,18)
(121.35349215937904,31.289899566770565,3)
(121.42534340220793,31.241017994399428,25)
(121.4549612839048,31.27201526684039,1)
(121.45466845452557,31.26821387937631,19)
(121.45328134602553,31.248963714250156,21)
(121.42714694411566,31.25138704064077,30)
(121.37936832748,31.289320799136018,21)
(121.42187605293891,31.24282666673704,34)
(121.4215933123294,31.247525669116587,13)
(121.42335291657598,31.243930771771332,33)
(121.36873408571404,31.26913863394341,4)
(121.44951859312394,31.27192455721303,1)
(121.40535527545917,31.254783601509228,37)
(121.38018779405732,31.24109293171188,12)
(121.36836932338136,31.309345768127997,24)
(121.34939488909981,31.28077299592084,10)
(121.40520536092254,31.239468931646886,3)
(121.3787299408374,31.291766599075775,23)
(121.42140268821392,31.284479535451197,3)
(121.4006940518941,31.29980076452247,36)
(121.45134949651357,31.267709625572408,2)
(121.40061943977258,31.26154963393402,1)
(121.436857588995,31.253699221404354,36)
(121.44891666751714,31.264221584473034,10)
(121.40628307108481,31.246438898937203,2)
(121.45528106405519,31.259637089918943,33)
(121.41396459898394,31.291180778323838,36)
(121.41010553903408,31.2282449336767,36)
(121.38509527146253,31.232567562851646,1)
(121.38752302804356,31.22517720783996,9)
(121.38600728060108,31.267940971222178,36)
(121.41811372323554,31.260257947284003,37)
(121.41829173474753,31.2372449595364,4)
(121.45586116722596,31.253492989795728,7)
(121.40218146305868,31.233998787180067,3)
(121.3885365163798,31.250424673059744,31)
(121.44618938616594,31.260994887846667,22)
(121.4321270421586,31.277359899558956,25)
(121.42520336989936,31.242708257128115,16)
(121.39645045879021,31.27447557924289,36)
(121.45293012636162,31.255666129398882,36)
(121.33927993712813,31.296892129709814,86)
(121.44741751955125,31.2655521857662,5)
(121.38895457780386,31.26261006384692,36)
(121.45042604368099,31.258131317237687,37)
(121.3866976060198,31.241079132657273,24)
(121.43390738117947,31.266316806077583,44)
(121.3685738696083,31.252214319152724,13)
(121.40082968681475,31.261248371161077,12)
(121.43948596730367,31.26228030273955,17)
(121.39384646334264,31.27457727784957,36)
(121.37639367899067,31.270805876523088,60)
(121.41122428390193,31.243486205208047,28)
(121.36496681953705,31.313282241198323,36)
(121.39541995740123,31.247886655419098,24)
(121.45657739509605,31.25251049958564,8)
(121.44818051653726,31.2555544752967,8)
(121.40753950817094,31.258761643093123,13)
(121.40213007258747,31.264066084162632,1)
(121.40235591550616,31.227257722758363,9)
(121.39904222153933,31.299772854233275,32)
(121.41485586498929,31.275478072731957,7)
(121.4099015100893,31.227866923119418,2)
(121.43580219935427,31.26406345094252,36)
(121.4466514780747,31.24483179872875,36)
(121.44623989268159,31.244843126625852,27)
(121.45200674826518,31.24851809410938,36)
(121.42518816585819,31.23952385991454,24)
(121.43301186006053,31.23667141378303,12)
(121.42053309325065,31.235745036380948,3)
(121.44354912820178,31.26349381175278,17)
(121.36509652322896,31.277114667412345,36)
(121.41797938947512,31.251775135529172,33)
(121.40724476033215,31.288738859060956,30)
(121.36497282039005,31.313266541939,35)
(121.35555945131232,31.301034926043105,5)
(121.42482819700069,31.27872970712613,35)
(121.4182088368749,31.249298403984927,23)
(121.39957619227826,31.232238278043518,22)
(121.41743837609297,31.239267477122745,10)
(121.37621145189406,31.233291606728244,1)
(121.45175070833346,31.246280527994738,5)
(121.36209943393433,31.297189054321297,37)
(121.37765264514066,31.29329098995465,36)
(121.4364462161396,31.253413639739424,36)
(121.44334998227916,31.24997960086544,418)
(121.43001443934139,31.27994926960032,36)
(121.4278654677665,31.237987410401285,24)
(121.44829941590193,31.24626848091169,24)
(121.38722568160478,31.224411611701612,35)
(121.4190093434524,31.228558794693367,26)
(121.42827603907507,31.25182570193487,7)
(121.45222131524069,31.26027013902363,6)
(121.41113490138605,31.284687849555517,4)
(121.35570426636127,31.295524010401042,7)
(121.39790862163464,31.241629461347962,70)
(121.37217114188734,31.277875846794423,36)
(121.45395001558968,31.24803040483635,3)
(121.43713211127202,31.253265664482957,36)
(121.44346975012206,31.274518410563847,5)
(121.40637763839261,31.22998444912337,29)
(121.37846485932596,31.27710608251837,37)
(121.38991814673568,31.282703190700847,36)
(121.42555805639961,31.241699432176503,6)
(121.39709969625133,31.257676724068286,26)
(121.43014547171278,31.24611381585457,23)
(121.37638805299939,31.23737467667173,8)
(121.38219653235033,31.272337293914166,36)
(121.40606154706765,31.261016134098305,12)
(121.4322870739921,31.238403605344182,27)
(121.41241154274427,31.227175521781653,36)
(121.35303781452058,31.295151219558214,18)
(121.38490010061818,31.2674377853667,28)
(121.43498431924088,31.263234772589737,3)
(121.45249979569321,31.27887807049308,23)
(121.43759039256155,31.265017133382827,33)
(121.44874060901031,31.26146672797147,19)
(121.37240368706603,31.25199803433127,17)
(121.41810915874265,31.231325239737693,4)
(121.37867220814,31.229886412694803,31)
(121.34324145262855,31.291871196095435,37)
(121.4267470135982,31.253122179468747,25)
(121.44129091536719,31.264006371267588,37)
(121.37907944595977,31.2693667773528,36)
(121.39951956137445,31.25796055219147,1)
(121.35324833419094,31.295977833942615,16)
(121.40644494113474,31.24264084890532,25)
(121.4378330276817,31.25392100064373,45)
(121.45773745991937,31.250818297534323,36)
(121.39848023364041,31.245670134969366,36)
(121.3552602334174,31.297280894311687,68)
(121.38698102358306,31.231027471668977,26)
(121.38804614228668,31.26690820516492,2)
(121.40517240245521,31.239416685777076,1)
(121.41485671456607,31.285208076597474,36)
(121.396459964447,31.240039550334387,23)
(121.40906578295268,31.245196985554475,29)
(121.4172026365267,31.251744963322942,8)
(121.40245650470371,31.24523791917808,3)
(121.402621312893,31.294930862905954,1)
(121.43339140897322,31.249095543605925,32)
(121.43340226185354,31.26054871715543,8)
(121.41024074673325,31.269329621358718,2)
(121.3994288923969,31.271400466255773,37)
(121.45514702972645,31.262841987809207,36)
(121.37103134118064,31.240583330103266,29)
(121.43697072347078,31.234361415452533,19)
(121.418887705591,31.25267754440007,33)
(121.40679236838614,31.23832926851077,37)
(121.45316887279026,31.274953119088142,1)
(121.45092460002863,31.2554231467554,1)
(121.45093771930888,31.259438867553904,25)
(121.39738971281439,31.2562722344494,22)
(121.42726593426245,31.258638120359162,1)
(121.37244991289418,31.29076659122888,36)
(121.45735439890241,31.27334780953476,23)
(121.39855386684265,31.297964972777105,36)
(121.44510195456995,31.24585152357369,7)
(121.41579932100879,31.251257341152463,37)
(121.40928054093072,31.23500901280074,4)
(121.38729387426355,31.22588535209201,5)
(121.37502843436377,31.272843967990415,22)
(121.45430118605701,31.252337152274958,35)
(121.3856192627394,31.283722200665864,11)
(121.44491485057553,31.250807859687423,5)
(121.34695651802389,31.296610814585648,1)
(121.42567924029149,31.25218628715368,3)
(121.41598639433565,31.23353935253442,25)
(121.43884852015104,31.28572272686736,34)
(121.39900248099492,31.23413596615229,26)
(121.42468097514472,31.251655266159013,25)
(121.41077086104211,31.225996306325747,36)
(121.34688061468269,31.293943750278398,36)
(121.3766701297079,31.268283423848334,36)
(121.41062186625652,31.242293914593386,3)
(121.4407789418131,31.241678174324974,26)
(121.38991932927775,31.29625463758462,28)
(121.37817086474499,31.27635569262554,1)
(121.42250280884016,31.260219564105764,33)
(121.412696645739,31.256878498037405,36)
(121.37847466114836,31.277180083899033,12)
(121.45277109438682,31.243648357949088,10)
(121.43414649812286,31.26255651262752,37)
(121.40484366006048,31.231230926988932,28)
(121.38932796941565,31.25192469620595,20)
(121.45096197634622,31.274526237155964,8)
(121.43474775465852,31.26175414903685,63)
(121.44830026997539,31.25599726115524,38)
(121.44189084927461,31.241433537714258,2)
(121.42651127633407,31.23033313852004,2)
(121.43754899653881,31.247335820427896,19)
(121.42055017648913,31.271222577801502,1)
(121.43487746947945,31.263123858220784,12)
(121.42544296207019,31.248572287959032,36)
(121.45007758243628,31.258521093785433,31)
(121.41990421520983,31.236341219655273,3)
(121.43593373006573,31.266117772640566,104)
(121.42412357208633,31.24101896339846,36)
(121.40118589098903,31.2877076991159,25)
(121.44221713555238,31.24326280614969,1)
(121.43776415962094,31.2541361892895,5)
(121.4575655662801,31.246953954819496,35)
(121.44503036480336,31.270852312678475,22)
(121.42488044578042,31.259247421932734,14)
(121.39193452111083,31.291874252448512,36)
(121.41155019820577,31.243422113676996,35)
(121.45989987415865,31.255753092832865,44)
(121.41094723092556,31.23068044086466,15)
(121.40938280019338,31.233957159485193,23)
(121.36424462118369,31.238091438847217,36)
(121.43966514993478,31.236082272802808,1)
(121.3649728203962,31.31324424198976,36)
(121.44062245257199,31.256342065832538,2)
(121.42403266638067,31.241137086092156,17)
(121.42596135683392,31.2476404403141,9)
(121.38652755649008,31.276673076806134,36)
(121.41834085030777,31.273291672956642,7)
(121.39284928735466,31.270248934261204,30)
(121.4523074840551,31.258609864554945,24)
(121.41952841560183,31.254222873179597,7)
(121.43550993473097,31.280293262583882,27)
(121.39945788388799,31.248244469378783,1)
(121.41225236945542,31.273244494163162,2)
(121.36565563956529,31.232808097479925,17)
(121.3936097075477,31.234760790636972,35)
(121.36413141484837,31.249614421951296,3)
(121.34133674901393,31.286448448091367,36)
(121.40024006656206,31.229983856741917,11)
(121.4036434624484,31.22862850266528,5)
(121.42680568466193,31.267202371495745,1)
(121.40600314200209,31.22440285054836,36)
(121.41667525806969,31.244133818573083,3)
(121.43867964285393,31.26569691503843,36)
(121.39347760196478,31.268259551595765,65)
(121.40473036762488,31.239477673100858,4)
(121.41199288378675,31.241168008321637,12)
(121.37336824993433,31.254479165632997,7)
(121.4347081411496,31.23661778805485,36)
(121.45199566032436,31.263771697571244,2)
(121.42213731876626,31.260286487902167,14)
(121.37106154647489,31.265455280570716,5)
(121.36369304375732,31.30822600572879,36)
(121.46070154079472,31.261048232319247,2)
(121.39284884467725,31.226190685666822,25)
(121.39454033436569,31.223713205161467,29)
(121.3946252459022,31.223401828474675,11)
(121.44806049355493,31.260989444540513,17)
(121.42522929968972,31.261197058560608,45)
(121.40663681043236,31.266323568725863,3)
(121.39284283956846,31.25617922536786,8)
(121.40634101471912,31.27626896092044,6)
(121.37474380584665,31.271773359322054,99)
(121.41373478667508,31.269442902323775,5)
(121.43059530881816,31.250737395311337,36)
(121.37268197924664,31.26440497718855,5)
(121.36710713193759,31.309244109049395,3)
(121.39947898946235,31.245967763046362,1)
(121.44831172937047,31.261561652122122,36)
(121.39106914872276,31.23128534321764,8)
(121.39812754949274,31.264235028385222,3)
(121.42230966033166,31.249219944957602,12)
(121.41019666127511,31.267026577795423,37)
(121.44213440997468,31.24157622479208,3)
(121.41845169971164,31.237977210602132,36)
(121.40809084325915,31.26068205328969,24)
(121.43427639692483,31.263569789573136,3)
(121.40632911176515,31.277893555169136,15)
(121.44885826375642,31.24685222028773,2)
(121.4302865260601,31.27949205661655,62)
(121.36985422058132,31.237923522432578,36)
(121.39554365132882,31.262196728644955,23)
(121.38248526615169,31.23578165059913,2)
(121.42499851950816,31.239513220775702,36)
(121.4122259753493,31.288796288582308,9)
(121.40737087968103,31.244322964728354,7)
(121.36414830571785,31.310602052250037,36)
(121.40904107705062,31.2332203032647,1)
(121.4072106905965,31.25356405843906,1)
(121.43899906788238,31.265317301089045,31)
(121.40581818718775,31.278580348742857,2)
(121.39710028545184,31.26443163533409,1)
(121.36498377562788,31.293866297641916,37)
(121.38375858778282,31.229648998671156,23)
(121.44183800672958,31.253606027398035,12)
(121.38387306694864,31.233718973613406,12)
(121.40662480662965,31.266280550195425,36)
(121.39857877912978,31.232238611597687,9)
(121.44104610164891,31.24956945706431,8)
(121.39109206621217,31.259522243993295,1)
(121.39975523451422,31.232153413797167,29)
(121.40125391591972,31.276318049521628,7)
(121.395706865515,31.267932495158195,36)
(121.45842149217017,31.259175700899494,1)
(121.39970991951796,31.287118294611666,23)
(121.42578491314805,31.254815854236167,4)
(121.39560096370889,31.269448524914292,37)
(121.38041390349991,31.243722054115405,14)
(121.4276158775143,31.235660597308392,1)
(121.44244816093955,31.256934533319168,37)
(121.40597308788061,31.235268854842474,13)
(121.383892010372,31.26732481348529,36)
(121.45126443743285,31.253284561430373,31)
(121.40464005155448,31.25889525650647,9)
(121.37548007847903,31.252427306682385,23)
(121.411645940458,31.23857926622254,39)
(121.37844407643934,31.251629420088708,36)
(121.44583668244725,31.241528270330832,2)
(121.40232966573016,31.266478293234538,1)
(121.4247931785047,31.25521974022864,37)
(121.36860287418476,31.251849423650313,18)
(121.44199077975654,31.254245071457685,4)
(121.3643094277578,31.311731068218446,36)
(121.40627479965913,31.24253611411617,33)
(121.39298527561363,31.22327841697404,7)
(121.41469709548389,31.288789580707213,1)
(121.40523536829123,31.237482941614655,24)
(121.43341469910352,31.252802150682616,5)
(121.44098500556528,31.247199498096315,20)
(121.43333049761219,31.24912362780719,36)
(121.4112453021166,31.243752320492913,37)
(121.40577009072634,31.230407643141014,8)
(121.35462531512557,31.286676623394637,37)
(121.4076994548303,31.251079957558566,5)
(121.40275974844113,31.25424407384314,82)
(121.383720551277,31.229709991024365,8)
(121.41125684432059,31.227964205087822,51)
(121.45543636795531,31.26345265225738,3)
(121.38410559061911,31.24435290693507,94)
(121.41149111281078,31.265192652038177,9)
(121.38376007167277,31.246700722026837,12)
(121.4476098172975,31.24529577357621,9)
(121.37230651151933,31.23107870083037,7)
(121.43888852235428,31.25166479986757,1)
(121.37733419999783,31.270127128299734,1)
(121.43429883079797,31.25745412240888,36)
(121.43608788382338,31.246019271953134,47)
(121.39911248101208,31.257539736421304,19)
(121.3928496482116,31.274385670436956,36)
(121.36649925414224,31.234079991089107,36)
(121.36334169573956,31.309090464154412,24)
(121.434939636356,31.277566872997507,14)
(121.37005250711974,31.23155675522837,24)
(121.42313530065337,31.26209898070941,20)
(121.41944075059894,31.23441797410199,27)
(121.37474899060646,31.286571828928018,19)
(121.42728191234143,31.270045986285982,2)
(121.42591382920317,31.229562297566126,29)
(121.42289812125541,31.246225201007153,22)
(121.39586610455567,31.292594719126285,37)
(121.38641414824224,31.29621989837108,24)
(121.41999753448138,31.23638464465286,25)
(121.38809477376577,31.29659841229909,2)
(121.35231314678474,31.29688216081759,28)
(121.40927301878841,31.224819957436093,20)
(121.33364957939402,31.30022533161812,26)
(121.37719393111897,31.280733382023318,16)
(121.35750027260326,31.288866384473483,36)
(121.42235737301343,31.260323133641858,30)
(121.44187724400062,31.257162520058653,19)
(121.43476534281344,31.28268119598236,3)
(121.42892822537947,31.272196335511076,22)
(121.34032763922237,31.288164240637514,20)
(121.40367709984092,31.23796785994944,4)
(121.43470134690105,31.279318406057946,16)
(121.45335900629166,31.252311503794683,20)
(121.35427288202933,31.278419638642255,36)
(121.4570346645804,31.25549985597936,37)
(121.4219256645207,31.234589392408996,23)
(121.39372198752388,31.260097106402327,7)
(121.40988168365483,31.258853528439168,36)
(121.36581473380915,31.27646547231769,13)
(121.40894461224961,31.242624125825948,10)
(121.45315138636713,31.245867596793474,9)
(121.38944243644646,31.256169638289578,34)
(121.43729281995344,31.264371260546305,29)
(121.42259183128503,31.266236870959695,36)
(121.42518736566262,31.23952575974586,14)
(121.4308466568267,31.258320210672757,20)
(121.44668207770324,31.260347014040036,23)
(121.40031526465464,31.26206126663525,36)
(121.42159261084701,31.239477063391664,3)
(121.37866048530192,31.28757383780147,36)
(121.40748439899937,31.23885950534174,35)
(121.41492163629283,31.238809107789734,1)
(121.44429798957292,31.268564737322095,37)
(121.37936782752202,31.288644500521873,36)
(121.39353119643222,31.238598890588378,37)
(121.39283503742968,31.259315917538757,30)
(121.42686167567994,31.26211598524021,22)
(121.4136702204619,31.23976294317105,27)
(121.44183024758301,31.244723106651843,36)
(121.4341374371395,31.279272826327432,28)
(121.3690131326074,31.310422595241533,32)
(121.40208102948095,31.22929360610525,3)
(121.41121531238055,31.24378834219185,36)
(121.3732635504727,31.2671331549955,68)
(121.45155718405283,31.24825305354973,54)
(121.40551920075958,31.271214592090022,37)
(121.4334902650059,31.249053408128653,14)
(121.37294247973415,31.244665225431074,36)
(121.39913608775255,31.243230969427632,37)
(121.43558473339822,31.244003584368247,34)
(121.40184482946455,31.250962395557927,23)
(121.42209704131758,31.249064017044677,1)
(121.40956830644615,31.25944566213042,2)
(121.40520495933056,31.257239590229297,3)
(121.39116716529672,31.2683224870377,2)
(121.3690759024904,31.24896338379176,14)
(121.44783859370662,31.248327715622395,4)
(121.40349403627114,31.237576655107624,36)
(121.4572555466772,31.27214051432909,13)
(121.39330708750923,31.264383712190533,56)
(121.41217530852141,31.258089449122714,12)
(121.41760694294223,31.25788045837833,36)
(121.43479389352295,31.25508848247592,4)
(121.4126801731426,31.246818375511488,1)
(121.35712132920325,31.30922873072408,29)
(121.4342094608715,31.263181704601628,26)
(121.44930627943147,31.25833144348028,3)
(121.37214736278119,31.263690004959372,30)
(121.45305347590926,31.25573114282837,8)
(121.38211065051257,31.251853404242215,37)
(121.34872434500782,31.30265652427975,20)
(121.36515228565037,31.246219141360957,1)
(121.3776508752359,31.27296768716318,17)
(121.35956902179075,31.277802634984482,37)
(121.39195753887194,31.29188427100018,36)
(121.38044174469934,31.23275158948798,23)
(121.39150904632373,31.22751073221117,13)
(121.35539923586911,31.302284138181246,4)
(121.3864260683685,31.252787292141896,10)
(121.41038162828592,31.242551995131493,14)
(121.4396773939839,31.259509830970597,35)
(121.42086450324409,31.242592056271143,108)
(121.40204177675874,31.24773484159806,25)
(121.38833647057797,31.269320598126598,2)
(121.40832750160905,31.245699731570316,28)
(121.37235041947173,31.28685088490235,36)
(121.40338679491687,31.26941459255045,1)
(121.40844393018186,31.24567995571771,21)
(121.40333830009102,31.286752759009666,7)
(121.43627149857626,31.25350690929385,32)
(121.43853485931699,31.26538198409554,5)
(121.41100023440467,31.230856512591245,5)
(121.39781397067303,31.302826589620157,37)
(121.43314917542703,31.26543493268773,36)
(121.39413275046276,31.26508168277874,7)
(121.43046656325608,31.237803172555118,38)
(121.42367428500822,31.2444828577529,34)
(121.44280795676728,31.273856189264183,11)
(121.36895136145351,31.31423294586568,21)
(121.39444623854232,31.292126817094907,6)
(121.42814058601124,31.262001923660986,13)
(121.43984427504019,31.261482439874644,37)
(121.4280965552294,31.26491905408427,9)
(121.4482574727035,31.25726689119909,36)
(121.42552244771801,31.241771324701034,37)
(121.45467765094602,31.2505576136786,24)
(121.4463563542292,31.244271509959617,5)
(121.40437015890228,31.232770773842173,2)
(121.40464407172588,31.30493111664082,16)
(121.40993619720223,31.242955170649232,16)
(121.36985446662867,31.240757803107794,3)
(121.45378423398584,31.261530197611155,34)
(121.42092178160658,31.2354896817255,20)
(121.4594935000499,31.25444022072883,2)
(121.4025347617163,31.259458184104314,8)
(121.38780293324949,31.283074742639073,10)
(121.4250259263084,31.240499024605274,37)
(121.43337362524758,31.25931563914981,8)
(121.43787795753846,31.253964958212478,37)
(121.39068120559747,31.276289077526652,36)
(121.44849960807996,31.241842631018834,20)
(121.42391776581194,31.241067141901564,36)
(121.40215275813533,31.24893349973796,2)
(121.39079753524919,31.29048695281126,36)
(121.3873259627682,31.23805395894116,17)
(121.39023266146089,31.258030135555384,22)
(121.34092382964074,31.286487687065453,40)
(121.43888680722381,31.283073881048992,18)
(121.38522669155579,31.247329340323887,9)
(121.44963708612096,31.252617095827357,15)
(121.45257911279103,31.250658421523447,8)
(121.42595335256695,31.239611617491445,13)
(121.4217639268254,31.262308206207294,18)
(121.40824790790268,31.24522533803355,16)
(121.41025857659257,31.255664113103915,36)
(121.4574676836228,31.256935557453843,5)
(121.38774649733422,31.251175158756066,8)
(121.37752169165512,31.27286049381576,32)
(121.42717016042248,31.23680724607827,4)
(121.42496523616019,31.271530983881384,7)
(121.39510295565864,31.28437203135909,40)
(121.39007694132283,31.267369911537923,2)
(121.40234465570154,31.27018372839613,10)
(121.45997140036215,31.259937388132848,2)
(121.3959371451367,31.22377793396883,2)
(121.42342085842188,31.284132638912347,17)
(121.38774934935614,31.28389404519927,37)
(121.36700441520782,31.237431255198427,13)
(121.45748405592684,31.27322147906677,24)
(121.43845023156,31.25654929382901,11)
(121.40073478120807,31.276516996565455,3)
(121.44018463022242,31.23797654869961,3)
(121.45214517400213,31.24563352176481,3)
(121.41264218103261,31.246772364526997,21)
(121.39053608158959,31.276190937427945,36)
(121.45829828848233,31.27360598381204,1)
(121.45411524623142,31.247797931149957,1)
(121.38734368343336,31.2691215848345,24)
(121.3751138462461,31.287103049824683,28)
(121.43637129487875,31.26443651320129,4)
(121.38574055209178,31.262660488016166,37)
(121.42590754140788,31.23965070798727,3)
(121.43820557044732,31.25574828548426,36)
(121.37724773124805,31.28709747184274,37)
(121.4103565007106,31.26720701071047,2)
(121.40318024983833,31.2484648704339,10)
(121.34453696295542,31.29954688508601,10)
(121.45106126452572,31.245409245544923,5)
(121.42581581595782,31.23973502266007,37)
(121.45498814147666,31.271135841750922,7)
(121.37880382856376,31.266374203808038,14)
(121.4045543929695,31.23998388329287,5)
(121.37128048567133,31.313607444605942,12)
(121.43403373330243,31.274837849924946,2)
(121.45789235264658,31.26467500365183,41)
(121.42714924525775,31.237812989260597,36)
(121.42741941014395,31.25105609707576,26)
(121.38268666837253,31.29037517811678,19)
(121.38656356938031,31.293242400650726,37)
(121.42653540831797,31.277987972199575,14)
(121.40253779485876,31.259579318331607,16)
(121.37830153543129,31.24533362339744,1)
(121.39297951115122,31.271788659750477,39)
(121.3776506745891,31.27066271865655,15)
(121.39994467919801,31.232422488687728,13)
(121.41928307591976,31.236971314287707,11)
(121.42586257220373,31.260414118334182,19)
(121.3668089876079,31.309051472582308,37)
(121.4486960974894,31.251774138434218,13)
(121.42416434150788,31.261734056983713,30)
(121.42670392313379,31.228621179922644,19)
(121.43222789287813,31.282004923323576,7)
(121.44124092523653,31.258641297231286,4)
(121.37943484469731,31.266904957657527,35)
(121.42106855643779,31.279944126517208,16)
(121.4468498183043,31.241774138892147,42)
(121.39828818383346,31.30168968222621,6)
(121.41619696439828,31.28376998404974,11)
(121.37361159094931,31.25753239409488,36)
(121.38767123834019,31.260489160130046,34)
(121.39108984821432,31.268518872288166,2)
(121.39333980428498,31.295287459427616,37)
(121.42352488096138,31.250897725489825,28)
(121.41835403656918,31.252607790176157,36)
(121.41226869818453,31.251405505357166,36)
(121.45210666913462,31.254512299252777,20)
(121.45107109006332,31.24959397149874,29)
(121.38270176640748,31.291302564218853,36)
(121.42463392577913,31.22763845641005,10)
(121.38462566209719,31.27721664055098,36)
(121.44629012459984,31.241617173184682,9)
(121.43212651974981,31.25323182362874,24)
(121.44042286211726,31.23740011557017,3)
(121.43954546582064,31.26918115992536,19)
(121.40610057912902,31.224581143535836,5)
(121.4135736961769,31.234094446364107,15)
(121.3650814934306,31.27707862985272,20)
(121.38747501148873,31.2829494405173,36)
(121.46275519302522,31.25511498524775,4)
(121.45506238883655,31.253064916600824,19)
(121.39285374199605,31.25631052715826,27)
(121.40366140343157,31.23000521983167,2)
(121.38263597546555,31.23709732838728,36)
(121.42880104386268,31.250390680314904,36)
(121.37243086372345,31.255990017225624,13)
(121.39784707668541,31.2465551395316,37)
(121.43958901165495,31.24187917995492,6)
(121.40349834807805,31.28699088059913,23)
(121.4502245069253,31.26891816347765,14)
(121.43261593592071,31.265654643465805,29)
(121.44758047400812,31.263621845117118,25)
(121.45818203809871,31.24766394106688,39)
(121.37267556682355,31.248242930885368,26)
(121.37433981137244,31.2338195612759,21)
(121.34738649500423,31.30302423580013,36)
(121.42951634161929,31.2810578976089,1)
(121.39466879977732,31.27407656011637,37)
(121.44541792973585,31.251837469398613,28)
(121.41280807364937,31.234677872603058,6)
(121.35967114379544,31.296267913381506,2)
(121.38679053149036,31.29640028429987,33)
(121.40821077294203,31.247204704497115,19)
(121.37516888395133,31.258076451081937,9)
(121.45636603070022,31.274775502863736,27)
(121.36981836859279,31.23647341415718,14)
(121.45221079582296,31.27814027151763,54)
(121.4421358654108,31.258322623638733,1)
(121.41268016345809,31.24670732610614,36)
(121.41474071712027,31.26176830688653,15)
(121.44516011445225,31.25663947184759,3)
(121.36428772534244,31.30952427073726,5)
(121.42874913137042,31.25048536957379,36)
(121.39152553563687,31.238147064126284,10)
(121.43489259223685,31.253321586183805,20)
(121.4392945043303,31.253178624340574,6)
(121.39916646700354,31.233244614713836,36)
(121.38735094097528,31.25901701214615,5)
(121.39266319886448,31.259980783809553,16)
(121.39742624124459,31.239187665803943,28)
(121.41107923712545,31.26548285335015,6)
(121.4399940168298,31.238566095601236,21)
(121.42215765781182,31.24523727472053,27)
(121.4062847901484,31.23174625624917,1)
(121.43552519718786,31.25975359134453,32)
(121.33526545917253,31.291029781319075,36)
(121.36497282040207,31.313219842045378,2)
(121.36896739783667,31.314346010812045,10)
(121.44538672670402,31.248780171808082,25)
(121.4350851642484,31.286119198026494,34)
(121.43806358519852,31.276154179515583,36)
(121.41584285939815,31.252430086655334,34)
(121.38915245392332,31.259218749240013,17)
(121.4314117682732,31.2492199101407,169)
(121.41866685479857,31.252767699949555,5)
(121.37439071327148,31.289408527571474,36)
(121.44084295573384,31.240638188169598,104)
(121.40240472838087,31.259401133648883,7)
(121.39649549851083,31.22444350103138,4)
(121.42942837404217,31.246366660166274,4)
(121.37523481757322,31.253469464884116,35)
(121.37428737100493,31.25268194667644,12)
(121.43342727092306,31.280236683965327,1)
(121.42519856010838,31.241188189555984,13)
(121.45520702648518,31.25299558824583,24)
(121.44435768212567,31.26030392791974,1)
(121.38943908884082,31.257152492107924,33)
(121.41035980152341,31.268093309632548,22)
(121.34115333998874,31.286456106245403,4)
(121.40697079004704,31.26623124171297,186)
(121.42780454323898,31.238067503561393,21)
(121.39906687184477,31.238896664166163,16)
(121.40735500490403,31.245752603340797,3)
(121.44292243952904,31.28188733433751,8)
(121.4401817164653,31.241081611451772,1)
(121.42340252750664,31.22987690808696,5)
(121.44591152654422,31.254245951539303,14)
(121.45605349961288,31.27114463638135,15)
(121.4084251464444,31.266236542326656,10)
(121.42125023870165,31.243607142215748,1)
(121.39198815230502,31.22918231833716,14)
(121.38932836310929,31.256442673796087,52)
(121.43685733900921,31.248726684570492,16)
(121.43510052981813,31.279114311934986,11)
(121.40870583414072,31.244865148123182,37)
(121.46402110736547,31.257822182394577,24)
(121.4145478096235,31.238980313370043,3)
(121.41264208418927,31.2456618698953,25)
(121.42313478648563,31.266913613567937,1)
(121.40920701829887,31.224713914520148,16)
(121.43165808204414,31.263955994439435,4)
(121.40346329137455,31.240562000154803,1)
(121.44818200637962,31.261532873272536,1)
(121.38041864023215,31.232774585702238,5)
(121.39486452683394,31.22368135951485,17)
(121.40533218440628,31.22530322930861,36)
(121.43134943542512,31.251878088818028,23)
(121.39653967252879,31.22618132845454,29)
(121.42864440808927,31.26561251943093,2)
(121.40695616452642,31.29431155061717,36)
(121.44573660226004,31.26698848612863,19)
(121.38255477007202,31.270305793422068,5)
(121.36455818466924,31.23810292106348,5)
(121.37944022058662,31.284445427960968,33)
(121.44041499371663,31.258313231184125,1)
(121.40826368515407,31.25415028277538,36)
(121.43796983966897,31.254352001272245,36)
(121.3993770423924,31.26875536625777,36)
(121.4575360441072,31.251587069105913,5)
(121.41057767674639,31.223312072258498,14)
(121.38217378119684,31.245157448733025,1)
(121.40216310852732,31.264389229419304,1)
(121.41425258604787,31.24699879504804,13)
(121.37741810971202,31.233238998743104,6)
(121.36837837086013,31.313815979522257,33)
(121.38427940218871,31.244007003220936,17)
(121.43721600795496,31.253631712284722,7)
(121.41690812336367,31.243476626953107,12)
(121.42048850448525,31.25154914176716,27)
(121.4028546725415,31.231778036685128,37)
(121.39335081047886,31.24939121550682,72)
(121.43857928580219,31.259659462937602,16)
(121.34875034807293,31.2971415180403,7)
(121.42616012587315,31.25880216780169,29)
(121.42893617479022,31.238026930799222,19)
(121.40947140418574,31.23114782759737,2)
(121.37787999418629,31.270799038238856,23)
(121.36870696373364,31.314325636294384,5)
(121.37772633550428,31.254082683773124,1)
(121.41103178873091,31.273420069830973,1)
(121.45956169255346,31.27380819834557,3)
(121.38387598500988,31.267234760259615,35)
(121.4231742431141,31.273284700292162,1)
(121.35472504384506,31.292754235097195,7)
(121.45523815461736,31.25424669333003,20)
(121.40284420831965,31.2294348226228,23)
(121.39645156351453,31.230198567784758,34)
(121.42388201130282,31.266428281553644,22)
(121.4280125245427,31.263473514671517,2)
(121.45250684309387,31.245603180094,10)
(121.39255703844404,31.24677658579086,22)
(121.43064818438704,31.234307084133587,5)
(121.45318459299163,31.24915499153528,8)
(121.41114519114959,31.23074143376151,4)
(121.43662892158038,31.253344368841862,4)
(121.436315260923,31.235482090239685,7)
(121.3817537895117,31.28126355480148,36)
(121.39217238997864,31.254571302589625,36)
(121.44064429673882,31.26647839976646,23)
(121.45707889157435,31.247891411632384,36)
(121.37900119284106,31.244604924481546,5)
(121.4182062458311,31.253656179423217,3)
(121.40381470022166,31.299578095501545,32)
(121.37259640194235,31.25465435030331,1)
(121.42598596125883,31.246486611383823,37)
(121.40546773057865,31.30021835947463,40)
(121.36497222029861,31.313288441818592,2)
(121.38830246773858,31.240579650710615,23)
(121.4552718851362,31.259987619929667,64)
(121.35660622933919,31.29731224460035,36)
(121.40670632785148,31.23786205575421,6)
(121.43332962601451,31.23910914723343,36)
(121.41030358775376,31.242583847782203,37)
(121.36985007363856,31.236440618421792,20)
(121.41617285721198,31.24804177027765,36)
(121.44364354845659,31.26343042898003,32)
(121.43783302663728,31.253908995385295,16)
(121.34959051183024,31.303072257420407,19)
(121.41548594107957,31.230300219080405,3)
(121.3624585496381,31.251791793485218,6)
(121.42568589753877,31.239160872312073,9)
(121.45000074054752,31.25836216854133,6)
(121.38436235780517,31.230968166202832,36)
(121.34516230051095,31.2992374154862,36)
(121.44193767399857,31.240446759820795,4)
(121.43643124432974,31.25346668264828,7)
(121.44196088960257,31.254870391282477,36)
(121.41547280713645,31.26651907696437,8)
(121.41093337570565,31.243773385898955,32)
(121.3818975266649,31.299266918933476,5)
(121.42930157023696,31.26978995232946,1)
(121.43883954854688,31.267719549963207,32)
(121.4242533562126,31.2399273713096,8)
(121.42234977113843,31.260310432084164,8)
(121.43226046896514,31.246618884868102,37)
(121.3840608573074,31.260708934823146,18)
(121.43618828719342,31.257857937840306,36)
(121.46377971043734,31.25693736602707,58)
(121.40520284811213,31.2330297834671,31)
(121.39200297586534,31.227647562517575,5)
(121.4040867687875,31.24054377011303,2)
(121.41081584415736,31.225913260291094,36)
(121.42685883813448,31.229544468714668,14)
(121.44685061847005,31.241775439029148,36)
(121.37287790327764,31.294624685132767,29)
(121.41282712296447,31.269695260675675,6)
(121.39320415811305,31.231543085485182,1)
(121.40184152871633,31.250334696129993,37)
(121.3722189156501,31.271873536856162,19)
(121.43313116017062,31.242031697621595,37)
(121.3740242624902,31.256189056414833,37)
(121.41791397369194,31.26035230526379,36)
(121.35823138027372,31.28273811257338,22)
(121.4482886155723,31.25341356592815,37)
(121.40811745003982,31.247892383852292,8)
(121.34873154663325,31.297155916850002,21)
(121.44356955859749,31.280293614790253,8)
(121.410672135524,31.2289066695605,6)
(121.44800258272427,31.25453375665378,1)
(121.39480318321387,31.266078255479155,37)
(121.41368552963905,31.23190536188596,1)
(121.43307115193777,31.2524443964867,37)
(121.33595464923114,31.29831598160346,26)
(121.38603864588612,31.283257373560975,10)
(121.41871183006631,31.252811695835774,3)
(121.36496960396866,31.303704131642302,24)
(121.41091610342903,31.22913873606095,35)
