(121.45950863007664,31.268734228380147,14)
(121.36056139742534,31.244888722374036,9)
(121.43715663972331,31.271251363662277,35)
(121.4312202761088,31.259582590899544,6)
(121.42656008913683,31.279211956566563,1)
(121.37818365086184,31.25068871261949,19)
(121.43103725158682,31.2794980046145,3)
(121.385877147983,31.26791985029983,5)
(121.40679914081922,31.258651275187304,2)
(121.39615383508423,31.26479737173408,15)
(121.4317216817696,31.23739620674402,10)
(121.36444074665668,31.30947818851489,17)
(121.4084321931715,31.26013787676247,4)
(121.41061243814634,31.24370440807761,10)
(121.44471743196921,31.252970139748456,7)
(121.39793602247627,31.30279262433747,37)
(121.40720920095276,31.236482431190556,7)
(121.4529274294243,31.26803860581235,32)
(121.36415860711229,31.310718953166667,5)
(121.43107126006085,31.24974836483247,11)
(121.41372245488309,31.261328656185544,35)
(121.42765422593075,31.255434370746986,1)
(121.38834804984,31.282602541534377,31)
(121.42396999033076,31.251835816011575,1)
(121.3827657090513,31.23232527856599,20)
(121.42119774452841,31.248941551626707,21)
(121.35326733599899,31.29597863541677,36)
(121.42195227331425,31.262528745023516,7)
(121.39205361415749,31.291942354703462,3)
(121.44429765777686,31.246030762695604,1)
(121.40201548355166,31.25762628279839,1)
(121.46213897242127,31.25347666845725,1)
(121.45496360935988,31.25280800681148,2)
(121.45075602904257,31.251449916177293,13)
(121.4008933252593,31.232025072278827,4)
(121.39740608310643,31.244914125343886,119)
(121.40353666865799,31.29058933551544,36)
(121.38291993166051,31.235399793020658,2)
(121.42253150056459,31.24699680217351,6)
(121.4097471504995,31.25954499910591,36)
(121.43331471405875,31.251350629982223,13)
(121.42040316305868,31.23545698334154,19)
(121.40711082435932,31.263755275554654,43)
(121.44692575696585,31.262504518657156,21)
(121.36094178168166,31.310292391804253,36)
(121.39273191463352,31.256885103033277,18)
(121.45475336402542,31.24776443051212,101)
(121.39765163840522,31.264604334100756,36)
(121.37746940482988,31.293372811783588,25)
(121.42680851699755,31.259644966816357,36)
(121.39549045510178,31.26461397717125,37)
(121.4228441006618,31.24545689682139,36)
(121.43363539911059,31.252964960558387,36)
(121.43226997174233,31.250073780320324,4)
(121.42659131024546,31.26090370850299,28)
(121.4374204807581,31.239902326727023,2)
(121.39537521434833,31.247178526298807,28)
(121.43616547771397,31.23443757670075,8)
(121.42293448183013,31.262177158382585,9)
(121.44501973721523,31.245820308985834,15)
(121.39058947390828,31.268728843817836,2)
(121.43753434367474,31.240455421815557,3)
(121.41089175418888,31.230902123498595,9)
(121.43599627101969,31.245973936061734,3)
(121.41168379219872,31.284988865799964,7)
(121.43822169956857,31.2575380424782,24)
(121.39276218740315,31.23535356692085,16)
(121.43585782896044,31.235483246556402,4)
(121.38069989756477,31.28560124208253,22)
(121.39177486790021,31.297200263005703,25)
(121.4323179872889,31.27707433826129,17)
(121.41214206328789,31.25970732887948,93)
(121.4593420777403,31.264245981051747,7)
(121.3986831873742,31.243710183787048,49)
(121.42945933911857,31.24639564195167,16)
(121.42618939895954,31.239351531436203,32)
(121.34572566102257,31.288870601206128,7)
(121.4353175913165,31.28659721260928,36)
(121.40005912754322,31.2319699057212,18)
(121.38806450812542,31.30533579327348,24)
(121.40905403910187,31.224729936124987,23)
(121.38504400006367,31.276038528203244,36)
(121.37755173293533,31.272868531750436,30)
(121.37544851955175,31.246508651397708,30)
(121.41648535011332,31.2440518627762,15)
(121.387357143688,31.25022203117639,24)
(121.37846655964078,31.277127482739562,29)
(121.44319676801265,31.28018419784721,2)
(121.41235127492789,31.235367299352028,22)
(121.37634457560388,31.24592502112635,219)
(121.3973314638332,31.265307669924194,20)
(121.39519026844535,31.241489682924186,37)
(121.40398854504859,31.240925449372092,11)
(121.37523345876981,31.237837494932165,12)
(121.33456749228617,31.29453081607404,14)
(121.43736242530775,31.27260665592895,4)
(121.39242336937801,31.237352414991523,29)
(121.42398029953345,31.25930514929131,33)
(121.36142868571375,31.287066064799767,36)
(121.40951759400859,31.254092162096626,4)
(121.36417030897587,31.309825656542685,36)
(121.37417327706987,31.253537178730017,16)
(121.42232670029722,31.258785119158752,27)
(121.43260205004667,31.249459447697582,36)
(121.3898495776174,31.259947161376402,28)
(121.36856786265109,31.292804116421877,36)
(121.42767498237441,31.264369213370077,23)
(121.4423784125527,31.24683819905483,2)
(121.41755860666196,31.230779362120185,18)
(121.42025896747876,31.243484696422904,15)
(121.45657675067326,31.25464145121293,29)
(121.43581608551088,31.275058720512206,9)
(121.40276121898395,31.241223178234563,5)
(121.37195599934337,31.24296263352157,36)
(121.42382503342823,31.253809251032926,19)
(121.41915300179946,31.235131548033443,36)
(121.43458132539519,31.267891259034727,37)
(121.41417345957264,31.233232820554267,15)
(121.4162852284621,31.230015572607027,2)
(121.43849758438444,31.261509375910283,4)
(121.38741145884019,31.227429386112576,1)
(121.45243135397061,31.25524618225553,4)
(121.3787545409394,31.24912401784352,29)
(121.44641461797045,31.248687375816065,27)
(121.39017594887396,31.25940682232688,11)
(121.39812867246117,31.247453493130525,4)
(121.37896844961175,31.299180714095847,25)
(121.44739035355528,31.248683351995556,137)
(121.39908333437216,31.243568260302624,31)
(121.40974715049951,31.259572099052455,26)
(121.4493112212943,31.253145740044648,3)
(121.40066445523672,31.261566653690025,1)
(121.44876831841087,31.268216668888165,3)
(121.40257275203787,31.25925410320172,35)
(121.38389151981097,31.277981569745,36)
(121.39020585560057,31.258043430602406,8)
(121.39349928443933,31.288114684939266,27)
(121.44131298312217,31.26524486732599,29)
(121.41128214989841,31.276482447797243,3)
(121.42576530730716,31.244991068744767,4)
(121.4077439241968,31.245023269119848,36)
(121.43061911970574,31.260381579764665,29)
(121.4272610509081,31.23698251118665,6)
(121.37080193134207,31.240062785499468,9)
(121.40680703410713,31.245964698983162,5)
(121.43131270978573,31.26593721927607,3)
(121.37226314885743,31.31319798159485,8)
(121.41330863098443,31.261421238463914,36)
(121.41041306704139,31.227523070285475,36)
(121.42968205440143,31.241645775477117,22)
(121.40886823419028,31.259311017057374,23)
(121.39209207535016,31.22960503695685,18)
(121.39029017061459,31.282528595328937,9)
(121.45742444301379,31.247716034217085,3)
(121.40344979257904,31.25780362792075,1)
(121.3596090858016,31.296976091526222,20)
(121.4239799445455,31.25523337915076,8)
(121.44221859088549,31.24545583240472,37)
(121.41235269414005,31.259472542409302,36)
(121.44173291252807,31.261780740609126,11)
(121.40908098670566,31.2441420907395,9)
(121.4221267693751,31.246225736432496,4)
(121.35525103063775,31.303299179799257,37)
(121.43704932067239,31.265613118257477,18)
(121.38770311712877,31.270241345899947,26)
(121.37327673962406,31.228179623413478,13)
(121.41269919935692,31.247187534897783,21)
(121.41874837927404,31.236623725172116,37)
(121.3630237722393,31.23997597963966,36)
(121.39474652359849,31.24742310844506,25)
(121.42318087437783,31.244888834253914,30)
(121.42964036671533,31.246364989607034,37)
(121.41775345385291,31.2312715580761,23)
(121.40364142992475,31.230345373484866,15)
(121.4389074105345,31.267458342930905,18)
(121.3798530214919,31.28763216642707,36)
(121.39532535189214,31.266801328192635,1)
(121.41055934807758,31.242547897878023,10)
(121.4518681207964,31.24560387695318,18)
(121.40774436404857,31.2500665090314,1)
(121.37492274359523,31.25780397221069,36)
(121.36796176726189,31.28477977092163,17)
(121.42616830457797,31.23648176750701,17)
(121.38913524451145,31.23400451909655,31)
(121.4225253147749,31.264802359912327,28)
(121.41261295823539,31.22970975369881,36)
(121.44225065076058,31.258314441498555,16)
(121.4031873498414,31.280134708315952,2)
(121.44827924012526,31.243634833473354,18)
(121.4037390325736,31.248556614695513,6)
(121.43963158420208,31.272252329746134,8)
(121.36965523733434,31.230315773619516,12)
(121.43550393158412,31.2704635804819,4)
(121.45381161469219,31.255911400645868,69)
(121.43243964335629,31.259528212899454,2)
(121.42892569964474,31.243209748690173,3)
(121.425676885363,31.241442557147465,8)
(121.4255413242468,31.242386446423808,28)
(121.38476631749832,31.225559034846228,21)
(121.43019044011453,31.246394894424622,6)
(121.3761651428779,31.230478261066605,6)
(121.43370397086092,31.24917820938112,13)
(121.42290650368108,31.262151167132647,34)
(121.37763519994903,31.30009230324179,8)
(121.43214125358834,31.250407563994056,2)
(121.38328574612056,31.237501140186204,27)
(121.4276037068812,31.271760413835043,1)
(121.45800138978163,31.269369744518944,9)
(121.44865826944297,31.241907372418453,23)
(121.38918324218714,31.2564825843264,17)
(121.36417920972308,31.31160655351234,10)
(121.46235240063065,31.25365925717086,3)
(121.43827838627642,31.259553668797626,1)
(121.38923533892506,31.296923371661634,9)
(121.40760184245724,31.278381625638414,25)
(121.41252568091298,31.229157410355732,5)
(121.45990269341272,31.26062729915091,26)
(121.42759521807936,31.272926111002555,8)
(121.38626872529517,31.293015505002117,23)
(121.36829274791629,31.25206751464872,1)
(121.41750237122609,31.253216632846904,35)
(121.42177893051645,31.262163909613637,27)
(121.42813488322672,31.250777443844726,2)
(121.44916629385585,31.25897850475261,36)
(121.3895411791882,31.25225499695224,28)
(121.44509148042329,31.245667410797953,2)
(121.45508162554975,31.252503772487675,11)
(121.41145930034885,31.244330538334957,15)
(121.40570792483669,31.256470290249954,4)
(121.40001524277045,31.250086459725075,28)
(121.39109464825198,31.276110757412734,36)
(121.41631813309198,31.252043478510565,18)
(121.42879699729603,31.256349683581007,4)
(121.42232806482035,31.248661949845214,441)
(121.36818927249188,31.24719134437735,27)
(121.39688838586672,31.22846928722632,1)
(121.4485842400758,31.25122065338989,27)
(121.4414644286458,31.23908513247565,4)
(121.40997317923524,31.262282653635058,27)
(121.40597527883075,31.260390003748615,2)
(121.38727937955306,31.231854094749615,17)
(121.4463880234633,31.24483225263133,27)
(121.41249713021456,31.24567691219942,16)
(121.4587124913054,31.256668137499513,26)
(121.38745898008884,31.2253152205623,4)
(121.40625339444573,31.242458809864605,41)
(121.41806532537487,31.26535745596107,33)
(121.42509967310735,31.241371352378472,23)
(121.38850388002565,31.25915723452389,37)
(121.39848385581739,31.28671846088094,24)
(121.36496728269806,31.27698842039707,4)
(121.38938669851949,31.25841481088063,18)
(121.40805105552735,31.225731543418874,8)
(121.43413861307019,31.26399552486627,36)
(121.424123579234,31.241101000340095,19)
(121.37608415193735,31.266444096621154,37)
(121.4373409648161,31.241497321220496,1)
(121.44699456140006,31.261913143980674,31)
(121.41015705162863,31.242650617165378,17)
(121.3763104341636,31.231491899993888,2)
(121.40683703635058,31.258653798367458,36)
(121.43870848669437,31.276237718782195,1)
(121.42424583511236,31.237796468309664,36)
(121.45945579453819,31.25699421067634,28)
(121.42350650957299,31.245330360931188,21)
(121.4101163414627,31.26712476088405,36)
(121.37293360132439,31.248716075088726,1)
(121.40773705685399,31.245884609079667,20)
(121.42773726285387,31.245455888866978,36)
(121.37385592928014,31.28948588622198,36)
(121.3972820531939,31.256398178245313,37)
(121.45295251419354,31.26607290346994,1)
(121.44143241999323,31.261280985272172,36)
(121.46233196702877,31.266404287930314,36)
(121.42819250347044,31.231180995758496,15)
(121.41314363062172,31.230867038607915,7)
(121.42778056159908,31.23796948147034,30)
(121.3478883887913,31.281688701469722,19)
(121.39726444829407,31.264950457534777,5)
(121.42529019109679,31.242589475268378,32)
(121.43099366682179,31.23522485200671,37)
(121.39936099422947,31.27285805593091,37)
(121.38957365297787,31.268863184899804,28)
(121.42108222586143,31.241980518667948,12)
(121.4110054893491,31.2910784523305,27)
(121.44470155564493,31.25402863029769,5)
(121.36320987906635,31.30500025868662,24)
(121.36576965108925,31.276423387780607,36)
(121.43590342173418,31.25867498088931,32)
(121.42219656317744,31.255980989063485,4)
(121.36185287422698,31.245426021057643,14)
(121.4556362337172,31.27676681185889,30)
(121.40734846140369,31.25869730376779,17)
(121.36090568577637,31.280160365768992,10)
(121.37648634441997,31.248370424002836,3)
(121.41752298371544,31.257794460517843,37)
(121.4428043710259,31.278600047286357,13)
(121.39820056314917,31.303652760773872,22)
(121.43752131364533,31.262819286032425,33)
(121.41318980152917,31.26127881388401,32)
(121.4204738065954,31.241258677213278,2)
(121.43640152921965,31.267668851063746,14)
(121.38465222002401,31.225826055570646,17)
(121.40338411964146,31.296045482778435,36)
(121.39810888022649,31.26591267436142,1)
(121.4351236157734,31.280497853229893,36)
(121.38894207466753,31.29138999170105,7)
(121.43386163301639,31.24790145471451,4)
(121.45976521505627,31.251479155267358,3)
(121.41396181798648,31.259325506205375,37)
(121.43651510118659,31.253340517153653,7)
(121.35963306554628,31.296209828491182,8)
(121.4162135514025,31.25272456376031,37)
(121.43548774445617,31.240806164629625,46)
(121.42560716844199,31.24225504126597,27)
(121.3688521824023,31.314064743207854,36)
(121.38157167133626,31.270897060492647,21)
(121.3688300817832,31.232646690493258,24)
(121.43838162817345,31.259781792496053,10)
(121.39898887528379,31.232596691958353,17)
(121.42390279844076,31.241284250986684,5)
(121.37127288442724,31.313591443600664,36)
(121.4287591334004,31.257400177695274,1)
(121.4543868394475,31.273758171285372,11)
(121.34526699876629,31.281236652964253,8)
(121.4441796857884,31.265530753424223,16)
(121.44064439482314,31.267605878996445,13)
(121.37760530602881,31.245658814450646,4)
(121.39196594658463,31.23515370256629,28)
(121.41052844766058,31.243618382681017,37)
(121.41685741188252,31.268690867553982,11)
(121.42110086461842,31.28245852824634,36)
(121.45055226813773,31.256861540520426,10)
(121.42700120989417,31.261169392131503,3)
(121.37956426280776,31.299334908587955,35)
(121.42352379724109,31.260265906898603,4)
(121.41354548969939,31.261270488320992,37)
(121.37326213337715,31.24781196435588,2)
(121.36792064834748,31.314361531067227,26)
(121.39084230095891,31.229991887359418,1)
(121.40201330790143,31.232675145676517,7)
(121.46362359522014,31.262086960941353,5)
(121.42514451347,31.251509830338946,36)
(121.41233498011778,31.23193073192758,9)
(121.41880970135539,31.22912297566802,27)
(121.40798915114125,31.247795494436236,36)
(121.43746220243987,31.267067498017095,12)
(121.40133360422985,31.300089792258852,36)
(121.4109863791461,31.243948455066658,12)
(121.42702041967081,31.23821128568669,26)
(121.43581132121984,31.25474204609551,5)
(121.4489042413786,31.259348759711557,5)
(121.41200827646156,31.24571904410186,14)
(121.42574069452458,31.237468059625332,2)
(121.4216424987126,31.28447137650166,9)
(121.45420198572565,31.258772162806917,36)
(121.39759462325816,31.28501768089651,33)
(121.38952651017118,31.256198712122643,46)
(121.40195199308033,31.229232549883932,3)
(121.42136523066281,31.244537485029873,17)
(121.41959759172389,31.270902037048092,5)
(121.40186843649174,31.22964294159385,11)
(121.38504195267123,31.29285933553084,28)
(121.4363279442757,31.274900263681193,2)
(121.39327815407097,31.288307635602322,19)
(121.3766204551025,31.284328181153686,22)
(121.34761601549411,31.303304762961673,3)
(121.4227777101406,31.274704577293964,1)
(121.36511253759535,31.276952624304567,8)
(121.38393032767091,31.27811257608215,36)
(121.42104026815909,31.243065223245218,39)
(121.41223616028333,31.233664549037275,24)
(121.38616847230367,31.279777056935753,13)
(121.40971463238405,31.266987696872615,1)
(121.38473737612219,31.249588903594027,3)
(121.3769927403104,31.293202190711057,6)
(121.38701750202587,31.293554344382706,3)
(121.45026761083433,31.252090702118995,30)
(121.41480602863014,31.23126971056728,17)
(121.41104735749866,31.243858404011966,37)
(121.4123984120942,31.26002623578956,4)
(121.37742011485943,31.25629829918616,37)
(121.37991296012818,31.274565866115413,36)
(121.3907186104515,31.26912009747973,27)
(121.39335495223465,31.296867092001072,17)
(121.45775640395323,31.25073522011003,4)
(121.45119148833972,31.27494497368819,8)
(121.45302914487067,31.254906646593366,4)
(121.39540072018744,31.24718483120286,36)
(121.40585051757608,31.242711057629908,1)
(121.4122820976888,31.22579842304351,12)
(121.41123029216189,31.243597253839663,36)
(121.4333941364905,31.250136103842458,36)
(121.37820190868923,31.276387741006513,20)
(121.35956902183676,31.27764533533192,35)
(121.38939600075223,31.25161861134241,36)
(121.4378330342965,31.253997033943893,20)
(121.43672776093649,31.253300218761805,36)
(121.41009523639393,31.242475904641225,29)
(121.46160975192394,31.266501590948256,7)
(121.44569079522316,31.245156044918282,14)
(121.4449749904333,31.242303973108573,37)
(121.39004411548257,31.235222732322686,20)
(121.41679167576856,31.261088215953,7)
(121.42273666550882,31.249472533301542,2)
(121.39329117860633,31.265551201559962,16)
(121.40101833332777,31.23776775522044,3)
(121.42964254641306,31.251325640833183,3)
(121.36449045306132,31.311443289803268,36)
(121.37434149421846,31.253184234811688,8)
(121.4033654843323,31.254434146073162,1)
(121.40550611051592,31.298621943294663,36)
(121.38932833372817,31.256105526908183,35)
(121.39123604466748,31.24651963416844,28)
(121.4382676798826,31.25819126225869,37)
(121.38136512531628,31.290438881706457,37)
(121.39920002135194,31.262403565372537,12)
(121.43612671495114,31.253395048711035,36)
(121.38207667335233,31.252572686486687,36)
(121.44228125237488,31.25617699407002,11)
(121.39470683169563,31.297104928262307,15)
(121.38028610195747,31.27083369942749,26)
(121.37295067130214,31.256137757323955,8)
(121.42695049654452,31.252323698591624,33)
(121.44764900356819,31.248395083084763,34)
(121.42327873699759,31.24562065754388,24)
(121.44718969908662,31.245219481869565,36)
(121.37846976023717,31.27714488320482,36)
(121.41007463139869,31.23105172200099,20)
(121.4099161921548,31.25958703417198,8)
(121.41189265436559,31.226751443071073,30)
(121.42075118522048,31.28447594366519,3)
(121.45123510328018,31.271667517323355,8)
(121.42525308260248,31.24809555728912,13)
(121.39807463367733,31.30368283589738,36)
(121.38983386972856,31.291402692751102,5)
(121.3727601118036,31.253035154122482,36)
(121.39284073379362,31.299401834902092,37)
(121.36435743497692,31.30973947828976,10)
(121.45580196196872,31.271231647626035,2)
(121.45584866257965,31.24562020229813,9)
(121.42742401134022,31.238581087572587,36)
(121.45694218317186,31.254776882037923,15)
(121.34706388094075,31.280833790643786,33)
(121.3823423723363,31.28004264123519,37)
(121.34557244233872,31.278625141770164,20)
(121.41383125994038,31.23143170522279,3)
(121.41513459777322,31.239440317383416,32)
(121.40545305676818,31.303961812948923,4)
(121.38584512002686,31.28747968680953,36)
(121.45484558183215,31.250738339333044,36)
(121.43862467659152,31.25354573659277,24)
(121.42395498532468,31.23754983981168,7)
(121.40473609885024,31.305131203195582,10)
(121.4118868787583,31.24603877118634,36)
(121.399932453388,31.26429661237903,4)
(121.42812713210144,31.26046911407194,28)
(121.45392284329357,31.260875636430367,36)
(121.42075757842153,31.264849991336888,25)
(121.40952081760314,31.234384339864818,37)
(121.3642036136169,31.309726660595143,5)
(121.43077663668092,31.23395924210555,3)
(121.4381382534841,31.262301217085007,6)
(121.37793965089678,31.25442507696726,36)
(121.42520036883633,31.239496162484706,14)
(121.39042416129521,31.301070880303374,30)
(121.45029311381717,31.255355363849514,9)
(121.36885126101049,31.24585068583585,12)
(121.40889103999221,31.24572324829432,17)
(121.41913827690973,31.254606072688155,27)
(121.44415525729065,31.260697726527354,17)
(121.44990218969643,31.26099549146744,30)
(121.43689184845294,31.257050575678758,7)
(121.37050446660618,31.240187437634294,42)
(121.38644825445,31.236553597712547,37)
(121.41028580004121,31.25858001275045,18)
(121.43863674305695,31.248413726472997,22)
(121.42063415715971,31.260255850706173,36)
(121.4523093182297,31.279750803941923,2)
(121.44897891893253,31.250995535845725,11)
(121.39910140554359,31.27870640256344,3)
(121.45423236962307,31.252528375920864,33)
(121.42254463882854,31.238667544912204,2)
(121.43017700572952,31.264152664030494,21)
(121.37683362150565,31.271351060525355,14)
(121.46328210331593,31.268455479556028,11)
(121.3837781951875,31.287105030987824,8)
(121.38912327716174,31.2689598957872,9)
(121.36695509936844,31.292439653451435,37)
(121.38293002974439,31.27985613975656,36)
(121.4410027727383,31.25845435329196,24)
(121.44665467874121,31.24484539926302,2)
(121.42305836875438,31.26211104129782,36)
(121.36906053040272,31.311796982059047,1)
(121.4605871088947,31.252518776191447,10)
(121.38720031353093,31.231394240828443,26)
(121.41501846813864,31.248829559897416,16)
(121.37774966792362,31.257548221466358,14)
(121.37682446274523,31.245734594390868,34)
(121.41506702965937,31.2440484138497,36)
(121.43308718689589,31.254750665644142,19)
(121.40913930104401,31.244103802912843,14)
(121.39938523272369,31.286945866691045,2)
(121.39583992216792,31.235433339086057,63)
(121.38912917260642,31.233238164270883,17)
(121.41368658478696,31.244008847068194,21)
(121.40904357749524,31.245072781186956,36)
(121.42617441318136,31.239336537534413,33)
(121.42484435204977,31.28068349964888,5)
(121.45591199692554,31.24643674262071,8)
(121.44776951141061,31.245686664005536,1)
(121.40227509336252,31.263919051633273,8)
(121.3787288819944,31.279611665435436,36)
(121.44702205913168,31.26282012997048,20)
(121.3907930863305,31.239461173154268,36)
(121.4353048054106,31.262883219183358,6)
(121.36442204405316,31.309459986392216,35)
(121.43651386627877,31.239145194882166,7)
(121.37975041167097,31.23371497624143,36)
(121.41257216946839,31.228684478261115,5)
(121.44090171153334,31.253582441725126,2)
(121.42305837154619,31.26214305506206,67)
(121.3909560161991,31.287225608343427,583)
(121.39281463242305,31.262812006569344,36)
(121.41101789149684,31.261363098233193,33)
(121.40260611293893,31.23117718753845,1)
(121.37885790558668,31.266451296552194,32)
(121.43042223236334,31.247783613704005,13)
(121.44779216112201,31.242214068868666,36)
(121.44299640911328,31.26342861137221,13)
(121.4062764999651,31.245756608239766,24)
(121.37127258436658,31.313636243458465,2)
(121.45712700521285,31.25061251377604,4)
(121.45210629877137,31.279946082962017,1)
(121.41160465622987,31.24883251313452,1)
(121.42251581392448,31.28206712395117,28)
(121.39898887515547,31.234075689102,1)
(121.35541269375265,31.284145946420086,2)
(121.41832290901465,31.250926065716836,32)
(121.37228932191594,31.286812789394,37)
(121.40005073148518,31.232605604747572,31)
(121.3775043915544,31.258170209921836,19)
(121.43822661304566,31.24516158256362,27)
(121.42520337046616,31.248192446845295,17)
(121.4386406557967,31.265090711166316,23)
(121.45412659804154,31.2522084494563,9)
(121.40091299625095,31.26690500456941,2)
(121.43306984592766,31.237439695192514,17)
(121.40106837442488,31.247785736187165,2)
(121.42592274569786,31.24506350103571,21)
(121.4492015721718,31.259046946269414,9)
(121.40973044562294,31.276330622642114,2)
(121.36442898179622,31.23843287416977,35)
(121.36444407197703,31.239162226939904,23)
(121.42250349378007,31.28101738337629,6)
(121.40320587759544,31.241905519412136,50)
(121.3718241908191,31.250197557393857,37)
(121.39929832687002,31.231793023742746,2)
(121.38942707254431,31.25213986332717,1)
(121.38620159345211,31.293464736446516,23)
(121.41798071093093,31.257737216551334,9)
(121.3819060626348,31.270846376950498,7)
(121.40454998060312,31.244577556769563,21)
(121.42571591471174,31.228234851566718,7)
(121.42014493084288,31.2421281549508,8)
(121.4149414682715,31.29425268054465,5)
(121.43046032564835,31.243234900560665,2)
(121.42310632362783,31.2849765758522,12)
(121.42453460833724,31.263042580283734,13)
(121.41658765858438,31.282560326754574,4)
(121.37086589472398,31.273049225964336,1)
(121.43160183477687,31.246878384015847,38)
(121.44382961203247,31.270144681464288,11)
(121.41020864753422,31.24520613975729,15)
(121.38843975337008,31.30426166983219,36)
(121.40530307448141,31.247010099785314,17)
(121.42660457683051,31.280755053241254,31)
(121.39192252902957,31.29621016918325,36)
(121.44379562547337,31.257363571796862,1)
(121.39066552981303,31.26867687380597,9)
(121.38375857916641,31.22954995302337,29)
(121.3862594072141,31.283271368405355,10)
(121.4270892550548,31.248645899996152,37)
(121.43687044381738,31.25845006890517,11)
(121.36765331743294,31.296298306438807,36)
(121.4341397133257,31.263990125093535,6)
(121.4347022411728,31.244818471856526,2)
(121.42559386513692,31.241694639567417,37)
(121.36406371006248,31.252317670847116,8)
(121.3908306892405,31.28248119515793,37)
(121.4053017945208,31.232329470375827,31)
(121.36493073178245,31.249440677248874,23)
(121.34402817150688,31.280037864366417,36)
(121.43217159176649,31.243286361529446,10)
(121.39101045970163,31.287710979315293,13)
(121.43956954224574,31.2590627936484,55)
(121.44630013066987,31.257818144991923,32)
(121.40896945926643,31.245674664651812,30)
(121.40506080748156,31.26709481479133,4)
(121.46059448495146,31.260479263472472,152)
(121.45168621647049,31.274980024353134,5)
(121.38993135235835,31.26198450724443,24)
(121.36896338040404,31.314221958636136,5)
(121.3993105252575,31.28711791521527,29)
(121.399375442652,31.260809382016635,32)
(121.4358506270937,31.235995628916086,9)
(121.37194933432414,31.24509701651553,5)
(121.44522072354648,31.267875734985566,28)
(121.37124142416569,31.283805177248503,19)
(121.41442870843008,31.24862579774848,26)
(121.4101307586838,31.237295651484413,2)
(121.39084737073627,31.253724556397536,36)
(121.4538837259254,31.269945586650376,29)
(121.40591386284838,31.25564994370702,37)
(121.44235429105996,31.259343433159668,3)
(121.36424841981878,31.30976736565743,2)
(121.4378020254891,31.253310775624385,29)
(121.44418622001093,31.272943588669108,2)
(121.39880844108438,31.246039268635194,3)
(121.458491970671,31.26768596686231,2)
(121.38389307769937,31.279572939582565,37)
(121.42519716805374,31.239488861837568,37)
(121.41090264481663,31.246780733428853,16)
(121.37683596065254,31.29821298762739,37)
(121.35069475503035,31.282015834557832,1)
(121.42709563162695,31.251055730748895,37)
(121.3964930735678,31.225566084717265,2)
(121.41888591536825,31.271443887057487,9)
(121.42931608718982,31.26445467005867,8)
(121.39458646101133,31.256398256462028,18)
(121.38125502386049,31.23388145088794,13)
(121.4485014024583,31.262517720749024,30)
(121.41119229730796,31.243553241149204,37)
(121.38923914849573,31.23719639576193,37)
(121.45061740777965,31.258990281332004,18)
(121.38638090527951,31.25936361541157,31)
(121.43812335957657,31.272410532575762,1)
(121.38238949784882,31.269367234505584,5)
(121.41220620124803,31.23403472511186,9)
(121.38852009463695,31.2306839783788,19)
(121.37812410039875,31.268278250689537,4)
(121.409212619054,31.245756114947365,24)
(121.42159617423879,31.280336713905854,1)
(121.41087127349877,31.242444800814287,3)
(121.3924117464125,31.230678694790534,2)
(121.38929729474367,31.255962441759166,15)
(121.42757585649898,31.238732016452293,36)
(121.41306416993538,31.231043945512997,1)
(121.42631859033239,31.26300799946012,1)
(121.41935913159239,31.254129219807837,25)
(121.41739274402647,31.253150110009337,37)
(121.38414559584824,31.26054288056169,7)
(121.43340333852164,31.249343207146875,6)
(121.4490414599614,31.253715916954548,36)
(121.39021189194733,31.23107795368434,15)
(121.44356955482004,31.263948646207307,26)
(121.33945563308569,31.287597364685706,4)
(121.39480631529341,31.301960879834763,7)
(121.35955691623353,31.296177691790355,11)
(121.45143115882122,31.245240038492536,22)
(121.4246383947001,31.27890893184776,36)
(121.4490707000464,31.270246599116472,11)
(121.42857493817654,31.26415727119602,4)
(121.41334657517199,31.288318810331944,31)
(121.41091733728415,31.243292173086264,35)
(121.39540448330798,31.242545263892865,36)
(121.45404315653431,31.25631441590145,36)
(121.43096668531673,31.257529236341693,160)
(121.38805041561749,31.229495627366884,30)
(121.36497302998185,31.27792342100605,4)
(121.44580522650237,31.241297119889275,1)
(121.43069349352491,31.242819768263978,30)
(121.41387575399234,31.235291853380975,8)
(121.43340051975444,31.23904103288366,20)
(121.37513555668815,31.257922115422385,36)
(121.39680336086818,31.281817163468897,22)
(121.43721710942964,31.266288180835833,28)
(121.42525438257917,31.244801063745026,9)
(121.42175286758781,31.232414743980538,1)
(121.36434123278471,31.309512876934242,36)
(121.42231826337193,31.260293625558692,13)
(121.38380696375228,31.256366020571313,12)
(121.46331095257466,31.256111104550808,3)
(121.40455526722414,31.250009360272067,36)
(121.34032843141141,31.297339896099047,31)
(121.39716133861302,31.26470177663257,11)
(121.37735390182475,31.277892395776277,36)
(121.4291070158605,31.237909465730528,37)
(121.4110013592833,31.24375936779251,13)
(121.42336313741205,31.262524998181917,36)
(121.42333014744742,31.227911573913396,5)
(121.40777490216546,31.24479016401426,35)
(121.37802691647782,31.29064736160662,4)
(121.37457029025161,31.246970776574035,23)
(121.38150975113889,31.284153489133487,22)
(121.41284146985045,31.262267091683935,11)
(121.38986752910266,31.23015728713067,9)
(121.43571500465104,31.24940882355522,5)
(121.38874656124536,31.252194707403035,20)
(121.40737157450954,31.25228949715412,11)
(121.40902567309284,31.24511507739108,36)
(121.42793541156657,31.24971559607396,9)
(121.44250773945306,31.241892784334613,28)
(121.42297332421246,31.2548350722841,2)
(121.41725841104551,31.260622167400808,91)
(121.45435762695901,31.270496860626846,36)
(121.39949586897073,31.287117952035096,36)
(121.40697974809845,31.23123403328551,2)
(121.4378790341619,31.266337301673094,2)
(121.43576636599826,31.245281723400687,12)
(121.40691271289953,31.242291056225536,36)
(121.367528884848,31.301704133607426,20)
(121.45129376199343,31.246287411350227,3)
(121.38856445619432,31.25366989120171,34)
(121.42697446928581,31.23821132686629,4)
(121.37243388702159,31.290752564659538,35)
(121.39030808996607,31.28986136583009,36)
(121.38925092125525,31.252128729301255,26)
(121.36497252034832,31.31326214191375,35)
(121.3885165102202,31.262601644523794,18)
(121.43880848289604,31.254249548284346,29)
(121.4413060604681,31.25450923690772,14)
(121.39191812797192,31.29682456704693,3)
(121.37533497690389,31.2536486657741,10)
(121.40208960938395,31.24824528119404,24)
(121.40912819831482,31.24407450066532,36)
(121.41181270463281,31.27292785847526,2)
(121.37365826203589,31.30820597086308,15)
(121.45254565963457,31.277523426623492,23)
(121.35305191585039,31.29514772065089,27)
(121.33261786864809,31.29511330213359,13)
(121.36417731005726,31.309414158282443,7)
(121.37603425603778,31.29145736055716,36)
(121.42589972303652,31.239649913351077,13)
(121.40248624877925,31.23075336181601,5)
(121.437735072339,31.242256358785358,6)
(121.41236838525909,31.259616065617834,2)
(121.39273782020477,31.22323087042558,18)
(121.43001858406501,31.279978475442526,6)
(121.44114423703901,31.24167878874979,5)
(121.33957822431177,31.301140396444595,36)
(121.39056833164892,31.290234695465017,36)
(121.3831071181643,31.29005745848309,36)
(121.41859561894404,31.226615927780436,36)
(121.40799071813215,31.290877271507156,3)
(121.41822400482485,31.251329293116765,21)
(121.41209605168567,31.226492382908418,5)
(121.37408857363337,31.25622006566649,35)
(121.410917522327,31.24541412199353,37)
(121.44719121308007,31.262657118757723,31)
(121.38572080282329,31.23599707138016,7)
(121.41087174926508,31.22706012652571,1)
(121.36763431834875,31.28172173627495,6)
(121.34132171544165,31.28644841981404,36)
(121.38670862578007,31.252467883916424,11)
(121.43274207007725,31.23477886409138,36)
(121.4102946856409,31.228110973268937,13)
(121.4239947023765,31.241149120424005,68)
(121.39571218608314,31.30005178238609,13)
(121.45642688676725,31.274882419398825,36)
(121.41176469755183,31.249785902018154,36)
(121.42723331646341,31.23968075848597,36)
(121.39109282682331,31.26824597919959,4)
(121.43740650755441,31.262901477020687,3)
(121.42235553876394,31.245747367298563,27)
(121.41018235796147,31.22810824990782,34)
(121.37169549556543,31.230301537028275,20)
(121.44285288154872,31.278677856000787,3)
(121.41327109568992,31.259625838111823,37)
(121.3991153906197,31.2555435662622,3)
(121.4119794410044,31.25897387630538,35)
(121.42371994132644,31.241015267460764,36)
(121.40199766644605,31.23683303888557,15)
(121.42283064473762,31.274474443800607,6)
(121.41129342973969,31.268265997469516,14)
(121.43890486020474,31.23813647035937,36)
(121.43757822557615,31.24978655302907,103)
(121.42129933261712,31.249621264847168,3)
(121.43481997031805,31.255198775616826,36)
(121.4365980755577,31.243074853766462,3)
(121.39013504399598,31.230941671650783,1)
(121.38844682619899,31.224645685170838,36)
(121.40698109906198,31.24672904041407,36)
(121.39650978293761,31.227625984384762,7)
(121.39992984045394,31.234332357745327,12)
(121.44189419100556,31.27986611232264,3)
(121.38590184028835,31.23698400102786,12)
(121.44610337281544,31.279388137679824,71)
(121.3873453492978,31.28822547783941,29)
(121.40351242719619,31.300161832757308,31)
(121.4073826701848,31.242576442268017,8)
(121.41772133926453,31.251723712449433,27)
(121.3892469414501,31.296833573966225,2)
(121.45373057427177,31.252453355508685,36)
(121.39360980298208,31.235856289797415,14)
(121.38277103800668,31.293512513059376,4)
(121.38550231500368,31.262725308071808,14)
(121.40173520048545,31.29505138368307,37)
(121.36317327418831,31.304806055039574,10)
(121.43328011463744,31.280370923325293,3)
(121.37460256523629,31.272626900665557,27)
(121.38464067690823,31.277203648798423,12)
(121.3677002245357,31.296298612347424,37)
(121.42513205215755,31.23962414814456,14)
(121.39182358494706,31.236160353916222,4)
(121.37767180673094,31.300065708972085,36)
(121.35190321686005,31.281126613934827,23)
(121.39316532392348,31.30258621829144,36)
(121.41373218112786,31.239573839405598,36)
(121.39060319379583,31.253907470559437,17)
(121.43076381486263,31.254688269592027,1)
(121.40527335543551,31.25791107854771,26)
(121.42767189296374,31.251523579110646,17)
(121.45495023027883,31.27108589857882,1)
(121.41759044834609,31.252103941837948,2)
(121.44759586047681,31.256946934809744,7)
(121.44021129516153,31.247164026371678,2)
(121.40922722266988,31.24382472169595,5)
(121.38874815956528,31.25988273396191,6)
(121.4406089123518,31.280316069410393,21)
(121.41721210712835,31.26865326110611,12)
(121.45422168856494,31.24772748003965,22)
(121.41684930824053,31.23076393843988,43)
(121.37128448790756,31.283756215048022,27)
(121.42406448383836,31.26230537921627,36)
(121.43152249641189,31.261583708986752,4)
(121.45935887604722,31.25026210933313,1)
(121.45940165851309,31.268540334147843,17)
(121.46369877738742,31.255085748586787,11)
(121.38457057517033,31.253910653804695,36)
(121.43604411614224,31.26799245401166,31)
(121.3884329688231,31.277494867608254,4)
(121.43902202550868,31.265280252621906,4)
(121.44094648616901,31.240436527414154,35)
(121.39103645434712,31.230015028335703,5)
(121.39555234958539,31.297894956073787,36)
(121.43622349275563,31.24388447072811,2)
(121.43789394296219,31.254099995391964,13)
(121.45616175466512,31.27720094120713,2)
(121.41209063101094,31.22711456780928,18)
(121.44629820480404,31.24483143688226,26)
(121.38445545551382,31.253946564511065,35)
(121.38850713648306,31.296497691218985,4)
(121.44165913578071,31.243235335004403,20)
(121.38705477856594,31.296317469454493,14)
(121.43060317872568,31.26991470808695,23)
(121.42527288737979,31.247497962501626,37)
(121.4284678313242,31.2385761059695,37)
(121.39605487158339,31.235380780799044,1)
(121.44250896667863,31.256015037416613,7)
(121.40919457831669,31.25405317081268,10)
(121.4269744686759,31.23820432369401,8)
(121.43405663591427,31.262638656701494,36)
(121.39532802458538,31.2487309450632,14)
(121.41750753646166,31.252568184841245,20)
(121.41344156393684,31.261424566271348,17)
(121.4070474463929,31.239256689377882,36)
(121.44647834648791,31.26201243661996,42)
(121.40508978099834,31.232364469383498,36)
(121.42853620098782,31.23225415950174,8)
(121.38413306298287,31.23041870222623,18)
(121.4429650093749,31.243435755268745,3)
(121.44694788617713,31.253030364505047,21)
(121.37915024780789,31.28903196723464,36)
(121.37777944425092,31.254513933172706,37)
(121.40056524519521,31.261216949141797,7)
(121.42981058671946,31.252764780732537,13)
(121.38041390950538,31.243791085021495,31)
(121.42576290642262,31.242193173474448,37)
(121.39039211517685,31.289372227662756,19)
(121.39389404897622,31.259527956458793,17)
(121.36765265439497,31.237134464691213,34)
(121.40251624009808,31.23057928765799,36)
(121.39942899900457,31.272621979312625,26)
(121.3814349248783,31.29866121308943,22)
(121.40761694858635,31.250135406977748,32)
(121.41407566950399,31.246666914883416,11)
(121.44445371680149,31.243567811893612,9)
(121.45639427260502,31.25535414740191,36)
(121.39193633487638,31.274514017513333,17)
(121.37255891783323,31.231289127474042,10)
(121.39723754206233,31.264746452685397,1)
(121.41442000595804,31.235887420107254,3)
(121.4331626822862,31.251052956214306,27)
(121.37761281186427,31.272828585201434,32)
(121.43154022423604,31.252333080261124,32)
(121.43585333466591,31.267109325272322,7)
(121.38393485070557,31.2419587655339,12)
(121.35956902180293,31.2777606350773,23)
(121.45953260744044,31.256974921575935,2)
(121.39041992342793,31.2524857208734,6)
(121.43130134360105,31.25983206794249,13)
(121.37974770974823,31.240597061978175,17)
(121.40490056629898,31.227129761722363,73)
(121.37641188707062,31.258114908684394,4)
(121.43344465947605,31.252835129776663,7)
(121.36907491360613,31.249110447486103,8)
(121.42354488580834,31.25014773106897,37)
(121.41095104749874,31.24559427684348,100)
(121.36086479345929,31.30057252918182,36)
(121.42617441169995,31.23931952984812,36)
(121.36415214684605,31.24181903438927,5)
(121.36458156574687,31.311657899888903,5)
(121.42469612161236,31.24203597471845,1)
(121.4003131853904,31.261533898127,18)
(121.34799065304836,31.30132667727139,36)
(121.42744584069378,31.27234249271813,21)
(121.35976335615285,31.29667422355638,11)
(121.3751925676654,31.25402023200923,34)
(121.4206319452146,31.234509322808012,36)
(121.37610707970875,31.230689288721678,33)
(121.43697809164048,31.26550040771439,16)
(121.37742645833194,31.237124778882272,6)
(121.44302774718103,31.264764996110475,4)
(121.43788707272216,31.244145491177203,1)
(121.39306556329058,31.306104518068754,15)
(121.40000026428133,31.261860588084517,13)
(121.44974092855017,31.242360586700002,35)
(121.39116466468867,31.268739385712532,4)
(121.3824416044074,31.281390293109677,36)
(121.37908598552917,31.23280097222344,5)
(121.45202293925537,31.267709323957604,6)
(121.36479349513779,31.3130305214629,8)
(121.4366298983826,31.27603406661609,36)
(121.40043469027667,31.29966451289919,2)
(121.44859979738993,31.24651854196722,2)
(121.43942455408131,31.256320811601125,31)
(121.43765824601054,31.261547546242294,3)
(121.41536374197517,31.295362100790214,36)
(121.37455094566334,31.289379715778786,26)
(121.3880528565917,31.253219598737633,5)
(121.39504363628743,31.22372447126874,36)
(121.35663667730415,31.290232483848346,36)
(121.44470257370165,31.265744693365278,2)
(121.41530482562604,31.244226089642993,25)
(121.39465474843459,31.260147161818132,24)
(121.44649594585925,31.244842871513583,36)
(121.45430119169211,31.25240218085516,11)
(121.38133455680934,31.28432938187678,37)
(121.41391961142189,31.291126770514158,18)
(121.38077337589588,31.244071587719482,28)
(121.35210377010858,31.305819782105313,8)
(121.44897257427952,31.253295858796022,6)
(121.42844607966497,31.248220743413075,6)
(121.40348465659778,31.301996830460713,36)
(121.442653194108,31.250261285393524,14)
(121.44229820609584,31.25422858654471,12)
(121.36411641110853,31.24988351792075,1)
(121.42814600642738,31.241739694351757,52)
(121.40872089058723,31.245530443991075,4)
(121.37807773460361,31.27628155643553,7)
(121.41441760535976,31.235750119862438,6)
(121.41142471734763,31.283377260821023,2)
(121.45408901044372,31.267416100977492,1)
(121.41015928165393,31.298178400332446,36)
(121.3724185215087,31.286817960731252,11)
(121.42518357449768,31.241184199967165,36)
(121.42403938569774,31.250356102021705,11)
(121.42476398316721,31.241194542326156,12)
(121.4165620128547,31.25210440299674,37)
(121.42409494938741,31.256503845592068,20)
(121.39107704326477,31.25939217773869,7)
(121.41223959882522,31.273082829014598,5)
(121.40911759570673,31.244099198417864,36)
(121.40801886720341,31.24456305327618,16)
(121.39412714704,31.247474801441747,1)
(121.42603018505241,31.24648086610462,10)
(121.39127128921794,31.29491603417816,36)
(121.41022786908663,31.24244093230007,35)
(121.41980034181651,31.268940483309915,14)
(121.42520176917795,31.239488862787375,18)
(121.39305838323644,31.22377340598995,36)
(121.41156671177684,31.249357753295403,23)
(121.40919347933165,31.24145257703136,11)
(121.4198231453558,31.23642435031285,33)
(121.42915224947411,31.246155890972748,36)
(121.445613972023,31.256885347288026,7)
(121.42577480906489,31.239764280440433,36)
(121.40164274887051,31.2732008430871,8)
(121.44852626581918,31.261670491110827,22)
(121.39294234988836,31.27023098201567,3)
(121.42607168281143,31.252558917576483,37)
(121.4440420770513,31.27954056774344,1)
(121.442364449681,31.258448321978264,2)
(121.42519496751683,31.239502961357257,18)
(121.38065548380446,31.244017801500053,37)
(121.3445021534427,31.279314446530442,36)
(121.43199586486226,31.232226543260413,8)
(121.41774971070579,31.233243401838706,11)
(121.43638077170722,31.235653785018936,3)
(121.46045750649554,31.253089317906944,14)
(121.39843201978891,31.24068613410461,1)
(121.3964531641483,31.227620973038107,22)
(121.39958239081928,31.26877380702013,37)
(121.43370516142735,31.262852170491417,36)
(121.41765038987774,31.22890045310516,15)
(121.45417221442156,31.26057400247445,3)
(121.43867504542311,31.235793730864437,10)
(121.3802685986293,31.296257828587606,19)
(121.41753910518955,31.229487076223272,9)
(121.4228908029453,31.24374857613565,36)
(121.43807636392552,31.250915344273743,37)
(121.44405442978453,31.24942166694167,36)
(121.43547286519306,31.26649855189387,26)
(121.43768934435253,31.266320554399925,9)
(121.41234379193608,31.259494540506065,19)
(121.40126308799499,31.290957797249856,8)
(121.37369883673067,31.25137338648136,20)
(121.37867466743306,31.266458095954874,14)
(121.42786901635382,31.229392529098426,26)
(121.42893397787442,31.265698578193174,6)
(121.40901730865544,31.227771350434562,37)
(121.3649703200278,31.313296341577363,18)
(121.41310052493374,31.26387671400435,36)
(121.38181969604564,31.244801986962717,4)
(121.4506650125006,31.277527149927334,2)
(121.41884179481623,31.253360868613463,36)
(121.42303385765011,31.244548355717324,37)
(121.3929912925461,31.234747426960183,8)
(121.44042644288741,31.247065066877415,3)
(121.37133779901787,31.251807739470827,30)
(121.38648435683663,31.26802944005825,7)
(121.3744933442465,31.255704725651544,208)
(121.39893709184389,31.229964030149688,36)
(121.43334692124685,31.265715820523635,19)
(121.4104151151494,31.287888981157952,9)
(121.44154860174214,31.24284269679514,3)
(121.4365887784442,31.253847423067768,36)
(121.36021469696566,31.289868973096596,11)
(121.36772577387207,31.27352704282438,36)
(121.3875237161277,31.23308285473712,21)
(121.40897276007263,31.24601326468328,36)
(121.36403206617983,31.247656402849678,13)
(121.40542041244257,31.25642894251444,1)
(121.40706495772731,31.245124325257617,7)
(121.44515817727775,31.24866950717852,24)
(121.40160856508356,31.236793932940703,4)
(121.41509696536662,31.24346314104398,3)
(121.43641698570868,31.261714285175525,2)
(121.3893964119686,31.256337677895193,16)
(121.44418969106516,31.278902729531353,9)
(121.43365715105926,31.239002711284662,6)
(121.36676038956284,31.27429654375649,8)
(121.40908798842655,31.244128992217323,18)
(121.4533986212995,31.243841198752143,12)
(121.38103241317903,31.240872420889858,27)
(121.37936832747874,31.289327599121354,19)
(121.44782475609615,31.272838318304636,30)
(121.33407292993189,31.293111336522966,36)
(121.38857811637315,31.238134979295808,36)
(121.42601355627451,31.239074556655787,20)
(121.4537561070616,31.25123496789298,14)
(121.42318825850296,31.262146963050085,10)
(121.39180908508604,31.253513094771453,23)
(121.42523027646544,31.242628262831097,35)
(121.39085058697341,31.29060203479673,36)
(121.43289713910023,31.235112664393014,17)
(121.44944491748252,31.2576879083857,7)
(121.37653340411897,31.271703795796174,21)
(121.38861034146323,31.251884142179428,8)
(121.44702430991067,31.259740154484632,25)
(121.41287122258964,31.2615161467875,36)
(121.40220591634719,31.242762884415686,48)
(121.37551482931129,31.306515632314685,4)
(121.4157036515011,31.288875249331287,46)
(121.41390843471952,31.23177223377718,18)
(121.3691072838635,31.252765103474612,1)
(121.43070773023672,31.234270882671076,3)
(121.39597528345791,31.225129581131807,18)
(121.41114640814872,31.244700762968893,36)
(121.40211650413431,31.28050698147577,2)
(121.38714799944016,31.250230393985166,22)
(121.44978824221927,31.258679702417883,16)
(121.38218520702304,31.23343860530646,29)
(121.34880705020308,31.2856109106552,25)
(121.37716197133804,31.270194957137225,31)
(121.45771690044427,31.26802853952507,4)
(121.36222808613991,31.251367245022188,36)
(121.40198916516512,31.232307160843238,36)
(121.4092552242224,31.24017330417058,2)
(121.45381509608669,31.26079781983664,4)
(121.44102350045192,31.265158268377455,32)
(121.37996336931049,31.244034715117504,12)
(121.40488218780399,31.237243676292284,20)
(121.43844920807827,31.244782102819226,36)
(121.39471849332236,31.25874606161976,11)
(121.43761935334182,31.2536371684455,36)
(121.430634281864,31.262461459615857,12)
(121.38953920777887,31.276354670683578,20)
(121.42625830942137,31.239145378903206,36)
(121.38490223162509,31.291882859692144,58)
(121.37660084040022,31.231517255756977,11)
(121.3984655426125,31.24881938002955,17)
(121.43391559483538,31.236881440319294,3)
(121.44363646813774,31.260052494960984,2)
(121.35418833083295,31.27830134828264,20)
(121.34581774074385,31.287462203156558,23)
(121.36497282039338,31.31325484196564,7)
(121.45771058758115,31.251492652639516,7)
(121.43311578688,31.237500669270656,3)
(121.38827436664181,31.255623522523397,27)
(121.41371245185255,31.2314647114736,1)
(121.43710113695597,31.252988584421168,4)
(121.36131564651437,31.24935887534524,3)
(121.42363558222414,31.236024070675917,2)
(121.44625529588406,31.24483772934007,36)
(121.42498541168865,31.24856165643621,36)
(121.42434067857765,31.278934175348212,11)
(121.4083168689839,31.24484416403711,6)
(121.43345899715838,31.24547085258331,1)
(121.36968864904652,31.232448005213673,36)
(121.3773661473289,31.24600170092061,3)
(121.42570179147714,31.24180606160331,16)
(121.40170179659557,31.23130200489156,12)
(121.36824733162727,31.29286568574997,36)
(121.39016864618006,31.267199204979924,26)
(121.37909488470306,31.244880449259533,36)
(121.41926847094064,31.252851415672787,36)
(121.42225804852195,31.26018971322509,28)
(121.42822706213717,31.272434112888963,20)
(121.40182062506942,31.22970483184865,30)
(121.3685490478252,31.249189741573296,1)
(121.40481494410813,31.24599260470926,4)
