(121.42347620173274,31.241490662538634,25)
(121.38623741030068,31.236775160218134,36)
(121.40720015949658,31.30473716703398,13)
(121.39798218348882,31.304401264640166,18)
(121.4334470235051,31.279974680791092,1)
(121.37127288444103,31.31353094373712,25)
(121.42684460994106,31.238223448169983,26)
(121.40472108296892,31.304967138457684,31)
(121.42744698817631,31.238606077852708,3)
(121.44109246802466,31.25473866075163,2)
(121.36431432905161,31.30947927390659,9)
(121.43590232174232,31.26013087792049,36)
(121.42932116663849,31.232789918569893,11)
(121.37430128536555,31.228408027202867,25)
(121.38554588018249,31.280665079862732,4)
(121.45232836706144,31.246319421238432,7)
(121.38068104605051,31.241576372140862,34)
(121.43667779886582,31.253933940140275,37)
(121.37266102030861,31.26524730968134,4)
(121.3724999587202,31.25586105128874,36)
(121.45948362797121,31.24763607911214,20)
(121.4144393107472,31.236014123910792,36)
(121.44065759952247,31.2472690196822,15)
(121.41263026298785,31.268064983472346,18)
(121.43448109265782,31.26217789580683,8)
(121.44773880275038,31.248283874039227,14)
(121.44199118630394,31.243294464496664,36)
(121.44610271883998,31.253952232844462,9)
(121.39146711957446,31.2683222578533,5)
(121.44179664892188,31.266630185070806,13)
(121.40991259126925,31.259396633797998,33)
(121.43776765108784,31.272504814854994,1)
(121.38820342085603,31.269468343059103,19)
(121.4532915230418,31.27605028038689,40)
(121.45293841405963,31.25188068325376,37)
(121.42200408701032,31.24871892675144,8)
(121.40124238539295,31.255905864605502,8)
(121.41033129466256,31.228396580353113,36)
(121.42431805442766,31.254520951821625,3)
(121.39822323524866,31.269414203767973,36)
(121.34417450007165,31.29170486689422,36)
(121.44706356259542,31.242693174414576,29)
(121.45235431478017,31.248350550547627,36)
(121.44881193826288,31.24194611023936,12)
(121.39688406256333,31.239213334517817,4)
(121.43933996335002,31.24786621410876,31)
(121.4251908665174,31.239517860483144,27)
(121.42339683005348,31.273366124316375,1)
(121.44796841564977,31.260967012500608,12)
(121.39445922440805,31.25746937118834,33)
(121.3982357717535,31.29940447674035,15)
(121.376654426036,31.272018713517937,42)
(121.37194651483276,31.306652156519398,36)
(121.36222772437038,31.247194398931182,36)
(121.3400301444315,31.292880628721875,14)
(121.45133681650186,31.259555154856237,4)
(121.45912424142709,31.265777447200925,2)
(121.44633022595208,31.242176615657684,10)
(121.42870485403202,31.264930475934374,6)
(121.43635537422682,31.253588835615112,15)
(121.38441790422796,31.259565975252478,1)
(121.42224157770997,31.245111161373266,36)
(121.38375858813096,31.229653000515324,29)
(121.422486908083,31.262697696573696,36)
(121.36509651940614,31.27707064915462,50)
(121.38989458713209,31.26195556550417,32)
(121.46340959778834,31.255199476030665,36)
(121.43438922456365,31.252020635876715,9)
(121.4591410405059,31.2541108713042,2)
(121.41012561246193,31.25609395455797,12)
(121.454516350625,31.27176207048414,15)
(121.4103812067892,31.276285497668248,3)
(121.45225351364404,31.24599142143223,7)
(121.39251766154601,31.2312795555362,19)
(121.39742956482395,31.27729418954728,2)
(121.38876517430188,31.282838400754287,7)
(121.3966280793548,31.27623140594752,27)
(121.44188856898772,31.26644980238547,29)
(121.34675340728575,31.286898325668567,25)
(121.42308933429369,31.26202498201891,17)
(121.34011259189775,31.281601166944146,36)
(121.43446548422911,31.25628540995054,4)
(121.45127994929412,31.25958127524773,8)
(121.37206673360224,31.240088911919543,37)
(121.43298714908084,31.251064886966418,9)
(121.42495809758636,31.279030727416863,36)
(121.3956356327028,31.265716518533527,36)
(121.44595853404142,31.244796677221675,32)
(121.43655157492341,31.280895364085435,36)
(121.42142628773759,31.245737981772727,16)
(121.43573780285455,31.24444320671279,11)
(121.42624232952942,31.239185410782465,32)
(121.41023657116497,31.25583770818454,23)
(121.3873517412656,31.258257813845553,37)
(121.41483270981121,31.287863004780867,20)
(121.36497282038134,31.313299041864898,36)
(121.42865661039285,31.26068143138978,21)
(121.40035812167699,31.247386364921926,18)
(121.41714865265281,31.25158691818551,35)
(121.44376425854827,31.24096036069283,1)
(121.36372954684036,31.282611851762574,36)
(121.42267467205994,31.25330654426044,86)
(121.40634431649667,31.245746522204612,36)
(121.44439628223353,31.243946669482305,4)
(121.40994292105235,31.259265356208694,64)
(121.4108636842332,31.224197454321548,7)
(121.40602011429192,31.247021147807104,30)
(121.38447887734304,31.25850757285557,14)
(121.37220753954061,31.313197773819468,12)
(121.40936927774858,31.25087775817658,14)
(121.37883335248036,31.248947670341092,32)
(121.44115902495112,31.238458250995812,1)
(121.37296968112969,31.258173801156925,2)
(121.37272346250597,31.251408111649717,1)
(121.42307477151552,31.2646096055951,1)
(121.45439952965194,31.247530827976785,17)
(121.45177160391,31.251653650205917,7)
(121.45540190669814,31.253050652755242,8)
(121.45505961946394,31.245607381708286,7)
(121.40823913244881,31.236687916075624,2)
(121.40100858422583,31.261858871618628,36)
(121.43492309110611,31.236793029919852,36)
(121.39053379969697,31.250016711765593,36)
(121.39193940014317,31.256028276864885,30)
(121.40647104713318,31.254138731898102,6)
(121.43022303305922,31.26512503195325,1)
(121.41001029119631,31.25217925615781,26)
(121.4283689512205,31.238641230311774,37)
(121.45606220305379,31.25245782215314,36)
(121.38732163499769,31.257575309886207,6)
(121.45210977600422,31.256656401667602,3)
(121.39088050521538,31.289395570756064,34)
(121.3414525142926,31.292331029203595,36)
(121.36493855470853,31.303773111479003,36)
(121.38925784590054,31.28238810672043,32)
(121.44683782630115,31.283278758770663,24)
(121.43982712191033,31.23641836475766,5)
(121.36918970304974,31.232957337503095,36)
(121.43238432725884,31.2320920438481,17)
(121.44890153925377,31.253367870372074,19)
(121.39433593771231,31.243573174238325,3)
(121.39037717868047,31.29023856519221,22)
(121.41659836903067,31.233477029948475,11)
(121.40975051937002,31.242836138737825,3)
(121.40847507292241,31.22440282804286,2)
(121.45250137439139,31.27999514657559,4)
(121.40608236261328,31.23837627120843,37)
(121.44939292938703,31.279489239457774,2)
(121.39906733107273,31.232124067725138,2)
(121.43617578088198,31.23887747063719,20)
(121.37654961093048,31.254081735345988,72)
(121.35361837434561,31.28082539710959,7)
(121.42356038361042,31.244438922815633,25)
(121.45994128565104,31.269214422838854,5)
(121.45779443417757,31.252211788735828,6)
(121.41602780649147,31.231729165217516,1)
(121.40651111046192,31.281224798031364,28)
(121.402039060029,31.26417010913466,3)
(121.39213410910632,31.296945389602378,3)
(121.39317412639517,31.277327085601833,10)
(121.38929555408,31.28229641377736,36)
(121.40902397267465,31.245130277009096,14)
(121.41713649253681,31.28403568880421,2)
(121.37188167928232,31.26365860789505,7)
(121.4098968875397,31.240280467589887,22)
(121.37812257548232,31.2507536722151,28)
(121.37686708639633,31.299165397527975,6)
(121.42886966237437,31.265615565271908,31)
(121.4063663218632,31.245705926809062,36)
(121.38953933297606,31.231058465611255,23)
(121.36497222029736,31.3132960418013,36)
(121.39286044983251,31.226097369642098,4)
(121.39644828424909,31.227704203033525,7)
(121.44077525288215,31.28013692473093,3)
(121.39885502062208,31.256137588250418,36)
(121.40994900025134,31.258147443826964,29)
(121.46128005606509,31.261970321208103,2)
(121.43609691187913,31.266591790425004,36)
(121.4025187589705,31.259466184431744,36)
(121.39289077021806,31.25250932064357,17)
(121.42269946881785,31.24826124643336,8)
(121.44888063660831,31.25925655588107,4)
(121.41782027185279,31.251615617418487,30)
(121.42123882226863,31.284557672118495,1)
(121.46378365315232,31.267941086291398,19)
(121.38925228412593,31.233303284996154,36)
(121.40002984704694,31.245489423629017,36)
(121.40226011830723,31.264244187684163,1)
(121.40958143079953,31.273051768592694,11)
(121.44754870526842,31.242515637137586,4)
(121.4381917221538,31.268696872043378,6)
(121.42882435023233,31.256218874038947,11)
(121.42149095888863,31.25513506313758,11)
(121.42086075299281,31.23463432960187,10)
(121.38549713138413,31.283647063207948,30)
(121.41843799380358,31.252713794107056,37)
(121.39754155652992,31.242188064854364,36)
(121.3881446019284,31.25967418087354,11)
(121.43968818279421,31.26725429027706,34)
(121.45534525630043,31.271081082728415,20)
(121.40978000993995,31.237048522922205,3)
(121.41093334935893,31.243471250578647,33)
(121.39086122297967,31.240416650367635,2)
(121.42180033581141,31.262316913777763,11)
(121.42272468698947,31.283764494946528,3)
(121.38972317407764,31.238951196229525,37)
(121.3893484655331,31.28237642324389,23)
(121.4339638968972,31.26409039113929,26)
(121.4432419629266,31.267019149292782,6)
(121.41051243670012,31.231988112611376,44)
(121.42760982914811,31.27323902864188,1)
(121.34565806950187,31.295318048768852,36)
(121.44226524889199,31.256178591125785,28)
(121.4426940510008,31.283938534379903,59)
(121.38335595997394,31.25056104967578,3)
(121.4368337396637,31.281101118301972,27)
(121.42516916122705,31.239642955770528,36)
(121.38877885412595,31.267548039929803,29)
(121.40955122052421,31.225292047769873,2)
(121.43232068518341,31.259493772677335,25)
(121.43797359599887,31.26303737243983,4)
(121.36750823867061,31.23700079049228,1)
(121.45464439353361,31.264344662901905,4)
(121.39285204162063,31.2562609269379,36)
(121.41101632449065,31.243399203830382,36)
(121.43527577559072,31.252465570065134,28)
(121.42168040623194,31.262547988335175,36)
(121.42891107990695,31.24737262129725,7)
(121.43511433489934,31.233529173316203,36)
(121.45974270175603,31.256400361551876,9)
(121.41891552021643,31.228491775190317,1)
(121.45053413093093,31.265139083759422,33)
(121.36492451364228,31.312954536978886,32)
(121.45291088368478,31.279537532602973,7)
(121.3824391332238,31.248648085829657,4)
(121.42471110159845,31.241970933609235,25)
(121.37963899129505,31.290395047285603,30)
(121.41882681291908,31.253457919078954,15)
(121.4230528434782,31.25147079522016,31)
(121.40720982782781,31.24566400064441,36)
(121.43617208624454,31.25846620156714,1)
(121.42542793881974,31.248134106049385,36)
(121.40358223382553,31.285525299321744,10)
(121.39500397493711,31.29671792911752,15)
(121.38250196428946,31.273235972642073,19)
(121.38048299921955,31.243841180277972,17)
(121.4082873398576,31.26167554816921,36)
(121.45715419562026,31.24776129419987,26)
(121.45738392000374,31.257187846556484,15)
(121.42419346973115,31.2520538221145,36)
(121.46126423436549,31.252000018184933,17)
(121.38009698737405,31.283720840231585,36)
(121.43834686379596,31.25034271604617,15)
(121.41971891989358,31.241617718816087,37)
(121.43177030364883,31.26820568117129,36)
(121.37922944008096,31.232550721096178,9)
(121.36964903766439,31.2525394585112,36)
(121.38931234724872,31.25641765114718,36)
(121.407442812142,31.24357863041399,1)
(121.39105974606646,31.23554043316216,8)
(121.40813565450836,31.247672888044658,36)
(121.42149498558848,31.254353743828947,36)
(121.38120446222185,31.285040537694233,36)
(121.43783802042498,31.253931998611318,4)
(121.44673393499632,31.248455719351917,36)
(121.3973314638339,31.265299569940588,23)
(121.3756377297558,31.245822575518005,4)
(121.42387743788454,31.23853629348477,6)
(121.43396309292487,31.25485739729142,34)
(121.37259210912066,31.255965216875584,36)
(121.38742842763347,31.276749849362282,20)
(121.43056517036017,31.274848990832982,36)
(121.42992431311646,31.246582115346065,36)
(121.43774874870228,31.249130005963806,15)
(121.44933670719978,31.264019839362344,8)
(121.45204916382488,31.27466495204743,36)
(121.40981626752948,31.25956701343232,10)
(121.42509278141367,31.274224442947126,1)
(121.4179961327435,31.26267534171118,2)
(121.42647560413575,31.26512530772361,52)
(121.45562526294508,31.26763764629282,4)
(121.38640373744738,31.283268393799403,7)
(121.43786297933526,31.253931964332768,15)
(121.37996684841335,31.283997814111654,36)
(121.38455659115591,31.27724558972947,36)
(121.41129863337326,31.25489393130743,36)
(121.44113902487662,31.2587892095858,7)
(121.41558870544958,31.288871291826855,36)
(121.40213062183976,31.270359758072637,36)
(121.36074506561518,31.28017254908187,11)
(121.441261058405,31.265024852188358,36)
(121.384885194705,31.280184100883417,26)
(121.45202659087127,31.263800649821622,31)
(121.44367957781758,31.261268671214967,9)
(121.43056436127927,31.250888494628356,36)
(121.34746875443055,31.28079851555737,13)
(121.42692069755908,31.240165258361262,36)
(121.39733036353599,31.265746068817386,37)
(121.37625729633875,31.230759500298888,1)
(121.4286831225957,31.256255753523032,36)
(121.37003302536024,31.232311782443386,16)
(121.40403675428448,31.244868014382664,17)
(121.44052888998259,31.258348096604827,21)
(121.45356156693097,31.252482367584545,14)
(121.38712621410053,31.262502395906427,49)
(121.41063767021824,31.223890952479653,26)
(121.40357944330091,31.30162644330867,11)
(121.39819032042725,31.247614743096722,7)
(121.45558194250847,31.26352066073547,14)
(121.42233786819982,31.260249429724617,36)
(121.36317237403016,31.30494005463548,28)
(121.40187193692881,31.2357383306541,7)
(121.38625420827155,31.27018489507301,18)
(121.43639923271789,31.241279308335834,17)
(121.43732982445087,31.253637561419843,36)
(121.45760818142593,31.267808223988645,37)
(121.45702717221673,31.272640210762,1)
(121.42515528272372,31.27214002195245,52)
(121.44431237261308,31.24308642199122,4)
(121.38472049428832,31.248086973787707,22)
(121.44696286412677,31.253137385281434,36)
(121.3837431929035,31.260229481697053,28)
(121.42463667022999,31.259136567761068,33)
(121.37044220120656,31.24981264931071,19)
(121.35467789739025,31.280607238593557,36)
(121.40634181588698,31.245756021671983,17)
(121.44493072658543,31.279819729048658,36)
(121.37027626418445,31.253617096321157,6)
(121.46016096200937,31.24918626108454,1)
(121.44943026080551,31.261262482252853,13)
(121.36510704606397,31.28861511318774,7)
(121.36324804426195,31.24677506323878,1)
(121.38603636463303,31.25708333342351,7)
(121.43404606438176,31.244436688821562,2)
(121.45928046755456,31.264889371098167,10)
(121.38945744735283,31.25614864008067,36)
(121.3783701874407,31.277035199301036,32)
(121.42481133219322,31.238838741314936,4)
(121.43537772351297,31.26661709454598,15)
(121.38370887451097,31.279560761805243,16)
(121.38314347715794,31.27073754729435,36)
(121.44300371066927,31.263333412883803,9)
(121.3935980076145,31.271043237915634,37)
(121.4270324169692,31.256894806709695,69)
(121.42305721349173,31.2488602578204,36)
(121.45211129914294,31.27787808776268,20)
(121.44637632025317,31.241682056311443,35)
(121.4200050812146,31.24271449989434,4)
(121.37913388951308,31.285156382200043,25)
(121.39834012003291,31.301893429366864,22)
(121.39056648400368,31.269054966041153,3)
(121.41217041760447,31.24786296157084,31)
(121.4311191281805,31.233437061169813,17)
(121.41158192463546,31.238312253374342,6)
(121.42753339754898,31.27259295974201,3)
(121.42271513651615,31.25606666796586,14)
(121.4364841549692,31.253397582872612,24)
(121.42471181392737,31.2501455759535,29)
(121.39666833315759,31.246282209557137,12)
(121.42957973249817,31.261137918062875,16)
(121.45715523813035,31.252972692663576,7)
(121.39496951614359,31.29739054480385,57)
(121.4027654501962,31.247573088125925,16)
(121.40099020892903,31.234673814374666,2)
(121.40600497179798,31.24539342211439,36)
(121.41533028099589,31.26661527101165,7)
(121.39030237673431,31.257816148808743,21)
(121.45863919513985,31.251652711032925,7)
(121.39760201715652,31.235675143908864,8)
(121.37276037613474,31.256076484174944,34)
(121.36047592826309,31.29336539193767,22)
(121.43672871287366,31.26423795756621,2)
(121.44254221767305,31.28256721290832,4)
(121.37862897368501,31.270667827314814,22)
(121.44931265544055,31.25131836508932,36)
(121.42952651899543,31.255742917550265,7)
(121.46121628645854,31.260633748527,2)
(121.4573211261627,31.251701711686348,37)
(121.38692184630847,31.252634133511624,37)
(121.39202965575487,31.273589036896773,4)
(121.40381002371772,31.231146662851113,1)
(121.39329439486505,31.302403222318667,27)
(121.3896260836227,31.26182021793512,23)
(121.42968205440117,31.24164657547559,22)
(121.39123800840656,31.269047414683822,3)
(121.44154986988276,31.257432140124454,24)
(121.41097023399026,31.23077448011755,8)
(121.4212226927609,31.25664270429666,3)
(121.46208642663827,31.262103063256557,36)
(121.35270617191289,31.284400364623064,36)
(121.41607419125388,31.251307254068386,37)
(121.3651306407921,31.312353677507456,16)
(121.41087051553166,31.233750861899125,6)
(121.4388692848503,31.265273466533177,37)
(121.45050423668532,31.26557832771746,48)
(121.4031775506736,31.289950021521054,36)
(121.42376793153116,31.2643244695901,2)
(121.4234770528762,31.251257011123116,27)
(121.4320111000651,31.235160867973402,3)
(121.39911766729178,31.2816336130596,12)
(121.41934537867843,31.252383167744757,18)
(121.37438542236828,31.228562203605968,36)
(121.41110366304366,31.25897004941082,2)
(121.39105834124823,31.268658566157498,28)
(121.41314561977804,31.253680284080524,31)
(121.43740166464733,31.25601087592909,17)
(121.42869161799355,31.25420005085607,13)
(121.42618131003769,31.25725753119447,1)
(121.39276316471019,31.246570618600447,16)
(121.38787841450495,31.27179713959471,25)
(121.44725302121778,31.261948705416348,5)
(121.42927156534697,31.280776561292114,6)
(121.36779839383382,31.233110435375586,36)
(121.43846524865732,31.25703448404016,27)
(121.42640318290856,31.23942938184592,13)
(121.38553510019644,31.28284276800468,36)
(121.38618723997163,31.23092776178998,4)
(121.39195074321782,31.23506909989002,54)
(121.43651513339745,31.25371067942891,6)
(121.35250784340157,31.28536540896513,36)
(121.39704169642053,31.266646110537142,31)
(121.43292750610622,31.265672291976987,12)
(121.45341035208506,31.252576050780448,2)
(121.37280764118847,31.310872463432187,36)
(121.34328849562722,31.292029447410396,257)
(121.37373280485156,31.287390947538057,78)
(121.38915692270659,31.291699868587063,27)
(121.3634973183667,31.25021271269462,16)
(121.39822323655812,31.269429210110175,35)
(121.46342657888306,31.26706555182165,3)
(121.39303138370845,31.258444994238264,36)
(121.39278562932988,31.23563135545688,36)
(121.3822574388541,31.27044856013742,1)
(121.4100665507384,31.227918957334587,6)
(121.40224372575351,31.24832024710091,13)
(121.39496731791331,31.276362988555416,36)
(121.42913326144647,31.263941632443352,13)
(121.43226989655511,31.236838340399128,36)
(121.39004880871623,31.28906086233881,12)
(121.42395152782896,31.252450581455417,7)
(121.44810467824172,31.25337393451288,36)
(121.40608899133602,31.245584510996565,34)
(121.37270630725865,31.256234482788205,35)
(121.42363599894679,31.24080723639959,29)
(121.41475715736648,31.232507295287807,18)
(121.36308808084202,31.24002098668358,2)
(121.4037649216659,31.304518848868877,26)
(121.4413581182348,31.24477785394953,12)
(121.40987448789704,31.25989983928134,34)
(121.41830707957723,31.241306787832023,37)
(121.40717250645537,31.251442126384937,19)
(121.43174687004135,31.25268640216453,4)
(121.39993909814551,31.244863856731694,5)
(121.42443669539648,31.245788858840566,33)
(121.42905749155666,31.265544392487218,7)
(121.35929827541287,31.306080125210308,27)
(121.34895026345069,31.29705903061391,36)
(121.42263175186504,31.26230642767686,36)
(121.45177290656679,31.260200234571755,22)
(121.40911029391114,31.244108096885647,18)
(121.39928894177723,31.28143265344541,2)
(121.39257237641037,31.250533259349268,36)
(121.38870958248687,31.253644990558783,36)
(121.44976083471549,31.258575737387076,1)
(121.38804877415143,31.297083567549087,27)
(121.3904674637078,31.232979303145388,7)
(121.38637865207882,31.233489098218236,18)
(121.39088409935653,31.294687679150755,2)
(121.38554285791396,31.283182843226058,13)
(121.44621188685431,31.24484422170558,36)
(121.37774867386068,31.246120193544808,36)
(121.37927464110733,31.240122118581287,19)
(121.45282685932928,31.27697263729293,10)
(121.448097065056,31.248613379779094,13)
(121.39058756079652,31.246780314127882,36)
(121.42943042135677,31.269863854496435,18)
(121.4192921149971,31.254209805634204,24)
(121.38748262468505,31.255460827297732,36)
(121.3737359683932,31.234408069318285,11)
(121.39053846922002,31.303549921546548,36)
(121.40308342656805,31.248140351433584,31)
(121.44557462997307,31.263526282777622,2)
(121.43796172060894,31.275774161917408,2)
(121.40683593066004,31.23331098468882,5)
(121.4053733672865,31.261773564121892,36)
(121.40390532497285,31.24065633295021,23)
(121.34673760601477,31.28750842342298,29)
(121.38634573296211,31.236702479387535,2)
(121.3644300717302,31.251000488827408,14)
(121.38339969376509,31.230910858927704,1)
(121.42338775178622,31.24689514558287,31)
(121.44941477204253,31.255249901868165,2)
(121.44198408474351,31.243245163277827,37)
(121.40108644614186,31.28711636977689,37)
(121.4275382020929,31.24221662245628,1)
(121.45622706160653,31.273068740486643,24)
(121.38756074201156,31.301882058753073,36)
(121.43760300743976,31.24006724415915,9)
(121.39571674603951,31.2320676619094,8)
(121.38870931646086,31.250591647943548,2)
(121.45271036816474,31.256659225872404,16)
(121.45705003693944,31.271752789386706,26)
(121.42538761545013,31.247950785322573,36)
(121.3824107945502,31.2839833231496,36)
(121.38243728852314,31.231820725362507,16)
(121.44572879789246,31.246075390485473,36)
(121.38734385488509,31.271088414697928,11)
(121.44605024464875,31.258756416349314,29)
(121.4604884626195,31.253541446811017,5)
(121.33036893781757,31.29814025296036,26)
(121.38301504646988,31.29042751812892,36)
(121.40848183948711,31.245693863542677,36)
(121.44869912034609,31.264209087438775,3)
(121.43450849871763,31.260273304819542,7)
(121.4063646429416,31.238694171015432,1)
(121.38530384900373,31.25971583713723,25)
(121.42949136608685,31.270075882718803,36)
(121.4358570120002,31.264053961640464,37)
(121.45321300122315,31.254631345355744,37)
(121.4291172885201,31.25257071508065,1)
(121.3854182188002,31.262611185243266,37)
(121.42842217161875,31.241873637584142,17)
(121.39878266336093,31.294561711533685,2)
(121.3643658362153,31.309486579834697,31)
(121.42877083857282,31.265665745067142,32)
(121.34788901488812,31.284889952994988,46)
(121.40152554845473,31.248327089838,1)
(121.40061940424857,31.261142458561576,5)
(121.4273542917764,31.229199824192776,2)
(121.42528048928209,31.247932563252448,10)
(121.43384735728694,31.244501957229172,3)
(121.42906982203016,31.23510294103966,36)
(121.40989570517884,31.245238195774906,12)
(121.38455673268447,31.278869261643724,36)
(121.43675744816699,31.238774705584262,3)
(121.40273343957251,31.2998464753003,16)
(121.42742404828228,31.239005279490176,12)
(121.42500812761867,31.245558302579315,37)
(121.3649722203083,31.313253441898322,19)
(121.4097476918903,31.244809022335147,11)
(121.45689628919115,31.247124458965118,4)
(121.42468014117499,31.24208500941226,36)
(121.43896829246394,31.26729218594296,36)
(121.39630202856455,31.23472842999732,36)
(121.37677228530109,31.268455766659994,37)
(121.42637555602157,31.245547293288336,36)
(121.423058370761,31.262134051190973,36)
(121.35458006156458,31.305490418728095,14)
(121.45268076499646,31.260421915897926,3)
(121.3882400286914,31.269461249657265,36)
(121.34001094211531,31.297556717335425,29)
(121.43601313111874,31.267612332795267,36)
(121.39483600513533,31.298204427744036,34)
(121.44523792945371,31.24552387190349,7)
(121.3728738503866,31.248024091110786,4)
(121.36807788965174,31.26676362482664,21)
(121.41048565396764,31.23799302550752,32)
(121.3841371343946,31.242693283308782,15)
(121.42335591842932,31.256290148966315,1)
(121.38431751493428,31.23076543922589,23)
(121.4090930416818,31.224814972181786,17)
(121.39637534146257,31.27426966506171,25)
(121.36391199066185,31.247032764683624,19)
(121.44448802708072,31.243095136664028,3)
(121.45559172296704,31.267938921856995,36)
(121.39795102916015,31.302792630184882,4)
(121.37404706646186,31.256104159894786,17)
(121.3871294157311,31.26838009691795,9)
(121.44962965643197,31.27088421374521,1)
(121.36936999037513,31.290500323069296,33)
(121.34337670022379,31.292381350300595,23)
(121.44604007773111,31.262844089812088,8)
(121.34106113994739,31.2865259610344,36)
(121.41612566966592,31.23415653721769,9)
(121.41890861781513,31.228895818525682,20)
(121.42558736355265,31.241708438201513,36)
(121.38866609414002,31.282921359666535,5)
(121.40540121065649,31.237023619331264,20)
(121.4283465343173,31.250651587254648,22)
(121.37988354235063,31.27018799794167,49)
(121.38955864319603,31.268896187989697,37)
(121.3688421892864,31.31433483046427,5)
(121.37841536564957,31.278399815067814,33)
(121.42311939932779,31.263070409465914,3)
(121.45936982114233,31.265989120179697,1)
(121.38338574429098,31.247698811492306,3)
(121.41947267653705,31.233852788715062,9)
(121.42300544665619,31.262477236661194,15)
(121.37485940791737,31.258081874348164,36)
(121.46389630619142,31.255462112479375,6)
(121.38492967392098,31.26217856537987,28)
(121.4287397291065,31.250491367649158,12)
(121.36371045785876,31.247350773835173,11)
(121.4332160061555,31.253104517138947,22)
(121.38024879906526,31.27476537168686,27)
(121.4475120680813,31.257289232291907,36)
(121.38566388799208,31.253756125706992,8)
(121.40903507540735,31.244934679689138,29)
(121.41090175665686,31.23086412565386,19)
(121.46209369594199,31.248851733567257,14)
(121.43319981288934,31.239153319613894,4)
(121.41111631260551,31.24352524246173,9)
(121.38206303586861,31.233916313351028,10)
(121.4040505365186,31.230875674218872,6)
(121.4077441606472,31.247734476303627,37)
(121.40149474352303,31.287119151820445,1)
(121.39918475895703,31.270927185916666,26)
(121.39057544803113,31.291504208700886,2)
(121.36362937867706,31.282769762209774,19)
(121.45585356398605,31.247342799909024,2)
(121.3876536764497,31.231234111004866,36)
(121.4545773304383,31.273240566712044,13)
(121.43618193705977,31.268400448108963,25)
(121.35378654365871,31.30915600179429,36)
(121.38931231655994,31.25606549771005,34)
(121.41233440780432,31.225363699456675,3)
(121.43873957090005,31.254559018605654,9)
(121.42634222820476,31.239217338892907,11)
(121.38919973121693,31.296911765207692,36)
(121.39805021354611,31.304401290943396,63)
(121.41498876932616,31.270580903082564,3)
(121.37986132571807,31.269076821324624,36)
(121.39322020697477,31.231980295440966,3)
(121.38726798445684,31.244545940369083,9)
(121.43115044715664,31.237563907481032,6)
(121.4179951878689,31.251842632378338,36)
(121.42449729915056,31.241902071169637,17)
(121.45709641504851,31.277464075492027,2)
(121.42438126993831,31.254706464554303,17)
(121.42640321271065,31.239771536388705,30)
(121.44634241321786,31.241707250321134,24)
(121.44951078552339,31.260699691433093,96)
(121.39217589421482,31.227952755842853,13)
(121.39450111730231,31.301809661052154,37)
(121.45644940063734,31.269940297285913,3)
(121.45586132228762,31.252061820765398,25)
(121.43387812070145,31.24229593155825,17)
(121.4042790537483,31.224990981701357,18)
(121.38300864725176,31.24713458432873,36)
(121.39137949523509,31.227460075599215,12)
(121.43406042980072,31.23739349820488,5)
(121.44257849106822,31.26353718082628,37)
(121.43307084857665,31.248959859384094,5)
(121.40593412960587,31.22429079515266,2)
(121.37707801118178,31.271973607898403,3)
(121.43079174307456,31.235650422546232,4)
(121.39026793832578,31.23108799743907,12)
(121.41123321095075,31.27704769162784,15)
(121.43560735338339,31.258610923294516,9)
(121.4487281411105,31.24217936767351,22)
(121.38689797729424,31.231412580179146,6)
(121.39109334936357,31.274237500328915,1)
(121.39278518995881,31.23519951051186,16)
(121.40912409754563,31.227092431976633,29)
(121.38348104202377,31.24851026126392,23)
(121.40894045212833,31.246232157559685,1)
(121.37851380481045,31.270461611786935,25)
(121.38626351571331,31.233228881764276,36)
(121.37224094513601,31.313197778489478,36)
(121.4081193505048,31.247924084184064,10)
(121.44762504979653,31.248341101694265,37)
(121.3997896720235,31.290293344924116,15)
(121.44788118854417,31.279189860488355,5)
(121.42525551950905,31.24136622320951,36)
(121.42997952140972,31.267249188676193,2)
(121.37339338293808,31.245101459327515,11)
(121.43155682195892,31.232310401876422,60)
(121.36768668117111,31.23861177770134,17)
(121.37152344676745,31.26743274106597,37)
(121.40602110437004,31.25837113237506,37)
(121.42113774777971,31.259910389085665,37)
(121.45070436142464,31.26072286575018,2)
(121.41611615455592,31.29692729416324,7)
(121.41947294697766,31.236956202569726,33)
(121.41788429184679,31.286635395520964,16)
(121.38386032814084,31.259882595953854,32)
(121.42818601609004,31.241742702510102,15)
(121.39638914811387,31.239970636707692,165)
(121.42221383673191,31.24937512471882,17)
(121.38626240699857,31.28843605792055,33)
(121.41246152122058,31.270429843495087,6)
(121.41830655208962,31.234791897429474,3)
(121.41739254398327,31.25330150967614,37)
(121.45691188866667,31.254486673990407,7)
(121.3642997731775,31.250253961279864,36)
(121.42307561883054,31.276601154776483,8)
(121.39885558377529,31.258930948967205,37)
(121.36699483087949,31.24965472533365,2)
(121.44036767122694,31.24216516914463,4)
(121.43275974529327,31.265744516617556,7)
(121.42737812075194,31.23925643503241,15)
(121.42678287724877,31.25789335159582,4)
(121.39592561804356,31.27518464847544,30)
(121.4297504342014,31.263015615268184,3)
(121.38774648905486,31.25108011687331,21)
(121.4522234314466,31.25574378211015,2)
(121.43246919926055,31.2434290884637,21)
(121.4416473139863,31.24161699489883,35)
(121.40959963249722,31.266785624248666,37)
(121.4101581519011,31.242451217775926,13)
(121.44195588112679,31.254803836737647,10)
(121.43836480942987,31.238582431848464,20)
(121.38566061682022,31.229848812018506,17)
(121.41373067583103,31.23225486426729,5)
(121.44447885120098,31.274174923090733,1)
(121.36168644618164,31.240030565725707,26)
(121.43862664464902,31.276161397697933,18)
(121.43877127261985,31.244688458937663,1)
(121.40993129604936,31.236099182688644,36)
(121.3863530845361,31.296179830997705,7)
(121.37813995587378,31.26637345982861,32)
(121.42953124932329,31.280748289195813,2)
(121.44207923221128,31.26425237326763,5)
(121.43185119202425,31.24523058983067,10)
(121.39602818737133,31.22881211940347,18)
(121.44452758308742,31.261869322744758,32)
(121.37907803859183,31.253196812771165,1)
(121.38942742491953,31.256183633437725,12)
(121.43939313420928,31.239397343663452,7)
(121.3649470341089,31.249349579350188,15)
(121.38449347393556,31.253691487526226,36)
(121.42160798836309,31.262627173085974,36)
(121.3715384694778,31.267422756862864,36)
(121.4053193646096,31.26178656572343,8)
(121.44879846855909,31.25920475218725,36)
(121.41150386684774,31.22801911028214,6)
(121.38938414587203,31.253401385809635,6)
(121.38239576236451,31.28381323896754,17)
(121.42343370271732,31.281169781556958,1)
(121.41752252604842,31.2525471685921,5)
(121.38158951642325,31.23436404096325,35)
(121.43978403788243,31.269028749530666,36)
(121.42833779662823,31.236456268846762,36)
(121.38885689579493,31.278718776850997,26)
(121.44426969979027,31.243332811064985,15)
(121.41741615001813,31.257043107399234,18)
(121.38217912904851,31.244936406799354,9)
(121.43678753214981,31.240288349624276,1)
(121.43918186218131,31.266541562380773,11)
(121.37634736627759,31.299172786900215,36)
(121.38662598559797,31.274024252500276,37)
(121.41007155176688,31.252095912120723,34)
(121.38832076074083,31.25967031574858,4)
(121.3947164970904,31.23584388584149,11)
(121.40460019228848,31.25499044663706,5)
(121.37739805645948,31.298620569824017,31)
(121.43906585278462,31.24120062573594,44)
(121.42351488131293,31.28162266345183,4)
(121.40873408095311,31.22478999031295,6)
(121.41514068568027,31.269047007063666,12)
(121.43602807432421,31.26722714984027,17)
(121.45998716211288,31.26919931425908,36)
(121.38160845633102,31.279415647498528,8)
(121.39938134639716,31.231965639880144,20)
(121.4370871215183,31.264025389060198,36)
(121.42297444651606,31.262168125975485,43)
(121.41918547987724,31.252322228435762,18)
(121.42823221436971,31.26278801273416,3)
(121.38937939522945,31.233332391592132,19)
(121.42606248111912,31.257550006181905,36)
(121.38952790381984,31.27218555192529,1)
(121.41566815593463,31.237184096631317,37)
(121.46034276394438,31.25299637477139,42)
(121.44786820200098,31.244550980767237,37)
(121.45290211892596,31.24825293856811,2)
(121.37343955520497,31.246287046830858,26)
(121.43929169295996,31.26182772568141,18)
(121.37508965377599,31.242470408112403,20)
(121.4561457334435,31.266084571303228,1)
(121.37846515938618,31.277087082606077,26)
(121.41238447610306,31.272166410754274,20)
(121.45332622989302,31.24885857822077,19)
(121.33786186871156,31.29394177005978,36)
(121.40002959623752,31.272280588913585,2)
(121.38297554063918,31.247005679022603,6)
(121.38380500093558,31.233816954658558,20)
(121.41170195432139,31.243677268165293,13)
(121.43116537839826,31.236997634285405,36)
(121.37503083776475,31.25974009613396,1)
(121.37650154511996,31.22970230380937,42)
(121.45127860072192,31.244031432926715,24)
(121.45961225440348,31.2472546248622,2)
(121.40185455103928,31.281345166931423,20)
(121.44140509321758,31.256957154476076,11)
(121.46202598882516,31.261619467164806,20)
(121.39620599025386,31.24331098980294,9)
(121.36576964196547,31.276318344133163,6)
(121.3914988383617,31.28776432279695,2)
(121.42679166625312,31.238219493377937,13)
(121.44061345097478,31.26761592938713,38)
(121.40421221815998,31.249919280784763,3)
(121.45407274551836,31.252406645511634,20)
(121.44748672986866,31.28012496008367,6)
(121.37642889002777,31.249658726201456,36)
(121.40203767596157,31.244829846452692,4)
(121.43512125200381,31.253354314695738,35)
(121.37733851527669,31.27368662823734,23)
(121.45750746406245,31.268526307825358,28)
(121.40968063437516,31.231242339750068,17)
(121.38357647078328,31.242117500221784,19)
(121.3724775838161,31.263459306083497,24)
(121.45340170021488,31.25634471739252,36)
(121.38323437700765,31.268413652964593,36)
(121.44946077570336,31.261272681943694,2)
(121.37227061287643,31.25594478760006,27)
(121.43532569805677,31.239068692709598,36)
(121.44802896323793,31.254861818771243,2)
(121.37684527205707,31.232601040259873,6)
(121.40150901154247,31.242218359682145,2)
(121.33301810591328,31.299788955541604,19)
(121.36202910110667,31.24425477619585,8)
(121.43480873988342,31.25357980368334,15)
(121.38698670698251,31.296244384742558,36)
(121.38459462867826,31.277211610260107,36)
(121.42809651023195,31.264402833436733,7)
(121.38331990966462,31.247844235362695,47)
(121.3456883274831,31.297540981141417,37)
(121.41776613700355,31.249705800823325,17)
(121.45566570101354,31.273835574638642,36)
(121.43326209174296,31.250390170970604,5)
(121.42901294820908,31.247245464584378,37)
(121.39551924197173,31.298029449391834,23)
(121.42942839930996,31.246656789314812,37)
(121.37590389816101,31.300953952334932,22)
(121.43318517193931,31.243037085901012,32)
(121.37658781211832,31.254436514794797,2)
(121.37360623886093,31.239760333600476,6)
(121.37610313202457,31.300413980781236,11)
(121.39099752791888,31.268119755999816,5)
(121.37729634357368,31.27130401326003,86)
(121.42110849919894,31.27971276964501,2)
(121.42611348082784,31.23938961377069,20)
(121.37858049034263,31.23262759280915,23)
(121.42669923290447,31.277549662765132,7)
(121.40903867629046,31.245019580272633,14)
(121.42829734731247,31.23076770597724,2)
(121.39209800579918,31.23868667315824,37)
(121.4075535770754,31.240935440921728,23)
(121.45610472836854,31.252229385731003,2)
(121.39597908197025,31.268704951973383,25)
(121.4099310959256,31.2456395644328,36)
(121.41080380124343,31.248327437095927,11)
(121.40664675880632,31.26000205757738,3)
(121.38931407606174,31.276248092732796,23)
(121.40384311039111,31.23228333633352,8)
(121.38152507703543,31.23247349805612,22)
(121.43637035749946,31.253666850206123,11)
(121.41917518610265,31.255404178874734,47)
(121.41206432276121,31.25947058217044,3)
(121.36964064044564,31.23637869087669,7)
(121.40451180643826,31.23330984593659,36)
(121.41526283642426,31.239509020908766,2)
(121.35596990458399,31.307871731109156,29)
(121.37726301204182,31.292079057706058,27)
(121.40660447949226,31.260790246229966,16)
(121.36497252033985,31.31329394184129,35)
(121.43473335022594,31.25545485812718,2)
(121.34406019462173,31.30267997331447,33)
(121.43933700451127,31.268675121227663,9)
(121.35423755129897,31.310115147642495,11)
(121.43427571920982,31.255786424328246,15)
(121.46022902794846,31.252044370471065,14)
(121.37427170339569,31.245255640040824,9)
(121.37632561215136,31.23329874594619,35)
(121.38448414920131,31.229387470497223,253)
(121.43535499883545,31.28016303255386,36)
(121.4129377106449,31.23099715334981,13)
(121.42196409591524,31.248448833834328,37)
(121.41222617014058,31.291026183945114,36)
(121.4159969686061,31.24831896420833,26)
(121.37321055311193,31.250238505100466,33)
(121.43290468484248,31.267357035574296,17)
(121.39927882227195,31.23190671965695,8)
(121.45930250153994,31.26371649736158,3)
(121.42261469741715,31.238592973234564,1)
(121.35043642084523,31.29604401532855,24)
(121.42209200534104,31.23241163105755,22)
(121.44158311865621,31.241064324914507,2)
(121.41116129925933,31.243492219495447,36)
(121.39307535413404,31.234796498842453,36)
(121.44455976664871,31.2653418220608,12)
(121.45030597034635,31.257377168655193,25)
(121.42713576498518,31.268365436951953,1)
(121.40978616011107,31.259513507277894,14)
(121.41260185561214,31.241028630087303,9)
(121.3824232862897,31.243488000923307,36)
(121.38138080638001,31.286559334747317,7)
(121.3804560069842,31.29030788487857,18)
(121.39955812677199,31.26207754320013,1)
(121.34895306343462,31.293724432149524,36)
(121.41166194441409,31.238480269750287,1)
(121.44395471558597,31.265490681333315,20)
(121.42622154382124,31.27904122818278,1)
(121.43007544931282,31.246717745656746,18)
(121.42192931741452,31.25066483717189,7)
(121.40439430594418,31.239197510233534,26)
(121.39203171987857,31.258923592936945,19)
(121.45849979738553,31.263600179821893,24)
(121.37241852185691,31.286821962350768,29)
(121.39415173476915,31.242563622056593,35)
(121.41117731932852,31.243765338891,5)
(121.38115447813632,31.258085554040047,15)
(121.46277896795313,31.262276012401063,10)
(121.37053309706343,31.266161778537935,1)
(121.40706362829387,31.229875408316122,36)
(121.39546596299954,31.247651573707945,1)
(121.39472229289413,31.302281960886962,37)
(121.40330864282075,31.302183875217754,36)
(121.39398498108086,31.246603336104236,37)
(121.42194817365427,31.279031011782173,36)
(121.40984378280358,31.25749159952464,12)
(121.40364316237306,31.22869230248368,26)
(121.41061377855951,31.25907117603969,26)
(121.42455021297681,31.230019621700468,36)
(121.3999854694899,31.264271617856572,36)
(121.42830886845854,31.248367645880005,36)
(121.43344312293827,31.23518022937374,34)
(121.42796706703517,31.25764003978873,36)
(121.43005864358008,31.23427036522241,6)
(121.4379625507361,31.262372490423683,3)
(121.42600104408169,31.267444011322727,36)
(121.44655183076355,31.254399654350202,4)
(121.44748225245036,31.262861303594086,5)
(121.41006562909615,31.242805397852237,23)
(121.39879335828999,31.245158870680616,34)
(121.4527554952865,31.247839258016988,12)
(121.42862730505249,31.273970799724804,13)
(121.42399629687563,31.25944319686546,36)
(121.43623921162221,31.238157107256118,3)
(121.39732226173528,31.264873169005714,3)
(121.38235749931958,31.2813001730929,20)
(121.39346431708087,31.231374158000545,3)
(121.43771659433625,31.235271823048063,11)
(121.41490557153247,31.2379867410366,1)
(121.4199213691889,31.22910878435817,30)
(121.45266545489694,31.2564392185214,18)
(121.45041553989178,31.2518292271706,10)
(121.38199379677621,31.23209741166303,28)
(121.38942603168262,31.251680660582938,5)
(121.4286626081434,31.231839786469966,29)
(121.42088022859075,31.24260919070944,28)
(121.39152711220943,31.256240105173767,17)
(121.3488997576155,31.303131913498355,36)
(121.44342181204993,31.239717352533575,1)
(121.40774375799782,31.243117416341544,6)
(121.38869408532844,31.25957756114544,5)
(121.35082786811901,31.299749569053084,1)
(121.37825117978542,31.23271971144858,2)
(121.41668676831341,31.240134086894965,36)
(121.42173842042457,31.26096510349258,11)
(121.42099078358727,31.281941759777553,2)
(121.40482424628777,31.26177027896913,3)
(121.40019004705745,31.258634251859043,36)
(121.38557138380561,31.262704359528797,5)
(121.3814442817743,31.23365556957414,1)
(121.45586436871277,31.256482084760318,3)
(121.45540403015393,31.247127588153624,13)
(121.33645989246115,31.29945839136374,2)
(121.45937557176902,31.25752926565634,4)
(121.39555235333982,31.262050530621785,24)
(121.41188199881594,31.23851431561051,6)
(121.45561042895508,31.276468708496132,17)
(121.44567905351589,31.282305978627203,31)
(121.44485330855932,31.26614461333971,20)
(121.41154191490209,31.279396164194637,1)
(121.43641850762346,31.233302662149487,7)
(121.44137484565151,31.264960651870854,10)
(121.4028729299683,31.24912172445423,6)
(121.4403122249946,31.282431778344282,1)
(121.39730815841659,31.265313965349648,43)
(121.4127723685061,31.249392494188875,12)
(121.40410087121039,31.260797333247442,36)
(121.39423345413451,31.247598306443155,9)
(121.43571610302126,31.28495592602424,36)
(121.36497282038209,31.313295041874085,36)
(121.42605067373192,31.240859330672713,24)
(121.40041648963877,31.248697813459707,24)
(121.4218082377581,31.262288115480136,30)
(121.38881009463005,31.26999409868048,25)
(121.45118248979924,31.274724899066815,3)
(121.43717806035876,31.25353071903518,12)
(121.44506070601145,31.263985344791827,31)
(121.42512217372347,31.235896856117442,8)
(121.34269040430664,31.282283291214682,36)
(121.43189673389793,31.24067349476106,9)
(121.41817658757607,31.23356608796165,2)
(121.41272516060506,31.24683737264727,24)
(121.44705356029183,31.24172147443986,26)
(121.44962718023642,31.242349793001218,36)
(121.42977427629323,31.240092497020726,2)
(121.38436659000773,31.27956537499376,23)
(121.40457079252803,31.24454593408771,3)
(121.44399712466213,31.26553168890692,6)
(121.38528583207301,31.247290104115024,28)
(121.45450812581721,31.270997849216954,16)
(121.39705523135919,31.241115380204707,1)
(121.38586346287396,31.283177190128743,13)
(121.4600861023287,31.257896521523616,14)
(121.41801108555893,31.250779156047585,13)
(121.38574659918127,31.289525865212454,30)
(121.36833891870205,31.309340564244053,2)
(121.43766645318934,31.267138933857556,13)
(121.42856801615773,31.253496658843858,36)
(121.38566518227564,31.289392151287277,61)
(121.4535867337652,31.26182472080643,34)
(121.42688728220229,31.26100066908362,8)
(121.43512894068277,31.238439655881887,36)
(121.4098919863071,31.24337096066017,31)
(121.39503026968244,31.265979979517358,56)
(121.3638143600852,31.309243517186342,10)
(121.34877585005576,31.297036019854133,4)
(121.41329698948108,31.23558615598549,19)
(121.39233134892947,31.236772398864133,24)
(121.42179433432996,31.26231691252709,36)
(121.37337145207574,31.247738780109625,37)
(121.3977318517556,31.23309301725997,3)
(121.42331733003235,31.2528088109535,4)
(121.39088023466616,31.286295319268053,1)
(121.36391975560082,31.281045501938333,19)
(121.38717608103376,31.24104518814593,9)
(121.38933166942104,31.23104252466652,20)
(121.42009084717971,31.240727556344805,21)
(121.39713146939759,31.26636747443524,36)
(121.38959022137423,31.258911616083335,27)
(121.42702041618561,31.238171267558748,36)
(121.39885322685596,31.231896889280886,26)
(121.45940260802395,31.25569523781904,2)
(121.44686472137971,31.241773041490518,36)
(121.3837055066424,31.25966480739041,3)
(121.45565542772172,31.24564087287992,35)
(121.43677263151044,31.24115676082204,8)
(121.42282956298811,31.262073188213588,7)
(121.42931454225929,31.2467219323733,27)
(121.39436798201196,31.27080028515199,28)
(121.42184614731347,31.26478241853583,37)
(121.41761952200817,31.230211071909896,44)
(121.44858059542148,31.24744455864508,12)
(121.44418366789975,31.24357485208617,16)
(121.41729321889551,31.243640807312563,36)
(121.42316462392195,31.23170744334585,2)
(121.43563713643789,31.238072846077813,18)
(121.43112168352219,31.262783076881377,35)
(121.42168420656344,31.254865403937178,1)
(121.39218058993384,31.26916327433153,24)
(121.42707963084914,31.277285076894422,5)
(121.45214085527515,31.269903023208915,7)
(121.39335266514016,31.27066140328325,17)
(121.42506933651214,31.248637622359702,37)
(121.4018431291185,31.25003169704906,14)
(121.41787944053813,31.231020319764344,7)
(121.40918241145575,31.259449381975863,15)
(121.36317237403054,31.304936254644076,36)
(121.39648229165489,31.231946201462137,9)
(121.3900614345672,31.26169847629519,2)
(121.41804838317921,31.242984670570394,6)
(121.40167151643864,31.258988796301544,20)
(121.35086772407082,31.281628191678706,19)
(121.39099427506218,31.274266446299197,10)
(121.38304264608847,31.250994940499275,17)
(121.45813093574152,31.26800088449755,1)
(121.4562806852082,31.256816023717146,5)
(121.35472640936496,31.308503377393873,16)
(121.45412661607469,31.25241654092451,5)
(121.40778204079913,31.289101638455286,2)
(121.41885477033074,31.230246469687618,27)
(121.44319357509423,31.2434543996269,36)
(121.37960612627215,31.269436381606372,36)
(121.4328287611905,31.267022981403425,29)
(121.43278968386025,31.254049427018455,13)
(121.3990424787727,31.302717000835145,26)
(121.385760702522,31.2870814729079,15)
(121.38041796410926,31.290355863987255,36)
(121.37320920307756,31.234699529761365,2)
(121.4358355224826,31.234526978894333,13)
