(121.42302243489486,31.238845512642992,36)
(121.37096655413607,31.27880075382577,26)
(121.41085174423932,31.27049603816749,21)
(121.41323188689901,31.279985445708895,36)
(121.37543665790155,31.282832151835645,36)
(121.43122147648542,31.273358453936783,30)
(121.4390635718122,31.260888308808838,31)
(121.37083377989538,31.249263938861002,34)
(121.3817386245925,31.279574844921815,28)
(121.41498727999526,31.29232689793607,18)
(121.37061582909789,31.249231028663562,2)
(121.39480656086799,31.24743814628596,37)
(121.38639840553789,31.287875554339465,26)
(121.44811257162651,31.254820084697908,4)
(121.39184340445117,31.291305967513743,23)
(121.41027044742908,31.25450624102141,20)
(121.39003309321102,31.281001574756047,7)
(121.40007442996692,31.229051978091288,26)
(121.38533910541717,31.227751562306707,20)
(121.36557030816674,31.276509126266426,37)
(121.39217050476314,31.278247861287294,17)
(121.41158777731545,31.227236731488944,17)
(121.38685873889446,31.247323748599445,6)
(121.43028152033828,31.24710511792003,32)
(121.40933930415632,31.251132873704808,17)
(121.39587682374089,31.23194968424006,16)
(121.4325070467194,31.232056592297425,27)
(121.40354722500196,31.239641597783926,7)
(121.33876071874556,31.29513906332316,15)
(121.43189728527146,31.24700733027544,1)
(121.41034442221863,31.231445888951807,2)
(121.39028347129087,31.267146126195417,31)
(121.37982344147728,31.241135964238907,1)
(121.41112789123302,31.273204059481646,12)
(121.46004685107671,31.255924477284577,8)
(121.38706944667413,31.28087326071447,34)
(121.41031680188453,31.258668046432074,21)
(121.42643501221245,31.260783786938863,12)
(121.38701529677441,31.268265955137462,36)
(121.43026220692448,31.279136875986936,11)
(121.37227200044323,31.27190562003302,37)
(121.38908850923292,31.282628975424743,24)
(121.36870248953599,31.25209603596725,4)
(121.42279168719564,31.26312466665319,17)
(121.40321925635521,31.240645998799007,3)
(121.43301913707569,31.262907002314197,15)
(121.44558016441894,31.246816973035475,36)
(121.40300683880383,31.247778152742605,30)
(121.40471716238216,31.260072773767405,42)
(121.40228848355422,31.245424968650227,4)
(121.40927836961902,31.251788168399536,6)
(121.4383211206844,31.26427180830806,8)
(121.36797370177808,31.313945450937492,36)
(121.42618431076731,31.257244231837277,3)
(121.36840655286274,31.2808190387742,37)
(121.36377466326061,31.28301108428312,36)
(121.3795524396686,31.262324293234826,6)
(121.41339305190921,31.261336956292496,36)
(121.37222164190266,31.313197775790517,24)
(121.39786699761814,31.302861624083725,37)
(121.3913238763698,31.289721996836807,35)
(121.37238339007236,31.314628925921777,32)
(121.42558665042378,31.23518014784021,2)
(121.40024392494797,31.245558518112677,32)
(121.4121429423591,31.273231971323355,2)
(121.41107620361174,31.230701427812054,1)
(121.41144875895696,31.23006446492189,2)
(121.40755826532599,31.294648215713227,36)
(121.42159438372843,31.246244001616596,4)
(121.37740485543547,31.253550080938524,30)
(121.45354027014731,31.255208944763684,16)
(121.39285124144453,31.256231926845683,66)
(121.39733416441376,31.265813569424203,4)
(121.42034187397711,31.24127714962566,12)
(121.37196881519544,31.248740080470004,7)
(121.46360057576966,31.261117597473554,1)
(121.4075637148753,31.22725560871473,33)
(121.43148095029487,31.27122427518372,16)
(121.3865098456715,31.257222795652194,3)
(121.40637492396208,31.245682328624035,36)
(121.39880959839762,31.25931009689032,6)
(121.36852172701992,31.292128781855997,21)
(121.41088630727235,31.231401782866474,1)
(121.41081173444238,31.23086710689528,12)
(121.42419250164292,31.240944877082274,25)
(121.36420881444727,31.309321662113756,5)
(121.43484139562149,31.284584878691415,36)
(121.41552838260478,31.287888650543923,19)
(121.42538191403335,31.24771968458131,20)
(121.44636651822783,31.241721154522246,13)
(121.37210411941844,31.264748367687705,36)
(121.40300450705661,31.25771171654684,62)
(121.37763583480115,31.27273557264569,37)
(121.45080103934644,31.25690291348007,5)
(121.39644586215161,31.230661365786915,36)
(121.44806909405749,31.27124221068531,9)
(121.38544863771703,31.287119118427437,12)
(121.42733579560674,31.28083943395012,11)
(121.40086124030921,31.235472144251425,28)
(121.38929175988713,31.237105005507996,29)
(121.36689048761126,31.252070626970198,7)
(121.44312445509995,31.24677759746939,5)
(121.42401147368619,31.261629128737038,28)
(121.37855199342398,31.246904280554002,2)
(121.36500973496854,31.278676223665563,7)
(121.4357382516771,31.2526532242733,36)
(121.41822409398749,31.25235174301464,15)
(121.3991485907282,31.24279697275396,8)
(121.36221876560785,31.240416690527407,36)
(121.37438538144147,31.228090985895,20)
(121.3850127489994,31.25054857500735,28)
(121.40323186134604,31.265288847512192,17)
(121.42476677193197,31.227332209354824,16)
(121.43314719921604,31.243458698715845,12)
(121.40808870520672,31.254226324841113,3)
(121.45175189447839,31.259958529332653,1)
(121.3787047128481,31.26652915963087,32)
(121.43285935001646,31.262796140015464,28)
(121.40102483146607,31.28711635741189,7)
(121.45272593742135,31.25212521060369,17)
(121.45906158838302,31.26893024840285,36)
(121.36578173448612,31.242518750268747,38)
(121.4105298704753,31.25992956045088,31)
(121.35681094543631,31.27776169602617,36)
(121.4406581862754,31.25401799714789,15)
(121.39149898731306,31.289471010360465,32)
(121.45569327750275,31.246724808871313,16)
(121.38517105369449,31.229156062190153,5)
(121.39757102166898,31.2427548618974,36)
(121.37849936706371,31.271036800865947,19)
(121.38152500070723,31.286811583950435,2)
(121.388970013142,31.267454143604706,36)
(121.42789649769618,31.238731718488122,29)
(121.39517468133796,31.23485166846967,29)
(121.46011669496782,31.267798431709654,14)
(121.40208568844777,31.22910968638502,1)
(121.38928228686645,31.256019455580716,37)
(121.38334543888048,31.2328268009521,5)
(121.42664762680612,31.247475773791336,36)
(121.40366190588173,31.235769859396886,2)
(121.39812391968341,31.266289840757505,8)
(121.44720259901084,31.244381084482743,36)
(121.3410771630977,31.28637893166199,5)
(121.38608599049653,31.293357147054664,29)
(121.43168501049998,31.252079809436555,15)
(121.40325058064505,31.244301645152863,8)
(121.42510201519336,31.245320120388506,2)
(121.4444115577913,31.247459211102488,9)
(121.38598896457613,31.230036182164188,13)
(121.44802626186706,31.251688024180215,14)
(121.42269955366685,31.24923467766377,1)
(121.39971322281889,31.254544861679086,52)
(121.391234409043,31.227741110314415,1)
(121.40452438803723,31.23996587189669,7)
(121.35389229309823,31.292189571673216,36)
(121.41034754010678,31.267192700302633,3)
(121.37640957211289,31.23148801598682,2)
(121.36090286713176,31.300591597593233,2)
(121.43989487503889,31.234942593804863,24)
(121.4403710075738,31.280522685111308,18)
(121.39998098352534,31.288454045828484,36)
(121.4420992415455,31.286650333635063,29)
(121.37684406548318,31.249548689540006,36)
(121.45766470591069,31.251496753091015,11)
(121.41239824583064,31.235194209345607,36)
(121.43204923181835,31.283121581258925,19)
(121.38640843714582,31.230679835203556,36)
(121.42348982977497,31.260290942800154,21)
(121.3826167142394,31.28033703247662,36)
(121.41363676019581,31.291623053758194,4)
(121.41005722688521,31.266732849363535,25)
(121.45722456725194,31.25995238583234,3)
(121.40758226567493,31.225906566294313,8)
(121.43159390454183,31.260946772020485,4)
(121.38367449692137,31.229667928294045,17)
(121.38587272543049,31.28957608714975,36)
(121.4401720968107,31.266039912446026,36)
(121.4564482535755,31.25670062096713,5)
(121.44747242078812,31.24315431888046,5)
(121.42582802223554,31.241600287991336,18)
(121.44535100906039,31.25429935227259,14)
(121.35958787027096,31.306500759197043,19)
(121.36426302129304,31.3117969627201,1)
(121.42793672400434,31.26477614346363,49)
(121.45562195227558,31.271845651066048,18)
(121.39930182557525,31.257537073972042,36)
(121.44059518274263,31.25879337661033,7)
(121.38473098741822,31.30015966601044,23)
(121.40367999133949,31.250233599406652,11)
(121.44731051710366,31.257458290077896,37)
(121.40373817234143,31.238691196351414,23)
(121.40917781023028,31.267679664694157,72)
(121.41606781485885,31.242568252627656,21)
(121.46262698889852,31.257660369326896,24)
(121.43884116833956,31.286325269349906,31)
(121.44250966908538,31.264094527673052,4)
(121.38468343824131,31.23946032828019,36)
(121.42201312042383,31.249186127595113,23)
(121.37269024314773,31.244253173657732,36)
(121.45005219653679,31.26492789940764,9)
(121.44358282578489,31.2549298549733,9)
(121.43136717437702,31.28353550426083,36)
(121.45222089125981,31.255360816135127,16)
(121.42553065006669,31.24506692023829,2)
(121.41087140627735,31.243967483392336,19)
(121.37951186394321,31.244515716322546,6)
(121.43493742558427,31.25217902844842,22)
(121.36342769409757,31.244465052495894,36)
(121.45745614834432,31.247027040143074,35)
(121.37198884694139,31.26366975434381,9)
(121.40047295422518,31.24504135329435,32)
(121.42632016473381,31.249692041890285,13)
(121.37049876845371,31.27255172913162,23)
(121.45427827641495,31.247678056842044,10)
(121.44248332438166,31.28286841165455,10)
(121.41044164316754,31.229372032644896,16)
(121.4316884265146,31.268365839645547,16)
(121.3918391377721,31.242379174080757,5)
(121.45652638602243,31.252510491942335,22)
(121.43960136202972,31.269102045626088,30)
(121.4442681601188,31.262622073536527,3)
(121.41720368766741,31.263795195875648,32)
(121.40269569275276,31.22386221188163,36)
(121.40719560711548,31.252602636669433,21)
(121.4570060705232,31.250950766395007,35)
(121.4342477353386,31.244914082257637,37)
(121.40424322082444,31.24990427795204,7)
(121.3844974622922,31.299450484692056,9)
(121.40902187215839,31.24510857661519,12)
(121.38908215427463,31.23349424651275,15)
(121.42795064084383,31.26804157322659,1)
(121.44854034562572,31.281216409297706,4)
(121.40056682329374,31.27636568785139,36)
(121.45584641879768,31.252745152272762,24)
(121.44476168295316,31.247068560639306,31)
(121.44759077444733,31.25711433917712,31)
(121.42375225363256,31.256394057346174,18)
(121.3763941837525,31.24963562099458,36)
(121.44026882794799,31.237410086688474,9)
(121.42133011853882,31.246701245659537,3)
(121.37720692807288,31.26899150112228,25)
(121.38433901932297,31.2307505429375,7)
(121.41057815551304,31.23081882720481,16)
(121.41823700862781,31.228532997466548,36)
(121.38600862478957,31.28336038988251,12)
(121.41299227376658,31.25379051817642,33)
(121.39280020036476,31.235199519498554,19)
(121.44400002269872,31.24352312899416,30)
(121.39004943063912,31.261766497090793,7)
(121.37412597958418,31.239390824191133,9)
(121.41274619119359,31.228599483601222,1)
(121.38235506213508,31.25331929070917,23)
(121.42272845229635,31.236889120836103,7)
(121.45596166153663,31.27036449959915,36)
(121.44345792193104,31.25900933139887,1)
(121.38244181122099,31.28376326402066,31)
(121.46368382561782,31.255157815187797,11)
(121.43048995936319,31.268128030805773,30)
(121.35453698411602,31.289116983729553,27)
(121.36422151604842,31.30990816224131,18)
(121.44907841099888,31.277069816680914,17)
(121.42394876933713,31.241433283235963,36)
(121.39994738168252,31.259687780381753,21)
(121.42574168910812,31.260346190792248,36)
(121.43686908295916,31.24810273782447,1)
(121.45541506247524,31.259328919672132,30)
(121.41089563384281,31.22629140175594,209)
(121.43663790899924,31.253363365306942,2)
(121.42759267198659,31.248298287210037,20)
(121.4121576932054,31.296785487890038,10)
(121.4486687890542,31.259643177861452,36)
(121.38848268511825,31.240435252415324,13)
(121.38857160611697,31.227892893107814,55)
(121.43793187794863,31.2540719309224,46)
(121.43288968441472,31.267112949215996,3)
(121.38455708627477,31.259950268433727,36)
(121.42338192465597,31.254475157836033,2)
(121.43654400337314,31.24126511177478,14)
(121.45338891375576,31.25865039679982,2)
(121.3659448298995,31.274946033355146,19)
(121.43434025946884,31.26006167210286,30)
(121.38812750722398,31.25253336421376,2)
(121.40943827408195,31.302558047563917,27)
(121.37690463127086,31.293340142540004,4)
(121.45120329406325,31.250023242392142,25)
(121.40992649469531,31.2595154364556,1)
(121.34499298417961,31.2996285153823,18)
(121.43232437807211,31.24321315616505,6)
(121.42612599981378,31.24548934229353,36)
(121.44087407570716,31.280140778210438,17)
(121.42538533970287,31.279023055870148,4)
(121.45562612242269,31.245635368425187,36)
(121.45951849070912,31.251630122410273,17)
(121.42643222022278,31.228735470866788,9)
(121.3793435979715,31.232683906888866,19)
(121.42806517744907,31.248717032014138,19)
(121.41126127596452,31.243496202795995,58)
(121.44428424697999,31.26398263070152,7)
(121.4310413814093,31.257523020088385,1)
(121.42289094882676,31.26709729278243,3)
(121.38151029216677,31.290360998651593,36)
(121.38382293039041,31.267274727570857,37)
(121.37883397996255,31.25615983848422,1)
(121.43802770125828,31.25386170675141,36)
(121.4155690140879,31.23502215095011,13)
(121.4343613668471,31.274494948559052,6)
(121.42054912571967,31.24771741077453,7)
(121.39065755322721,31.267492794414267,19)
(121.4444440788042,31.265667087709566,4)
(121.4322669939691,31.257820496456613,37)
(121.36451345623918,31.31157809216354,15)
(121.37133850688926,31.265603558042525,37)
(121.35720964012962,31.288199629749812,37)
(121.42256806928857,31.23093751311369,2)
(121.40532946753524,31.298635207036803,37)
(121.42778134904584,31.235541377379818,36)
(121.3724034944636,31.286772922848083,30)
(121.38391554730435,31.270336820817455,28)
(121.39876409886449,31.26102606045862,15)
(121.43316886485364,31.239250399733656,12)
(121.39128391556743,31.26757882271211,4)
(121.43163864849716,31.247222712649553,51)
(121.41132937840845,31.24485879953521,37)
(121.40665303674439,31.245992709402763,36)
(121.37418078964751,31.25621167906369,35)
(121.44611586605032,31.24154041084124,19)
(121.44091075003095,31.247182357123528,33)
(121.37172945022417,31.26375544754568,11)
(121.4533642063245,31.24905631059277,9)
(121.38214870205131,31.25193547826213,2)
(121.3883621529335,31.28214024505291,24)
(121.43341583577026,31.26585479853139,22)
(121.43004680307328,31.259972000643877,2)
(121.41105460915554,31.275405941527332,1)
(121.38840414989873,31.25179394482218,36)
(121.45551875268573,31.247205385101413,14)
(121.41614653476854,31.2526577498466,19)
(121.3953576586325,31.233382088632077,37)
(121.37276039022164,31.256238554799538,7)
(121.43448088105785,31.24962646748583,8)
(121.36025389562054,31.30014367925241,1)
(121.42724223578892,31.250334508798794,1)
(121.36301455734956,31.288673773616598,291)
(121.44368936247872,31.281409702833027,1)
(121.42101426261479,31.255331194424265,27)
(121.41549594384853,31.268207785540795,8)
(121.42082654579994,31.277801155681622,10)
(121.44264096919314,31.281850764104096,3)
(121.39561226866145,31.247220071950547,22)
(121.42953176172706,31.240780053183457,16)
(121.43922818939592,31.271206470896274,9)
(121.38245659480063,31.28108118100617,37)
(121.369245065025,31.2878537294616,36)
(121.41897375692317,31.243619790350543,87)
(121.38892497404636,31.278933916776417,20)
(121.38222772542944,31.285627810787254,18)
(121.41111630039191,31.243385179708277,36)
(121.37044283848715,31.234081582826082,6)
(121.39565153330075,31.275942833117583,9)
(121.37693457750308,31.292248742851967,42)
(121.44122682031994,31.25022661030704,1)
(121.39882081222841,31.260419272895774,25)
(121.41797831083875,31.230206897435377,2)
(121.40141198015303,31.253628399374453,20)
(121.40333337225768,31.23027029138174,1)
(121.41132216758847,31.2424217093835,36)
(121.4292865695125,31.281030650759483,3)
(121.44508108636481,31.278712776630744,4)
(121.42601367017285,31.24038214710519,36)
(121.39727638579727,31.264608785131824,1)
(121.37707803173228,31.272209707036723,24)
(121.40489766483903,31.231226930255264,18)
(121.37086972846504,31.272915478459065,5)
(121.4194887703164,31.235053327810466,36)
(121.39783196387562,31.24533859146028,20)
(121.42238598209566,31.239655612310685,11)
(121.40633451264685,31.29248172631593,17)
(121.376373179527,31.250589570979294,8)
(121.38663869587444,31.22755674895059,17)
(121.38241042287301,31.279718575006605,32)
(121.40895615599041,31.24612446102474,9)
(121.44780846323462,31.257583833586214,36)
(121.45350213577277,31.252611883088203,17)
(121.41346596998609,31.261344771534922,10)
(121.45596159849896,31.269637192632924,5)
(121.39051959944723,31.259330773871284,1)
(121.45125120978011,31.273316178419773,14)
(121.42562557285459,31.24152314642233,32)
(121.44603737834446,31.282955633412055,25)
(121.45514600360588,31.25099983581913,27)
(121.45116613077603,31.258669098183073,22)
(121.41916749561425,31.22943592871395,4)
(121.42349197715261,31.250541684658323,32)
(121.45761408245393,31.267803324864605,12)
(121.37999786923994,31.283789762487725,10)
(121.36429312602341,31.30978037077765,25)
(121.34577503747786,31.280390242609517,27)
(121.4577812771377,31.27304776782798,24)
(121.39030677747999,31.25935994646993,36)
(121.45463694518288,31.256348096695607,58)
(121.34976857761423,31.279529155994435,13)
(121.4260599389206,31.244009737561107,21)
(121.37383604633179,31.245115028673332,15)
(121.43076401841428,31.261338838968967,18)
(121.38616464976076,31.235899015951773,24)
(121.4565787212739,31.277385140405634,23)
(121.37267193345356,31.229473439354624,4)
(121.43285730826429,31.239344804746693,26)
(121.34425905823913,31.29601573565941,25)
(121.42421302869109,31.254631329863873,36)
(121.44506130387224,31.270864265961826,30)
(121.42829334288545,31.24213587870342,31)
(121.36839232692631,31.309337071096987,37)
(121.39642938311178,31.26942046221291,22)
(121.43185112130669,31.232944033469295,36)
(121.45092644478002,31.2690555794143,5)
(121.36441818158465,31.249515048807442,1)
(121.37327869668367,31.250707799606516,3)
(121.40521990751229,31.25663232723497,36)
(121.41021394285313,31.225666238240397,11)
(121.42611351725381,31.239807802656976,14)
(121.43412621017778,31.26402482236368,36)
(121.39737247156071,31.284737237929743,4)
(121.39690238821001,31.237370272709633,3)
(121.38330951446824,31.246033998478385,7)
(121.42118304631634,31.26372900359577,3)
(121.42583080141218,31.239743013635376,72)
(121.41090235803975,31.243492265318253,36)
(121.39416711005346,31.23527833577111,36)
(121.43630289494295,31.27008700375194,24)
(121.37917249062424,31.287587371727124,27)
(121.45195035737817,31.25907576258439,28)
(121.39951211237248,31.262105540383054,36)
(121.40328037393284,31.24846489074919,30)
(121.38926325372124,31.237109300315925,27)
(121.39565297511058,31.2745725244173,14)
(121.44564592228352,31.2570593688182,5)
(121.37976040031832,31.29931434004999,12)
(121.4012055760716,31.264050340910504,36)
(121.38117387647026,31.27873392192966,36)
(121.43986372115951,31.26333073081502,36)
(121.40735304349593,31.262241823912927,4)
(121.45301481110577,31.247024383069505,35)
(121.45571273853085,31.247146678866038,2)
(121.45663212882121,31.25665983227373,23)
(121.45363898929547,31.25469952427822,11)
(121.38379287323684,31.27848539688019,20)
(121.44078622433781,31.255668918149787,24)
(121.38276690576737,31.246078494831973,19)
(121.38474104762057,31.291720649625677,15)
(121.38017308493939,31.283749933140715,53)
(121.41555290836995,31.23917508230356,17)
(121.39393796209919,31.235246195521285,37)
(121.41075585603927,31.225902265144715,36)
(121.43875335791108,31.24090193431366,1)
(121.40935502258166,31.259391478576287,1)
(121.45150720854244,31.245565679343784,18)
(121.4528214257435,31.24670326058008,14)
(121.43334451656429,31.238094670437672,11)
(121.42258650840422,31.2476180399954,3)
(121.34688111210686,31.298896805180497,17)
(121.41770736853627,31.25196582565726,10)
(121.39296491094541,31.287956310464118,16)
(121.43628351027843,31.26434614403015,13)
(121.43943864642573,31.254794898252293,11)
(121.46374278427508,31.25987938459818,9)
(121.36839644249834,31.251287898329192,24)
(121.43037012240798,31.265440869700523,69)
(121.4350524651288,31.25461195183766,16)
(121.43008647449913,31.25301606737265,1)
(121.36312518068571,31.279557664521167,26)
(121.4122983914884,31.247989988440345,26)
(121.43783371554682,31.2618264326906,5)
(121.39913448739111,31.24305036946383,41)
(121.44068814077926,31.24262790065059,4)
(121.46337324862351,31.254268779711445,36)
(121.36968826002719,31.253031029602724,35)
(121.42666438151377,31.26779058412566,36)
(121.3436544446177,31.29277832762299,18)
(121.40991639236856,31.237339977238708,36)
(121.42116929986734,31.24085425432788,83)
(121.35199471801263,31.296662637829385,5)
(121.45045166346964,31.269119931718382,2)
(121.43710236540296,31.267103681956566,9)
(121.42344547377728,31.24429594373457,14)
(121.41020486341573,31.24244522750527,36)
(121.44687962445475,31.241773544085408,36)
(121.4017542481796,31.244200305450992,23)
(121.39211809626947,31.29693137407094,36)
(121.36806489736674,31.31442676197723,12)
(121.40770096916495,31.250133424342685,38)
(121.42732818923997,31.261157559172343,18)
(121.41466469925923,31.272649956365658,1)
(121.43238120314865,31.28288053949894,6)
(121.41407478240166,31.23649233835704,3)
(121.39881208814796,31.28783703125539,21)
(121.4023196653477,31.234253354850196,4)
(121.41733332929245,31.253301197271586,18)
(121.4592959679817,31.258126685917514,17)
(121.36756380390065,31.29629829518108,22)
(121.38478605806078,31.279813859140624,26)
(121.40426013183014,31.242260733130667,32)
(121.36928253264492,31.252305146611484,1)
(121.43671710785088,31.253819447961124,36)
(121.45346546634484,31.24389608979501,7)
(121.42302943562957,31.26258926760098,36)
(121.41980524229574,31.26709319996411,1)
(121.42773102816143,31.264378033663508,2)
(121.3854849543664,31.23579338025661,36)
(121.39955812144791,31.262016516958273,16)
(121.43032238308612,31.270563236042534,36)
(121.42874615381275,31.262328777663733,6)
(121.45949892551832,31.25153276908069,6)
(121.4363608765076,31.245356691184536,28)
(121.40735635136627,31.26118737008468,8)
(121.45344154305306,31.247765357288518,15)
(121.35104074875287,31.296648330718085,36)
(121.3989522346379,31.231534757658494,7)
(121.41124787285862,31.273216091626995,1)
(121.34038969103459,31.298759569014916,36)
(121.46170517420151,31.253624727565537,7)
(121.44617607940414,31.244853915396995,34)
(121.37390487408942,31.253473812830652,36)
(121.40336591460907,31.269314497413692,38)
(121.3829619851057,31.290412460798894,36)
(121.37171749170574,31.31049531862495,9)
(121.45086051956181,31.24361604514552,20)
(121.38148506175808,31.27051941319962,19)
(121.3892277398581,31.279124208120333,2)
(121.3666921698752,31.252347458659962,8)
(121.38792439442534,31.30550174724738,23)
(121.38050985785125,31.232804200416588,2)
(121.41578038945188,31.229997805619234,5)
(121.4329573443449,31.25282769724833,29)
(121.45827241591314,31.256927073477268,17)
(121.38499874382514,31.262150615254313,36)
(121.37189671789481,31.263833702765044,36)
(121.42185302087437,31.246560068789194,36)
(121.42609748704419,31.239271574102915,26)
(121.42064957034495,31.265119930151293,28)
(121.41817814327918,31.252595873226937,7)
(121.38294582061934,31.277248077324792,36)
(121.37039765228235,31.272037316652636,22)
(121.35043514235394,31.281275067626794,15)
(121.40715814857722,31.258798339825184,17)
(121.42607609090943,31.25740663410392,36)
(121.36769266034445,31.237499468968878,1)
(121.4263355682665,31.249107309628346,1)
(121.43089076473771,31.260294253227993,5)
(121.43381786139167,31.24979834754402,25)
(121.42459517408227,31.230063606582668,36)
(121.4551002973497,31.253085847780408,23)
(121.44038430393451,31.26124854584906,15)
(121.41881067101839,31.24025005219888,5)
(121.43448121022189,31.25340813268097,37)
(121.43135205600343,31.26216117368166,2)
(121.40757591774765,31.231700102886542,12)
(121.43596303236627,31.241369524715065,10)
(121.36011890288164,31.248913797998767,35)
(121.4497422348678,31.257418240327237,9)
(121.37042335640285,31.272115519935245,36)
(121.38530590528339,31.283309757213846,12)
(121.41155006255265,31.241866415471993,3)
(121.4272053301901,31.262416806202847,5)
(121.43882162584886,31.245305812998332,36)
(121.38337066868012,31.24702249670634,36)
(121.36552139963214,31.309337015793723,23)
(121.34997619801187,31.281604381401497,7)
(121.45225360739288,31.247072902816164,5)
(121.42521207203943,31.242842758673337,12)
(121.37925377123733,31.224487024320748,31)
(121.37595795048539,31.300677909702323,36)
(121.42516646056326,31.23960985527441,36)
(121.36707352697182,31.309042105332793,27)
(121.41239026949954,31.25836451843502,33)
(121.41895373183199,31.265579912778808,36)
(121.39831911201138,31.233110251686476,36)
(121.41955991828179,31.260228466918537,1)
(121.4371481139142,31.265063751316248,23)
(121.45265139366087,31.24741223205741,35)
(121.34771207602599,31.281722391146733,11)
(121.37601896394732,31.299843657253813,37)
(121.42186795988421,31.245998808867984,17)
(121.44338552971988,31.247161747322274,2)
(121.41935902623125,31.236984278428288,4)
(121.37598366932703,31.251003288375994,12)
(121.43137026040493,31.26266337637615,16)
(121.42086148987971,31.24309015465327,37)
(121.4090112695514,31.245182074274112,18)
(121.41070770866197,31.26895501123523,15)
(121.4141324351248,31.255708022039585,26)
(121.4438575901243,31.25834089567379,12)
(121.43084063434377,31.262762269704332,117)
(121.41929781524867,31.234984343161145,136)
(121.401504848702,31.244835739161335,34)
(121.43702129892219,31.253375861272144,36)
(121.44611526592476,31.241540110736256,8)
(121.43313196168819,31.251239795359897,3)
(121.37261806029535,31.289492299458487,35)
(121.41123027689487,31.243422175406867,3)
(121.43898364607197,31.260176115107605,3)
(121.40139766352402,31.26150881913997,3)
(121.42740902253783,31.238520073657256,7)
(121.43780207892932,31.253925044858327,7)
(121.43313021436119,31.23116175760199,36)
(121.36589686916652,31.25329069975406,2)
(121.45183526218581,31.254907171873505,36)
(121.42211235087534,31.252755634625732,33)
(121.41098492475439,31.227264858035596,36)
(121.41033161603325,31.23062200740049,4)
(121.38636682886812,31.288453976248327,21)
(121.41767201366751,31.260435054418355,1)
(121.42178045409058,31.284155297514904,7)
(121.44793847097259,31.26086602250934,5)
(121.43271872805643,31.230482922368505,32)
(121.42036410092591,31.241306085403405,6)
(121.4448917930972,31.272589274340287,18)
(121.41356799584307,31.287771340038233,2)
(121.4021230175354,31.229042499254,8)
(121.423591898523,31.262125657869575,2)
(121.39554983361563,31.245623712445422,36)
(121.42500670808322,31.22926190902255,6)
(121.37146614786923,31.23043629351817,36)
(121.38261529012226,31.245941651808227,8)
(121.41849898214325,31.25301589558202,39)
(121.42320324352906,31.26212594315325,11)
(121.40758594097218,31.250999398881106,3)
(121.3485349367247,31.2815580403002,4)
(121.37384759989386,31.251295783530132,7)
(121.41553388424852,31.295368836446627,35)
(121.38386471383807,31.280960858848413,27)
(121.41558029314055,31.23828262839361,6)
(121.37077767066347,31.232886891880987,1)
(121.39703239302004,31.2660452951376,30)
(121.44431699300384,31.26596084568413,2)
(121.39703541814265,31.26631641188467,18)
(121.4209370266757,31.238432008615863,13)
(121.4051110649474,31.235601950310556,9)
(121.37743626938159,31.257824981612487,34)
(121.38682427397806,31.270114579232676,2)
(121.34267601439558,31.28973328398275,4)
(121.42430645210389,31.241596082243873,18)
(121.4400115467749,31.256486031152136,11)
(121.36176709560132,31.280151756607726,5)
(121.46129540256311,31.266445201867146,1)
(121.43066424301804,31.262453424447287,20)
(121.44999425697232,31.252634679905565,6)
(121.43208756877668,31.235230569626243,4)
(121.43724543302687,31.24757900143773,22)
(121.46006175092461,31.25522814004885,36)
(121.38936636713252,31.25611655958563,16)
(121.40491528843265,31.288818773286785,34)
(121.39014821466445,31.292782422349543,27)
(121.3980453955748,31.249202391498372,18)
(121.44741233989446,31.25798571139439,19)
(121.37714953136332,31.299826986154148,37)
(121.384221691998,31.259550788323796,12)
(121.36702388835,31.288646233801146,36)
(121.3641879114405,31.309727458788426,19)
(121.4110323575941,31.24382038965189,28)
(121.39524806154971,31.267227364833037,18)
(121.44066629861894,31.259432188698632,31)
(121.4107414528398,31.232713408700732,36)
(121.41222506723652,31.278398044820474,29)
(121.40437523843089,31.242234325650546,1)
(121.38983467118575,31.282316312168685,17)
(121.45510025201843,31.252562618050575,4)
(121.34454406338857,31.299494285536735,9)
(121.38978826467354,31.25715495585575,11)
(121.38258756293227,31.290469118747037,19)
(121.4385203149159,31.238813021917565,7)
(121.41132446809617,31.26879121406203,33)
(121.3809415243678,31.243421471633607,17)
(121.39551852824452,31.24232021888239,10)
(121.38705459703556,31.282762022712298,37)
(121.43688691708019,31.23504583952902,4)
(121.43297353384511,31.26672568731754,1)
(121.45927073322389,31.253897311809588,16)
(121.42463517731048,31.242007009904153,4)
(121.43198479266155,31.254172394743062,3)
(121.3892597463155,31.282362607120106,36)
(121.45517186425165,31.25111662104475,100)
(121.36484660266433,31.312875628028284,15)
(121.42578585276935,31.23980808088267,13)
(121.3758577904809,31.300465706490243,37)
(121.40208360918217,31.22928231673496,46)
(121.41845092282885,31.229062133616978,28)
(121.34692892100726,31.281562547349974,37)
(121.38931107330589,31.241795179188724,5)
(121.40771435779504,31.249976470169994,2)
(121.41008983498449,31.255492578326947,36)
(121.34788874588563,31.281779683099895,22)
(121.40020794786193,31.268893650918802,5)
(121.42873643103295,31.23757339166581,37)
(121.39700841077423,31.25748925344436,17)
(121.39079750861981,31.290181830439565,33)
(121.40450995477106,31.246484792324818,37)
(121.39394006989775,31.259429939548827,33)
(121.38145881333811,31.22806301388634,10)
(121.39738707832666,31.248730914085225,37)
(121.43725593304536,31.26455413171173,29)
(121.38488493421504,31.277195866224027,16)
(121.39202676087719,31.229239025446585,11)
(121.39201959044712,31.30341684507761,25)
(121.437908907042,31.253970918279208,20)
(121.3715476491229,31.235744556253273,7)
(121.40266502604642,31.24834966628176,2)
(121.37953586942399,31.244498461736104,27)
(121.42995632200112,31.25543620517557,21)
(121.37128048566728,31.313625144566053,35)
(121.43607402453236,31.26747519570179,36)
(121.40518899343762,31.24617972130697,36)
(121.39993065644762,31.24369359087554,12)
(121.45201026313042,31.248088828548692,13)
(121.38312696422102,31.284083527134236,37)
(121.44752729746907,31.260296508632702,37)
(121.38931232065757,31.256112518204407,36)
(121.42452105495096,31.25082502631524,11)
(121.44801298591679,31.245629203426784,37)
(121.46169053966177,31.257378400029037,6)
(121.38459462667267,31.27718860071795,36)
(121.38923589774308,31.252006664560476,1)
(121.44144705641861,31.257414289357207,32)
(121.34929715976173,31.297901702900774,37)
(121.43463397305688,31.26474485415,36)
(121.40286266064234,31.257523407143566,38)
(121.39146900855746,31.289974192967883,33)
(121.4097962626013,31.25940720958766,5)
(121.33851629057197,31.296563162413577,17)
(121.41345672284616,31.23317200879466,8)
(121.41681209981537,31.249899394600934,18)
(121.373295924339,31.26455183268389,36)
(121.37349248415707,31.244552340720478,33)
(121.40917472223158,31.232741624004166,9)
(121.43644793798016,31.273193120041636,2)
(121.42518606534497,31.239526859475347,32)
(121.45713169268295,31.25104328486705,3)
(121.41202637651153,31.258384610604747,36)
(121.41262605890464,31.24531471900187,36)
(121.3862323036886,31.270191991210393,36)
(121.40636263002305,31.22989140583165,18)
(121.38460529146663,31.261719074840144,3)
(121.39739848064742,31.25221150940251,23)
(121.44782263274553,31.248384769401973,13)
(121.37944624685042,31.26698935929832,10)
(121.43672500966564,31.253847149437988,36)
(121.40843550394789,31.298052522504875,28)
(121.37298871138151,31.255933717547027,36)
(121.4283858452941,31.262377672970626,20)
(121.42519196767738,31.24817504452415,36)
(121.40134796489308,31.27658018177579,7)
(121.35270653652222,31.288610069542916,27)
(121.36741888505955,31.2847789025317,36)
(121.43464082870767,31.25548083990011,36)
(121.41215684565996,31.259516201406715,2)
(121.40918351189438,31.245762308894285,33)
(121.42607460616122,31.24036708833639,7)
(121.387226838117,31.237698717571732,6)
(121.40595211288442,31.24703415046321,9)
(121.41946247274313,31.25436497213602,22)
(121.39189732536148,31.281053396559642,5)
(121.40679336296787,31.246300832527396,3)
(121.4041802020186,31.22683782698075,6)
(121.43274420857938,31.259344784985526,30)
(121.39271549994353,31.227828084599363,24)
(121.38931230557485,31.255939442757057,36)
(121.39425406593196,31.26858202824268,30)
(121.44130853829193,31.250233625468177,5)
(121.44943076971586,31.2612746768898,4)
(121.39501467115723,31.235807022734882,7)
(121.44734742380932,31.254047902810335,1)
(121.42693651166871,31.238228368516783,18)
(121.43846170556985,31.258537974218218,1)
(121.36101389941422,31.28016097704064,19)
(121.36712013387456,31.309266910613445,12)
(121.3676432889479,31.28683940163399,1)
(121.42371760964149,31.28117847545604,7)
(121.40992546554934,31.242547987769978,29)
(121.38127612371484,31.23415562598101,18)
(121.41003202081562,31.24251629141604,24)
(121.40926363912473,31.254854514710356,36)
(121.39222099512375,31.299403318272855,2)
(121.40766495176923,31.291116806164474,12)
(121.38126672340665,31.298665042403968,37)
(121.36814353995626,31.251164036641345,36)
(121.40534039243136,31.27051789787577,4)
(121.34559636706038,31.28874031041457,5)
(121.45767968078476,31.25165078874909,17)
(121.4436435745376,31.280474627851703,2)
(121.4268396926852,31.265090382579487,4)
(121.38922683710541,31.296771770440152,36)
(121.40888343811783,31.246153145888268,29)
(121.41920689387433,31.254020988168595,4)
(121.45929086630395,31.25559898987155,5)
(121.40444035376947,31.25109532167244,27)
(121.436237921724,31.264764265758252,1)
(121.42072146949334,31.264851883793508,4)
(121.44455592041955,31.24341216668244,30)
(121.38595845013518,31.235972873075806,23)
(121.44774870591418,31.2539864722174,36)
(121.3814919730268,31.298431181042496,31)
(121.41420405243466,31.23637567398557,1)
(121.45053345588397,31.257359732372542,36)
(121.38874862376547,31.253724054727012,13)
(121.36416013868137,31.23427257367019,26)
(121.41427380094053,31.249067917694045,21)
(121.40502740138477,31.23954273045939,4)
(121.3837735911296,31.22949794314821,29)
(121.41591821892911,31.296549224301966,36)
(121.37509234001423,31.273359812665003,32)
(121.39263553248165,31.27476770127829,12)
(121.43768823061325,31.25352202398523,27)
(121.43220352353529,31.277395050295407,3)
(121.39662364831531,31.282779103660143,9)
(121.4190107459557,31.265430925003148,30)
(121.40894806560203,31.224888018867286,36)
(121.38864700290281,31.236129121275,36)
(121.42263126515826,31.256725013573266,36)
(121.40965154204352,31.242918187193684,7)
(121.428660504437,31.248865528176022,2)
(121.36582955976982,31.250707381143886,136)
(121.40606600367256,31.245734576952106,20)
(121.43298947702932,31.277790314565475,15)
(121.41519535607955,31.236980180935884,36)
(121.38889408373822,31.269024752298996,36)
(121.41256726034231,31.270330594102283,1)
(121.34622866743611,31.301604763917283,36)
(121.40458688954125,31.244501064453516,25)
(121.38602367560274,31.28377057017047,10)
(121.38970291272692,31.259118107357175,25)
(121.41128723076044,31.29703354419986,30)
(121.46330823886188,31.255092769745172,29)
(121.45713221418907,31.246726925071794,3)
(121.39195424479946,31.228976712397206,5)
(121.43342935927015,31.24914251960856,36)
(121.4336073062562,31.237698800551893,2)
(121.39011527243139,31.259330492545512,29)
(121.42434326951842,31.228428049120772,1)
(121.38554176275903,31.25316250564591,36)
(121.39284044151073,31.236369964340874,18)
(121.41521282400278,31.238953011485727,5)
(121.41010713935965,31.237675516266364,1)
(121.38277077650741,31.290513315562805,14)
(121.44242828927183,31.278056579454432,32)
(121.38944246704864,31.256520791255276,36)
(121.41090132132996,31.231600871721128,20)
(121.42495473002572,31.240404033569494,10)
(121.3784544803143,31.269410928185316,4)
(121.43697486330208,31.234831932728813,32)
(121.42525848390774,31.247953958670635,36)
(121.42208175943298,31.245689527829512,22)
(121.45937860364904,31.25466323632786,3)
(121.36644647263864,31.237659542012118,5)
(121.4429363613926,31.258339374080816,10)
(121.36514259368268,31.276984682801857,14)
(121.42518086407262,31.239508358436037,37)
(121.43751448995472,31.253995901404053,14)
(121.44871315155656,31.24192428026996,7)
(121.40740582422073,31.300973705480533,18)
(121.44704048042746,31.262089139255487,5)
(121.45393421598348,31.259383181416187,4)
(121.42687569761465,31.23158845317149,17)
(121.42463517164475,31.24194198067717,7)
(121.41520007828443,31.267055505955607,2)
(121.42620438028152,31.239315502269445,72)
(121.37831487356384,31.26276211378293,18)
(121.43503626879803,31.240605750805933,35)
(121.38946549247734,31.274957066021106,1)
(121.42838606603328,31.25500271833758,10)
(121.42051804287667,31.235040724556697,11)
(121.39059624481487,31.231267555848106,18)
(121.38829543856939,31.28256073214801,21)
(121.38951325354189,31.27634127692307,52)
(121.41916128258592,31.254205478271487,18)
(121.43813791424033,31.258402534012713,6)
(121.3801060035217,31.283776872696215,8)
(121.42744773531957,31.24718392560046,1)
(121.43834287597943,31.244529477628276,37)
(121.45664600684736,31.25108941246422,21)
(121.46117397846977,31.257245049049146,30)
(121.45209494259346,31.258175090825056,7)
(121.39720050598781,31.266404519302977,36)
(121.43524909076959,31.24224422092242,16)
(121.46042936887888,31.25063209940589,1)
(121.45924120212491,31.258404341986957,6)
(121.42116731045562,31.255159305912322,5)
(121.41369244689251,31.231245707698157,22)
(121.45345659276913,31.25661772668251,26)
(121.4489890054339,31.25866617099798,14)
(121.44290928865885,31.256290508890377,36)
(121.34694894282046,31.284440054837937,7)
(121.40588960418039,31.24122955052201,3)
(121.46392333307969,31.254539850116373,2)
(121.39450928693006,31.223386036172606,4)
(121.45936950129382,31.254227238464765,2)
(121.44463990672449,31.24516681273654,4)
(121.43449189084414,31.236623745539443,25)
(121.42518766661848,31.248096943783402,1)
(121.40599783014622,31.30407343286195,25)
(121.4359149956157,31.27577989368521,28)
(121.38019426913742,31.228044688693,9)
(121.42511334759789,31.23973354407969,15)
(121.42270795796608,31.24388633787091,36)
(121.36870303850752,31.269189611663453,6)
(121.39411774906021,31.248081714353287,2)
(121.39276566091209,31.27519895945615,36)
(121.39501655812533,31.257455655397486,36)
(121.35187750746475,31.296782329000628,22)
(121.37998184809263,31.283777740444368,26)
(121.4487440869956,31.241956238360707,20)
(121.42292984134308,31.266249904557483,11)
(121.40212743368126,31.233806687969782,16)
(121.42688998286945,31.261092069462325,37)
(121.41568517710489,31.24898338101358,4)
(121.36925505206455,31.281868664713127,28)
(121.45610203623747,31.26341373991504,1)
(121.3870154554816,31.270086725078716,72)
(121.4028645138629,31.278757407962694,28)
(121.4188507353355,31.22981527322548,36)
(121.36401938853919,31.30829134273103,35)
(121.40891114492419,31.246302951344816,32)
(121.42097760407945,31.245404117589157,6)
(121.41017063283184,31.244958034275367,36)
(121.37406526964602,31.25598376278377,1)
(121.40986708005511,31.259004125106006,23)
(121.38346280439166,31.258901796974467,3)
(121.42285549424275,31.24355866915389,22)
(121.43973128825684,31.247024536367075,19)
(121.38605914051335,31.254246115352565,16)
(121.39285484186927,31.259313221279047,20)
(121.41084584699425,31.226020304942224,19)
(121.40337099643321,31.235887333510373,4)
(121.42808058497369,31.253590165384214,17)
(121.44116218760031,31.26444775527491,37)
(121.42835481279914,31.24833558776576,17)
(121.45722610807769,31.24717670591121,2)
(121.42757894879533,31.251080029679823,35)
(121.41298358738182,31.229756570330995,3)
(121.40813535443242,31.24779148775262,29)
(121.38423696451919,31.285467670589323,27)
(121.42264971682378,31.262079317464917,4)
(121.41352408439421,31.261377083632425,37)
(121.44322334555234,31.24147146147966,11)
(121.4020896106001,31.22953831745717,10)
(121.40222822159991,31.244166986185324,36)
(121.40080669404416,31.229390342463635,25)
(121.43147418492273,31.261488199478034,1)
(121.45662760357777,31.25108310972261,14)
(121.38632307397697,31.296398892065245,18)
(121.38841824563512,31.241258267110727,25)
(121.38799572813679,31.297111537015894,20)
(121.402370054615,31.25990778376878,36)
(121.353356253523,31.281354256217686,22)
(121.44284992905834,31.240002393327373,21)
(121.37588888694788,31.30106897908791,21)
(121.40652390814184,31.24452705271988,9)
(121.42508633181535,31.260235683456177,4)
(121.34755489047917,31.30338668324808,37)
(121.3775982324972,31.277892677512103,36)
(121.42455921209759,31.240167928757508,2)
(121.39866470972206,31.261260887469568,19)
(121.43136155833685,31.26266547462512,10)
(121.42276185162578,31.264716369317547,1)
(121.39019765246366,31.26759070950022,82)
(121.40266452526858,31.25961104390527,36)
(121.43585482944104,31.284270468817898,2)
(121.41492139925292,31.23608987413079,29)
(121.37717878285137,31.29076443435783,33)
(121.38917152097798,31.305693773175157,26)
(121.41446473519022,31.249198913381225,5)
(121.41163267958504,31.226248264210465,5)
(121.41809377750448,31.23635365330823,4)
(121.43175157713713,31.236651835579693,36)
(121.37433774045392,31.24733035149595,1)
(121.33947937005522,31.295535580718248,19)
(121.39913632724536,31.2432511362661,3)
(121.36852362258229,31.313917223664586,23)
(121.426807910327,31.252683933102556,4)
(121.38650716372037,31.255207470528358,32)
(121.37865871328923,31.267225404368673,36)
(121.38852097570678,31.283040297752603,11)
(121.37714578320471,31.2567761893369,25)
(121.43042204283603,31.279558883110955,37)
(121.44185901715343,31.25417124266925,1)
(121.43311711849199,31.252799498887534,6)
(121.42199238422249,31.274889029195037,36)
(121.46227825862154,31.266673880279498,3)
(121.39497826830349,31.267270920999888,3)
(121.38198516559294,31.243016552833495,77)
(121.43097386603895,31.262380897250686,23)
(121.44460978249863,31.243052916504855,5)
(121.40416278618082,31.260740145981117,11)
(121.44617860283225,31.25441130358706,20)
(121.37761281534783,31.272868601973823,20)
(121.46215773800273,31.262209372583197,16)
(121.3558548920916,31.30886261882248,9)
(121.36757263910339,31.249271429376098,10)
(121.41857953707701,31.22987590234831,468)
(121.44700910576998,31.25702800461436,36)
(121.40452419710772,31.237775881266664,9)
(121.45152470940388,31.274792270120866,3)
(121.42519960195857,31.253144504151056,2)
(121.39821326648385,31.299407972296265,6)
(121.45008367904389,31.26869164044964,8)
(121.39012983556043,31.28247046597593,11)
(121.41009983745052,31.255483080426483,24)
(121.4332389001644,31.25087447167539,3)
(121.38219733176723,31.281512101228167,32)
(121.43061828424214,31.25079039441345,19)
(121.39428014876863,31.22342293094824,4)
(121.39390770142222,31.248833672827587,25)
(121.43948383445833,31.254317776135636,24)
(121.40595017060174,31.224754011542913,15)
(121.43609466538241,31.240777479410255,2)
(121.3965203512303,31.245570142608308,12)
(121.42752657852118,31.28076322804808,6)
(121.42541134404675,31.24112498666907,36)
(121.45870074759225,31.25987116299968,4)
(121.427606716754,31.237522439888302,7)
(121.42722871663125,31.262553943950383,4)
(121.40337956177207,31.2438264534069,37)
(121.37127288441964,31.31361914353822,35)
(121.37308526781801,31.306695659587454,53)
(121.42205885693983,31.24659294578217,2)
(121.3856606433732,31.23015395253964,3)
(121.4594511937701,31.25700940999694,14)
(121.37793999488139,31.258378798946158,17)
(121.45644688574461,31.253459392605123,2)
(121.3793369260249,31.267130641579236,14)
(121.388907609588,31.25196040020814,28)
(121.42815600966729,31.24844168383953,244)
(121.44509215250524,31.24586182180965,19)
(121.38570343073656,31.284667659138606,21)
(121.33978523220118,31.30100960267519,28)
(121.39926895087883,31.272758983833416,12)
(121.41576950449785,31.25319620525586,36)
(121.43961181660457,31.251575462291953,1)
(121.42403432507317,31.260167481019014,14)
(121.42629603772853,31.255038859023326,58)
(121.41782392837241,31.227901220502954,1)
(121.44500042256097,31.270827352209817,36)
(121.40442017103187,31.23205478540917,15)
(121.44682481314221,31.241775434532332,16)
(121.42677672958706,31.25022987980812,36)
(121.44021882140109,31.2594480364279,36)
(121.38513049375013,31.280672521196824,18)
(121.45773970189427,31.260050857821206,42)
(121.38784729331016,31.259250764650314,16)
(121.44862338489256,31.259630311473764,32)
(121.40886583310264,31.29986723426535,11)
(121.44517280186324,31.244692712487648,1)
(121.41410565852445,31.246674909031075,56)
(121.43941351996831,31.2604310513657,22)
(121.37289527246635,31.241593125062305,4)
(121.44613358569485,31.253150828453787,22)
(121.35956922169433,31.278214734093947,19)
(121.40667071621364,31.283217145357572,9)
(121.44177416349876,31.25492833458522,1)
(121.37756540878205,31.257419954466897,6)
(121.40829911802804,31.2247429968679,14)
(121.3912536664761,31.276460532517284,19)
(121.36434363264783,31.311241673279344,14)
(121.43985007973285,31.273176404620386,2)
(121.4001291182092,31.293896263992277,37)
(121.41542845384012,31.285138842108754,22)
(121.38685364776023,31.251107405633,15)
(121.40651330321454,31.28343170168269,4)
(121.43690426023522,31.262254873725066,36)
(121.45018091855515,31.260946803109604,5)
(121.4193520298396,31.25423041812794,2)
(121.42997890783877,31.260208172636464,1)
(121.45562004458479,31.27648277339277,36)
(121.4434258972417,31.244022525593174,32)
(121.41185457076506,31.245591165300997,36)
(121.44493227065837,31.278998875303945,2)
(121.4553911583798,31.27126106358015,5)
(121.40497430956897,31.23854327381073,36)
(121.44179247457515,31.246529970897004,12)
(121.43593785297807,31.266790203511835,2)
(121.35422247231057,31.309558910261522,37)
(121.40035867225035,31.29940519824725,4)
(121.41862784104109,31.240864424691466,1)
(121.41444849466318,31.234900493381463,12)
(121.40207868576202,31.244982354425105,36)
(121.41362010820716,31.2615906033089,36)
(121.40351373032281,31.244876545139373,14)
(121.41663079206602,31.2499864400098,37)
(121.40624902424034,31.245910662487386,36)
(121.43469387261597,31.25314275428505,14)
(121.38956251942516,31.23108866662663,33)
(121.41295184223006,31.238809207445772,26)
(121.40900256679582,31.296380169892032,36)
(121.39224824426483,31.297549698553095,36)
(121.34679870648763,31.29886280075181,9)
(121.34017373393405,31.281658305778706,1)
(121.38528730248548,31.276608981482074,36)
