(121.4232342056877,31.262003868184674,9)
(121.39128630786048,31.29499807656275,5)
(121.43347528246578,31.24900940637592,32)
(121.422631698906,31.26169916651174,19)
(121.42539636941338,31.24124505307203,12)
(121.45579312085285,31.259299121705222,10)
(121.45457541828931,31.251181085355253,36)
(121.45608771294374,31.26979149365767,2)
(121.42276657175316,31.23639946401506,26)
(121.42802910303487,31.270317409579892,36)
(121.43400971878592,31.262808786422664,36)
(121.44147433659712,31.26120288768961,35)
(121.42969638022589,31.24694599986626,38)
(121.39250365827449,31.299399871389145,24)
(121.4156232680543,31.238226586601307,19)
(121.39305908163675,31.231793115374966,3)
(121.41000921519624,31.242531486644236,5)
(121.34476184062248,31.28066148229878,38)
(121.45819698563888,31.247505838426783,13)
(121.42515200652973,31.257245334269502,30)
(121.43724455449617,31.24155362895304,9)
(121.45485348232371,31.247533846413504,2)
(121.428040958648,31.235507453061917,32)
(121.39718426323672,31.26371036213791,2)
(121.41005397124532,31.22566225830852,8)
(121.37662232514853,31.249460955955673,36)
(121.4440997561974,31.24270059728146,32)
(121.4373321801758,31.280699058506116,23)
(121.40966536141384,31.229402037565155,12)
(121.45340154313591,31.273955301849444,7)
(121.39202727230206,31.30553019933046,25)
(121.42303539186288,31.262147073286716,9)
(121.44309812491343,31.28211614887131,23)
(121.40946087965406,31.302676652015823,32)
(121.4178813351473,31.25275408853213,37)
(121.44095898974048,31.28011013516117,1)
(121.45675227102599,31.254228899557837,17)
(121.43118014497405,31.23453949902083,3)
(121.40717584756815,31.242741858493225,2)
(121.43703423158817,31.264313583230695,13)
(121.36633202076753,31.29589634371453,15)
(121.39542132513743,31.24504183941889,18)
(121.36120901602321,31.308576933619307,37)
(121.43790091908132,31.2539579235709,36)
(121.36704533844157,31.24948703193606,13)
(121.42605549980152,31.24671125653398,28)
(121.40694046181184,31.251906632953137,20)
(121.42515356297874,31.252179117530588,36)
(121.37448515305117,31.23530041828428,37)
(121.36505043863782,31.277082584743674,36)
(121.40098997760597,31.23201960016068,25)
(121.41208112695809,31.29005682823535,36)
(121.40382639159455,31.286897891218544,9)
(121.38099513555797,31.28419697834241,36)
(121.40616508095681,31.24658596020288,17)
(121.45907374631962,31.25959722722181,1)
(121.39942897777976,31.244725755562488,23)
(121.36749263027691,31.23710244468626,4)
(121.40822709806064,31.25416352526421,14)
(121.37225144689623,31.313197779958234,16)
(121.36747888766064,31.30951005485323,644)
(121.44511895815405,31.24584522661221,36)
(121.40244969584738,31.244621361008033,68)
(121.42406272276753,31.26546667236912,3)
(121.37218648531184,31.25597268926259,21)
(121.40344993692393,31.231499588994694,18)
(121.38870022560647,31.28183250673072,21)
(121.44304965713098,31.25272774420414,12)
(121.41129343204085,31.233719870783776,3)
(121.36205921493014,31.24492312223584,11)
(121.41006532876986,31.30252267808952,34)
(121.4057758634323,31.24426190514937,36)
(121.43972929565483,31.259417715772223,7)
(121.3926553545952,31.238129763755836,14)
(121.43759727732622,31.240872524212982,14)
(121.39309889242705,31.25227834204172,14)
(121.39906750753194,31.23414899444923,3)
(121.3901442419662,31.259277716767436,16)
(121.40014388775279,31.23403828800078,5)
(121.44463977911722,31.246220872166987,5)
(121.44799789150811,31.244171579153765,5)
(121.44059217760157,31.23754911526296,18)
(121.3722083396744,31.313197773931343,36)
(121.37339192216984,31.228284819538885,25)
(121.42703537759037,31.237914137602502,37)
(121.4269262825814,31.258406425623082,4)
(121.4077744656844,31.26079108763434,36)
(121.37756675373657,31.272874551545385,15)
(121.44068892199502,31.24206015681929,60)
(121.39908374040452,31.248225335989336,14)
(121.41101633583187,31.243529262100328,37)
(121.4414978834647,31.266737029594342,12)
(121.4576647749366,31.252294103892265,26)
(121.42201306330183,31.24853083737091,32)
(121.45521024951714,31.25419138914883,26)
(121.43721547851614,31.24754602711463,3)
(121.367523328801,31.237745149884738,4)
(121.38582281953919,31.262557135353415,29)
(121.38185396807481,31.281955939705703,36)
(121.38941103608492,31.274840577725648,5)
(121.42153439056949,31.248594315818792,2)
(121.43835050184377,31.25773494881831,32)
(121.38485408001938,31.267756879400334,36)
(121.4326593616692,31.237349781491943,36)
(121.45726821555286,31.247442511654555,79)
(121.44883588914875,31.241982082751836,27)
(121.46048216682708,31.261527145980608,36)
(121.39081369638984,31.2526041784776,5)
(121.37039263097351,31.278734947350397,36)
(121.35432005797247,31.290904798638483,21)
(121.42599926603371,31.247045143525682,35)
(121.38474219704116,31.25780485767189,16)
(121.38615802264363,31.270140130226775,1)
(121.42359094344297,31.251170888900646,5)
(121.41016335318324,31.242391818971612,36)
(121.38095566157057,31.233292901176462,17)
(121.39028556961154,31.282494394554522,18)
(121.41104732905812,31.243532257960258,4)
(121.4405300694395,31.264079554450106,24)
(121.4136019183988,31.236013263503157,4)
(121.39965605036288,31.249325011748347,31)
(121.4520320620285,31.279881139270934,6)
(121.35862400464198,31.2949666841386,5)
(121.40307984487532,31.28481740754747,63)
(121.44866824527526,31.253378449753207,2)
(121.41817812696424,31.25240879102694,24)
(121.408132736054,31.23168321306518,16)
(121.43277340759936,31.23914981343624,33)
(121.41032583540047,31.241226165719493,10)
(121.38804752909311,31.282812838670115,32)
(121.40928853775233,31.24375473455771,9)
(121.3895479087189,31.28296435837182,7)
(121.45729224917291,31.258279516814767,28)
(121.42211163446399,31.24453699302031,29)
(121.42244090330853,31.262201515186167,26)
(121.43552703807522,31.28089150526492,36)
(121.42383671250431,31.262531649249468,37)
(121.3910518963699,31.234957303116467,37)
(121.42973535195681,31.261861134513232,27)
(121.40831769895826,31.25892970371364,29)
(121.40260277158208,31.25940517436622,37)
(121.42506984458159,31.254467189101707,3)
(121.40495800496029,31.223590401013723,23)
(121.42607459082352,31.240191008917698,36)
(121.42997888125261,31.25990304082028,6)
(121.45427310896704,31.273680369664422,38)
(121.45958901461705,31.249917142525955,33)
(121.4013494336183,31.23414215968606,97)
(121.43492512913136,31.28296511351279,39)
(121.42879424420572,31.265613949930298,36)
(121.38448199946744,31.29432845241279,37)
(121.43755947678264,31.265404340794593,25)
(121.3595690219532,31.277246536212424,3)
(121.40108901628399,31.24360887914141,37)
(121.3775517309323,31.272845522106515,36)
(121.37735900890907,31.23300082149241,12)
(121.42505486322884,31.25451322135826,12)
(121.37457112614374,31.256586007428837,9)
(121.42635545123741,31.24651138734909,5)
(121.37421161815946,31.256814657851354,24)
(121.3971974983827,31.231908255843447,13)
(121.42729481222291,31.24613759944353,36)
(121.45037391447045,31.258493525588538,18)
(121.36886283587317,31.252437587178086,11)
(121.44372887188841,31.27018717402972,5)
(121.4156185039592,31.259267126396107,8)
(121.39404702381323,31.246641387138116,20)
(121.4357978074778,31.23713121308285,44)
(121.38323541404631,31.247336753152975,31)
(121.4016369771147,31.293241967686573,23)
(121.38705094966976,31.240906023251892,8)
(121.37234773182549,31.255944888755863,36)
(121.44475585235277,31.258676565617886,4)
(121.41040941376923,31.26715472183221,28)
(121.41140833595757,31.267512655950423,12)
(121.45929657029615,31.264960973251,2)
(121.46270822642657,31.26685273688532,23)
(121.33494409631513,31.301511903817662,28)
(121.41261113031162,31.24608006399272,36)
(121.40229011781696,31.26416015792935,13)
(121.43697235931363,31.253168835831296,7)
(121.44662019708764,31.25774520119034,11)
(121.37287435699332,31.253853660956896,1)
(121.35273715544764,31.28346603816583,23)
(121.38367050459439,31.2321558573287,3)
(121.41050165789403,31.24189402138131,30)
(121.40991339165608,31.234114282717268,31)
(121.39110903776354,31.2819957204191,22)
(121.43602495072497,31.264108194230914,19)
(121.42335511721177,31.244998970222845,30)
(121.4232492911821,31.263135343272126,20)
(121.43594813105497,31.253200299892068,1)
(121.38478742714102,31.295514199452093,36)
(121.4562345941305,31.25443408074404,1)
(121.36917373396261,31.31429027927819,3)
(121.38183894760289,31.293410549153947,37)
(121.45418931531158,31.273716554653756,17)
(121.44173915574353,31.254504328909547,7)
(121.38422199069214,31.257495268997335,26)
(121.38242595889042,31.274181293092223,25)
(121.43786298647224,31.254014000260778,30)
(121.36723731336296,31.289329819041566,36)
(121.3734560886869,31.263668659822635,13)
(121.3724796249693,31.286927084749717,36)
(121.35607840330934,31.288413808629468,1)
(121.4065573305243,31.283739828414202,2)
(121.45184123841952,31.246638102742835,20)
(121.38794639061612,31.24733457321626,3)
(121.41077224880787,31.241916580097058,4)
(121.36438973904471,31.31132307841968,19)
(121.40184643113535,31.231168034260907,1)
(121.36815817802346,31.235161886928324,36)
(121.40605112819712,31.247168214546722,35)
(121.3653697716852,31.251319047413233,3)
(121.40105146511257,31.237409074711724,21)
(121.40909539024689,31.24413169374789,23)
(121.3999148774568,31.23481657411208,36)
(121.44658256306722,31.241860292091758,27)
(121.42466593453645,31.251025000381162,37)
(121.37128968724294,31.31336144642175,10)
(121.37666572816956,31.271660116001705,3)
(121.3988433175029,31.260536677111315,1)
(121.39153717127662,31.246071231976778,52)
(121.45118989772396,31.274726411914962,36)
(121.4296960606296,31.246504451073527,10)
(121.45288563131174,31.252943254825542,37)
(121.425656742394,31.248511083236064,2)
(121.36982469372549,31.243936188785067,38)
(121.41054441138374,31.243239210311415,17)
(121.43313089244982,31.238955310671017,36)
(121.42703540311922,31.238207270425377,36)
(121.45211599617346,31.270856473875984,13)
(121.4122433669445,31.246051045602446,36)
(121.37245958104967,31.229163019450006,35)
(121.4259754809457,31.252685228745115,15)
(121.4367836590668,31.276089886319628,2)
(121.41537374272232,31.244217704095117,37)
(121.42324812778611,31.249791531940208,27)
(121.45888326370157,31.259798732349036,11)
(121.38206585318083,31.280197157838522,4)
(121.43459517576538,31.254942664458188,36)
(121.39833465339488,31.23924904946518,3)
(121.44647526597869,31.2460841139246,5)
(121.42916177579933,31.247300341761058,37)
(121.42406138989436,31.23770343028617,18)
(121.44154863811073,31.23821042471814,21)
(121.4461152659263,31.241543910729344,36)
(121.42991597207696,31.237117005164713,8)
(121.37360834312607,31.263969982951235,27)
(121.40517435339261,31.239576925091256,2)
(121.40184503080361,31.23112983405173,29)
(121.39851634330493,31.231953768758043,5)
(121.37831608767961,31.27670900311871,26)
(121.44719134571984,31.252692789239887,31)
(121.3487547627582,31.29516064317563,36)
(121.41321617003328,31.29460936215062,2)
(121.41798628972653,31.264853626843916,11)
(121.34861000391078,31.301546886522196,36)
(121.41898585349944,31.24364048330493,6)
(121.43727760115236,31.26157908260275,22)
(121.3997852729074,31.23987582955687,2)
(121.40971226979063,31.239904824158316,36)
(121.44512715988324,31.24584332807559,12)
(121.41732334756414,31.23926345303622,23)
(121.38579220865567,31.289623572970818,36)
(121.4508615509532,31.25550830389665,5)
(121.39479094781376,31.297856267639744,37)
(121.40118489464913,31.276297023411217,23)
(121.4276786261155,31.271791357581794,2)
(121.41672287695957,31.232543408658376,18)
(121.36849158043658,31.291020296190197,29)
(121.3856053348649,31.2961901926445,36)
(121.37879752177207,31.2775697338975,28)
(121.45095384777,31.2605507999395,32)
(121.38334543609679,31.24784377069942,10)
(121.45676723131021,31.254207858664625,14)
(121.4324843006724,31.244829698039315,37)
(121.38295823430863,31.262470844326725,36)
(121.36497222029756,31.313295041803542,22)
(121.39319296038822,31.275277244697737,44)
(121.39896977534528,31.249137700969417,17)
(121.36795070624068,31.314443604905428,44)
(121.39734336660221,31.26528897229229,35)
(121.3956380699328,31.29146728625603,36)
(121.43124932199693,31.237604818954217,5)
(121.42473517812758,31.25447496938449,2)
(121.43272834917838,31.24923737886231,3)
(121.43899002191837,31.245231899486555,33)
(121.41106245981513,31.245070943447647,36)
(121.40507409503574,31.247452277818002,19)
(121.36442534395685,31.311507582116953,33)
(121.40354995896591,31.2694645345089,7)
(121.39265032471174,31.226337354926468,1)
(121.3828970894471,31.24648780360602,2)
(121.38274798974079,31.293260390315126,26)
(121.40857564121265,31.242502099098765,17)
(121.40073928653162,31.261111984181007,24)
(121.44849960521576,31.241809616176003,3)
(121.42359489900866,31.260206722148205,2)
(121.39027877155765,31.257917644261035,37)
(121.37888797368944,31.266785471971307,36)
(121.42656170536326,31.28101386321241,9)
(121.45088914871317,31.274600406776656,2)
(121.44094767693767,31.254135615037182,2)
(121.38464477707011,31.257752241007605,37)
(121.37443949614193,31.228498241576546,36)
(121.40613447377999,31.239632841566305,36)
(121.38885026476754,31.236058127473203,37)
(121.37920462938715,31.23267212248476,26)
(121.45920275948443,31.263659692803696,20)
(121.44639393126256,31.27121620439655,5)
(121.41130901534922,31.2750158322704,22)
(121.37006145908816,31.24833347327127,1)
(121.44917016060342,31.24202048833094,20)
(121.37445347698214,31.228041047809334,36)
(121.4134901759888,31.261419176454122,37)
(121.4023420417258,31.240217643564772,8)
(121.4294882501092,31.23430515950395,11)
(121.4010034255032,31.300116325882165,36)
(121.41265921698555,31.247245570707996,36)
(121.3682144370831,31.271669963834242,30)
(121.3829459170411,31.278354535491804,21)
(121.36514262157223,31.27730581598295,19)
(121.42334721390542,31.229683196962455,19)
(121.43612526320896,31.236707597707607,36)
(121.43491361212207,31.244825044822417,1)
(121.42400964631366,31.240663890447067,36)
(121.45186598890741,31.25258309356982,7)
(121.43808461939935,31.253981410755237,12)
(121.42849962127057,31.248058325794023,37)
(121.38239421555076,31.266059836023864,36)
(121.44700839567354,31.248849414633003,37)
(121.43489250279816,31.275227959502306,8)
(121.40893905112937,31.299422650388333,36)
(121.45166974977109,31.279104780685426,1)
(121.46324306214194,31.255187860071434,8)
(121.37383465651013,31.229116766903854,15)
(121.37986690459921,31.274593828357034,8)
(121.37637201909372,31.237241597260425,37)
(121.44474081519053,31.257906256372085,34)
(121.43149478592771,31.235281952538806,10)
(121.42422373814853,31.232522025592054,1)
(121.41860387156002,31.229573290779555,1)
(121.45626579327656,31.269142346181543,12)
(121.38630932234089,31.254798436552363,31)
(121.3785298899438,31.271197939835915,37)
(121.41152068471862,31.24891356587151,1)
(121.40881862849015,31.231176937006676,24)
(121.38263648873551,31.242995989927866,7)
(121.39639154867201,31.239933737246208,12)
(121.42280629860826,31.247354768710366,2)
(121.40756914837769,31.24749437445821,18)
(121.45723430965147,31.247607206340636,1)
(121.39554744893805,31.29327276492889,34)
(121.37519370902359,31.298930299707116,37)
(121.34681837113776,31.281098450046244,24)
(121.42513877989236,31.25449914720142,27)
(121.38315665803822,31.249655459052907,12)
(121.37924780180361,31.270966636860734,5)
(121.43800990427248,31.27879334778287,36)
(121.39199984968545,31.269217840369105,31)
(121.40208358588036,31.26185572203283,12)
(121.38364496886464,31.283327916421616,36)
(121.42891184459008,31.25615048435916,17)
(121.4090858879112,31.244064991904587,13)
(121.43299684520625,31.26303720060756,36)
(121.40817986522258,31.2542527843728,17)
(121.41932863097408,31.243684317072155,5)
(121.3745836219362,31.227516967517683,36)
(121.405480425701,31.29100888452843,1)
(121.35342515527135,31.28240747838785,17)
(121.3833313385023,31.232224777935514,8)
(121.38534531698075,31.283190608846972,36)
(121.37020290055216,31.285361401598767,36)
(121.41585116826882,31.23832954483455,13)
(121.42187214075929,31.236645596149607,3)
(121.44809648184793,31.27363539497056,1)
(121.44991634071887,31.2515963685865,20)
(121.39006007136211,31.246055624842324,13)
(121.4405597549752,31.258529109901225,20)
(121.45858529308566,31.25116061180887,2)
(121.46101364822923,31.268540030386202,1)
(121.42843993312178,31.26230460656253,2)
(121.43770539086965,31.278622695352052,1)
(121.3874655898483,31.232256429572715,36)
(121.3766961412672,31.23719049223648,11)
(121.3387918010838,31.295282178841383,29)
(121.41825516657315,31.253401188225006,9)
(121.36944902426706,31.23174814526731,36)
(121.38493012263669,31.267328766032527,28)
(121.45982267851923,31.255872296773763,32)
(121.41402969333629,31.246735959954982,36)
(121.34895436869888,31.28166246586979,7)
(121.36459306158277,31.282137976593525,36)
(121.42645024006146,31.263577975096062,10)
(121.4222179386444,31.260309604643425,37)
(121.42248300396203,31.260235559954232,28)
(121.41737335997045,31.239326463393176,5)
(121.42212751672281,31.264810677092868,22)
(121.39840343004104,31.236350761206992,36)
(121.38935906858993,31.277128836216008,36)
(121.41231498480484,31.259499434477366,36)
(121.35207712540769,31.296753043667334,36)
(121.45031972257439,31.257487300785144,37)
(121.37940833727103,31.27475940142569,36)
(121.39626689048572,31.24179633796435,1)
(121.38026700256626,31.2748127745277,33)
(121.42859746790812,31.278955010096237,1)
(121.39284504253682,31.236400365148597,4)
(121.4034623417737,31.229668034414875,3)
(121.38005726837352,31.244005504777288,36)
(121.42589153809391,31.245080894576944,7)
(121.38288489406813,31.29037136962565,25)
(121.38451754280108,31.231187408892175,20)
(121.33771026419048,31.293942266769804,7)
(121.46090697880044,31.26095772995802,3)
(121.44018139000835,31.25432740746897,36)
(121.36457426474794,31.31157239923522,36)
(121.40327747056348,31.299413586573312,36)
(121.44657086138233,31.244828784645048,36)
(121.43981140612273,31.239367724879163,10)
(121.43832055502243,31.257771006212145,25)
(121.37877382733139,31.266809355605943,14)
(121.42650560746124,31.22938838121647,52)
(121.40241968877531,31.24270035869708,4)
(121.45024062983951,31.251771838959744,8)
(121.45812913989724,31.247257875192744,27)
(121.39247716002916,31.238306192183362,37)
(121.43899811126464,31.254321548531458,25)
(121.41935992078193,31.247246889397573,13)
(121.38641036009086,31.252765764907895,36)
(121.36195994782436,31.243970540032212,2)
(121.42741313173475,31.27309675346727,3)
(121.42251804279312,31.26454046466104,4)
(121.4191745858714,31.254039981372784,37)
(121.45879946969758,31.259643848837584,2)
(121.41141345718312,31.251440762047643,4)
(121.46044292916388,31.257511282307416,1)
(121.409890885922,31.259015730033642,36)
(121.43181503042902,31.265757590624787,10)
(121.3820388934682,31.30157196012427,36)
(121.39721551032895,31.266371511551874,54)
(121.4025316702512,31.22400024473196,16)
(121.45545340059978,31.27684358380448,6)
(121.37415998600122,31.273442689337955,4)
(121.3982082284224,31.269410196401456,23)
(121.38532031014775,31.293022183447842,20)
(121.41546706587995,31.244390723315366,36)
(121.3401224465523,31.297471220881462,17)
(121.36795070789479,31.314462612033505,60)
(121.43698847714762,31.26628848749042,28)
(121.42964478795601,31.242658783858804,3)
(121.42716627681187,31.261317368440263,37)
(121.36899178039644,31.249158352034364,6)
(121.42101314294658,31.282703209446144,3)
(121.44580657826819,31.256864010648766,32)
(121.38596905243939,31.24792769084854,23)
(121.43605646700051,31.237818191125186,4)
(121.4356550800213,31.26068983009557,18)
(121.41021158620607,31.267154911507784,11)
(121.37363359647958,31.25009991277153,157)
(121.36412090206011,31.310112950218183,36)
(121.37733760521483,31.263230199294625,4)
(121.40739467291057,31.250786628838632,3)
(121.43430451073966,31.24240546473792,1)
(121.4505185741627,31.25833318327572,6)
(121.41571832851353,31.252960459540393,2)
(121.38720030634077,31.276312949415487,22)
(121.42519766817615,31.23949586192789,20)
(121.37127668504051,31.313635144022726,11)
(121.43888656270798,31.280265729325222,37)
(121.36129462389684,31.24305407507053,9)
(121.42689211331405,31.25604532935409,5)
(121.42472609682633,31.242080971170836,3)
(121.44438299942433,31.263372206771635,1)
(121.45573203336018,31.25654005072532,36)
(121.44705085973526,31.24172147397053,34)
(121.42503906396209,31.24517410614401,21)
(121.35825017434513,31.305353121330246,37)
(121.4601165152937,31.265722548807105,36)
(121.40251566044572,31.223927207564365,25)
(121.43715560569021,31.240854056641027,7)
(121.37377001476008,31.26892329582823,15)
(121.44365005033251,31.265504226233126,6)
(121.44113142023548,31.26647766808392,36)
(121.43716501812331,31.26427739241756,9)
(121.42136318602424,31.255469316433203,15)
(121.46253569433179,31.2628838368375,28)
(121.40362985912323,31.22952429820655,3)
(121.3757788654177,31.23355520838098,19)
(121.42134990914741,31.252177882798815,13)
(121.41267782634065,31.227423825541642,1)
(121.38881305303526,31.303903815465,36)
(121.41049846533821,31.243752447330774,13)
(121.41148838307812,31.233895814765027,16)
(121.38937797539472,31.258532378158712,32)
(121.43618767906854,31.25407426716079,29)
(121.38664169876905,31.277026318912103,21)
(121.40096478630574,31.28724045330944,18)
(121.38572350252052,31.241074061738484,22)
(121.43029914905857,31.233144797687153,4)
(121.38003875864825,31.27467523799723,10)
(121.43162403778558,31.251465606332655,12)
(121.43382735779589,31.237870843759627,43)
(121.42923203395296,31.2626879966981,21)
(121.39862056384793,31.27682779988817,24)
(121.43603064745707,31.23869074276721,32)
(121.37622681749414,31.237256431210053,5)
(121.34877843616056,31.302369510796513,1)
(121.43287469460803,31.266990914679628,36)
(121.4374281892754,31.238330545339,54)
(121.4233498254765,31.281723070157597,3)
(121.43755821816632,31.234613577103065,4)
(121.38701526721935,31.27638541641143,37)
(121.37870654949566,31.28761990769081,36)
(121.38856890068635,31.259720929026972,6)
(121.44742314025389,31.257638409236595,36)
(121.42855738516002,31.25048753053152,10)
(121.40823310297596,31.24744832872181,23)
(121.40048800209641,31.245535578105798,25)
(121.34106112664668,31.286371898634737,36)
(121.39886798379271,31.229038579426273,3)
(121.38204703105443,31.234076370468088,13)
(121.41419014342074,31.252612507673213,37)
(121.43566779418835,31.286649112139727,76)
(121.41005452639679,31.237521405616544,53)
(121.44415469343295,31.26618878540954,4)
(121.37964049068457,31.233692958696558,36)
(121.43853607650405,31.279364851995165,13)
(121.42574008168636,31.241901062382983,32)
(121.42320419091799,31.272987554110788,10)
(121.46024815230713,31.26559419987717,20)
(121.4169586363222,31.25328291880469,3)
(121.40807703987126,31.260778650242045,7)
(121.44124609797439,31.26516693556647,26)
(121.37130625585972,31.23458498004176,21)
(121.43742284203006,31.26704222397087,2)
(121.39716148934242,31.26642951351911,29)
(121.38932550261391,31.269554296201648,18)
(121.44595763311132,31.24176558257987,36)
(121.40521989555475,31.25649526755704,13)
(121.40350808716228,31.22665865056081,37)
(121.38555916062425,31.287196237504546,162)
(121.40827298823373,31.245683520316252,36)
(121.42465743608302,31.239579050164977,8)
(121.40239286007784,31.259980188232344,15)
(121.44987093098261,31.246773545728985,23)
(121.45620449769608,31.26396827222322,11)
(121.45493426696136,31.271056919142957,2)
(121.42723303242914,31.236419280632457,22)
(121.43318948855611,31.250874461869525,9)
(121.42991241026114,31.246543013010854,24)
(121.42912124030285,31.232890909236644,5)
(121.44914172987099,31.2708410956451,1)
(121.44610278426462,31.25470556250553,22)
(121.38042114072451,31.232728986197763,36)
(121.37875877841252,31.266472195498544,36)
(121.42250330935313,31.26480395533067,35)
(121.41245213991552,31.245619421088083,40)
(121.41894832833934,31.228480082074864,2)
(121.4436524929139,31.26413772619467,26)
(121.41391250207718,31.264200690304918,1)
(121.35053061766719,31.281408700499306,15)
(121.43765122256194,31.264207704368268,1)
(121.4579386707526,31.2477004836736,16)
(121.39150574217759,31.25296038133131,23)
(121.39497932382788,31.24750644946742,3)
(121.4556803554965,31.270279049873203,26)
(121.37877380111838,31.266508227511594,36)
(121.38500314467885,31.292807828926207,37)
(121.36307620744526,31.246260308981,9)
(121.45224849649847,31.25520272088245,8)
(121.41163819382875,31.25509326049274,18)
(121.43272059819017,31.27489942356155,4)
(121.3770188010024,31.23303744982172,3)
(121.42821208243102,31.27247014224525,3)
(121.45903700988583,31.271601534651367,3)
(121.37277448455202,31.24555286337073,17)
(121.44907069297844,31.243482649093014,31)
(121.44651017545945,31.26248917301812,20)
(121.40074396537894,31.276339723363193,3)
(121.40264662964563,31.23473221526149,36)
(121.42883355367532,31.265606657943067,20)
(121.40986157886297,31.23788186481529,23)
(121.41088623062383,31.230522378635158,4)
(121.45215503753329,31.24937411620717,22)
(121.39792195201582,31.256213422362645,6)
(121.43034761269172,31.234567723045533,13)
(121.38454157018673,31.27718855239627,7)
(121.42953252387083,31.280930870055833,36)
(121.36558648801116,31.278254873770585,36)
(121.45084594945165,31.259683147835293,36)
(121.38410566663141,31.259554444863166,5)
(121.42266177192761,31.251368646455226,27)
(121.44670021599397,31.267103197498308,20)
(121.42087644268035,31.242677960462547,32)
(121.39283745793624,31.269167428631434,10)
(121.4479505479965,31.257623100173678,25)
(121.38438334012842,31.299450380219966,36)
(121.43522788671054,31.26248014307911,3)
(121.4266776851091,31.248510206401704,36)
(121.45539638731198,31.267192893423204,1)
(121.38920129804893,31.291377179300294,5)
(121.46391242583178,31.257962499448343,28)
(121.4370501184686,31.240358031066577,37)
(121.39102618045882,31.295835235269866,7)
(121.42206007221965,31.249072045524752,13)
(121.42160038521314,31.24629690276751,33)
(121.38758833540355,31.262489955282494,15)
(121.40943625304315,31.227767308034718,10)
(121.39211616129022,31.274759378334355,24)
(121.42650909005182,31.259212894852286,20)
(121.40911903327346,31.224755942341037,36)
(121.4307269081187,31.268954934883414,39)
(121.3998445545944,31.244857706947666,29)
(121.41866685828833,31.25280771752138,22)
(121.42799701044059,31.25737989859555,15)
(121.4148755436736,31.237518539243997,6)
(121.41712467678279,31.236685285099718,5)
(121.39746739670885,31.25181682368574,36)
(121.44401632716381,31.25869900524613,11)
(121.4272666368875,31.266698581562398,29)
(121.46094124215193,31.261848208656144,6)
(121.35950152990645,31.296569417438405,2)
(121.40184434135159,31.245008687169086,8)
(121.37665163432438,31.232003895905137,4)
(121.38009330641637,31.241437688955056,19)
(121.43404639331708,31.27466038612848,32)
(121.40504533762112,31.261725517237856,14)
(121.42211622995562,31.262865022047958,36)
(121.39188474446392,31.237474989874897,16)
(121.40162624938243,31.256061513985188,36)
(121.3946275058397,31.259520349148282,3)
(121.40689861334188,31.252613641647613,43)
(121.39762183329726,31.244856367731042,32)
(121.35600114913883,31.287268215311844,14)
(121.41292225615483,31.232369544525053,22)
(121.4100537261645,31.242514395933828,22)
(121.44962886949762,31.26181935460845,6)
(121.42369780189836,31.25064273067024,31)
(121.37594190337612,31.30039678076618,28)
(121.41840269346612,31.233671958319487,19)
(121.40514265842457,31.242380018130056,7)
(121.40633432292056,31.26077718467916,3)
(121.4207108142602,31.268434302546293,29)
(121.45531189585907,31.271405604501133,1)
(121.43469400977513,31.254718444431056,36)
(121.42284432196466,31.247996026567925,37)
(121.42603056417096,31.250831793945874,2)
(121.42660090824515,31.2386678647144,25)
(121.44257659148971,31.241680580771472,26)
(121.4229444452876,31.26185701357798,36)
(121.40095398455418,31.232220682942078,37)
(121.4361097148175,31.24161383648572,21)
(121.3821511500176,31.28004245134687,36)
(121.42007693677586,31.2531040694013,36)
(121.36659547123361,31.25167097195313,5)
(121.33596967736304,31.298246983165864,19)
(121.4499478700076,31.258492323729193,36)
(121.45798455164936,31.24769338144021,17)
(121.38884308103727,31.30392284542495,36)
(121.37554792330957,31.24952511010106,30)
(121.4137364580721,31.24653468790386,3)
(121.42178893301204,31.262506211034516,37)
(121.40455438581698,31.23990184626617,3)
(121.45524650215624,31.271102295639086,2)
(121.41251235292413,31.248283067484127,36)
(121.41495131846452,31.235312509642803,28)
(121.39913767940746,31.25875697104094,22)
(121.43637033294893,31.253384726526104,14)
(121.34866142707784,31.28200817863297,13)
(121.4298644356046,31.26463719345494,37)
(121.43986992364796,31.268658121840495,18)
(121.42562495148641,31.239074884349446,36)
(121.44827924142734,31.243649840194333,35)
(121.38836370769387,31.23563668055667,36)
(121.37753259260792,31.245653603226636,36)
(121.40909178936195,31.24408479309096,23)
(121.37202030933217,31.308649057928115,30)
(121.44571398526693,31.25441571635199,36)
(121.39295748955186,31.231792526414722,19)
(121.37605392313388,31.246243676639708,1)
(121.40343449610705,31.254434156997597,36)
(121.39020985305154,31.282467480686236,36)
(121.36809895612356,31.314442816661582,9)
(121.39520478265904,31.235815122519938,33)
(121.38235742599876,31.280458827373902,6)
(121.44191920040676,31.278546316276675,12)
(121.44696834273635,31.241716659631557,24)
(121.41253453878602,31.225023346000683,1)
(121.40785841923972,31.239307697520967,19)
(121.39782197280148,31.302809586186108,16)
(121.45574984494604,31.246216786202094,4)
(121.41046232685594,31.255513555813216,27)
(121.41008493666307,31.225328098891815,36)
(121.4256554019724,31.244083179065623,72)
(121.41055785042727,31.255474775780776,28)
(121.42628828797744,31.239257403672617,34)
(121.41978753865263,31.269040080436945,5)
(121.42422347211242,31.240936849608072,37)
(121.4479384925159,31.261114129460683,15)
(121.43211153082989,31.253126794380808,27)
(121.39496253162882,31.257516654320433,8)
(121.397181820541,31.235693979350916,14)
(121.42425532410942,31.26250531855586,36)
(121.4118419888792,31.226673329542553,2)
(121.45306211497129,31.251813408496098,28)
(121.42256039666114,31.234618204454268,21)
(121.40817876411727,31.302554586195118,23)
(121.42617440917283,31.23929051673559,26)
(121.40445537201637,31.239872822234254,4)
(121.42944737414254,31.281013482659436,17)
(121.42370460195606,31.236964446709326,4)
(121.37849988352039,31.283075831406858,36)
(121.4108617467499,31.242085096013383,9)
(121.45733225591042,31.267865915340888,8)
(121.44443973659784,31.2460288366619,15)
(121.4126693727752,31.274859178097543,36)
(121.4235217513594,31.236792504557112,2)
(121.39097513767841,31.22692255906019,12)
(121.44396341743126,31.265421783034103,2)
(121.44625496542008,31.248892742161825,3)
(121.40287682675692,31.247929196649228,3)
(121.41150588460394,31.25550697334636,37)
(121.40467261059376,31.23796679456639,25)
(121.39714646706896,31.26625743392717,21)
(121.37895184647319,31.29917311148313,36)
(121.40110024943041,31.287118072544068,17)
(121.41650162789911,31.258792348177337,36)
(121.44816158980142,31.25338344424643,19)
(121.40731375291041,31.25869539660673,19)
(121.41049690780704,31.225885298415587,30)
(121.411177251805,31.24299099189756,36)
(121.45382970934745,31.25675203689803,37)
(121.42809512611159,31.248518915929782,37)
(121.44878950109292,31.264108134089916,1)
(121.40042921462847,31.238649966646086,1)
(121.411054366023,31.243974454712593,36)
(121.41752118628426,31.237180304485662,15)
(121.46246413975551,31.26574022456793,3)
(121.41004072296016,31.2425121932337,36)
(121.4063676221801,31.24570342708134,35)
(121.39901112679698,31.28737391367993,15)
(121.44096951912069,31.241291878200524,36)
(121.42710337839556,31.238768463421177,36)
(121.39094836198365,31.27567400239083,2)
(121.42611746145099,31.239214531220096,36)
(121.43610576833129,31.25856032047651,8)
(121.37127368471083,31.312961045131985,5)
(121.43425978402053,31.244790587813693,3)
(121.39979040945379,31.258255905287943,32)
(121.43561724209732,31.25270680260926,1)
(121.43134559775307,31.257946918187585,6)
(121.41110223078786,31.265470844101525,1)
(121.3788876402514,31.262954835642528,36)
(121.44685062063311,31.24764015401452,5)
(121.44809809928152,31.260527590518528,32)
(121.39192903328649,31.27425631668365,37)
(121.42443531052831,31.22989165274453,15)
(121.36443664607388,31.30951758795081,1)
(121.38242287086541,31.238713851498083,29)
(121.40629505188804,31.24621579998255,18)
(121.39436098307188,31.247603430791706,36)
(121.37976962771778,31.295806342110485,36)
(121.38656467370238,31.267968954340777,31)
(121.4173152319955,31.236365029568077,11)
(121.41147438855484,31.245385006431267,13)
(121.40504534477954,31.261807552537093,36)
(121.40768281459401,31.243729692500118,3)
(121.43652256327545,31.253948010051975,18)
(121.37359620563261,31.29712559539355,36)
(121.42450820187995,31.263172174569025,6)
(121.43150797295426,31.237491485358674,3)
(121.4531431467142,31.25784578545469,7)
(121.41993310306292,31.26530343364298,3)
(121.43673121108569,31.2538441506433,37)
(121.4525113722696,31.265913175117504,1)
(121.4542535737427,31.254116641171667,69)
(121.448585977523,31.271233274742595,3)
(121.36408404658509,31.246346900329176,36)
(121.40896565770973,31.296376062237997,25)
(121.45408975529058,31.276004710977034,1)
(121.42636557717253,31.263525288203443,22)
(121.40989988825712,31.243011862991484,31)
(121.37936832750542,31.28919709940424,36)
(121.38816411690918,31.240506794952275,23)
(121.40107714757714,31.234072374124178,5)
(121.43160822403827,31.25336145709757,1)
(121.42235667390095,31.258768091216396,4)
(121.43530974256038,31.239301818285252,34)
(121.42808148533655,31.26392164167427,12)
(121.42634137343103,31.22940185728037,3)
(121.38360148879505,31.24220482549432,78)
(121.42681896560534,31.26101145504299,33)
(121.44968412384084,31.24315504881222,52)
(121.38264029513816,31.24578865630297,1)
(121.36804238873117,31.249490456954817,27)
(121.37176470947365,31.231522189868958,36)
(121.37494696983487,31.271517861279346,36)
(121.41288671259494,31.253758387054663,18)
(121.3955480806565,31.259945999385007,2)
(121.39794200509874,31.276007367817083,7)
(121.39950397231958,31.268754291472796,33)
(121.37335815054361,31.244602084682736,36)
(121.40990418931757,31.24285236419131,6)
(121.38559970814377,31.231612569851922,33)
(121.42303541568073,31.262420190670444,8)
(121.43968551604178,31.25541893726858,2)
(121.43059595889838,31.258200660244096,18)
(121.34232064826062,31.28545742374234,37)
(121.42442438441228,31.276467088113023,37)
(121.45850863369931,31.256933575414877,30)
(121.43928199005344,31.25822723063821,37)
(121.38311066786929,31.24633700312143,5)
(121.39035288647767,31.267163738930435,11)
(121.4356370755249,31.237372528532386,36)
(121.3649684197688,31.313259441438262,36)
(121.38897288803042,31.257132307405087,10)
(121.45066101671351,31.274366857293792,24)
(121.39525777161433,31.223850637949027,9)
(121.41113134707814,31.243960434611783,36)
(121.40583954668229,31.229123030254136,5)
(121.43402928245396,31.2334839600973,22)
(121.3816901282088,31.251535842086582,2)
(121.39148401457376,31.289913178237974,30)
(121.41538002718156,31.23072775542993,3)
(121.37960766422756,31.28709368420111,1)
(121.41336154409963,31.261374049627207,36)
(121.43102281762434,31.262852213074083,11)
(121.42403395463845,31.255918637124058,36)
(121.4274619719823,31.238610065929194,36)
(121.43833511711993,31.25302491337423,14)
(121.43414650910015,31.262682566762724,36)
(121.39669834065919,31.240729226364166,100)
(121.43552461566145,31.253072681333624,20)
(121.42290516397479,31.246784444977244,9)
(121.3868061436341,31.28069430102765,13)
(121.3681648326357,31.237972073121277,2)
(121.38205229340231,31.270377125749103,14)
(121.42898998608898,31.247367541469266,10)
(121.46348358664049,31.257460288230078,61)
(121.41077250407278,31.244843891848706,14)
(121.38335925792694,31.242444440779288,2)
(121.42624233153366,31.23920842118439,36)
(121.4367111895129,31.234961034170144,12)
(121.41285722418226,31.270965788769725,4)
(121.42297492580182,31.267663473426083,1)
(121.4264031285338,31.238805099590582,24)
(121.43654381551283,31.239105137351512,1)
(121.41528029256797,31.24815516633971,31)
(121.3928564425615,31.256626527028335,17)
(121.42396500671364,31.255788632879163,36)
(121.39187062558099,31.25919660934819,6)
(121.40831628040752,31.238094127155634,20)
(121.42621436581864,31.239268472418527,36)
(121.43405198551834,31.23215311737786,7)
(121.38610878073165,31.252987105048916,13)
(121.43598423650418,31.23719663646081,6)
(121.41036162345485,31.22726201994228,54)
(121.41131785948313,31.281237113692573,3)
(121.4262689300571,31.245412971617352,5)
(121.4531312440797,31.27819354041682,36)
(121.43640528673488,31.25348472459739,7)
(121.43958872336316,31.26152282836421,11)
(121.42674582814895,31.23951512015962,28)
(121.36768578553333,31.251375473798568,36)
(121.45821840745585,31.25961606062988,8)
(121.43391608571126,31.242522987914764,11)
(121.40089499722991,31.278437835674108,36)
(121.44239376166297,31.239690970550903,1)
(121.44374959042634,31.250848703405794,35)
(121.4065538990668,31.244420005515313,3)
(121.41583297826129,31.251411117589598,24)
(121.3751606495624,31.24469959333463,3)
(121.40903377508722,31.24491647945442,28)
(121.4287814881931,31.25030404671189,25)
(121.38584592684144,31.24771956974217,7)
(121.40834050463857,31.25434721744428,37)
(121.3829580733435,31.245507425913612,1)
(121.4301898677137,31.23982094686241,1)
(121.39837873168146,31.23911855878407,18)
(121.375453738346,31.306473541894835,42)
(121.41088863209991,31.270057315889595,11)
(121.36497252034383,31.31327984187347,42)
(121.33773988588105,31.29876508790529,34)
(121.37244688801974,31.255986036439786,25)
(121.41310137960295,31.260543696830588,8)
(121.44906297318813,31.259123087016157,6)
(121.42898796927946,31.258612479788436,7)
(121.42492498774058,31.254492316828085,35)
(121.398116949253,31.239313475835708,3)
(121.40912899851062,31.24408450081215,36)
(121.43591179070422,31.23895889477442,42)
(121.38670692970292,31.232989144638964,37)
(121.4050196923701,31.295099250948322,36)
(121.42306977027808,31.26452860471369,22)
(121.42764266557741,31.26219682154655,7)
(121.37652691150882,31.232839075295217,8)
(121.39618735301396,31.293457213037325,8)
(121.40990338914096,31.2402823689379,37)
(121.44604855735015,31.263164158997732,17)
(121.44291982699131,31.25184156077291,1)
(121.40359867736255,31.302020857169005,25)
(121.42259871555002,31.238646008398334,4)
(121.38714960173033,31.238114818564668,12)
(121.41009155689474,31.228337961750114,8)
(121.39920076543936,31.27093119300179,36)
(121.40084715939778,31.257535960171953,38)
(121.38041796480675,31.290363867196646,24)
(121.409909090405,31.25959903267132,27)
(121.440430438052,31.26372754278059,11)
(121.36180831017644,31.24769803111488,36)
(121.42393534741974,31.259381216328737,37)
(121.38412559557132,31.239471920196678,38)
(121.43351679715319,31.248137354340617,1)
(121.45795400706979,31.25203236569252,3)
(121.40807243911611,31.24242388509422,19)
(121.44497531421756,31.246032641189952,43)
(121.40997370644509,31.24275717882804,21)
(121.3738191325778,31.232486875498804,26)
(121.41014115691912,31.26236466646897,12)
(121.34883883188297,31.29387528567378,10)
(121.44135988356476,31.265082726785568,36)
(121.43013012830376,31.25342406365223,20)
(121.39027146998052,31.257778443202138,37)
(121.43848090703861,31.264889849494732,2)
(121.46021420036575,31.25357507601059,1)
(121.38344752746801,31.25591348410899,7)
(121.42778096255695,31.23110234649934,34)
(121.44741918468165,31.244872922425913,23)
(121.42674698221322,31.252762021375293,36)
(121.43684477669086,31.278554827433677,19)
(121.43390084480444,31.2509797695918,34)
(121.42609768957402,31.256423115580304,1)
(121.39746849389168,31.28490945638649,21)
(121.40460021299278,31.266335754874046,13)
(121.38690281433091,31.286927592180714,8)
(121.4093385636419,31.242642097293935,30)
(121.38864826305486,31.25059760428001,11)
(121.38494282581735,31.240775155165984,58)
(121.42588474548035,31.239731963083315,10)
(121.39031978487382,31.240334242424424,7)
(121.43999125042528,31.2673880470945,25)
(121.42931653870288,31.269634871862998,7)
(121.42362139374754,31.245183210080587,36)
(121.37132850922451,31.249418190783114,11)
(121.3855156522987,31.28301653884228,36)
(121.40343861222914,31.244839129953206,36)
(121.4377802527786,31.266980710990218,1)
(121.43331324833811,31.234509076315657,34)
(121.40824768194261,31.242634178267455,10)
(121.34862436649853,31.29380987177101,36)
(121.43446351021669,31.261336925300835,5)
(121.37217146111539,31.255961664702365,28)
(121.42305839824307,31.262449186631237,36)
(121.38854499739729,31.24757654937288,15)
(121.42420748978975,31.24096887635255,4)
(121.4330059810299,31.260907157144526,3)
(121.44633371218299,31.24483254310888,37)
(121.42468162763757,31.259140533935195,5)
(121.36473520866588,31.246277860082245,31)
(121.36514060768008,31.277186763609226,36)
(121.41531055876573,31.239900461026554,24)
(121.43574078866311,31.28178860059739,45)
(121.43976640768611,31.23848439071445,35)
(121.45520916405134,31.27765711121623,65)
(121.43662769696455,31.239267099987995,3)
(121.39198245112917,31.228490318609833,37)
(121.3893813720752,31.256026531330033,10)
(121.40396253857423,31.24482513652168,33)
(121.41400580140142,31.236404319832232,3)
(121.38488324979842,31.25786466046113,36)
(121.35326924037498,31.282447866143954,36)
(121.34758437985359,31.296735139846472,6)
(121.39675565158102,31.247643169357918,37)
(121.44070892651531,31.242520159711592,28)
(121.42935029897026,31.260556903869304,2)
(121.44678094111367,31.261144185922934,3)
(121.38501185170371,31.26228759495689,36)
(121.42903622363986,31.262071837163735,4)
(121.37267623583917,31.2559413159588,36)
(121.45606703005726,31.26375473398099,37)
(121.39968685239599,31.24692695785318,37)
(121.34016689329243,31.287170936416235,4)
(121.36194801906126,31.280052776215157,36)
(121.37492227594129,31.309955220050167,29)
(121.35272093150208,31.281264108792694,32)
(121.39099561609314,31.289636744979063,18)
(121.42266314976499,31.267169484219984,22)
(121.42418629689617,31.238530791625642,10)
(121.45495071675735,31.276696244331003,26)
(121.45886030822082,31.25961870477154,4)
(121.4231353308398,31.262445129485442,30)
(121.37415955295077,31.26846459333006,34)
(121.4361008662692,31.253409729211217,36)
(121.45785234019188,31.24714103034448,19)
(121.37562671859085,31.268903589310145,37)
(121.38554875849582,31.28701663607641,35)
(121.43883319343934,31.27906940563901,19)
(121.3964496608788,31.251770525157546,5)
(121.44695013899879,31.24177685635521,36)
(121.43765146063171,31.26694287095628,10)
(121.42638558064624,31.250983316357452,16)
(121.44400032030394,31.24395182964353,14)
(121.42510082144653,31.254549199896644,36)
(121.41926192765114,31.246574644193498,4)
(121.37220513063919,31.286108393582765,36)
(121.36659463552832,31.271201424057523,36)
(121.45666881088499,31.2510536159401,2)
(121.43466503433974,31.255477344663593,27)
(121.41341285682041,31.261417460278416,9)
(121.42557259389795,31.245837964971287,36)
(121.43308715726049,31.25276251760501,13)
(121.37148018063134,31.299692842253602,36)
(121.39819107618644,31.256281555547396,36)
(121.34723844156711,31.284324858291576,36)
(121.41114039698269,31.24455669967415,37)
(121.3764221888368,31.24955972539099,31)
(121.42187091996206,31.27993736854227,36)
(121.37314754982548,31.228240485596874,36)
(121.42889566785092,31.25961838207062,4)
(121.41174769829796,31.22680850026719,2)
(121.41682774026766,31.239126500163316,2)
(121.39396893033344,31.246138120141488,3)
(121.39928162471325,31.246027425798903,36)
(121.41376327946095,31.252296500547658,33)
(121.4464723409592,31.244825267413706,30)
(121.4189209215571,31.228550276212754,1)
(121.4594843258913,31.25570262975793,6)
(121.39494563153283,31.23581899292191,8)
(121.43102234166993,31.25738885328204,24)
(121.4132568181395,31.26128722788715,29)
(121.41099563863143,31.252678324429585,2)
(121.44438216268762,31.253743032902786,4)
(121.3852370929665,31.292838269395805,20)
(121.41568931080018,31.29634123163767,36)
(121.37418737934773,31.24295350463934,36)
(121.40228988867031,31.261534030748315,37)
(121.42853728172793,31.24466577856855,36)
(121.38644716015013,31.23855646110037,36)
(121.43463952840533,31.255477539650762,29)
(121.43306686306323,31.271614398031453,10)
(121.41318181965731,31.233184091081068,3)
(121.38082993407555,31.284192805058954,5)
(121.38856737570613,31.287156006108997,28)
(121.39332006601559,31.241078488020392,8)
(121.43386737202133,31.26755979577566,11)
(121.38820887951701,31.296623511011543,28)
(121.43671376958747,31.26461613913247,25)
(121.34123753664234,31.286555304782503,36)
(121.44983491906649,31.267655466715222,36)
(121.36501235693324,31.276920460145156,18)
(121.45193243381031,31.247891783212957,34)
(121.39731455710219,31.266364549932895,26)
(121.41083206329064,31.228467440438536,7)
(121.43487662011425,31.253367626261987,37)
(121.43802261021749,31.25272021296289,6)
