(121.3834245869768,31.279873621721862,36)
(121.40189887588437,31.23951323116578,3)
(121.4270073399106,31.271522856303775,14)
(121.44557784792916,31.25461741887199,36)
(121.43751999079645,31.251838306491763,34)
(121.42889736908316,31.26588987037872,36)
(121.42161008875524,31.261027776622665,20)
(121.44392680092103,31.273789366384182,36)
(121.42513027336847,31.240455077520778,35)
(121.41357399733401,31.28784484114509,27)
(121.44411636686709,31.25009086165061,23)
(121.44947235052393,31.242164087268925,23)
(121.41918978844673,31.23403002233979,30)
(121.40189203878249,31.28231564177997,5)
(121.4206607523338,31.234521028799605,3)
(121.38286286903335,31.29037134823684,37)
(121.43122081031792,31.26571422399344,2)
(121.43717101637135,31.27880028791047,22)
(121.33981545129878,31.287712091235075,5)
(121.4194279957781,31.23716732340896,10)
(121.41829311284165,31.253052015975836,25)
(121.40830100241723,31.246358840477672,23)
(121.40339299841946,31.299417210040264,37)
(121.43820601106763,31.260812482038993,4)
(121.37956491738709,31.233112343708267,4)
(121.36542509242929,31.28474995937403,36)
(121.41245099341313,31.243948150968208,16)
(121.4239947133597,31.241275177169914,36)
(121.388582729626,31.29105958813625,12)
(121.41119229765692,31.243557242941783,26)
(121.4256654042237,31.242282184502002,48)
(121.39261248720986,31.262445769239875,226)
(121.40814375659707,31.242672099371976,32)
(121.44201369468799,31.259051839443593,36)
(121.37608222821277,31.246298480785587,36)
(121.41950213370893,31.281713746518356,4)
(121.44387316071618,31.26524084021922,3)
(121.4563570798069,31.25659479112493,19)
(121.37012097657568,31.310783270604656,33)
(121.38893308394792,31.22717085984849,151)
(121.43814632945336,31.263326646203417,25)
(121.41095864950073,31.300761267919682,16)
(121.41840361493084,31.230010696529057,6)
(121.44492984026076,31.24508392610214,5)
(121.45805205844295,31.267494689496935,102)
(121.43037321845568,31.24648074213929,17)
(121.44728278401558,31.24845075584478,36)
(121.38097574883466,31.291512910617172,5)
(121.39372890208716,31.247586630797326,5)
(121.41647131684728,31.287888348226893,11)
(121.36409589876685,31.309515048710775,36)
(121.4416786750522,31.25790915007044,36)
(121.3443880922064,31.29311382511656,10)
(121.42871042400452,31.265606832883428,7)
(121.40006178231923,31.25609310926618,37)
(121.4161421662801,31.251408271069106,37)
(121.38490443491166,31.231783338098687,36)
(121.40162800328355,31.276160074477488,2)
(121.44275265297921,31.257688382232814,35)
(121.40757183788956,31.27831359822789,22)
(121.36860779391361,31.31427247617485,10)
(121.40867563902391,31.254056215584598,2)
(121.37263284599172,31.286765219068965,36)
(121.46347156198851,31.268322980419125,36)
(121.42822820724392,31.262500440584333,11)
(121.42304354064404,31.24525690503749,16)
(121.35191822618867,31.280871535701237,11)
(121.4412910167359,31.26517186951627,44)
(121.42520096898325,31.239495662609585,24)
(121.38574477128411,31.230643250759808,3)
(121.37946324379003,31.284374424098658,12)
(121.42639429297869,31.24058491114137,20)
(121.41741614870823,31.22890076059587,36)
(121.4216744047542,31.262597286988655,34)
(121.44904129101451,31.251769062004605,16)
(121.42244281397636,31.284100687280308,36)
(121.41584455984294,31.253051885812912,6)
(121.39226233420898,31.231737395790294,23)
(121.41717842917511,31.237750721168773,1)
(121.42815814626634,31.272495203936693,36)
(121.39662541452742,31.24567923809669,3)
(121.43665986687236,31.253279299416413,20)
(121.40313582441499,31.24733597859742,11)
(121.42918572847503,31.2585512576418,17)
(121.4325024953289,31.281739503004044,14)
(121.40463714981847,31.225616312578936,1)
(121.45924858343066,31.260001207936607,5)
(121.43783828291919,31.240604619922472,12)
(121.45329847592377,31.27393843727772,8)
(121.43260155229417,31.233571310576448,1)
(121.4212355063894,31.24654546373254,36)
(121.40606539825407,31.238791458412777,47)
(121.36538461064214,31.24915711543995,36)
(121.39208729517956,31.232265361976463,42)
(121.38168860900754,31.234076009890487,2)
(121.3815626555547,31.2708390268959,36)
(121.39876920047465,31.25615247124823,1)
(121.36842449649617,31.31437325417951,20)
(121.41835407033328,31.252994960178373,36)
(121.45889821106657,31.25964363251374,3)
(121.38711948925189,31.276295035096144,6)
(121.40738947072285,31.289480150059568,110)
(121.46345559219041,31.256619988111872,2)
(121.350704409299,31.284511973942607,37)
(121.44990199269868,31.258725510419456,1)
(121.40102052957945,31.300093229363377,4)
(121.4325458419085,31.25200580979751,12)
(121.43277248848278,31.23838820211141,29)
(121.41775140628968,31.252693124332392,25)
(121.41931621976786,31.234354948178538,16)
(121.43899701360878,31.241698947982538,17)
(121.44494529517073,31.245124286018733,36)
(121.38277076333728,31.29036225499724,30)
(121.44027218227116,31.280518829547873,1)
(121.4023226024429,31.23016674089536,7)
(121.44231683268032,31.23885271177155,1)
(121.43778814524528,31.254423282120612,21)
(121.43238040291257,31.282584039922554,36)
(121.38436661826212,31.279889508570776,13)
(121.36497202026682,31.313302841762308,10)
(121.40475673077007,31.242362503286138,9)
(121.38912731767356,31.282279883212716,36)
(121.43376352128746,31.233524092160987,36)
(121.41170273420168,31.238553890091133,6)
(121.42525252508142,31.241396239166704,12)
(121.41155067894356,31.248934569193878,27)
(121.45827783346984,31.24992473210739,7)
(121.39998478454426,31.256420228515363,25)
(121.45567903250964,31.247365573337262,9)
(121.39574675435138,31.231972632734674,36)
(121.45242135880314,31.27890013581983,18)
(121.42529811342571,31.248658445305132,19)
(121.43742019150817,31.236575819993625,1)
(121.38734536247522,31.288376538745737,14)
(121.3826452960778,31.246092656520837,4)
(121.4422411269861,31.28652529587472,7)
(121.37696356423929,31.26863606718579,22)
(121.44539282014539,31.263741042012953,3)
(121.45912698723946,31.263985999349977,5)
(121.42260343122356,31.231787838603427,3)
(121.41116418336276,31.276545495845454,5)
(121.43532941639867,31.281779120357125,36)
(121.41244994756097,31.231951714226053,4)
(121.43874007438676,31.260346533589896,12)
(121.38196485163112,31.244627054663397,30)
(121.45385265470792,31.256758993744057,33)
(121.43869428318771,31.261854248100132,30)
(121.40888545347931,31.29799946955377,36)
(121.41870766866757,31.262389859202578,4)
(121.40986898051857,31.259669224191875,10)
(121.39186959899138,31.247418443928424,3)
(121.43627050566357,31.255455958331677,32)
(121.38354047831778,31.232191835210436,48)
(121.39218153133093,31.23254092711841,25)
(121.42844016166556,31.264926730062182,36)
(121.42353906100004,31.229548437012042,36)
(121.42286164364369,31.274766543764496,7)
(121.37936752744803,31.288728400292374,37)
(121.38239307949691,31.253013194015438,33)
(121.39283392917629,31.26626123531572,9)
(121.40185335595277,31.233676568575973,11)
(121.4306132760719,31.234380076966104,12)
(121.46014273436612,31.263799326790167,37)
(121.44159370188095,31.25481296981092,3)
(121.44830841917673,31.251845672210848,15)
(121.37644465940608,31.2779853694532,21)
(121.36420011319645,31.309487360736753,27)
(121.41127627935155,31.243576235836688,36)
(121.45833770315795,31.25317615764237,8)
(121.38087609539457,31.285399343861513,37)
(121.38941241564915,31.25622363991127,32)
(121.36422966614867,31.238921791763286,28)
(121.42622735860746,31.239340493788433,6)
(121.41234127604882,31.258272490101692,34)
(121.4109499120785,31.2614241363948,22)
(121.40464749153591,31.25520790355386,1)
(121.3668985769444,31.252941021035472,1)
(121.41697603965562,31.230496565478365,4)
(121.40068420458871,31.30444917860069,5)
(121.41094724656162,31.242034382870404,15)
(121.46017647131599,31.25553601838728,22)
(121.41788226546775,31.25334691216985,2)
(121.36499563027543,31.28861510008122,17)
(121.40903457528363,31.244943879567632,25)
(121.45653748651655,31.24769910241324,17)
(121.39527639256909,31.239560522279344,9)
(121.40913249937157,31.244088901530116,21)
(121.41052844617748,31.243601375063456,16)
(121.40783313206721,31.304727149955333,36)
(121.4043478325246,31.227215348720094,2)
(121.42271679346025,31.275063770043992,1)
(121.38619151335085,31.279985162273807,33)
(121.38890750429384,31.250751867900675,17)
(121.39369475738349,31.246179986061883,20)
(121.4082129733513,31.25395659180568,36)
(121.37736427743809,31.27119175488142,67)
(121.39536541466919,31.223752769953535,1)
(121.45796857348046,31.247469316401812,36)
(121.42634222890187,31.239225342510785,20)
(121.34959790714069,31.287552122118566,1)
(121.39066304172424,31.240128385973193,37)
(121.38892333817138,31.26017099025279,36)
(121.37905045669056,31.281418764316857,31)
(121.35831477101726,31.286840892766964,55)
(121.41119230585753,31.243651285062978,13)
(121.39071156801921,31.246272447512432,30)
(121.40460006930307,31.23621317985395,33)
(121.37122537582873,31.272023280162774,36)
(121.39887063069767,31.259400157333182,37)
(121.45260138528312,31.251404216693672,28)
(121.44097090251752,31.25720592006731,19)
(121.39903946618158,31.229730276399337,2)
(121.38498631134514,31.291785896375103,37)
(121.44415967749799,31.248295782140982,105)
(121.3889126790138,31.230729949226493,16)
(121.39896894961184,31.22983116224988,5)
(121.35867706794835,31.282954939442018,4)
(121.42710331461672,31.23803613182426,36)
(121.39101192738947,31.295725500617333,21)
(121.38810756086524,31.271072014367427,20)
(121.39255739919345,31.238199438502626,43)
(121.35305511612168,31.295244020677977,16)
(121.44198944747919,31.2389142484579,19)
(121.39466028518389,31.291164545611544,19)
(121.45826760447764,31.26826670099085,5)
(121.41866685924802,31.252818722353364,36)
(121.42780580373065,31.25127457569968,36)
(121.38248501606327,31.251063427328255,6)
(121.3549859016971,31.308864444684428,25)
(121.43888259912629,31.252016466534062,7)
(121.41407502948296,31.239326622995456,2)
(121.42235692568563,31.261655338048566,4)
(121.4504509184239,31.26053526393008,36)
(121.41713246376166,31.237855789575185,3)
(121.38685378570881,31.252691102348013,12)
(121.37438955872312,31.276143103110385,18)
(121.38721881441144,31.250224206574362,36)
(121.4537301497883,31.24755519157746,12)
(121.39281621378596,31.24671171313396,36)
(121.41369348567852,31.231434743497477,7)
(121.4461966829076,31.241667124816026,31)
(121.43290474497954,31.268047328524187,4)
(121.37701694127443,31.272131603002443,9)
(121.40539218420355,31.260517897721275,11)
(121.4495591721195,31.2582252723424,355)
(121.40453177646509,31.238763764281693,25)
(121.4133887267968,31.244646641560198,1)
(121.42547423779716,31.252090815710226,25)
(121.43544116409512,31.280834590990374,18)
(121.40110331442504,31.22862146560879,18)
(121.37533272110197,31.227692971559566,36)
(121.40991939294514,31.259513234982958,3)
(121.36497282039159,31.313261041951556,11)
(121.40452932036116,31.296476806957692,36)
(121.40189979750953,31.250082953135397,6)
(121.40525703338922,31.246577903988175,2)
(121.3768522867815,31.233224560016392,4)
(121.4415039554327,31.257449217712434,18)
(121.41034656348157,31.256000882741592,26)
(121.40616739397196,31.273094415287904,7)
(121.39825870425878,31.232045548868054,22)
(121.40423012469016,31.23998573142298,20)
(121.42310923780057,31.284023185473295,1)
(121.44464227233132,31.272391605944193,22)
(121.40360748965276,31.231092712123868,18)
(121.43227399261706,31.249477003065998,1)
(121.43272868905777,31.253141099039414,5)
(121.37181622887826,31.294192122619933,36)
(121.42305746403362,31.25173452683924,25)
(121.41428880175515,31.24914594740101,6)
(121.45444766621956,31.273467926090518,2)
(121.44626399689929,31.241621036720026,3)
(121.37421446684647,31.2895583671235,36)
(121.441748180145,31.265175172462904,4)
(121.43394820891503,31.255940888344252,36)
(121.3791338679867,31.284909281730332,36)
(121.44190419225482,31.25638635586088,21)
(121.41748112279751,31.229609257247837,2)
(121.39186969776782,31.248551946868453,36)
(121.42663094751165,31.239483207053397,35)
(121.43966367732754,31.267294985577454,16)
(121.4294850059784,31.232926951548283,1)
(121.40494266681698,31.231201922921436,20)
(121.45271358957075,31.270509066943436,19)
(121.4442448103994,31.24659109905185,13)
(121.38127502082884,31.2692323813979,85)
(121.42760587864015,31.265344539112057,11)
(121.42261378299663,31.228096171227676,36)
(121.38923626118101,31.25617749056917,36)
(121.42677580932569,31.239666161856572,34)
(121.37259433147337,31.281522032876623,36)
(121.42318427936688,31.262346051518275,1)
(121.42247570157853,31.253322871702963,36)
(121.36033191199506,31.28790198943998,33)
(121.43671460730168,31.253950447232004,30)
(121.40954142106425,31.260850784674066,1)
(121.37380246919255,31.29661265529894,20)
(121.3838164098964,31.24828051865246,36)
(121.33595422175563,31.2933590230886,36)
(121.37994835428488,31.244078718723234,29)
(121.44767760095186,31.244465282046917,23)
(121.42835763462946,31.231787724448363,14)
(121.37850126613893,31.277182888071508,36)
(121.453554665575,31.248647028048605,6)
(121.44340339524322,31.256403198634597,20)
(121.396987083078,31.274212721385442,1)
(121.3623782835168,31.25097278566216,28)
(121.4463324150055,31.257298119876182,126)
(121.40572940745555,31.239058562491046,2)
(121.38889472978904,31.276433858710206,5)
(121.37838460300942,31.270095312509763,13)
(121.42340565061394,31.239037907971465,8)
(121.38359273373827,31.256433848441738,13)
(121.41733256954974,31.251809932557645,18)
(121.43836840516937,31.2520637000879,52)
(121.45621353062882,31.253942442268958,30)
(121.45051801166353,31.251849350774023,10)
(121.41783518197198,31.250686200610062,36)
(121.44772330815178,31.242217192910864,35)
(121.3984193192508,31.24647932400836,10)
(121.34066499329523,31.290874184700836,4)
(121.43357369528226,31.24388000556451,3)
(121.41009655800391,31.242652935620452,7)
(121.40619619113004,31.24783951852063,36)
(121.39200006664306,31.251689414809398,9)
(121.37080532086132,31.279069646824382,35)
(121.42788126403354,31.235854426707334,1)
(121.37981466752923,31.29561031311808,33)
(121.36422591677223,31.30949226369303,10)
(121.39491354590433,31.2235663310971,1)
(121.37642459006878,31.245960033161744,27)
(121.43277568447982,31.26530030872413,36)
(121.37933993347745,31.233672010803232,30)
(121.45900294481577,31.259741445105714,3)
(121.41280967822264,31.25307910906007,33)
(121.41121529074489,31.2435402310777,11)
(121.40218350773898,31.25744724098409,23)
(121.39524500473699,31.261054327912262,17)
(121.41222496251969,31.259458715749105,17)
(121.41880289375771,31.253878203904115,37)
(121.40925398373359,31.259934923660882,2)
(121.37891867556499,31.262897845518097,7)
(121.42513527859404,31.279485003315703,27)
(121.4089439529894,31.246223458302584,46)
(121.40069346887346,31.238679555043465,9)
(121.36879910983363,31.314243735590562,36)
(121.40302290448453,31.25996249241207,37)
(121.45407774312096,31.260872501138664,15)
(121.45496361118013,31.252829016035935,7)
(121.45803784277653,31.252635449741533,13)
(121.3699228209001,31.247609394368666,19)
(121.38092830234767,31.275555350000104,2)
(121.40824889191242,31.25650631228178,28)
(121.39253407273516,31.238330902829095,14)
(121.46159896846157,31.25247754794234,25)
(121.42493997249592,31.243020222087594,6)
(121.41117731435578,31.243708313356585,9)
(121.39210410475334,31.228282919724336,13)
(121.37650629661456,31.284328046185085,37)
(121.42531306335064,31.236787105255903,37)
(121.3964822921246,31.227429210170698,2)
(121.45997033291611,31.247598982362508,11)
(121.45912645033424,31.25778332499591,1)
(121.42947472729882,31.251060693583845,11)
(121.45200845602754,31.274743345306387,6)
(121.44213436042985,31.241005968126892,5)
(121.37758453739116,31.293107838883504,30)
(121.36498693975432,31.24931188410751,28)
(121.4633361214469,31.25897793373328,20)
(121.42165159696341,31.23482043489243,36)
(121.38892496060929,31.27877985314673,2)
(121.40598979833075,31.24341053481183,36)
(121.42749585383746,31.28075148639066,24)
(121.43349516624633,31.25946996234547,8)
(121.34426275261656,31.282629311271577,36)
(121.42518876689799,31.24820354380967,37)
(121.38467488323965,31.257768246155635,35)
(121.43703311570883,31.25149101695642,13)
(121.42759270920274,31.248725476552377,10)
(121.4090170242612,31.2302444916979,3)
(121.42175662229046,31.227375470443747,34)
(121.39357785227192,31.225174358078327,17)
(121.43152839795229,31.262512808395286,28)
(121.41764400671572,31.260379648658972,16)
(121.36837932492323,31.30933866942614,1)
(121.40211559354073,31.261875728450853,5)
(121.37608032716574,31.24946007398854,7)
(121.39918113224482,31.229336824734677,1)
(121.44815398828892,31.25350414272105,65)
(121.36763717035514,31.2452276789244,1)
(121.44289944710317,31.28147320088822,2)
(121.37128208592813,31.313631644770688,1)
(121.45324289860194,31.25306566568269,1)
(121.4359459284637,31.241578721002895,29)
(121.45123344447782,31.252548297492847,6)
(121.43716021387266,31.278636086146935,29)
(121.45370131439796,31.271666678769805,36)
(121.38875146632309,31.297797388755956,21)
(121.4541437972533,31.277991426379188,18)
(121.41233889072346,31.259491539487822,20)
(121.38892605292864,31.291300944093305,4)
(121.37730725764119,31.27121155391656,4)
(121.45101108534284,31.27484691411289,1)
(121.37400714729921,31.309116239150374,23)
(121.39339148005116,31.268241403057676,36)
(121.4286329666761,31.27671551086019,36)
(121.40867499379218,31.246658950142876,31)
(121.42545925275617,31.252090828107903,22)
(121.34840222674023,31.281591632191663,5)
(121.41277325571848,31.27101783221811,28)
(121.41081173440573,31.24180608612846,12)
(121.41750566736788,31.231127547009372,6)
(121.39467147971126,31.247438075938625,8)
(121.42339407766976,31.262154816402877,27)
(121.43312154510383,31.278396311584512,24)
(121.38143246232573,31.27040371088948,71)
(121.39684275216122,31.247693209792402,102)
(121.37595870530667,31.249458955707745,36)
(121.3702789712605,31.28476226232069,29)
(121.38537014669322,31.227858639190913,23)
(121.42776653981367,31.237539299438343,36)
(121.39190450559529,31.291949263397967,20)
(121.44049155928748,31.25642326167709,36)
(121.38528906157829,31.262333952273693,23)
(121.3902505654012,31.25783753923862,6)
(121.34388152509419,31.30072415277369,29)
(121.37893400714339,31.266483394396303,34)
(121.41052844268783,31.243561357138695,15)
(121.45977436968157,31.265067030886723,33)
(121.45939578690464,31.264594788013866,86)
(121.378040929819,31.27908967753764,11)
(121.41230878326958,31.259455733267217,37)
(121.41119481397266,31.2723977583773,3)
(121.43691485123306,31.243716404937913,36)
(121.40679668349172,31.230472682077167,32)
(121.45211129980703,31.28021308325473,3)
(121.40863702043553,31.246920069018696,6)
(121.3688989254956,31.230932105043554,25)
(121.4242534410226,31.240900810244607,36)
(121.38280180055905,31.290383293656134,18)
(121.40146694531907,31.275984963368746,1)
(121.45966173423759,31.27275511019641,1)
(121.44207551847846,31.264531391869532,11)
(121.41157727201495,31.26726651807687,26)
(121.46246745268292,31.26945379396431,7)
(121.40006328665693,31.26187061142295,21)
(121.41770367712267,31.23255010634159,19)
(121.40668234844843,31.226625903936416,26)
(121.42742332200761,31.230664475217264,2)
(121.4499111463268,31.27399650154618,1)
(121.40004990107137,31.271909793719548,36)
(121.42268314120702,31.244346514280263,5)
(121.40349989069334,31.304646858917653,36)
(121.42238557993517,31.259978440177548,26)
(121.44218889562275,31.277018377854596,2)
(121.40669460150359,31.26058606519521,12)
(121.42199808239688,31.23492820686227,4)
(121.3862308999187,31.291414746001006,4)
(121.4178681623279,31.26037269562837,36)
(121.45146524484488,31.252092199484547,36)
(121.4464645393463,31.244847266007692,21)
(121.43698585093401,31.236103189255154,1)
(121.41832359579162,31.243487654518127,19)
(121.40793810604345,31.24913474434193,27)
(121.44260677698858,31.244464782139154,12)
(121.45549006368748,31.272990585328238,13)
(121.40997166546244,31.244930048461967,10)
(121.43187690226077,31.261976410526227,74)
(121.45895507834568,31.25983258955309,9)
(121.4394228186336,31.236360924204835,36)
(121.35184600471264,31.296580227171063,5)
(121.43787796397915,31.254038990633223,42)
(121.4090185713488,31.244970476196386,25)
(121.37871940615531,31.28192411223339,36)
(121.3929593183699,31.223805362457384,36)
(121.4223445893805,31.236374507569877,2)
(121.35991522205636,31.2802168407738,36)
(121.39175841442554,31.280674601743918,15)
(121.45410004644742,31.25810800978081,36)
(121.34626347609904,31.28202041053921,36)
(121.4180432053502,31.252727347066127,8)
(121.39475766752498,31.299711699157747,50)
(121.43877743020802,31.25367958002912,31)
(121.41103233185804,31.243525257482244,36)
(121.4477660094081,31.253842075464668,33)
(121.3892822839894,31.255986441188284,26)
(121.40813785515735,31.242340898787255,36)
(121.45387662435249,31.247456426471246,13)
(121.40950810168938,31.260547962097306,12)
(121.42257217916172,31.27807712311856,37)
(121.41819804313522,31.241070801651453,32)
(121.44447842551982,31.25825038919294,6)
(121.40939264203617,31.255090604834592,36)
(121.39436798325626,31.25985680751874,21)
(121.38973555927787,31.277705003200985,8)
(121.42565743387557,31.23879025494783,1)
(121.4515711871782,31.24975405307302,64)
(121.44934479121446,31.24219324469655,24)
(121.36458778649559,31.238992859090747,32)
(121.44625799564214,31.241584635732657,36)
(121.4084091216382,31.245711948447138,22)
(121.43704903783018,31.26236372720148,20)
(121.40037292111172,31.245030319827936,36)
(121.45522996597481,31.252950521138317,9)
(121.4460366495876,31.24173269655521,36)
(121.37619906650995,31.26484559073185,23)
(121.45915024301011,31.257048367190116,27)
(121.4040382570508,31.26209556674749,7)
(121.41093570027148,31.270416971332576,7)
(121.39596014698276,31.22365588791539,9)
(121.39832028026962,31.26945325673055,12)
(121.36902849791238,31.3143340921498,15)
(121.44199288796737,31.27848639018251,13)
(121.4460493612095,31.248583958416923,20)
(121.43513551481851,31.245142662118372,2)
(121.43810585186169,31.245598945189958,2)
(121.4040338557938,31.24486695096336,18)
(121.41349017568234,31.245191907889918,35)
(121.3897580236875,31.28281812335738,8)
(121.42645207423348,31.241943515738893,178)
(121.42521397304475,31.248077949249698,3)
(121.36450455502373,31.31147259137135,28)
(121.43969740327506,31.237053842196335,36)
(121.41897463721357,31.268913710614317,10)
(121.42135862562779,31.247378650322503,3)
(121.4485639729379,31.259775101086436,25)
(121.460659115522,31.267331257013264,1)
(121.42503987183586,31.25444420327503,12)
(121.38746976175746,31.287109174533747,37)
(121.45707957493653,31.25578388438863,37)
(121.41190398298754,31.24603147477094,34)
(121.44402692597293,31.243897934538975,36)
(121.41278616527157,31.2471134799476,36)
(121.42661563888764,31.27107032491563,23)
(121.3931741415248,31.231585087276695,2)
(121.39139998287773,31.290279270352713,25)
(121.37665893965536,31.277786540471805,33)
(121.36711343287683,31.309252009814443,23)
(121.39416503662886,31.264815058661735,36)
(121.39874151677726,31.247217769312503,34)
(121.37869152656755,31.287581875614883,36)
(121.42476463008151,31.248618858494147,16)
(121.42398076214535,31.264610431161064,2)
(121.34487958336096,31.299274301804257,36)
(121.36427632313365,31.31182116419731,31)
(121.44173230086227,31.25474568911731,36)
(121.42740882834036,31.236290061843683,35)
(121.39741528457702,31.251960313193333,5)
(121.40538378361107,31.224417765671873,31)
(121.43954484852162,31.256359383838,7)
(121.3973439630451,31.305339088832067,28)
(121.37554961222268,31.268943512716493,27)
(121.40964642589459,31.23715132149067,4)
(121.39396429040872,31.27113960739684,36)
(121.36846254388809,31.31418623803087,36)
(121.4129390022879,31.24581286137108,18)
(121.4348262658376,31.282839185025058,36)
(121.3724158427852,31.256015008472705,27)
(121.33957089524374,31.28763359729327,24)
(121.45206128553771,31.263749106612647,11)
(121.43061187572972,31.234319076795064,20)
(121.40746181201125,31.29793470265048,3)
(121.42146345014615,31.23705538059591,1)
(121.38477339947501,31.23792071310753,10)
(121.45434782366203,31.260979821423284,4)
(121.3901572415736,31.282297971374295,36)
(121.438500510546,31.239305917246956,27)
(121.35667858684506,31.28803453884967,9)
(121.39859543662918,31.246983612773978,5)
(121.41016936113148,31.230371419927174,1)
(121.36317267408037,31.30490535474755,16)
(121.38295535811156,31.245834709046697,16)
(121.44446020342752,31.278942635017067,17)
(121.45941539034422,31.265022589988966,36)
(121.45085105390274,31.27422788894273,35)
(121.40855036656197,31.2851571604958,13)
(121.44728033329335,31.257849315903602,108)
(121.45060181893224,31.251812176022927,30)
(121.37861543105117,31.287627809367223,22)
(121.3896418682599,31.259195096704993,18)
(121.42987980247722,31.246728506067033,24)
(121.43236701355966,31.231308565730814,8)
(121.44647596497282,31.25413466972002,36)
(121.33979963383297,31.29777501060924,32)
(121.4119481120447,31.255105200377784,35)
(121.39056833671272,31.290292718740005,36)
(121.4482202018209,31.2538703533797,39)
(121.44670022005221,31.283252166394693,4)
(121.41046164810705,31.228182039037787,1)
(121.37394275746088,31.239957849333187,10)
(121.45644862699761,31.2610114882909,40)
(121.37081834678442,31.244552823511263,4)
(121.41018685771489,31.259031222219715,26)
(121.41012044260626,31.242474509887,10)
(121.41932848908696,31.242056586879027,28)
(121.38841973727571,31.258380833722104,9)
(121.35459567094954,31.303048055752676,10)
(121.37263017029004,31.25599828085225,11)
(121.40807627500881,31.237818014291918,3)
(121.39893943822119,31.256879087638268,4)
(121.4242857482778,31.272534910286456,2)
(121.41707325974895,31.258067785237337,36)
(121.37613405902574,31.245927620479016,36)
(121.4426168302651,31.278185513772804,14)
(121.39197224862004,31.2884328956354,36)
(121.42741500910464,31.251286195740494,36)
(121.42003106338576,31.25418256886461,8)
(121.42880944706995,31.259500164756883,36)
(121.40518163400425,31.23744769963597,3)
(121.33967011757167,31.287626782133422,18)
(121.42204149550022,31.264722259349508,27)
(121.44477770970975,31.280500751812877,9)
(121.40632771216629,31.254354701985108,6)
(121.42864304903759,31.23193791110748,20)
(121.44639582508415,31.24483495399358,17)
(121.42874328924879,31.247508845854252,13)
(121.40443985452951,31.23231905783804,2)
(121.416746144898,31.266184419353998,11)
(121.4271042926633,31.24926416027552,36)
(121.42849824006773,31.232197169952972,1)
(121.4275219376154,31.272736276428734,38)
(121.33784916832863,31.29394256977921,34)
(121.41601707111454,31.29541173549336,35)
(121.3943472675786,31.293160176061274,28)
(121.415788306219,31.296829385829618,36)
(121.45796919359807,31.254633474138167,21)
(121.42902592285051,31.25859643542812,31)
(121.45136548301573,31.279471518138656,7)
(121.42284556393392,31.26224124914059,1)
(121.4437007607231,31.263412739370658,19)
(121.41254134138302,31.297120406046556,3)
(121.42420753241413,31.241458096580143,32)
(121.42536736935392,31.252379030598316,27)
(121.45560012724847,31.276987605932252,26)
(121.43206694544585,31.249901471460547,7)
(121.46126379425962,31.260951354408032,4)
(121.42615850171293,31.240162924398714,34)
(121.38845649507664,31.277442602721575,42)
(121.40537444680736,31.274141809513914,36)
(121.40355774064435,31.250267743545564,35)
(121.4378630087537,31.254270112384134,26)
(121.39755751832674,31.24488185507233,27)
(121.4286689036608,31.276474375836806,5)
(121.39999954834077,31.242180933449056,36)
(121.4199764413433,31.235146092972293,4)
(121.39007752878867,31.274106749699023,20)
(121.44687939508816,31.257232320350695,30)
(121.38619889666624,31.27041708487378,19)
(121.41071170979497,31.224392098160457,1)
(121.4052772368608,31.29471918165999,37)
(121.36711503311385,31.309258809997925,37)
(121.41360439308917,31.264386790938612,2)
(121.41521553438604,31.284951844627656,14)
(121.38898161183288,31.252494749353207,18)
(121.40030612946137,31.25913950467126,17)
(121.39494643499759,31.24503914996931,9)
(121.41117730118248,31.2435572456979,35)
(121.39678650128081,31.24574033627292,31)
(121.42585373731956,31.239275783168928,34)
(121.39881431314114,31.231898227707504,9)
(121.36610439834939,31.266752820417743,24)
(121.4462627134704,31.2576725810988,5)
(121.39862540921547,31.246527420667693,44)
(121.3771742422467,31.27243772299518,35)
(121.4289282734593,31.242430421059563,5)
(121.41222166157381,31.246038841092208,1)
(121.43638402471075,31.23861712638344,19)
(121.37516670055484,31.253250285402526,36)
(121.41589709226712,31.23771324744304,1)
(121.42472617832668,31.24301639108276,36)
(121.38160528077928,31.24294493913383,13)
(121.38836165279561,31.282345044529716,4)
(121.39918629832748,31.25816154980747,6)
(121.43637178483421,31.270063903914487,4)
(121.39684084904277,31.27513175393311,28)
(121.41745338014994,31.246680466193126,18)
(121.35353456520926,31.284237382862052,7)
(121.44661077372436,31.261136561432426,2)
(121.40307450626574,31.24381739882817,11)
(121.3713068056211,31.249589887454615,23)
(121.46047286483632,31.269221237348145,12)
(121.43575878777803,31.25537475893124,10)
(121.4603747316402,31.257423936750936,6)
(121.4181435526612,31.272628560181875,1)
(121.36197039616248,31.23940546114147,9)
(121.44424542571579,31.25367422740984,13)
(121.40899448947226,31.229814295541907,18)
(121.39199795592026,31.227460472791638,14)
(121.44599983529736,31.25286573252297,9)
(121.36955492608716,31.23956447306039,17)
(121.39511797695447,31.245178911702446,1)
(121.45140203064942,31.245100101954453,1)
(121.44569089068871,31.246255535188276,7)
(121.41148382104899,31.261829211961217,32)
(121.40365156325826,31.250364362428144,17)
(121.41783509795984,31.24972277516315,13)
(121.42658592514779,31.23867988330409,66)
(121.40695756574755,31.2606601192385,1)
(121.38057327016834,31.232554911195347,3)
(121.40488110141101,31.22477894752791,27)
(121.39260518511344,31.27102711539325,24)
(121.38014567433476,31.299255502176734,37)
(121.41093210834595,31.229235778071146,6)
(121.38078059720529,31.299455604728017,31)
(121.3984548308119,31.29802596047825,6)
(121.38571654219398,31.26282653844348,13)
(121.34011260044436,31.28170020755267,29)
(121.3758277622421,31.3006297342996,36)
(121.45163985889968,31.279565028364303,7)
(121.342936765898,31.303336133720848,36)
(121.4292715640383,31.280761555123533,1)
(121.40460607609968,31.305028150030846,30)
(121.37042963592513,31.255057936209987,8)
(121.40603494136263,31.23878117204426,5)
(121.36314066857469,31.309228741358385,36)
(121.37386559364523,31.227861226293182,35)
(121.45837253729168,31.247590494989176,4)
(121.41031008929843,31.255529524088708,37)
(121.37720803070324,31.270154993800972,14)
(121.42850609579959,31.261348730656827,42)
(121.44629170345486,31.24484423571816,26)
(121.37669723941247,31.246512573414428,36)
(121.4027651044269,31.285750253275395,36)
(121.39611048037156,31.274284813598964,21)
(121.40685380058066,31.26621552550228,7)
(121.38700607316831,31.22747871403422,5)
(121.40891324525565,31.259326726362662,3)
(121.42403424874853,31.259292102577298,13)
(121.35330284280707,31.28491986320594,25)
(121.45172059000095,31.244116619958845,36)
(121.42690571750502,31.240209291591164,36)
(121.44294942547123,31.28284549699796,14)
(121.40453963615013,31.24279214533347,36)
(121.41010041547098,31.230852650738694,45)
(121.37704849092144,31.277957067821674,1)
(121.37944467260286,31.244018137714846,12)
(121.4265641960775,31.252989282085462,36)
(121.38604586760692,31.252973294052776,36)
(121.42375098100717,31.241792594043723,36)
(121.41083161805403,31.224304392101306,35)
(121.40458536970411,31.239677748424736,18)
(121.38192194083516,31.28072350229637,15)
(121.3842521932367,31.277960131401855,29)
(121.35843280369753,31.29695215266827,3)
(121.37603881628198,31.26331470592095,22)
(121.36207903615576,31.27988789068747,32)
(121.40271113450726,31.29438258224097,37)
(121.4485517982812,31.24533109957583,20)
(121.41290225120096,31.232300540472917,1)
(121.42853047663044,31.23439135491578,2)
(121.37885203882733,31.244930410740203,4)
(121.38705460837762,31.282892075891414,16)
(121.34551062481606,31.290895951805307,32)
(121.4563893670918,31.27029723816662,1)
(121.38449746613212,31.299494501917493,2)
(121.37641547725183,31.299355939484283,31)
(121.38061788371911,31.29808614195239,7)
(121.38536161866811,31.29320449023289,30)
(121.44481738285886,31.26617568636767,5)
(121.36556696132007,31.23794636862478,22)
(121.44116360906075,31.246354852650693,7)
(121.4235248822059,31.264616699059243,1)
(121.35197073914071,31.292392777116856,2)
(121.37533659010013,31.27219462329436,2)
(121.37683316714009,31.232959821624814,1)
(121.44603417804555,31.24612088963108,15)
(121.41122925222689,31.231668844412415,2)
(121.45795361497774,31.24750236338973,2)
(121.41236626741701,31.23533227985454,14)
(121.41775845584453,31.24718652912915,43)
(121.40940756099437,31.242722126091667,36)
(121.45964410294604,31.258009280130462,2)
(121.42254503862931,31.230363264976397,27)
(121.42392645798891,31.250308078711218,1)
(121.35135463742961,31.299292926652196,10)
(121.37231735795048,31.313198289182843,32)
(121.38092543624445,31.24397694553543,10)
(121.45828155048069,31.256542631308996,29)
(121.4267942207094,31.267533360204542,3)
(121.41817855934156,31.233640642675166,4)
(121.42835530637282,31.254001084374398,1)
(121.42058723629489,31.264835355793366,16)
(121.39368375536276,31.24623900615528,27)
(121.41173515702432,31.25496218324115,15)
(121.37960658955626,31.274756615564144,30)
(121.3795232682512,31.2341188391221,13)
(121.38320254472644,31.247759663417337,19)
(121.4180146977812,31.242987459649775,27)
(121.4074849948234,31.258735631884534,26)
(121.38017335446052,31.286843189994837,36)
(121.41720545494525,31.284042660452037,6)
(121.37840036494345,31.2786188887641,36)
(121.4456462423711,31.26074396472548,21)
(121.45206566258082,31.27716921164003,2)
(121.45702499366087,31.24748734683736,22)
(121.37188432696584,31.29409917593352,12)
(121.38945746583616,31.256360732489,33)
(121.39633342650293,31.224583492898354,10)
(121.38057547052354,31.23290431085658,3)
(121.40359308190494,31.237914823477688,36)
(121.41793511482301,31.26205310409883,18)
(121.4540577944383,31.252553740385604,2)
(121.4506010049202,31.27430784747831,16)
(121.43509723875817,31.24131299304591,7)
(121.4099158920812,31.259592534098733,31)
(121.41348868042947,31.255744090766683,36)
(121.43333724701317,31.263184699220545,1)
(121.4535725309988,31.270604489732815,1)
(121.37667421981863,31.280765787277605,36)
(121.36873119400056,31.25203253980468,36)
(121.43053265681881,31.234223860999766,2)
(121.4201608461326,31.252749864756613,34)
(121.39428876830155,31.2336543444205,218)
(121.3987831100129,31.29967472540506,12)
(121.44987204887858,31.258603513348316,12)
(121.38257797284729,31.272329667454674,36)
(121.38534124838708,31.25236966857601,16)
(121.4390371975799,31.267551197994123,36)
(121.45557193856561,31.25646867240198,24)
(121.3959211373088,31.269105987546645,32)
(121.39015783660429,31.230947856035616,36)
(121.40274640643797,31.24340815673365,3)
(121.40649432850088,31.260813204580558,5)
(121.45347154838558,31.246730363931892,20)
(121.40090080193836,31.287118832529526,31)
(121.45308175502386,31.255649853596495,2)
(121.45924655927078,31.256979781022658,18)
(121.4251184486245,31.237585649111754,392)
(121.39157329935993,31.223527374689045,36)
(121.39747501111235,31.233987022468135,4)
(121.45206310396017,31.24767254089991,8)
(121.41041454606089,31.24448878947894,36)
(121.42195262039381,31.254353442492857,36)
(121.45099365156918,31.24620753297561,2)
(121.41266037054406,31.27484147625071,37)
(121.44630850694675,31.244840438673343,2)
(121.42856892169351,31.263888161789673,36)
(121.37674925698738,31.26849575652467,19)
(121.39996030765838,31.23957374716051,8)
(121.44462845476527,31.24725603646104,26)
(121.39015534114006,31.282426570754026,36)
(121.40635063876765,31.260928124588265,56)
(121.45154118953064,31.27892499311814,21)
(121.41410677551268,31.259480528168865,37)
(121.41015735163114,31.25544759246245,22)
(121.38387501999722,31.258199408321012,13)
(121.41819707841947,31.251984595055,36)
(121.38386501389853,31.280960858899565,112)
(121.4400628636717,31.25443178501615,11)
(121.45021092445623,31.26086280826322,7)
(121.38170383804281,31.22499283944907,9)
(121.40031776509747,31.2640911630451,36)
(121.38703750931244,31.258976994445497,29)
(121.44936222159177,31.259084666901,6)
(121.41609711729517,31.250589928537188,36)
(121.40614711080475,31.25839814934873,6)
(121.44861438002054,31.24208253085275,17)
(121.44825684790658,31.25006873666669,55)
(121.38833899446308,31.296595600682192,20)
(121.39900888001759,31.232184696712114,2)
(121.35981285967328,31.249149921387595,4)
(121.39349781433702,31.271267741796475,28)
(121.40608823424249,31.23690160270156,12)
(121.45121112538102,31.278639939669443,19)
(121.44492552169248,31.26409715818659,15)
(121.41051351024672,31.244301690813565,36)
(121.39400660373815,31.239091879991754,24)
(121.42333473752342,31.234726701454658,3)
(121.43620378498531,31.267047845528054,29)
(121.39165496404969,31.23046464062352,6)
(121.4341460599448,31.257524338678603,34)
(121.38235736314172,31.27973753040231,26)
(121.38314547624839,31.293672939201226,20)
(121.41041452442441,31.24424067852974,32)
(121.42991941321708,31.2558463969311,8)
(121.3749475235151,31.25775578800783,36)
(121.4422200939143,31.262747402624328,25)
(121.43318604115862,31.253022516240033,14)
(121.3894270524077,31.251908761685716,9)
(121.44040413956418,31.254796448354806,29)
(121.4362644730016,31.28287965669244,67)
(121.37185753894343,31.25095005395544,36)
(121.41303166950696,31.25381137214989,1)
(121.45881512258876,31.26763724067123,30)
(121.42397867383417,31.24065290905824,24)
(121.45354075184815,31.260765356367152,4)
(121.42507803932462,31.243222030293197,18)
(121.41866853624364,31.272041980841248,3)
(121.44656356950514,31.28324831093743,18)
(121.45277218813672,31.256265932601497,15)
(121.3649777289205,31.28427650758407,36)
(121.39921235507481,31.23175794897663,2)
(121.42756067919804,31.236505020254565,34)
(121.45495182786046,31.263882563378402,1)
(121.39829165721481,31.26244926173723,4)
(121.40662668928766,31.287842494798642,37)
(121.38469688704967,31.261788941643093,24)
(121.44792241002565,31.24827554278524,36)
(121.36623626527665,31.285632860712997,1)
(121.35157454232817,31.281281096326317,5)
(121.35523105486182,31.288710042497346,26)
(121.44887380082939,31.2534180928579,3)
(121.38029886298213,31.233385255028438,1)
(121.43295545064228,31.23106891841161,1)
(121.4018439292642,31.250735295824295,36)
(121.39987766474883,31.23252351441885,16)
(121.41235198746779,31.243539991768603,3)
(121.40388503898018,31.28685056702224,61)
(121.4309686612189,31.237658142528,1)
(121.38359636248906,31.26409204874345,2)
(121.43385060922809,31.281841967746008,8)
(121.40222773271807,31.24844229787869,2)
(121.44074393703563,31.255743141699547,66)
(121.43484020396419,31.270907213862657,2)
(121.44313183913899,31.2668515295674,15)
(121.3942298950275,31.260649854601105,5)
(121.41861082687491,31.22911107400921,16)
(121.45159877433419,31.26511989700161,113)
(121.39769857392821,31.228560445489716,37)
(121.41139025881596,31.243658250878347,37)
(121.44926912866725,31.263704228606926,9)
(121.43510086148942,31.282920875713717,15)
(121.39624823703537,31.238149143927135,17)
(121.38570619073535,31.28978135760921,32)
(121.38733443304724,31.28710915041786,37)
(121.43328010995398,31.251563478561245,9)
(121.4092060172615,31.259651986476825,140)
(121.36582465463651,31.267110345594205,2)
(121.46256691692366,31.266446287977665,36)
(121.41208412766267,31.259474686298873,30)
(121.40653068243638,31.269174145107836,11)
(121.39554842057454,31.229407357164614,4)
(121.3998152643898,31.239656739987456,5)
(121.41018441229267,31.230989702205758,2)
(121.46049206345471,31.260579501104672,6)
(121.4418608063017,31.24030207420338,22)
(121.42029184741853,31.265299221868066,3)
(121.36997145144018,31.249927054478427,9)
(121.44687392327869,31.24177494308986,36)
(121.43365779548823,31.232858587830926,84)
(121.44807207188424,31.2544085270064,2)
(121.42805295685031,31.28040759165773,9)
(121.41752927760552,31.24704205030056,30)
(121.40489988805464,31.25672233877445,22)
(121.42903894106283,31.2360474017557,36)
(121.43056487331637,31.256767069990378,15)
(121.42493008390113,31.24581503045819,19)
(121.38834774980351,31.282417541871705,2)
(121.43042413556152,31.267150977309317,13)
(121.43192762834222,31.23993712814479,12)
(121.39945907153881,31.261861418167076,6)
(121.3736687274036,31.255837546778764,13)
(121.40043921560313,31.305458499090342,31)
(121.44836453475087,31.26794755167566,1)
(121.43714691086613,31.278808383246325,18)
(121.42964331915431,31.260195509919694,15)
(121.40304484383206,31.24775314826716,22)
(121.37176754124064,31.264118653548877,44)
(121.41602859991679,31.25573221240429,23)
(121.42680665833552,31.238312522223918,5)
(121.38611527924029,31.270137370785953,14)
(121.38045600864078,31.29032689250173,37)
(121.42914955590398,31.244611155161497,5)
(121.40725419976823,31.225010155320746,32)
(121.40785871557237,31.242706228028567,36)
(121.43769022776456,31.27646782285689,25)
(121.40701561739621,31.28704517632357,9)
(121.46004753116718,31.263783873926364,2)
(121.4223128620407,31.26028572444966,14)
(121.4188485046783,31.247204826202573,6)
(121.45510029093566,31.253011815291742,2)
(121.40234467106957,31.27035980266099,36)
(121.44073893768,31.2640231251102,2)
(121.3488409530817,31.303170909760283,36)
(121.45439937442089,31.245739030599065,9)
(121.35956902184455,31.277617435393513,12)
(121.41514558669445,31.26270612058286,5)
(121.35331014820193,31.28123612738345,35)
(121.42388741468321,31.236722199216164,5)
(121.42270253274573,31.283389216102538,11)
(121.37417494282236,31.272691393484028,36)
(121.42106729807517,31.242677841267472,13)
(121.39721293267905,31.304087665844936,107)
(121.3750632551271,31.23831550279545,1)
(121.44636551879039,31.244832248686603,36)
(121.38060150419335,31.293958494673845,14)
(121.43342859119643,31.24031757636327,36)
(121.37934122262125,31.287853297995593,36)
(121.45425532602744,31.252667390468353,17)
(121.40887533645069,31.22566708304588,36)
(121.37867366243562,31.254910115152185,17)
(121.42209536270789,31.229800313843764,9)
(121.39674182890907,31.261231106995332,29)
(121.35244875800424,31.30893057931293,36)
(121.36803669112183,31.237025982069284,5)
(121.39602118282336,31.223688931981336,2)
(121.4181781351653,31.252502832350967,28)
(121.4362544253987,31.240884319746073,3)
(121.43693229419145,31.240208120845093,7)
(121.38241200973613,31.297921903814796,36)
(121.42727925427916,31.239543654867955,36)
(121.45068101533452,31.25504989710962,38)
(121.42408291546948,31.25598762982753,20)
(121.39230912252145,31.238478960301805,36)
(121.42394909153738,31.245130940553057,7)
(121.41585257201,31.2716108850275,5)
(121.37995580219409,31.249125972281384,25)
(121.42690630662871,31.246972320837063,20)
(121.36419061161423,31.310461557429136,36)
(121.4278540179472,31.271909045966105,7)
(121.43448382053249,31.28337782800166,18)
(121.3901963522373,31.267178610112683,20)
(121.38234234260811,31.279701500701606,9)
(121.39392566875935,31.266406925301435,16)
(121.39100883093566,31.26904025942754,37)
(121.34892114659672,31.283897420030847,3)
(121.37049227375154,31.24711118212669,12)
(121.41541686066411,31.240132230609735,2)
(121.44062452812291,31.263747710863118,1)
(121.42435352946484,31.254452750807264,3)
(121.39345657508126,31.27633310011344,117)
(121.44387743536838,31.279967011673218,1)
(121.45335745222869,31.252275024027252,2)
(121.40775098166456,31.240051454223664,10)
(121.43512125479027,31.253386328735186,17)
(121.37228705286529,31.313200184935106,36)
(121.44391109729987,31.265360829768092,32)
(121.4395865094642,31.28196642588518,15)
(121.45268640000822,31.24633623963839,12)
(121.42174092251025,31.27923986817293,1)
(121.44121951720916,31.24322192184,3)
(121.40760842536147,31.245520083207175,2)
(121.43250252375832,31.282065636685246,6)
(121.40112032998643,31.224151997073754,20)
(121.41303165920912,31.253693320423956,37)
(121.44392436041942,31.245708229154257,36)
(121.45920272250459,31.26323250970236,29)
(121.42344703304143,31.262182789521557,32)
(121.43463373374725,31.261996675970828,36)
(121.4240108947822,31.254989248943314,5)
(121.39008684826787,31.275971902488,1)
(121.39009852276045,31.25087878944767,29)
(121.41604313119002,31.250442885390054,26)
(121.41045012389047,31.242544278356927,4)
(121.41463470938405,31.272621954781147,2)
(121.41088583146436,31.225942261934325,8)
(121.42854028103216,31.25045682710536,36)
(121.44001075247996,31.256390371558037,2)
(121.36428642517278,31.309484170678516,20)
(121.43760554565343,31.267056982070624,36)
(121.40958050914922,31.302615577016713,16)
(121.38634761729988,31.23344105003062,18)
(121.43505291059635,31.259729176968097,37)
(121.43600244063683,31.236866240602875,34)
(121.42551118282441,31.240418585786813,11)
(121.38994179784659,31.258958880285142,22)
(121.4448305672518,31.24562069878736,2)
(121.41046502756679,31.24238808175824,36)
(121.39799718611792,31.30435525269278,34)
(121.42703685576056,31.254881691900504,1)
(121.39085054567578,31.290128845035746,12)
(121.42423505657717,31.26469884615197,8)
(121.36429482622447,31.309910270678294,2832)
(121.43103806577129,31.26592251013165,7)
(121.42503988003287,31.25453824441335,12)
(121.34188812959867,31.29980079562422,9)
(121.38267172959118,31.291274523649047,15)
(121.41825462848814,31.24723046392816,12)
(121.40632641066911,31.292486424638618,36)
(121.38645965122157,31.270683530169745,6)
(121.4264201096811,31.238793079386568,36)
(121.37487159827424,31.310114063261043,22)
(121.38874695913042,31.269075663058707,6)
(121.38480572747903,31.279926953142585,18)
(121.3959568414942,31.227950020277653,1)
(121.46040463531449,31.252939370661718,54)
(121.45924335708706,31.2518883899509,2)
(121.4267608174798,31.239576134463316,25)
(121.4251895661979,31.239501860244363,13)
(121.4369194889236,31.265157097020783,36)
(121.43751099336656,31.27595065890368,8)
(121.39104364373748,31.226708447364157,10)
(121.45183656274982,31.26989961330367,16)
(121.38179054437153,31.26645440158078,31)
(121.43608816071804,31.23882885369837,7)
(121.42089225285358,31.240638033107512,1)
(121.4187000682681,31.253809882513476,37)
(121.42394876898845,31.24142928143533,14)
(121.42297551315467,31.274396308117048,3)
(121.37404026516221,31.2566242578206,36)
(121.4521435756435,31.252513908907346,4)
(121.42103726698763,31.253521671140362,18)
(121.39434765779806,31.297628944367876,36)
(121.45831241987982,31.247686096316553,61)
