(121.44259160353994,31.242143765436676,3)
(121.40761986546731,31.30154792467188,30)
(121.37238392839781,31.23451137377646,36)
(121.4423325172007,31.25853741050138,2)
(121.45407351475643,31.261281507295756,15)
(121.37758501086213,31.29854198654755,36)
(121.42162149170004,31.262674375809354,29)
(121.42753781070448,31.237722594177637,37)
(121.3800390597567,31.269427349163646,31)
(121.38615374670188,31.283095405793624,4)
(121.42463983582692,31.279918569032972,26)
(121.41659816952759,31.284557212369243,3)
(121.38094048088033,31.231425029466596,16)
(121.41123024993794,31.2431130368461,36)
(121.35234652611379,31.285577211447222,18)
(121.45108926378657,31.258177031673366,37)
(121.45279411046272,31.255967759321656,18)
(121.39910163943024,31.28138550581055,6)
(121.38836445850554,31.244258571691482,20)
(121.38573199652502,31.267865701716104,10)
(121.43972128936511,31.26327120409487,10)
(121.39200175452966,31.235238109095835,36)
(121.45612241967133,31.27141719581976,1)
(121.39071917178192,31.231243178574907,33)
(121.42424473484424,31.23781056805584,20)
(121.43246815137474,31.231387625151775,6)
(121.43650012664366,31.25336154607152,7)
(121.44718506198882,31.27226020866578,1)
(121.41964235624839,31.254434901993324,2)
(121.44057375767464,31.247366187802612,32)
(121.4580997388982,31.264803590424496,32)
(121.45850654781087,31.257492355371685,2)
(121.45762681387549,31.251618888300463,11)
(121.42585378481404,31.23982102946977,22)
(121.38809154622851,31.259588102306218,36)
(121.41338484987797,31.261442754368677,37)
(121.38468758585547,31.257702248478115,14)
(121.36589889219306,31.276591649756824,36)
(121.43932663481202,31.266785458777267,1)
(121.36241947304568,31.251741710221047,13)
(121.39007449037403,31.239244578826984,12)
(121.44511625758112,31.24583032615881,2)
(121.39317426021124,31.232947711973015,36)
(121.42277812357015,31.279442542937424,10)
(121.43336077731821,31.252823223531603,36)
(121.38522922661481,31.27642785483423,7)
(121.42707287792756,31.236770696061242,1)
(121.38679588387136,31.288910303805416,36)
(121.42722578568932,31.25864047420851,12)
(121.36860507450879,31.251910723804734,2)
(121.42610638949823,31.23642775486953,7)
(121.39630965474046,31.27325201959171,24)
(121.43725142909287,31.24764502268809,1)
(121.43238706604161,31.263551004982602,11)
(121.43338725539749,31.242268748545193,64)
(121.41945946351731,31.254235917323857,15)
(121.46249776274165,31.26246374402538,36)
(121.40899128596342,31.241670707915375,35)
(121.42964454610808,31.246833458237262,28)
(121.37666492904327,31.266998625778953,24)
(121.37749408955263,31.226972034924756,255)
(121.36975773871137,31.268772909743525,36)
(121.45141313970493,31.26979235786831,2)
(121.45394305125524,31.25232086963118,5)
(121.39903888707488,31.232087702839227,19)
(121.43784710980842,31.253640155543657,3)
(121.38002679395646,31.271012498743428,2)
(121.43430014180328,31.244682725675485,1)
(121.42599436333273,31.24673321265075,5)
(121.44939470854872,31.24250929462564,13)
(121.3847985710809,31.25108762032124,28)
(121.36950226795588,31.31422071153507,22)
(121.38579121797332,31.235240395316453,21)
(121.43568338527416,31.241743444213824,12)
(121.36908935595403,31.230860235232708,5)
(121.39094295277123,31.282499815859296,24)
(121.40991989306954,31.259318535470264,36)
(121.36462029072946,31.249596157914347,1)
(121.45632003930227,31.27354308439767,1)
(121.41155002713583,31.241460232799305,10)
(121.44345521915561,31.279579534467153,23)
(121.42629223701933,31.238720157251503,34)
(121.40652517369755,31.25903543709653,34)
(121.41013724674741,31.242657913031493,34)
(121.37270536241729,31.245361688359583,36)
(121.45033616722765,31.26042243135144,41)
(121.36229441808678,31.311486988935094,36)
(121.41667480244617,31.23890746741922,1)
(121.36433033126941,31.309508275686724,32)
(121.43817462556423,31.244312275112666,15)
(121.44682672516552,31.27028124975161,7)
(121.43415879104388,31.231702781393928,5)
(121.42558376265994,31.241581737695036,36)
(121.40185363168739,31.236840010162975,36)
(121.44842426953403,31.247574329402227,3)
(121.4378486887221,31.261801401368903,6)
(121.4324036734871,31.282231817287773,1)
(121.41232212036857,31.256423690976362,7)
(121.43727821124796,31.268588075454645,9)
(121.44511085644169,31.245829825198236,3)
(121.42856611040175,31.262325741004602,1)
(121.42705962407081,31.261114304216473,8)
(121.38858330669726,31.240510370414153,4)
(121.4556055219767,31.2564654454199,36)
(121.40969754440556,31.243027230739813,34)
(121.37513566992801,31.253412318401836,7)
(121.41598801673572,31.2513361502211,59)
(121.37161580163485,31.28136968152519,5)
(121.37392334819903,31.242595869986605,27)
(121.40696637535159,31.249894443938608,3)
(121.42961915843968,31.24654954917483,2)
(121.36929587409158,31.232915466701172,22)
(121.40976660065056,31.25526063712353,28)
(121.37637193614077,31.23628716369126,36)
(121.37139178093985,31.250619288264776,28)
(121.4440394550476,31.249375671029433,14)
(121.3686793903798,31.235003568396262,33)
(121.41311263503655,31.25372731361595,3)
(121.39229771555375,31.27306548822643,22)
(121.463715440118,31.263272254540286,36)
(121.37330178184526,31.251288084918194,64)
(121.43487675300315,31.254894294639218,6)
(121.45964350046562,31.25104623451282,9)
(121.3565049654065,31.296564304083716,36)
(121.40038793968311,31.233712210233865,19)
(121.41350296543827,31.236143351353082,2)
(121.37476270102694,31.271502627296517,23)
(121.42722413564323,31.23749177584647,25)
(121.41123027401596,31.243389160613432,36)
(121.3679820833139,31.237489693390728,8)
(121.39409868940744,31.242426531596006,36)
(121.37659711232929,31.287096272348343,21)
(121.38408666085803,31.27026641931246,8)
(121.41121526631777,31.24326010555617,16)
(121.42576590709616,31.241652075100024,12)
(121.42898597165362,31.235677285483238,37)
(121.33280587024302,31.29501320298145,36)
(121.36824919491599,31.314283971398908,11)
(121.36508150090246,31.277164665535707,38)
(121.39165564544689,31.238288212079375,37)
(121.42906023119862,31.27561181571915,10)
(121.44602034619189,31.241749593654422,36)
(121.45607821163131,31.271068089802096,56)
(121.43018951716459,31.235794121301584,22)
(121.42934777047755,31.27272113984731,14)
(121.45749775565838,31.247158046030957,2)
(121.41515167151425,31.251835839430825,36)
(121.45166703420476,31.24780336713225,16)
(121.35550605539119,31.309009688408022,17)
(121.40582388928605,31.25825349076483,36)
(121.35220129149323,31.286363274550137,2)
(121.3865019649504,31.241116298088073,1)
(121.42502381158032,31.242109745816087,36)
(121.42536533254649,31.257445093867968,47)
(121.44180839214422,31.257403731072845,33)
(121.41074369629641,31.267388891000635,1)
(121.40885560154936,31.29965512108189,12)
(121.36711865622712,31.237952657767117,10)
(121.39757156129497,31.242083029828304,18)
(121.37851727915975,31.229457289199924,5)
(121.41163193709778,31.265082211722394,52)
(121.4261536038263,31.262082816240873,11)
(121.37189495167267,31.243507797080166,37)
(121.3635220590926,31.247083951802175,14)
(121.37353718863947,31.228843262859993,7)
(121.46085509544945,31.272212638012082,3)
(121.37038844601008,31.230560895247308,36)
(121.39285644259006,31.25639792749082,34)
(121.39208750846173,31.290447777987417,12)
(121.42263167508793,31.261426048932808,13)
(121.43274888540255,31.254172968097823,37)
(121.42703665916927,31.25262570339977,6)
(121.42311355823166,31.249456411655167,9)
(121.40131526663038,31.280140646002746,12)
(121.39724051500848,31.26628748625774,36)
(121.39117037102871,31.23126956201115,37)
(121.4390206713446,31.24971348902741,25)
(121.42315031721697,31.262439116078077,20)
(121.42738710231396,31.251056390460775,37)
(121.42077778161278,31.24571538032995,22)
(121.45312889607096,31.274127853877065,3)
(121.37638410739075,31.23142368774035,20)
(121.37286643235399,31.254861091354893,1)
(121.4540577542097,31.25208953634523,21)
(121.40479899645348,31.246610878486905,9)
(121.43487663491803,31.253537700832982,14)
(121.37285884811372,31.248261176812502,15)
(121.42465036105845,31.244280017145524,15)
(121.4443147414307,31.270348286397212,1)
(121.44210838115298,31.28660353399583,36)
(121.4208237447656,31.245687339488207,37)
(121.38993316028679,31.2827162066943,36)
(121.42041959206321,31.237073408709453,13)
(121.38271477420774,31.25675014267088,32)
(121.3643938400641,31.309673482645714,36)
(121.40146273623931,31.28153085694828,6)
(121.39382206158345,31.242663537834503,14)
(121.36286180882702,31.246198948290928,36)
(121.36817970898143,31.310034268448508,37)
(121.3892675748098,31.25947094330226,10)
(121.4102156061153,31.24474593324875,36)
(121.39488669860461,31.259947668602695,1)
(121.42720322056863,31.23820411775459,71)
(121.41060426192158,31.239607816050277,7)
(121.40978425988557,31.231110261529217,39)
(121.39415445950308,31.27381217500644,3)
(121.36308668513963,31.251557670011618,13)
(121.40363235952071,31.23336459141982,36)
(121.38248964282495,31.251044789367796,21)
(121.35081002084969,31.282277146930213,19)
(121.39868518141795,31.24852876979581,124)
(121.43545814006262,31.280855578071833,17)
(121.42604253956065,31.239224599799805,24)
(121.39536967671104,31.26794233470507,1)
(121.41763548468846,31.229888915989545,10)
(121.40989658712047,31.30255114290589,20)
(121.4115347478045,31.238212769739732,1)
(121.44405323666645,31.265600098895156,2)
(121.39964707983569,31.249700174801987,32)
(121.36509651080482,31.276971608067477,1)
(121.37936832757997,31.288827700204706,36)
(121.37881988912213,31.26683041566551,37)
(121.40550701329924,31.230208480041487,31)
(121.4279128109192,31.254001503419243,16)
(121.43649989290977,31.250675364555324,18)
(121.43627181575778,31.257151500641868,16)
(121.40955267674376,31.244290813202163,36)
(121.43732977266033,31.253042300356434,36)
(121.38832278727553,31.282914093948058,11)
(121.44266023638009,31.263597349628267,13)
(121.39103611295376,31.23758648805323,22)
(121.38511295039632,31.240104992077875,2)
(121.36736008515689,31.250765568385898,36)
(121.3955800612806,31.247169665831667,3)
(121.39968391570514,31.257031250889554,1)
(121.43526716778479,31.266384763823787,36)
(121.36751659677597,31.2962982892541,36)
(121.40813595458158,31.247671588109228,36)
(121.34373060422693,31.292677429249803,36)
(121.41220949556535,31.271800297771605,2)
(121.42667933968481,31.26749344480465,13)
(121.39088060213588,31.268386933797178,2)
(121.38397023418854,31.287105363710907,22)
(121.375523825628,31.257915673075324,9)
(121.39711946614378,31.300777508680323,11)
(121.35934492612748,31.27791496269463,3)
(121.41273558859301,31.230655677560005,17)
(121.46183625050625,31.270168547144394,5)
(121.38625860433635,31.29991223254194,36)
(121.38728041476863,31.243744484765443,15)
(121.37254603917471,31.255973160284427,5)
(121.4050263130641,31.227057018273513,1)
(121.45474436584149,31.259387407693982,27)
(121.3840216832109,31.273430508316128,25)
(121.4265479620414,31.238642899837306,36)
(121.36391978956787,31.28143666251006,31)
(121.37230669710104,31.31382935473841,1)
(121.45043595194512,31.272028187598107,8)
(121.45209557606788,31.265478232881147,3)
(121.3868090106882,31.267260358443007,15)
(121.4266035121541,31.251635128673342,36)
(121.40257246934463,31.256013695686622,7)
(121.43931889758846,31.25459934442651,17)
(121.41403114534766,31.260457433582268,2)
(121.39123684669009,31.255722689768078,7)
(121.43717654564142,31.23611593955217,2)
(121.40990228873217,31.259028032380776,31)
(121.40950581099861,31.23428329537234,11)
(121.3712728844231,31.313608843561433,72)
(121.42944232380236,31.28081888306468,4)
(121.43192923644256,31.25840630187185,1)
(121.43465122771049,31.279419997163338,9)
(121.4368734791364,31.264201749861993,24)
(121.4470421579457,31.24172697244834,7)
(121.44974096004732,31.24272374972549,34)
(121.43919326978322,31.256368217330998,36)
(121.40527184952188,31.232985768737887,3)
(121.42420916780745,31.260221370299725,17)
(121.39071897819541,31.273336871887487,5)
(121.39125000546666,31.234458206805442,33)
(121.45266207368589,31.249292998268302,31)
(121.3928461401767,31.257240423842735,36)
(121.38810977729949,31.29648237824059,24)
(121.38836405334418,31.282122645432537,21)
(121.43821115649907,31.262579235476323,9)
(121.43907857161656,31.284242773465376,3)
(121.36590096568085,31.26708235482384,6)
(121.40029525682912,31.304701074356984,33)
(121.40564584531162,31.276199418209796,21)
(121.39646343936765,31.223954258760287,19)
(121.40381002095384,31.2848325559259,25)
(121.37790988912471,31.257624437391925,32)
(121.42509659663814,31.25192505200412,35)
(121.38933596736187,31.251271885259825,10)
(121.45727223876797,31.246626945985927,32)
(121.3843110136054,31.23078193808037,36)
(121.38818172253602,31.22851322172405,26)
(121.42414935372794,31.27316992519129,7)
(121.4394390244408,31.25436356758303,8)
(121.38136929034631,31.26929617886183,5)
(121.37267625983861,31.25621743630323,36)
(121.36807271870954,31.235074521992125,5)
(121.44597376505432,31.262934349455257,41)
(121.41054236214859,31.231201746969194,37)
(121.41275614378375,31.246757329191627,36)
(121.39262163514717,31.287524930797556,32)
(121.45948261957109,31.249751260115715,31)
(121.40988008325859,31.25913402755439,18)
(121.38443937802799,31.2417551401446,14)
(121.43753641958268,31.264316907436275,24)
(121.4379743961481,31.2628721729066,2)
(121.45774152733452,31.251715684307204,12)
(121.40569470463633,31.274291392643022,1)
(121.41635487455875,31.23783111529444,7)
(121.343700727729,31.294875246501295,32)
(121.4090413769436,31.245851279229758,8)
(121.40735536369864,31.24986642942168,10)
(121.38749002277055,31.28291743949818,19)
(121.34503829294803,31.299249009459714,11)
(121.37307138941547,31.296301233293878,36)
(121.40840452023812,31.260873917853925,23)
(121.42611347472786,31.239319582123,36)
(121.43748248006231,31.24025602065642,8)
(121.41930267376421,31.26689346596191,1)
(121.41239837351156,31.259584044657775,16)
(121.42393582504123,31.26485857132815,4)
(121.39084865366407,31.268440898135058,7)
(121.4046387133807,31.24355349721739,36)
(121.38921713770873,31.25494794000325,5)
(121.39018304720175,31.2823890759243,26)
(121.42726417587916,31.23845517622246,36)
(121.43637632633816,31.235444915805935,2)
(121.39285644258912,31.256401727483155,17)
(121.40541861095518,31.264530749958883,11)
(121.41761805597721,31.2329703833344,12)
(121.42363779551387,31.261418319331174,36)
(121.43855992387054,31.238925329258628,7)
(121.37160597983977,31.250425964527125,8)
(121.4351076615596,31.27033003452467,29)
(121.41449332464599,31.255899297235672,37)
(121.45309643586789,31.26794831563256,7)
(121.45085148802562,31.24301679364991,3)
(121.38274268313361,31.232329257947477,7)
(121.3629819866906,31.245829894157588,2)
(121.44081172990218,31.25533122353958,260)
(121.44844843415076,31.26386229346456,5)
(121.423672962227,31.229298961542302,6)
(121.45951923475171,31.255716558619454,23)
(121.41235326603093,31.25819845516074,34)
(121.36653247752186,31.2741842471348,48)
(121.37851447353376,31.278141819436303,19)
(121.375267489271,31.272175530891285,15)
(121.41933252395543,31.236873646904165,36)
(121.37398201456688,31.25377304133352,2)
(121.37667041272562,31.237001841428583,35)
(121.44237377216771,31.254666113884362,4)
(121.44978822633124,31.258496623064545,9)
(121.45303454697707,31.258663440483197,36)
(121.39909744316004,31.23327660591029,26)
(121.41003332113357,31.242922890907888,5)
(121.42330482812218,31.26477665306105,18)
(121.34652136862967,31.288550935658147,36)
(121.42684527563466,31.245865882467065,1)
(121.38291592747821,31.290350391310703,36)
(121.42311305765652,31.24433782120455,6)
(121.44356973020393,31.253014835115888,36)
(121.39898078327586,31.237703582119636,1)
(121.42887344711961,31.262537286088925,29)
(121.41653022991396,31.25086043369972,9)
(121.42367594379165,31.26351119015423,21)
(121.3964911654865,31.30218652901187,15)
(121.41798751430693,31.279679513410102,1)
(121.37127288442177,31.313611243556043,9)
(121.44026420839407,31.254253923143644,36)
(121.39734387055019,31.246857070737022,24)
(121.44848164368307,31.241804646450017,2)
(121.43637149529077,31.26673849500278,12)
(121.4117204861953,31.258689808483716,36)
(121.39099052332062,31.290842707062318,42)
(121.40240564983586,31.26996064660448,66)
(121.41094990919763,31.261391122177102,34)
(121.38019611531092,31.283768965391367,6)
(121.45404165905494,31.26105242716574,33)
(121.44236789176213,31.263597536801022,14)
(121.38685677028569,31.28693155575642,36)
(121.43164102797921,31.28419658884193,35)
(121.4084762290378,31.23766692392289,24)
(121.41871291755103,31.265279093905704,1)
(121.42224014411563,31.260271309340187,29)
(121.41833903229465,31.252452729628782,8)
(121.42565932565145,31.278139784273876,6)
(121.42955472452849,31.246573840520107,3)
(121.41107734601798,31.243805374925806,36)
(121.42721834528413,31.2398238366657,15)
(121.40432282489549,31.260550778994503,5)
(121.39271801117803,31.259626494852135,36)
(121.43597123837661,31.264264683480583,5)
(121.37748441694545,31.23689644206232,3)
(121.42571041675832,31.256980165931264,22)
(121.3988683219445,31.277711647062112,33)
(121.44108168682462,31.243001596621188,1)
(121.43012879084586,31.23806521593386,4)
(121.42732548738768,31.251139077687785,20)
(121.3781242151756,31.26959680855959,22)
(121.42446613292181,31.22818784236424,3)
(121.4537305042995,31.251646000423957,36)
(121.40261973471966,31.27653533139033,9)
(121.40904107705009,31.23328890313527,2)
(121.37970267717193,31.228334296010733,6)
(121.3792742210951,31.23323340123042,4)
(121.40114687040449,31.241745057567492,36)
(121.45736344017043,31.274089100410528,13)
(121.39657952692768,31.235758747971186,25)
(121.40553314042931,31.259054401532172,19)
(121.4010877462108,31.29075326246185,7)
(121.40138944214321,31.24859413954789,2)
(121.3910068263451,31.29512010096575,31)
(121.42014363976303,31.227311395665346,14)
(121.42234737054766,31.2603191315678,36)
(121.40330596563632,31.271531471969695,14)
(121.4122720952084,31.22481042278716,9)
(121.42605953462811,31.239368650413873,36)
(121.43901942561597,31.235385057272534,21)
(121.44793046519932,31.25363543597228,17)
(121.41554205349564,31.269709403524068,9)
(121.38576401200655,31.23477008134764,25)
(121.44349081325093,31.252995020844942,33)
(121.44130479353107,31.239932758520332,33)
(121.42587083304812,31.245093090290204,36)
(121.41584536134663,31.28788851699488,12)
(121.42881160470753,31.252045784984798,2)
(121.44610302330172,31.25745776217647,9)
(121.3659416715839,31.26705825977454,14)
(121.4594126104098,31.257871235193505,4)
(121.4368329394805,31.281100818147834,36)
(121.41871188642646,31.253457979403095,27)
(121.45753757924753,31.269313719309196,2)
(121.42089423243698,31.248091183242224,3)
(121.43617345786049,31.274219908293485,4)
(121.36176815032768,31.238884949840934,35)
(121.42818601873816,31.263128661951605,3)
(121.39154323869008,31.269030607137818,12)
(121.40493314240499,31.293965853612104,2)
(121.39291528196914,31.23522459949773,37)
(121.44141993802394,31.255486490809254,41)
(121.3351057127165,31.298192314762073,3)
(121.44797935656138,31.268033485543697,10)
(121.42086385363527,31.270195953155284,4)
(121.38483111959994,31.23322022261768,3)
(121.44826821144913,31.253461862349592,18)
(121.3682942713499,31.31429303898119,6)
(121.46086177381838,31.257187198842015,7)
(121.39592396897588,31.256280589647247,20)
(121.35598662903023,31.293151549687494,4)
(121.41398066215844,31.291974090536947,8)
(121.43079237430521,31.24290169993714,32)
(121.37817085507592,31.276244646473103,10)
(121.4029490570109,31.284788896042134,3)
(121.41313115088828,31.25970991278163,6)
(121.36050224653476,31.241520807337412,36)
(121.44170065587308,31.24667017447075,3)
(121.41114935152079,31.278431280125535,2)
(121.38884088420942,31.278746776377975,20)
(121.38649325871906,31.267942341807974,26)
(121.39196973953625,31.29619857804244,36)
(121.43063260665815,31.26458015553751,4)
(121.46349326695433,31.253771796180445,17)
(121.41341073304075,31.233101989824338,4)
(121.36780547076155,31.314559440024016,36)
(121.4004992310021,31.24159597489439,2)
(121.43029652845105,31.279469058682604,21)
(121.44460190240297,31.244251466497644,33)
(121.40775961614881,31.241500689735883,36)
(121.41546525359385,31.22917587853666,8)
(121.45547191774146,31.247513673648744,10)
(121.37733926244186,31.247747446061357,36)
(121.43224238821927,31.26498778360599,36)
(121.41301532647041,31.24981761899094,28)
(121.42016523135564,31.25711578259681,36)
(121.39911408044846,31.268987513617695,36)
(121.42510170732257,31.264710593749733,2)
(121.37251767534744,31.286834096815838,30)
(121.3655733024417,31.25097920118808,14)
(121.42384993923066,31.250504662477727,32)
(121.37783652187349,31.254527004058485,36)
(121.43796376173411,31.276284371384595,36)
(121.46253611828294,31.25509976361727,1)
(121.35308099986483,31.28499626299676,9)
(121.41229739946064,31.248078027734895,36)
(121.4236599534406,31.25199720140857,37)
(121.37683362281173,31.27136606683767,46)
(121.41216729236785,31.234951152296187,15)
(121.42997887375623,31.25981700363583,2)
(121.45997105063805,31.2558956336594,36)
(121.41887072149542,31.229804257579204,65)
(121.41047893095318,31.25547965933682,36)
(121.43523126390606,31.244594475987178,15)
(121.3641401045293,31.31080085085617,36)
(121.37847247469254,31.25578327156665,16)
(121.42158028130657,31.259870272646662,5)
(121.37762189748442,31.30010610115125,36)
(121.43219690125889,31.258698128321008,8)
(121.44914571750111,31.279299594405238,13)
(121.42806513605184,31.248241821372584,23)
(121.44114328349524,31.265155086193676,6)
(121.40373869746327,31.24471390465965,2)
(121.45335951048447,31.276010179882043,3)
(121.4566580089804,31.25109511424887,2)
(121.41106121454496,31.230787470057976,2)
(121.43089776412913,31.248924272326636,3)
(121.43890730200435,31.238573295960254,7)
(121.4229904202046,31.262025053027518,34)
(121.44691843246093,31.24177625083787,33)
(121.38945443103098,31.255990568993052,12)
(121.36670901023892,31.250169524193726,52)
(121.44382637435018,31.25516556388466,37)
(121.36801982669806,31.314487720383323,7)
(121.39882327691005,31.232609205295965,6)
(121.44363104614666,31.26503552367961,15)
(121.4068685105382,31.23423020510767,2)
(121.39474289205081,31.23951985087045,34)
(121.42299040921183,31.261898998810207,30)
(121.37838346856645,31.257060727966522,15)
(121.41932938590257,31.25234315895981,2)
(121.40453317411037,31.300030241124166,13)
(121.45352538437344,31.25611336931554,39)
(121.412303384594,31.259387982236703,37)
(121.39024566601401,31.274106867709918,36)
(121.43800767215821,31.253147421155138,33)
(121.40563365873444,31.276383761155262,5)
(121.4571793524542,31.26766578704352,2)
(121.40043439302242,31.25021664031828,36)
(121.33733852584346,31.29533444109525,12)
(121.36926136758508,31.28785373159414,36)
(121.42817095980111,31.235133194202827,10)
(121.38046644947666,31.23272799353548,10)
(121.423428336224,31.25625626406395,9)
(121.42050365235936,31.25337093326613,28)
(121.455147110972,31.263779389732598,3)
(121.43322969254939,31.23825487794991,29)
(121.41205805443887,31.28915246994666,14)
(121.41829736722241,31.230901841402,36)
(121.38441163465224,31.279523398988918,19)
(121.4205477417526,31.23183724117517,20)
(121.39200358209176,31.291993343597465,36)
(121.37678932752546,31.291674343258503,36)
(121.36005027680517,31.28975445667645,37)
(121.39949537314774,31.23325926003134,7)
(121.36497252034148,31.313289041852514,6)
(121.37577399478816,31.24421556995154,13)
(121.41560005358447,31.270021513252594,72)
(121.40426368315345,31.232236325633163,24)
(121.39376249753215,31.242691464565738,34)
(121.41894232831791,31.25395503293765,23)
(121.40248888080878,31.299921525630253,36)
(121.4226196586712,31.255186529211695,1)
(121.39009955652841,31.26273995074664,29)
(121.42331821164737,31.262920200737145,25)
(121.39522677046705,31.224042711945305,21)
(121.39271714148366,31.246671635908957,4)
(121.44907669667096,31.25293763271482,26)
(121.40256972425115,31.250769373184507,27)
(121.41690583483371,31.263612250694976,8)
(121.40942404292925,31.259735620247028,36)
(121.36430352689206,31.311898467156723,36)
(121.43247014843782,31.250241197597113,20)
(121.4589438231862,31.256552190521116,2)
(121.45553605082598,31.274154977418974,36)
(121.39631825309951,31.238852156140368,22)
(121.40362824626993,31.28558332976653,3)
(121.41386348298731,31.266515622102016,15)
(121.43696426346317,31.24873680520524,19)
(121.4365738212573,31.239715373630766,21)
(121.44956479580823,31.2589077038739,1)
(121.44635490594328,31.262069323011605,36)
(121.43658418237904,31.280736970712855,15)
(121.40310906405716,31.28452181523382,2)
(121.42938630414741,31.234216960612255,38)
(121.39984651694344,31.24242899796382,36)
(121.42474106650309,31.241897876983977,60)
(121.46343073935749,31.257515435899677,8)
(121.43168253165973,31.243345975357006,1)
(121.42408022229304,31.25947514668562,29)
(121.42614552446814,31.271645227110938,9)
(121.4293645770945,31.23304792690675,35)
(121.42416631898006,31.27252268557155,3)
(121.4045551879947,31.249100958565,5)
(121.44429841344937,31.254729602557422,8)
(121.38292943343814,31.23606739328642,36)
(121.39005889127539,31.232506501665725,37)
(121.40914420206164,31.258947775033043,30)
(121.37163327781147,31.27502207981131,37)
(121.41388082205195,31.293368677066162,17)
(121.40229243124875,31.24481469701731,3)
(121.45226829368771,31.243857439052697,36)
(121.4252989468479,31.2582206379784,37)
(121.46125839221004,31.257428160217017,2)
(121.41126128791643,31.24363326419053,38)
(121.41511940498407,31.237152286561685,4)
(121.36514260037266,31.27706171475837,72)
(121.35523313377298,31.28691521545805,32)
(121.40343451844832,31.254690269012634,11)
(121.43585402529452,31.27503966377562,5)
(121.4529384146667,31.251887686334925,36)
(121.41898413868088,31.2539810416371,37)
(121.42329560248534,31.24385396001787,16)
(121.44631413436208,31.260972141520778,24)
(121.35046832275351,31.305698833779154,22)
(121.34198801081592,31.295841427590908,36)
(121.40095701434376,31.301709213204667,36)
(121.43954043999146,31.268784999523156,1)
(121.3874958718825,31.257891840270105,37)
(121.43965243579387,31.25949185938318,36)
(121.42560348686065,31.244966550367796,36)
(121.38196603131037,31.281167728993857,33)
(121.37784300037252,31.282940033582182,17)
(121.45994566741115,31.254521068337418,7)
(121.37883491396924,31.26689145826889,36)
(121.42318931159065,31.274220080680532,3)
(121.36429042575267,31.309396271339384,36)
(121.37910256643451,31.270409242741895,7)
(121.43723219759462,31.267578709354858,36)
(121.43937961118324,31.25457465595668,21)
(121.37394867393228,31.242984304034366,42)
(121.42390250783642,31.237948744476668,1)
(121.40796421596801,31.259981833275017,14)
(121.4095743079239,31.259442663383403,37)
(121.37597349884842,31.306728267783118,21)
(121.37795825044742,31.284043615210393,36)
(121.4260376790776,31.240767300286887,9)
(121.42006110729632,31.24346780510832,36)
(121.37311639726713,31.25008331550665,1)
(121.41835491363409,31.262663157879437,1)
(121.42440611616703,31.23881675084076,36)
(121.36840947169736,31.314377234337275,5)
(121.38838065683949,31.28255154751739,18)
(121.44502244227826,31.264527674657845,32)
(121.41089077396028,31.225294960400106,12)
(121.39063183019374,31.23798239447452,1)
(121.37435966912861,31.28942549559268,3)
(121.4556709310712,31.247449671950495,12)
(121.44301270784268,31.242323253531715,37)
(121.41710627295595,31.253296549710925,37)
(121.40955850418737,31.243459891185665,6)
(121.3892765565896,31.237164402625915,6)
(121.42726579656696,31.26854846324831,12)
(121.41043982130306,31.255443351264525,16)
(121.39324170202347,31.306327706718236,4)
(121.44477009267796,31.250274865372607,22)
(121.35338881832637,31.310235720425332,25)
(121.38934334619466,31.256101536176363,33)
(121.44233244023089,31.257652026310588,36)
(121.45936260204509,31.25805622775848,35)
(121.4193143660115,31.252000016319094,1)
(121.37660475271197,31.253482116948707,27)
(121.35596910442537,31.3081166304766,20)
(121.44191386933032,31.242868351019098,19)
(121.39907015275179,31.287406947315876,8)
(121.3747489955705,31.28662885201948,36)
(121.43868205324137,31.248286835331207,37)
(121.40570691136541,31.2448511646344,5)
(121.40856786060976,31.24546168181057,47)
(121.39807609505796,31.267393891885423,2)
(121.43724814766361,31.23516251645509,30)
(121.364496654469,31.309449495056008,9)
(121.4144276081416,31.247982898751314,36)
(121.39805465571409,31.241601490110607,23)
(121.38382201062281,31.25671518667622,11)
(121.41863115116324,31.25341186885243,37)
(121.36940678505783,31.30935110275041,36)
(121.42802857809552,31.264295851751523,2)
(121.42660000280102,31.23974135085651,28)
(121.46266578502942,31.268080753852747,35)
(121.42367976840794,31.26154134102023,17)
(121.43935410547653,31.254601751082383,4)
(121.37538954870605,31.247816160602085,28)
(121.4316725298293,31.246969266626902,8)
(121.34319517028887,31.28978527479352,25)
(121.45588199904853,31.271204691842787,44)
(121.44192207752458,31.24471896313019,37)
(121.37241853064896,31.28692300323796,3)
(121.42505143504489,31.26483458367332,36)
(121.41733253508713,31.25141475858637,7)
(121.44763440344647,31.24837639473033,241)
(121.36831982739298,31.25106724514322,1)
(121.45188160335101,31.260068325471646,1)
(121.44596223405269,31.24168608353485,14)
(121.44211969849493,31.2388321093794,2)
(121.39202823790397,31.287840692063597,21)
(121.3712728844244,31.313601543577878,56)
(121.4053918855786,31.22440876734811,36)
(121.39193825189473,31.24285244931961,3)
(121.36511254949825,31.277089681162533,22)
(121.38015806864094,31.28377792858114,2)
(121.42347877703185,31.282480285729825,5)
(121.43732324809699,31.262965847697725,1)
(121.42776653266986,31.237457262223028,4)
(121.37844838923829,31.301157989036824,36)
(121.3713403955653,31.31341955324372,36)
(121.41003422135756,31.242507891889804,37)
(121.38368136327567,31.262545574955467,5)
(121.39566768137914,31.24715668277945,36)
(121.4440136231341,31.24390443212884,21)
(121.38242643955132,31.279697582159315,21)
(121.45233431069907,31.247436948994533,26)
(121.43641470520896,31.235502671713892,9)
(121.44501279826208,31.240964307215542,2)
(121.38130106877138,31.253798654616464,1)
(121.38617018440449,31.299405943807045,16)
(121.376606555226,31.297198318774342,8)
(121.35942440107634,31.289175795328077,95)
(121.43940591708002,31.254611560861452,36)
(121.42500967877312,31.263354087393903,16)
(121.41406067453957,31.246657915568456,30)
(121.44308206922582,31.281125768068854,3)
(121.4236593617342,31.245208192958255,7)
(121.41689087373294,31.263965408548795,36)
(121.42139794487224,31.27592701741216,36)
(121.39946606394383,31.26165279831494,20)
(121.43681957550369,31.252848898859764,26)
(121.42703755045748,31.262852144398636,24)
(121.3911070770783,31.240284163612547,32)
(121.39284594899578,31.2319480602698,7)
(121.41087072771263,31.2874487770126,47)
(121.3704518672368,31.247121776675687,1)
(121.40093121302995,31.231992548858376,4)
(121.44200338895892,31.243258666810934,36)
(121.42158108045028,31.24630289873255,3)
(121.41715098441409,31.261234943697513,18)
(121.39315918244874,31.232171347497925,14)
(121.39824207623434,31.264655450089197,36)
(121.45105153614016,31.260318030658123,23)
(121.44965876424361,31.261372106564576,32)
(121.37997745524645,31.23319471370733,6)
(121.4488957536632,31.241926948735365,3)
(121.40618495379184,31.302395245276955,9)
(121.37815463005418,31.262400777898982,17)
(121.38843136910937,31.273323576061372,36)
(121.39469722764618,31.26731772753747,1)
(121.43351528555552,31.238223527099972,22)
(121.38960977270118,31.246921688776567,4)
(121.4237585167792,31.250380143758914,9)
(121.4369564857817,31.25432836522773,28)
(121.45257485155524,31.27005123611725,1)
(121.3850187071425,31.230445320285643,3)
(121.39078960019198,31.291303274298954,22)
(121.41051013868218,31.24570298479238,853)
(121.4611829058072,31.266119465983692,79)
(121.3872135386799,31.26887337430356,31)
(121.42692053235281,31.23826840091656,2)
(121.41541286959686,31.22565189701145,2)
(121.45138638833842,31.255940489353634,1)
(121.36823315250525,31.314105881728192,35)
(121.41317079635179,31.232067965894437,8)
(121.40730862214505,31.22987540667449,23)
(121.42577971048976,31.241908977465396,36)
(121.42611344527386,31.238981429245236,3)
(121.453366908659,31.255345899446503,10)
(121.37640307636977,31.237402707217242,35)
(121.44930281665505,31.24201705898916,36)
(121.38814779291698,31.296265322216367,23)
(121.42729564258725,31.255667801493097,1)
(121.45948452051182,31.257951608416132,5)
(121.38628981573406,31.27011760147055,37)
(121.4421047587931,31.24494978340577,3)
(121.42171141941003,31.284191217148802,4)
(121.4053932849881,31.24732132391472,17)
(121.45301525170915,31.252107630912985,1)
(121.42099229584026,31.253460672552315,37)
(121.3672463684638,31.24944555698135,6)
(121.41932779861126,31.234133997363735,10)
(121.41150476916881,31.238370847290383,1)
(121.46109025147818,31.26981509645238,30)
(121.40518623412582,31.261716653144568,5)
(121.44725277065211,31.259063460296225,37)
(121.40670810280652,31.258213084063957,37)
(121.35660623116135,31.29733325286868,29)
(121.39763201851954,31.235532090852647,37)
(121.42086180514225,31.277693687828865,3)
(121.38268711156994,31.29545820275926,2)
(121.4084051206561,31.245710647621177,26)
(121.39493498697247,31.28586255167344,37)
(121.38660637935793,31.28714542126564,72)
(121.3950629736832,31.273381472629342,37)
(121.42299041619137,31.261979033235725,36)
(121.42489394964221,31.242246911877817,22)
(121.43503623076322,31.24016855365702,37)
(121.37368235009872,31.228201151108426,14)
(121.39088050460423,31.28938856794058,37)
(121.41765343002692,31.252095497708165,63)
(121.42519858390247,31.241461312476602,34)
(121.34883927764106,31.299025317281124,36)
(121.40234609443024,31.229336681382037,29)
(121.36379125700614,31.308925015284377,36)
(121.44201879486465,31.25481164832033,5)
(121.39016264597753,31.259336020028098,34)
(121.38896178944418,31.231728756170508,9)
(121.44632611060331,31.24483114177819,36)
(121.36931127542917,31.287853938127355,14)
(121.45780941819179,31.27324664318681,18)
(121.39840921759377,31.239136633745666,22)
(121.40050436910575,31.261154431567697,18)
(121.41780490040372,31.247254695641228,40)
(121.39296071467074,31.239836718149952,4)
(121.42788073871382,31.229820663549976,5)
(121.3929606032776,31.238558140199874,4)
(121.45275619684189,31.25593181846278,29)
(121.40732295516138,31.25869839850038,37)
(121.3970986043718,31.245154209201903,26)
(121.42544972998648,31.241944709382736,37)
(121.37486128521867,31.253551041558552,36)
(121.40779745927239,31.239725888564084,17)
(121.38601100623019,31.230261304703014,2)
(121.41047295157539,31.276765102644323,2)
(121.3519030340317,31.27901474451748,23)
(121.45347118677446,31.25234682846759,36)
(121.45514243873907,31.259454968974538,14)
(121.37936402690258,31.28813160102682,20)
(121.43736057525547,31.243315343322358,1)
(121.43274515622517,31.2702234333733,3)
(121.42313530056613,31.262097980279247,36)
(121.43367163583758,31.23332711174131,5)
(121.43644619037084,31.253117509844426,22)
(121.38618289120959,31.283255854997424,15)
(121.45189526758878,31.24506470548576,2)
(121.45612133968139,31.271259542717498,16)
(121.38964112641898,31.250682376851113,36)
(121.42772061503254,31.23781246600728,25)
(121.38024217137033,31.283754008210224,3)
(121.4088792388705,31.226784905342928,21)
(121.39896829726764,31.232181059753806,1)
(121.38766700582498,31.2733001389113,3)
(121.38497137442752,31.281209599728523,26)
(121.38796469414687,31.297047487434913,37)
(121.45496783357508,31.273175548213732,3)
(121.40903237474338,31.244933079131922,37)
(121.39455184752005,31.24872479600966,4)
(121.42806593641225,31.25742785451382,14)
(121.41230118138762,31.259501531589123,36)
(121.37911723375626,31.266365546158074,36)
(121.38144840821091,31.281055159287796,36)
(121.43232258246285,31.23894941143031,8)
(121.3874268011679,31.258089926357794,3)
(121.44616307588475,31.241552119119465,22)
(121.39053745958374,31.29198437445673,28)
(121.37055808033378,31.246275238412927,3)
(121.38732884324533,31.271117414760774,28)
(121.40763313140943,31.245607388142204,26)
(121.38532361179813,31.287284296339788,24)
(121.3748713034085,31.287111514001523,36)
(121.35929827263347,31.306048112912126,20)
(121.44405080168548,31.25361251882158,16)
(121.43518199910675,31.274439268146352,2)
(121.45669191694768,31.25990849849365,2)
(121.36466947782377,31.312575608027476,3)
(121.44127225354882,31.267497888614784,10)
(121.4578407139258,31.256808700659715,2)
(121.40197886177313,31.246771030801657,25)
(121.46089285689334,31.260976435939668,2)
(121.37391984960811,31.234011086952073,35)
(121.35698052026108,31.292065795881694,17)
(121.41536338765702,31.23821467915813,15)
(121.44152623416151,31.24963575748704,36)
(121.36873801513828,31.31432267902356,5)
(121.3869858927129,31.286910653743252,37)
(121.40820997274542,31.24722860428516,36)
(121.42455330384708,31.265487363186153,11)
(121.39364827856963,31.24102965341925,5)
(121.37981982541375,31.23142009193905,36)
(121.38141319735988,31.279116325239286,36)
(121.36475313542125,31.279690213776075,34)
(121.43079532314098,31.260000765855178,23)
(121.39530469993926,31.234204438157118,36)
(121.37040085274488,31.272250816622115,35)
(121.38830796365801,31.296562563701425,36)
(121.38564746223516,31.26271443023422,36)
(121.38306705218606,31.284056917091696,19)
(121.43219360624146,31.23231936384067,3)
(121.45238282642687,31.270082314638746,2)
(121.41320170448182,31.26141931609814,30)
(121.4190232499064,31.279440499931972,4)
(121.40188954017528,31.250582605314403,36)
(121.42383554243247,31.2605708058241,16)
(121.38601575846829,31.270142053333036,36)
(121.45772745065715,31.27345005221433,36)
(121.40739965202502,31.230253579535063,2)
(121.43484648084306,31.251253734321484,6)
(121.401239406399,31.24852210955665,18)
(121.43797847149393,31.2617652072785,4)
(121.44154158793683,31.24321688158152,8)
(121.39583191911052,31.244808484539824,11)
(121.42489967439408,31.25061963548163,24)
(121.3411222744411,31.28650106599795,36)
(121.43834827912924,31.254381860383614,47)
(121.34652233261423,31.299696359784498,34)
(121.43373401734657,31.250205627831956,30)
(121.4247110871292,31.241804858954442,43)
(121.40985906831196,31.26079202637742,36)
(121.38374356414745,31.22956694674943,11)
(121.41065845780855,31.24403855033142,30)
(121.38025613727444,31.271668018624997,20)
(121.38615218693292,31.270245077035188,11)
(121.44022591822119,31.253603456419864,1)
(121.41575351494359,31.253228225522548,3)
(121.37401424856279,31.30897684049118,19)
(121.43099827166145,31.261070904664138,30)
(121.41457789374273,31.24008780361251,15)
(121.4195735257822,31.244376490810385,2)
(121.45511525469372,31.25301878754588,9)
(121.42407862248811,31.24112004333121,36)
(121.40088096438843,31.232237671431932,21)
(121.38932566058976,31.282385419071304,37)
(121.45159519070212,31.245738064355926,8)
(121.37519135354158,31.27187331084893,6)
(121.38269785971823,31.246455595381704,15)
(121.40768034297095,31.245558297991202,5)
(121.4110187804516,31.271548433292352,5)
(121.39645696095114,31.26785089410659,3)
(121.43580718296039,31.241607224205154,3)
(121.40094116680801,31.257299882534145,12)
(121.37697858511685,31.26863908601956,2)
(121.42593069565322,31.239698909241966,36)
(121.37666393172849,31.25391795305698,48)
(121.3648140981,31.312809124376365,18)
(121.37361180351941,31.303733193349363,23)
(121.42465052983044,31.24621688165247,36)
(121.37417919446493,31.234337223837912,20)
(121.4054331451869,31.247717423540056,8)
(121.36521573449352,31.277113846266293,36)
(121.39960403345181,31.260816014746876,6)
(121.45796907246681,31.264753851656426,14)
(121.43122090507457,31.266801687071137,37)
(121.37642619238437,31.23682395200959,36)
(121.38620191605473,31.238535243972255,29)
(121.43815231449389,31.251794626573762,36)
(121.3819931104635,31.281711979400406,18)
(121.45061751533028,31.260229817344758,4)
(121.392704472563,31.27352722463001,9)
(121.42889186693519,31.25961818129795,1)
(121.45381926397546,31.274348565938176,2)
(121.40330490208125,31.23033556177362,20)
(121.3856324726614,31.263009543806515,33)
(121.3570562696139,31.28743206282877,20)
(121.43789964046512,31.24729288397537,2)
(121.41042461751928,31.268259822797287,27)
(121.41012588916314,31.259265331968905,36)
(121.42564217693293,31.241783349360265,29)
(121.426861107494,31.255597161453018,1)
(121.42288574257222,31.264683267477086,4)
(121.4229294214923,31.26143584298087,36)
(121.43787796615506,31.254064001584975,3)
(121.3669532156251,31.28229175099226,1)
(121.35956922171891,31.278130634279776,10)
(121.45692765670867,31.251031654588132,1)
(121.40694620685777,31.30522435516104,9)
(121.4305020547973,31.234996431141738,8)
(121.39139803569552,31.267960059278366,36)
(121.38028604410928,31.270169419422086,37)
(121.41329212645148,31.23545318492316,1)
(121.38945699080881,31.270309468294325,25)
(121.33704424348537,31.299904439459002,37)
(121.42527938847181,31.24271607280297,21)
(121.4116492436799,31.23276826658864,14)
(121.44418381846582,31.255648091802808,2)
(121.42479511429393,31.243041347455957,11)
(121.39732766296251,31.26516966946059,6)
(121.45659669813054,31.251226304834287,7)
(121.37331914423157,31.243101782198575,13)
(121.41464967673258,31.27231982294263,1)
(121.46000077546041,31.253636579401636,8)
(121.44846057315051,31.255052524106176,11)
(121.40110755329134,31.261175603042677,15)
(121.40424149690296,31.23013135582388,5)
(121.43449545943653,31.245035409030955,1)
(121.42004970276125,31.257036858605314,6)
(121.42785841708513,31.256368676800033,6)
(121.45420428936954,31.27383557411946,15)
(121.42536270740305,31.229024515214014,4)
(121.43653431653978,31.279094461098282,22)
(121.38014179823513,31.269407944742092,37)
(121.39304470255865,31.239038407074936,20)
(121.41820741790342,31.23302007578472,7)
(121.39116552015535,31.229625934928226,29)
(121.44342371148633,31.261577995790347,19)
(121.43638648203623,31.26685652558853,11)
(121.41618813150576,31.25127319284886,36)
(121.37253101012365,31.255904110583987,36)
(121.42685959570777,31.238244444355775,34)
(121.39866890955919,31.29791099317305,36)
(121.35323853526985,31.289491547901505,37)
(121.42382698054523,31.26550092783336,2)
(121.45350369610674,31.27060762883448,2)
(121.4081495722431,31.252753676304295,33)
(121.42322023952589,31.26225098458713,29)
(121.43798559686721,31.235792090764466,1)
(121.36497172022811,31.3132893417578,2)
(121.42234050858633,31.245258159349866,34)
(121.40646066675785,31.227058212897933,2)
(121.40738076963999,31.245628235988637,36)
(121.42516944866898,31.25104760639317,29)
(121.40175120710512,31.250847576929374,3)
(121.40692823918033,31.248327750307013,33)
(121.39670433863229,31.274769158813033,29)
(121.41908467517644,31.242336845542994,16)
(121.38673070728531,31.276098566636783,36)
(121.4107319300273,31.295438233878343,15)
(121.40755248089783,31.22836070361851,5)
(121.42461220069485,31.242024035686953,7)
(121.38369185027312,31.256515977706822,34)
(121.43226997595987,31.27723212836631,33)
(121.41552825417439,31.294826694050265,13)
(121.41405151461734,31.236008342750022,36)
(121.40951049239396,31.241191785557405,36)
(121.45753793764177,31.27345045946598,20)
(121.38673663937455,31.286763388122676,36)
(121.42513763487199,31.241359316160576,37)
(121.45941661460006,31.26875321531717,2)
(121.45700219251766,31.250737898419565,23)
(121.40306060199225,31.256412959153195,39)
(121.42822684311734,31.269922055615407,9)
(121.42832216065517,31.23521283921877,3)
(121.45150757313293,31.249770546425154,5)
(121.4054205471038,31.286706982053854,37)
(121.4476571081783,31.261289706757083,18)
(121.42924499792103,31.23952077244949,36)
(121.42874422934497,31.258299582783366,30)
(121.44840820263241,31.277435888117623,32)
(121.4093236128983,31.243183341588118,6)
(121.41160732353286,31.27939659078271,3)
(121.36900332717104,31.287853397934978,37)
(121.40245567775426,31.23575264310826,19)
(121.38838106784753,31.2970037939817,21)
(121.42761772186766,31.26065266951936,12)
(121.4379927797811,31.254099859256844,15)
(121.41892502257,31.2285079771483,5)
(121.42658592340507,31.23865987424907,16)
(121.37577456597137,31.299240127209636,8)
(121.42521067170345,31.242902458272905,27)
(121.37820198168811,31.27722608900132,2)
(121.43639516779132,31.274875892795443,4)
(121.42046628719726,31.26033198516318,18)
(121.40903297488921,31.245017979092896,21)
(121.43077551805362,31.257467966684448,17)
(121.43071125124662,31.274694559789676,6)
(121.45610431154076,31.24741625853529,12)
(121.42618240896377,31.245149554315155,22)
(121.37722305353064,31.27018202264112,29)
(121.37306520402022,31.230244772182363,12)
(121.38495133402738,31.292667020269267,37)
(121.43784801713544,31.25408305105813,24)
(121.44629870490888,31.244836636960503,10)
(121.44740414007865,31.272167178524565,36)
(121.40989468685784,31.25912563060784,35)
(121.42015786176452,31.275814733757645,37)
(121.43460461485661,31.244873409840324,1)
(121.43280799884725,31.25112118559389,36)
(121.41314645666633,31.26327244264163,2)
(121.41290263582437,31.252938023119373,1)
(121.40749091769875,31.25130137866235,8)
(121.40138944315078,31.234148167710384,28)
(121.42014776220726,31.274592230102733,3)
(121.38527025897972,31.230335693559393,28)
(121.39367312322955,31.28249852837051,31)
(121.44000877231719,31.2480180183783,34)
(121.40841589128752,31.245198316382336,12)
(121.42328207417015,31.283885003896945,3)
(121.38680759231109,31.250981311952327,16)
(121.40909649051711,31.24412139399601,44)
(121.37005850166874,31.294972057840717,12)
(121.46390938005038,31.257335234041797,2)
(121.39570949097424,31.247156690858368,1)
(121.44702455944567,31.26202913189294,2)
(121.43742007155606,31.23519619207263,14)
(121.40182203849697,31.230122931198725,3)
(121.42877413878746,31.261214754293015,37)
(121.41671798445934,31.28707510791737,52)
(121.41331303381607,31.247623565893814,4)
(121.42583212361387,31.245117482272093,36)
(121.37128258617716,31.312943446391223,14)
(121.44061445018848,31.244668924926177,25)
(121.41602817837071,31.25089909266115,36)
(121.36840432877679,31.309334872641394,37)
(121.36790269219922,31.237430495601696,3)
(121.40197917577305,31.231253486080337,36)
(121.45026441096115,31.254872296446575,21)
(121.3814293101179,31.234187797429495,37)
(121.385343359315,31.27659702603481,10)
(121.43708119117628,31.254062317843328,37)
(121.37587429061595,31.30594584823116,10)
(121.40239506115422,31.250843106800676,16)
(121.4238188491235,31.240987180572212,36)
(121.40646713031148,31.292906522177255,10)
(121.46082782042335,31.252144611039178,8)
(121.37272271592222,31.27217232049631,36)
(121.36771622577766,31.30086750415449,37)
(121.35452002428492,31.30891317818133,8)
(121.44678097230857,31.261503340625243,7)
(121.4234321031734,31.262834080320346,26)
(121.42529788249533,31.24600826768433,36)
